0.001010
0.032436
0.033821
0.031770
0.032056
0.032351
0.032048
0.032021
0.032379
0.031798
0.031886
0.031656
0.032165
0.031979
0.032384
0.032953
0.033202
0.032644
0.032301
0.031741
0.033117
0.032983
0.032138
0.032859
0.033627
0.031885
0.033387
0.032387
0.031880
0.032689
0.034143
0.031919
0.031979
0.031685
0.032292
0.033178
0.033071
0.032667
0.033205
0.031893
0.032610
0.032360
0.032332
0.032659
0.031884
0.032803
0.032573
0.032997
0.032987
0.033192
0.032074
0.031925
0.032205
0.032239
0.031679
0.032030
0.033136
0.031981
0.032229
0.032678
0.032386
0.032716
0.032650
0.031954
0.032928
0.032763
0.032095
0.033153
0.032976
0.032018
0.032063
0.033261
0.031992
0.033163
0.032218
0.033350
0.033481
0.033460
0.032588
0.033300
0.032080
0.032575
0.033891
0.032938
0.032800
0.032681
0.032683
0.032707
0.032117
0.033484
0.034015
0.033155
0.032275
0.032813
0.032761
0.034164
0.033234
0.033563
0.036280
0.032912
0.033758
0.032945
0.032443
0.032668
0.032604
0.032750
0.032595
0.032856
0.033960
0.034028
0.032806
0.032836
0.033576
0.033120
0.033534
0.033983
0.033051
0.032830
0.033376
0.032793
0.033082
0.034438
0.033687
0.035574
0.033610
0.034571
0.033805
0.033861
0.033507
0.033659
0.033471
0.033400
0.033059
0.033513
0.033079
0.033414
0.032682
0.032472
0.033244
0.035271
0.034975
0.033874
0.033970
0.035160
0.034134
0.034926
0.035435
0.033923
0.033371
0.034309
0.033041
0.032416
0.032653
0.032161
0.034097
0.034480
0.035604
0.033933
0.034064
0.034112
0.034255
0.034665
0.035263
0.036652
0.036816
0.034342
0.035043
0.034895
0.036130
0.035388
0.036392
0.034123
0.034837
0.033764
0.034520
0.033685
0.033881
0.034312
0.034917
0.033786
0.034535
0.033514
0.034220
0.034282
0.033170
0.035719
0.034445
0.033937
0.035017
0.033670
0.034653
0.034272
0.033994
0.034734
0.033880
0.033535
0.033794
0.033546
0.033770
0.033678
0.035247
0.034762
0.034316
0.034530
0.034256
0.033760
0.034249
0.034400
0.035616
0.034652
0.034907
0.034222
0.034580
0.033515
0.033490
0.033158
0.033545
0.032991
0.033215
0.034536
0.034167
0.033521
0.032800
0.032313
0.032234
0.032469
0.032189
0.032414
0.032639
0.031914
0.032124
0.031508
0.031331
0.031387
0.031179
0.031348
0.031634
0.031789
0.033005
0.031342
0.031223
0.032236
0.031857
0.031447
0.031192
0.031875
0.032291
0.031421
0.031720
0.030796
0.030621
0.031172
0.030636
0.030680
0.030774
0.030831
0.030535
0.030509
0.031382
0.030457
0.030384
0.030937
0.031058
0.030851
0.030560
0.031228
0.030525
0.030115
0.030628
0.030645
0.030920
0.030882
0.030339
0.030471
0.030326
0.030438
0.031154
0.031344
0.030432
0.031988
0.030548
0.030342
0.032056
0.030337
0.030430
0.030422
0.030240
0.031306
0.030263
0.031069
0.030896
0.031352
0.030921
0.030586
0.030502
0.030267
0.030685
0.030671
0.030231
0.031090
0.031132
0.031414
0.032051
0.031218
0.031774
0.031316
0.030874
0.030479
0.030561
0.030940
0.030610
0.030324
0.030676
0.031213
0.030546
0.030467
0.030552
0.030501
0.030358
0.031941
0.030536
0.031568
0.031624
0.031028
0.031538
0.031183
0.031136
0.030292
0.030282
0.030506
0.031242
0.030405
0.030422
0.031215
0.030277
0.030207
0.031302
0.030463
0.030507
0.030581
0.030478
0.031096
0.030283
0.030746
0.029841
0.030004
0.030789
0.030352
0.030334
0.030210
0.030176
0.031189
0.030130
0.029960
0.030038
0.030102
0.030487
0.029818
0.030175
0.030714
0.030676
0.030807
0.031953
0.030229
0.030999
0.030456
0.031327
0.030400
0.030523
0.030496
0.030215
0.030763
0.030113
0.030685
0.031763
0.030686
0.030520
0.030942
0.030273
0.030286
0.030530
0.030546
0.030762
0.031175
0.030988
0.030489
0.031060
0.030712
0.031021
0.030461
0.031354
0.030513
0.031665
0.031512
0.031178
0.031546
0.030228
0.031200
0.031000
0.031205
0.030315
0.031838
0.030524
0.030584
0.031323
0.030876
0.030396
0.031453
0.030548
0.030887
0.029803
0.030685
0.031053
0.030311
0.030753
0.031101
0.031141
0.030457
0.030128
0.031216
0.030339
0.030003
0.030834
0.030782
0.031092
0.031156
0.030345
0.030182
0.030421
0.030236
0.031300
0.031036
0.031576
0.029976
0.031259
0.030494
0.030167
0.030994
0.030165
0.029810
0.029960
0.030284
0.030499
0.030649
0.030863
0.030016
0.030353
0.029918
0.031255
0.030888
0.030216
0.030454
0.029923
0.030726
0.030126
0.029805
0.030628
0.031079
0.030396
0.030010
0.030016
0.030960
0.029859
0.031026
0.029861
0.030341
0.030670
0.030586
0.030962
0.031452
0.030949
0.031662
0.030824
0.031298
0.031000
0.030327
0.031071
0.031007
0.031545
0.030732
0.029825
0.030457
0.029939
0.030528
0.030984
0.031738
0.030553
0.030845
0.030040
0.031736
0.031058
0.030218
0.030432
0.030584
0.030782
0.030784
0.030646
0.030062
0.031179
0.031747
0.030449
0.030982
0.030819
0.030795
0.030399
0.030039
0.030676
0.030536
0.030721
0.030713
0.031332
0.030527
0.031870
0.031438
0.031395
0.030425
0.030920
0.031799
0.030490
0.030314
0.030209
0.030431
0.031175
0.030603
0.031261
0.031517
0.029856
0.029724
0.030639
0.031128
0.030241
0.030425
0.030644
0.029816
0.030511
0.030958
0.029723
0.029943
0.031189
0.030079
0.030073
0.030935
0.030760
0.030791
0.030265
0.030756
0.029838
0.031417
0.029856
0.030240
0.030433
0.030962
0.030965
0.030155
0.029908
0.030047
0.030874
0.031273
0.029854
0.030530
0.029890
0.030827
0.030631
0.029898
0.030535
0.029834
0.030738
0.030012
0.029919
0.030366
0.031419
0.029744
0.030015
0.030587
0.030342
0.030324
0.031758
0.029928
0.030515
0.030664
0.030597
0.029859
0.029789
0.030680
0.029802
0.029877
0.030037
0.030211
0.030723
0.030600
0.030636
0.029748
0.029788
0.031235
0.030077
0.030559
0.030532
0.030711
0.030309
0.029927
0.030602
0.030358
0.029823
0.030049
0.030597
0.029733
0.030261
0.029922
0.030649
0.031527
0.029785
0.031107
0.030998
0.029876
0.030190
0.030246
0.029767
0.029868
0.030729
0.029916
0.029871
0.029782
0.031992
0.030604
0.030465
0.030353
0.029930
0.030004
0.031230
0.030378
0.029907
0.029732
0.030084
0.030575
0.030687
0.029841
0.030615
0.030037
0.030410
0.029903
0.031481
0.030030
0.029929
0.030143
0.030612
0.030233
0.031267
0.030437
0.030054
0.030521
0.033860
0.030122
0.030538
0.030446
0.031009
0.030123
0.030996
0.030280
0.030064
0.031382
0.030541
0.029903
0.030007
0.030590
0.030051
0.031275
0.030365
0.030789
0.030072
0.030133
0.031038
0.030156
0.029882
0.030824
0.030673
0.029939
0.029967
0.030877
0.029992
0.029959
0.030431
0.031110
0.029923
0.029947
0.030098
0.030961
0.030886
0.030198
0.029936
0.029835
0.030206
0.030581
0.030705
0.029827
0.029854
0.031379
0.030282
0.031123
0.029798
0.030121
0.030471
0.030984
0.029751
0.029730
0.031687
0.030036
0.031205
0.031141
0.030894
0.030140
0.029665
0.029960
0.030338
0.030202
0.029915
0.031656
0.031000
0.029680
0.031610
0.029889
0.031172
0.029935
0.031940
0.030543
0.029924
0.030362
0.029837
0.030069
0.030853
0.029958
0.030004
0.030582
0.030782
0.030707
0.031100
0.030076
0.030399
0.030407
0.029862
0.030146
0.029965
0.030808
0.031381
0.030155
0.030866
0.030788
0.030020
0.031529
0.030341
0.029876
0.031229
0.029724
0.029902
0.031302
0.030247
0.030056
0.030378
0.029793
0.029880
0.030906
0.031261
0.031035
0.031823
0.031075
0.031138
0.030583
0.029739
0.029958
0.030326
0.029914
0.030823
0.030748
0.029940
0.030461
0.030148
0.031060
0.030428
0.030203
0.030176
0.030354
0.030621
0.030687
0.030594
0.029860
0.030462
0.030630
0.030752
0.030138
0.030224
0.031510
0.030961
0.031665
0.030104
0.030634
0.030194
0.029965
0.030767
0.029804
0.031692
0.029960
0.029916
0.031581
0.029942
0.030561
0.030439
0.030552
0.030210
0.030573
0.030650
0.030513
0.031186
0.030450
0.029922
0.030847
0.031263
0.030119
0.031166
0.031161
0.031037
0.030652
0.030290
0.030255
0.031689
0.029865
0.030772
0.031178
0.030263
0.030273
0.030115
0.030070
0.030170
0.031006
0.030027
0.029805
0.029963
0.030527
0.030290
0.030367
0.030956
0.030362
0.030035
0.029933
0.032218
0.030746
0.031086
0.029810
0.030665
0.030306
0.031058
0.030549
0.031308
0.029943
0.030593
0.030134
0.030136
0.030528
0.031413
0.031500
0.030933
0.030933
0.030048
0.029863
0.030965
0.030030
0.029836
0.030747
0.030148
0.030253
0.031135
0.030001
0.030512
0.029844
0.029735
0.029887
0.030771
0.029917
0.029798
0.031299
0.030606
0.029937
0.031172
0.031132
0.029849
0.031046
0.030502
0.029824
0.030549
0.030453
0.029993
0.030229
0.031405
0.031240
0.030165
0.029740
0.029695
0.029926
0.029759
0.030422
0.030564
0.030682
0.030060
0.030512
0.029776
0.029848
0.030964
0.029818
0.029995
0.031274
0.031677
0.030951
0.030030
0.031819
0.029770
0.030779
0.031453
0.030365
0.030285
0.029755
0.030733
0.030097
0.029985
0.031606
0.030293
0.031308
0.029684
0.030203
0.029794
0.030793
0.029836
0.031270
0.030427
0.030366
0.030614
0.030662
0.031460
0.029856
0.031435
0.031543
0.030650
0.030898
0.029720
0.031235
0.030608
0.032117
0.030816
0.030467
0.030297
0.031015
0.030445
0.030860
0.030723
0.029730
0.029958
0.030783
0.029865
0.030948
0.030776
0.029760
0.030933
0.031337
0.029844
0.029662
0.031156
0.029926
0.029774
0.030732
0.031423
0.031226
0.029866
0.030778
0.032884
0.031245
0.030053
0.030834
0.031558
0.030335
0.030131
0.029860
0.031321
0.030448
0.029780
0.030019
0.031297
0.031411
0.030151
0.031079
0.030585
0.030037
0.030682
0.030923
0.029965
0.030916
0.030205
0.030638
0.029817
0.031178
0.031068
0.030144
0.030011
0.030126
0.030734
0.029955
0.029962
0.030591
0.030760
0.030376
0.030091
0.031082
0.030423
0.030782
0.030541
0.030842
0.030061
0.030704
0.031672
0.029838
0.029714
0.031098
0.029893
0.030703
0.029901
0.031669
0.030214
0.031266
0.030667
0.031179
0.031164
0.030617
0.031498
0.030959
0.031088
0.030331
0.031638
0.031038
0.031939
0.030526
0.031156
0.031030
0.030118
0.031272
0.031068
0.031494
0.031125
0.030396
0.031033
0.030377
0.030390
0.029997
0.030528
0.030703
0.030168
0.030594
0.029875
0.029929
0.029873
0.030953
0.030309
0.030576
0.030344
0.030137
0.030238
0.030530
0.031092
0.031097
0.031422
0.030912
0.031580
0.031029
0.030900
0.031261
0.030594
0.031342
0.030887
0.030946
0.030522
0.031513
0.030849
0.031372
0.030749
0.030199
0.030223
0.030623
0.030339
0.031229
0.030491
0.030437
0.030748
0.030194
0.030006
0.029887
0.030636
0.029847
0.030793
0.030721
0.029766
0.030500
0.030722
0.029819
0.029937
0.030096
0.030008
0.029881
0.029931
0.031798
0.030391
0.031232
0.030537
0.031311
0.029980
0.030625
0.030442
0.031178
0.030357
0.030365
0.030466
0.030154
0.031717
0.029907
0.030166
0.029949
0.029943
0.030011
0.030221
0.030562
0.030494
0.031237
0.030646
0.030902
0.030198
0.030152
0.030604
0.030579
0.030719
0.030588
0.030134
0.029897
0.029726
0.031479
0.030984
0.029888
0.030188
0.029801
0.030712
0.030584
0.030978
0.030758
0.030491
0.030254
0.029951
0.029788
0.029755
0.030528
0.029841
0.030989
0.031604
0.030656
0.030662
0.030528
0.030865
0.030030
0.031138
0.031360
0.029997
0.030728
0.030255
0.030400
0.030231
0.029928
0.031282
0.029995
0.030969
0.030254
0.030436
0.030469
0.029986
0.030233
0.030133
0.029956
0.031578
0.029927
0.030288
0.029845
0.029910
0.030183
0.029958
0.031124
0.030444
0.030794
0.029878
0.031680
0.030332
0.030209
0.030225
0.029990
0.031362
0.030296
0.030589
0.031351
0.029869
0.030929
0.031028
0.031456
0.029933
0.031115
0.029783
0.031658
0.030244
0.030507
0.031397
0.030540
0.030706
0.030245
0.030382
0.031458
0.030813
0.030984
0.030107
0.030572
0.030105
0.031643
0.030452
0.030146
0.031682
0.031046
0.030136
0.031218
0.030587
0.031099
0.030195
0.030132
0.030458
0.030976
0.031302
0.031219
0.031746
0.030888
0.030306
0.031038
0.030769
0.030122
0.029963
0.030610
0.031026
0.030492
0.030151
0.030078
0.031467
0.030785
0.029970
0.029904
0.030048
0.030651
0.029990
0.030067
0.030670
0.030197
0.029878
0.030247
0.030132
0.030733
0.029946
0.030713
0.030181
0.030040
0.029940
0.029992
0.030706
0.029932
0.030178
0.030023
0.030167
0.031555
0.030308
0.030143
0.031187
0.030538
0.030915
0.030719
0.031663
0.030116
0.030751
0.031678
0.030385
0.030614
0.031176
0.030310
0.030513
0.029922
0.031243
0.030796
0.030190
0.030008
0.030962
0.031030
0.030034
0.031596
0.030442
0.031300
0.029901
0.031784
0.030147
0.031349
0.031141
0.031141
0.030000
0.030948
0.031138
0.030688
0.030744
0.030914
0.030189
0.030910
0.031855
0.030547
0.030348
0.029859
0.032102
0.030033
0.031091
0.030834
0.030357
0.031312
0.031630
0.031043
0.029880
0.031265
0.030052
0.031150
0.031061
0.031605
0.030346
0.031966
0.030706
0.030552
0.030074
0.029861
0.030170
0.030784
0.030220
0.030117
0.030790
0.030808
0.031276
0.030618
0.031472
0.030414
0.030201
0.030116
0.031092
0.030126
0.030852
0.030393
0.031270
0.030327
0.030045
0.030664
0.030200
0.030955
0.031302
0.030681
0.030128
0.030728
0.029992
0.030043
0.030839
0.030668
0.030791
0.031473
0.031839
0.030650
0.031672
0.030275
0.030936
0.031141
0.030017
0.030422
0.031357
0.031281
0.031121
0.030365
0.031269
0.031866
0.030008
0.031996
0.030185
0.031907
0.030687
0.031284
0.030299
0.030127
0.030153
0.030865
0.030119
0.030290
0.030620
0.030026
0.030083
0.029993
0.031434
0.030508
0.031696
0.030310
0.029876
0.030152
0.031303
0.031920
0.031260
0.030985
0.031089
0.030847
0.030350
0.031207
0.031648
0.030721
0.031625
0.032224
0.031114
0.031514
0.032441
0.030392
0.030326
0.032105
0.030240
0.030898
0.031296
0.031386
0.030984
0.031460
0.030552
0.030334
0.030459
0.030363
0.030931
0.030296
0.030475
0.031244
0.031388
0.031237
0.030642
0.030832
0.030805
0.031084
0.030531
0.030286
0.031044
0.031844
0.030275
0.030603
0.030512
0.030033
0.030815
0.030620
0.030585
0.030125
0.030085
0.031228
0.030796
0.030208
0.030383
0.032094
0.030800
0.030896
0.030060
0.030253
0.029899
0.030106
0.031027
0.030040
0.030953
0.030347
0.030024
0.029895
0.029852
0.030820
0.031200
0.031308
0.030791
0.030593
0.030220
0.031089
0.031798
0.030294
0.029949
0.030774
0.029938
0.030265
0.029889
0.030147
0.030264
0.031680
0.029948
0.031192
0.030792
0.030093
0.031283
0.029992
0.031826
0.030674
0.030689
0.030035
0.030151
0.031210
0.030624
0.030140
0.030697
0.031366
0.031310
0.030434
0.030559
0.030556
0.030502
0.030535
0.030567
0.030103
0.030931
0.030740
0.030726
0.031260
0.030639
0.030546
0.030588
0.031153
0.030458
0.030542
0.031308
0.030098
0.030001
0.029889
0.031046
0.030588
0.030117
0.030943
0.030028
0.030733
0.030109
0.030880
0.030108
0.030314
0.031610
0.030036
0.030196
0.030923
0.029872
0.030084
0.029931
0.030692
0.030434
0.030872
0.029923
0.030837
0.029952
0.030084
0.029812
0.029902
0.031038
0.031239
0.030275
0.031015
0.030358
0.030737
0.030435
0.029978
0.030492
0.030639
0.031321
0.031139
0.030982
0.030255
0.030007
0.031546
0.030490
0.031339
0.030142
0.030096
0.031076
0.030267
0.031671
0.030792
0.030623
0.031259
0.029788
0.030895
0.030093
0.030647
0.029867
0.030324
0.031464
0.030096
0.029994
0.030383
0.030574
0.030121
0.030018
0.029899
0.030365
0.029925
0.030799
0.030558
0.029962
0.030478
0.030827
0.029848
0.031022
0.030341
0.031285
0.030583
0.030424
0.030659
0.030586
0.031587
0.030488
0.031520
0.030028
0.030002
0.029974
0.029827
0.030398
0.030740
0.030213
0.030021
0.030078
0.030446
0.029843
0.030274
0.031138
0.030953
0.030256
0.029974
0.029933
0.030362
0.031550
0.031548
0.030674
0.030003
0.029799
0.031100
0.029961
0.030158
0.031637
0.030326
0.031925
0.030513
0.030667
0.030453
0.030577
0.030903
0.030693
0.031777
0.030674
0.030659
0.031654
0.029935
0.030553
0.029974
0.031091
0.030258
0.030447
0.030672
0.030314
0.030092
0.030436
0.030326
0.030255
0.030573
0.030186
0.029940
0.030679
0.029873
0.029802
0.031316
0.030899
0.030285
0.029844
0.030419
0.031467
0.029952
0.030117
0.030876
0.030024
0.029916
0.031671
0.031057
0.030900
0.030645
0.031100
0.029941
0.030844
0.030326
0.030181
0.030023
0.030602
0.029923
0.031196
0.031269
0.030498
0.030074
0.029886
0.030128
0.030067
0.030574
0.029890
0.030544
0.031101
0.031111
0.030969
0.031029
0.030633
0.029963
0.030114
0.030224
0.030900
0.030797
0.030877
0.031073
0.029880
0.030316
0.030410
0.030846
0.030815
0.030439
0.031262
0.030261
0.031782
0.031375
0.030330
0.030454
0.030733
0.030511
0.030236
0.031472
0.031326
0.030021
0.030850
0.030771
0.029957
0.030240
0.030325
0.030133
0.030466
0.029918
0.031197
0.030490
0.030610
0.031448
0.031121
0.031495
0.030814
0.030130
0.030130
0.030445
0.030258
0.031032
0.031215
0.030576
0.030917
0.029801
0.030231
0.030541
0.030383
0.030102
0.030189
0.030869
0.030020
0.031666
0.030878
0.030251
0.031665
0.030759
0.031326
0.030698
0.031638
0.030954
0.030148
0.031541
0.032148
0.030160
0.030411
0.030381
0.031598
0.030721
0.030964
0.031305
0.030463
0.030808
0.031222
0.031420
0.031897
0.031359
0.031202
0.031295
0.031220
0.031874
0.031473
0.030648
0.030415
0.031180
0.031034
0.032011
0.030460
0.030487
0.031926
0.031224
0.030571
0.030831
0.031210
0.030806
0.030867
0.030708
0.031241
0.030885
0.031167
0.030499
0.031727
0.030670
0.030974
0.031701
0.030606
0.031529
0.030542
0.031011
0.030672
0.030764
0.030744
0.030988
0.031809
0.032326
0.032046
0.030919
0.030696
0.031847
0.030487
0.032170
0.031980
0.031094
0.030869
0.030817
0.031303
0.030603
0.030426
0.031043
0.030888
0.031314
0.030491
0.030436
0.030376
0.030586
0.031041
0.031449
0.031086
0.031059
0.030874
0.030565
0.030603
0.030805
0.030496
0.030918
0.030943
0.030615
0.030324
0.030480
0.031309
0.030578
0.030551
0.030659
0.031605
0.030613
0.030533
0.030729
0.030790
0.030489
0.032498
0.030615
0.030619
0.030782
0.030553
0.030484
0.030406
0.031833
0.031248
0.030568
0.031265
0.030940
0.030551
0.030561
0.031672
0.031218
0.030447
0.032231
0.030497
0.030526
0.030444
0.030700
0.030831
0.030697
0.032024
0.031560
0.031415
0.030382
0.032424
0.030823
0.031318
0.031006
0.031534
0.030805
0.030746
0.030926
0.030731
0.031733
0.031918
0.031236
0.030844
0.031078
0.030714
0.030825
0.031467
0.031215
0.031080
0.030659
0.032235
0.030652
0.030914
0.030916
0.031203
0.030883
0.031917
0.031033
0.031829
0.030996
0.032036
0.030533
0.031150
0.030578
0.031599
0.030519
0.030675
0.031097
0.030757
0.031103
0.031473
0.032294
0.030782
0.030892
0.031124
0.030620
0.031369
0.030480
0.031414
0.031092
0.030818
0.031420
0.031877
0.030878
0.033151
0.030676
0.031471
0.031160
0.031792
0.030973
0.031494
0.031531
0.030739
0.031536
0.030919
0.031770
0.030887
0.031266
0.030945
0.030658
0.030906
0.031514
0.030823
0.030968
0.031021
0.030781
0.031315
0.031834
0.031873
0.032256
0.030925
0.031712
0.031006
0.030793
0.030885
0.030877
0.031595
0.030782
0.031629
0.031001
0.031186
0.032142
0.031181
0.031506
0.030943
0.031645
0.030518
0.030664
0.031678
0.031517
0.030939
0.031371
0.030953
0.030866
0.031460
0.032346
0.031015
0.031350
0.031431
0.030893
0.031104
0.032021
0.032084
0.030948
0.031339
0.030834
0.030795
0.032041
0.032437
0.031242
0.030998
0.031271
0.031880
0.031316
0.031906
0.031409
0.032082
0.030929
0.031720
0.031025
0.031016
0.030971
0.031367
0.031412
0.031757
0.030889
0.031763
0.031065
0.031550
0.030939
0.030995
0.031526
0.031329
0.031987
0.031568
0.031679
0.031245
0.031861
0.031616
0.031444
0.031318
0.032962
0.031181
0.030934
0.031193
0.031710
0.031437
0.031490
0.032337
0.031413
0.031454
0.031679
0.031385
0.031197
0.031259
0.032017
0.031845
0.031298
0.031990
0.031584
0.031092
0.031943
0.032127
0.031570
0.031430
0.032159
0.031815
0.031476
0.032960
0.032545
0.032890
0.032582
0.032483
0.032045
0.031976
0.031767
0.031248
0.031669
0.031970
0.032220
0.032032
0.031734
0.032302
0.031597
0.031381
0.032469
0.032918
0.031505
0.032569
0.031703
0.031488
0.032901
0.031454
0.031361
0.031401
0.032209
0.031852
0.031528
0.031462
0.033201
0.031711
0.031351
0.031537
0.031342
0.031380
0.032085
0.031633
0.031748
0.031338
0.031427
0.031351
0.032272
0.031208
0.031152
0.032849
0.032959
0.031089
0.031055
0.030978
0.030930
0.030845
0.031189
0.032300
0.031233
0.031430
0.032017
0.031374
0.031337
0.032273
0.032242
0.031418
0.031379
0.031485
0.032222
0.032056
0.031570
0.031574
0.031392
0.032566
0.031824
0.031191
0.031164
0.031164
0.031630
0.031803
0.031804
0.032339
0.031168
0.031329
0.031123
0.032671
0.031371
0.031360
0.031255
0.031028
0.031898
0.031039
0.031311
0.031212
0.032420
0.030990
0.032199
0.031933
0.031056
0.032000
0.031280
0.031187
0.031056
0.031492
0.031770
0.030978
0.032376
0.032477
0.031269
0.032246
0.032096
0.031088
0.031126
0.030992
0.031168
0.031125
0.031337
0.032131
0.031336
0.031114
0.031767
0.031481
0.031859
0.031547
0.032181
0.031988
0.031616
0.031940
0.032293
0.031729
0.031689
0.031685
0.032464
0.032019
0.032251
0.031851
0.032366
0.032956
0.031555
0.032484
0.031710
0.032235
0.031828
0.031900
0.032735
0.031559
0.033052
0.032809
0.032959
0.031731
0.032347
0.032135
0.032506
0.032232
0.032405
0.032032
0.031821
0.032206
0.031963
0.031806
0.031587
0.032354
0.031890
0.032599
0.032052
0.032828
0.031938
0.033081
0.032824
0.032015
0.032668
0.033363
0.032473
0.031775
0.031692
0.031790
0.031785
0.032766
0.032140
0.032631
0.033152
0.032682
0.032667
0.034085
0.032785
0.033468
0.033035
0.032842
0.032763
0.032771
0.033764
0.033263
0.033443
0.032840
0.034270
0.032794
0.033015
0.032810
0.032784
0.033282
0.032897
0.033641
0.033210
0.032371
0.032392
0.032280
0.032264
0.032311
0.032797
0.032937
0.032432
0.032965
0.032802
0.032239
0.032350
0.032842
0.032369
0.032351
0.032800
0.032203
0.033330
0.032748
0.033185
0.034005
0.033546
0.033630
0.033510
0.032117
0.032829
0.032947
0.032506
0.032352
0.032350
0.032045
0.032700
0.032449
0.032334
0.032439
0.032499
0.033055
0.032217
0.032813
0.032168
0.032307
0.032236
0.032048
0.032307
0.032044
0.032009
0.032049
0.032063
0.032502
0.032588
0.033060
0.033082
0.032347
0.032175
0.032576
0.032607
0.032451
0.032216
0.032644
0.032454
0.032476
0.033038
0.032377
0.032445
0.032866
0.034430
0.033093
0.033412
0.032341
0.033040
0.032467
0.033996
0.032578
0.032198
0.033705
0.033557
0.033181
0.033122
0.032056
0.032108
0.032090
0.032645
0.031806
0.032021
0.032525
0.032005
0.033407
0.031677
0.031685
0.031183
0.031833
0.032358
0.031399
0.031286
0.032605
0.031437
0.031325
0.031714
0.031900
0.032878
0.031701
0.033647
0.032129
0.031846
0.032806
0.031937
0.032714
0.032935
0.032562
0.032293
0.032936
0.031742
0.031576
0.031244
0.031329
0.031247
0.031066
0.031484
0.031420
0.031442
0.033530
0.031766
0.031587
0.033358
0.033019
0.032773
0.032156
0.033615
0.032170
0.032710
0.033684
0.032038
0.031867
0.031798
0.031379
0.031279
0.032036
0.032149
0.032198
0.031464
0.032694
0.032033
0.031688
0.032409
0.032311
0.031896
0.032039
0.032380
0.032627
0.032337
0.033122
0.032110
0.033082
0.032452
0.032006
0.032304
0.033094
0.031916
0.032099
0.032524
0.032340
0.031985
0.031919
0.033618
0.032816
0.032378
0.032956
0.031781
0.031620
0.032028
0.032772
0.031607
0.031835
0.031257
0.031779
0.031552
0.032588
0.031622
0.030888
0.031463
0.031749
0.031410
0.030912
0.032107
0.030967
0.030628
0.030841
0.030830
0.030593
0.031440
0.031289
0.030939
0.030761
0.031042
0.030865
0.031044
0.032413
0.031098
0.032618
0.031182
0.031725
0.032109
0.031959
0.031890
0.032163
0.031433
0.032777
0.031827
0.031464
0.032421
0.032102
0.031598
0.031476
0.032206
0.033210
0.030985
0.031578
0.031263
0.032514
0.032410
0.032084
0.031713
0.031148
0.031420
0.031195
0.031358
0.031889
0.031177
0.032100
0.031326
0.031724
0.031194
0.031608
0.031847
0.032700
0.031613
0.032744
0.031646
0.032906
0.032057
0.032363
0.032604
0.031468
0.031333
0.031823
0.031622
0.031745
0.031800
0.031741
0.033492
0.031916
0.031529
0.031514
0.031680
0.031226
0.031684
0.031271
0.030384
0.030704
0.031147
0.030665
0.030386
0.030373
0.031737
0.030805
0.030691
0.030762
0.030919
0.030976
0.031743
0.032219
0.032043
0.031447
0.033069
0.030729
0.031367
0.031233
0.030999
0.031629
0.031395
0.030690
0.030654
0.030449
0.031294
0.030743
0.032050
0.030609
0.030702
0.030485
0.031000
0.032013
0.030847
0.031202
0.031734
0.032524
0.031632
0.031771
0.031751
0.031401
0.031357
0.031646
0.032223
0.030783
0.031274
0.031543
0.030473
0.030818
0.030637
0.030693
0.030661
0.031181
0.030315
0.030632
0.030323
0.031624
0.030572
0.030273
0.031243
0.031045
0.031038
0.032030
0.031345
0.030713
0.030543
0.031196
0.030595
0.030885
0.030617
0.030696
0.030529
0.031381
0.031060
0.030794
0.030854
0.031211
0.030411
0.030585
0.030688
0.030526
0.030809
0.030825
0.031011
0.031559
0.030785
0.032199
0.030970
0.030831
0.032117
0.032550
0.030931
0.030658
0.032374
0.030928
0.031588
0.031720
0.031461
0.031297
0.030907
0.032005
0.031150
0.031108
0.030588
0.031453
0.030809
0.031127
0.030704
0.030225
0.031442
0.031155
0.030865
0.030171
0.030338
0.031375
0.032767
0.030549
0.031053
0.030463
0.030537
0.030582
0.030777
0.030984
0.031140
0.032135
0.031955
0.031517
0.031381
0.031749
0.030802
0.030873
0.031034
0.031138
0.031201
0.031588
0.030720
0.030753
0.032456
0.030569
0.030161
0.031105
0.031023
0.030980
0.030970
0.030834
0.031927
0.031321
0.031696
0.031989
0.030861
0.031539
0.030645
0.031011
0.031296
0.032238
0.030574
0.030631
0.031717
0.030412
0.031354
0.030425
0.031836
0.031529
0.031156
0.030965
0.032050
0.030500
0.030856
0.031231
0.031772
0.030796
0.030400
0.030268
0.030302
0.031083
0.031131
0.031695
0.031199
0.031176
0.030801
0.031825
0.031177
0.030636
0.030737
0.031136
0.031411
0.030797
0.032462
0.030920
0.030485
0.031068
0.031615
0.031786
0.030927
0.031062
0.031433
0.030851
0.030559
0.031501
0.030656
0.030593
0.031301
0.031738
0.030876
0.031101
0.031761
0.030384
0.030826
0.031268
0.030525
0.030204
0.030199
0.030360
0.030477
0.030419
0.031291
0.030420
0.030564
0.031134
0.031645
0.031159
0.032128
0.030578
0.030852
0.031376
0.030254
0.030094
0.031368
0.031042
0.031051
0.030658
0.031117
0.031024
0.031367
0.031888
0.031336
0.032016
0.030951
0.030962
0.031246
0.031390
0.031065
0.031024
0.031142
0.030434
0.030294
0.031211
0.030936
0.030662
0.030646
0.031072
0.030785
0.030920
0.030535
0.030704
0.030906
0.030623
0.031202
0.031538
0.031927
0.031326
0.030979
0.031622
0.030989
0.030610
0.030701
0.031799
0.030777
0.030791
0.031359
0.030785
0.030792
0.030668
0.031410
0.030732
0.030992
0.031719
0.030857
0.031212
0.031425
0.031230
0.031812
0.031331
0.030753
0.030809
0.031434
0.032296
0.031620
0.030541
0.031403
0.031308
0.030682
0.030591
0.030822
0.030774
0.031449
0.032411
0.030556
0.030685
0.031368
0.030797
0.030737
0.030576
0.032694
0.030729
0.030904
0.031501
0.030908
0.030423
0.030722
0.030790
0.031178
0.030647
0.030562
0.030605
0.030502
0.031364
0.030837
0.031446
0.030648
0.031152
0.030330
0.030443
0.031359
0.030339
0.030342
0.031203
0.030214
0.030937
0.030252
0.030787
0.030824
0.030359
0.030284
0.030468
0.030691
0.030174
0.030910
0.030346
0.030549
0.030864
0.030532
0.030102
0.030345
0.030728
0.029934
0.030016
0.030501
0.030854
0.030747
0.029909
0.030995
0.029950
0.029990
0.029811
0.030027
0.030749
0.030117
0.029957
0.030124
0.030002
0.030548
0.030625
0.030259
0.030123
0.030309
0.030533
0.029899
0.030111
0.029999
0.030323
0.029818
0.030445
0.029701
0.030121
0.030260
0.030556
0.030929
0.031899
0.031018
0.029916
0.031173
0.030377
0.030426
0.029812
0.030566
0.030157
0.030619
0.030663
0.030778
0.030755
0.030450
0.030784
0.030317
0.029837
0.030529
0.029928
0.030190
0.029742
0.030691
0.029840
0.029977
0.030239
0.031325
0.030062
0.030162
0.030549
0.030072
0.029943
0.030208
0.030833
0.030277
0.030244
0.030724
0.030048
0.030086
0.029998
0.030596
0.030446
0.029935
0.030274
0.030049
0.029959
0.030322
0.029878
0.029720
0.029907
0.030639
0.029840
0.030726
0.030287
0.030010
0.030307
0.029988
0.030557
0.029781
0.029906
0.030022
0.029720
0.030105
0.030226
0.029979
0.029891
0.029923
0.030891
0.030064
0.030151
0.029998
0.030672
0.029859
0.030170
0.030367
0.030263
0.030125
0.030857
0.029977
0.029997
0.029872
0.029927
0.029995
0.029814
0.030395
0.029772
0.029854
0.030866
0.029918
0.029786
0.030142
0.030926
0.030166
0.029895
0.030680
0.030513
0.030120
0.029898
0.030695
0.030113
0.029938
0.030225
0.030572
0.029900
0.029769
0.030516
0.029784
0.029749
0.030925
0.030084
0.030113
0.029816
0.030692
0.029992
0.029885
0.030492
0.029890
0.030957
0.030514
0.029995
0.029938
0.030053
0.029800
0.029932
0.029929
0.030796
0.029987
0.030116
0.029903
0.030395
0.029966
0.030582
0.030761
0.030590
0.030239
0.030244
0.030431
0.030033
0.030356
0.030586
0.030667
0.030339
0.030234
0.030508
0.030534
0.031286
0.030427
0.030287
0.030537
0.031108
0.030104
0.030324
0.029975
0.030183
0.030336
0.029926
0.030330
0.030109
0.030211
0.030333
0.030174
0.029993
0.029844
0.029921
0.029977
0.029871
0.030183
0.030680
0.030051
0.030055
0.031521
0.030140
0.030908
0.030178
0.029984
0.030081
0.029968
0.031342
0.030420
0.029856
0.030063
0.029897
0.031341
0.029823
0.029840
0.030119
0.030142
0.031089
0.030389
0.029906
0.029793
0.030604
0.029861
0.030705
0.030718
0.030295
0.031196
0.030087
0.030824
0.030400
0.030550
0.030804
0.030455
0.031832
0.030224
0.031489
0.031164
0.031350
0.030545
0.030847
0.032351
0.030755
0.031366
0.030754
0.030507
0.030270
0.031038
0.030078
0.030268
0.030616
0.030142
0.030041
0.031187
0.031324
0.030760
0.031503
0.031461
0.030674
0.030022
0.030872
0.030523
0.030748
0.032179
0.030123
0.030121
0.030451
0.030954
0.029929
0.030294
0.030772
0.031011
0.030167
0.031010
0.031231
0.030368
0.030654
0.030443
0.030383
0.031400
0.031366
0.031949
0.030137
0.030320
0.030872
0.031300
0.030319
0.031003
0.030365
0.030237
0.030235
0.030930
0.031515
0.030976
0.030129
0.030912
0.030321
0.030130
0.030209
0.030241
0.030918
0.030212
0.030907
0.030949
0.030311
0.030582
0.030333
0.030841
0.031128
0.030040
0.031069
0.030048
0.031162
0.030639
0.031695
0.030402
0.029827
0.030380
0.030164
0.030719
0.029843
0.030711
0.030181
0.031180
0.030847
0.030856
0.029902
0.030322
0.030494
0.030661
0.030602
0.030162
0.031091
0.030764
0.031354
0.030309
0.030327
0.030620
0.030609
0.030444
0.031038
0.031438
0.031623
0.030401
0.031090
0.030899
0.031102
0.031102
0.030097
0.030780
0.030841
0.032020
0.030343
0.030919
0.030436
0.030130
0.030197
0.030860
0.030365
0.030630
0.030224
0.031629
0.030371
0.030047
0.031542
0.030747
0.030875
0.030860
0.030314
0.031125
0.030120
0.031704
0.030058
0.030174
0.030683
0.031959
0.030212
0.030927
0.030642
0.030983
0.030609
0.030190
0.031427
0.030162
0.031180
0.031131
0.030192
0.030304
0.030734
0.030378
0.030289
0.030575
0.030734
0.030749
0.030226
0.030720
0.030064
0.030155
0.030390
0.030727
0.031029
0.030886
0.030307
0.030157
0.030138
0.030147
0.030838
0.031682
0.031925
0.031025
0.030711
0.031407
0.030471
0.031142
0.030412
0.031156
0.030753
0.030757
0.030927
0.031111
0.030880
0.030322
0.030673
0.030889
0.030796
0.030137
0.030105
0.031042
0.031056
0.030453
0.030911
0.030639
0.031096
0.030853
0.030153
0.031619
0.030426
0.031601
0.031100
0.030903
0.030470
0.030675
0.029955
0.030374
0.030070
0.030391
0.030106
0.030618
0.030155
0.030347
0.030588
0.031095
0.030367
0.031103
0.030896
0.030909
0.031205
0.031182
0.032144
0.031001
0.030920
0.031019
0.030834
0.031604
0.030889
0.031076
0.031627
0.031691
0.032382
0.032258
0.032198
0.031387
0.031914
0.034123
0.031617
0.032497
0.032093
0.032658
0.032182
0.032296
0.032182
0.032646
0.032266
0.031865
0.032667
0.031947
0.031947
0.032112
0.033515
0.032012
0.032189
0.033021
0.032034
0.032165
0.032108
0.033030
0.032535
0.032124
0.032908
0.032659
0.032070
0.032055
0.032414
0.031940
0.032397
0.032748
0.032508
0.031459
0.032811
0.031656
0.031549
0.032186
0.031366
0.031875
0.031896
0.032181
0.031865
0.031194
0.031750
0.030938
0.031078
0.031744
0.032369
0.031042
0.031591
0.031224
0.030561
0.031322
0.032260
0.031065
0.030545
0.031323
0.030704
0.030813
0.030652
0.032636
0.030659
0.030990
0.031953
0.030587
0.031279
0.030938
0.032294
0.031133
0.030646
0.031078
0.030747
0.030912
0.031907
0.030935
0.030316
0.030264
0.030533
0.030841
0.031027
0.030592
0.030154
0.030874
0.030548
0.030989
0.030233
0.030406
0.030763
0.031593
0.030064
0.031065
0.030418
0.030307
0.030307
0.030952
0.030208
0.030631
0.030263
0.031310
0.030117
0.030151
0.031720
0.030197
0.030136
0.030546
0.031698
0.031345
0.031261
0.030690
0.030040
0.030089
0.029806
0.030063
0.031664
0.029866
0.032028
0.030308
0.030252
0.030351
0.030144
0.030465
0.030909
0.030550
0.031063
0.029899
0.030775
0.031860
0.030624
0.030981
0.031080
0.031365
0.029993
0.031361
0.029823
0.030617
0.029995
0.030312
0.030426
0.030054
0.031206
0.029836
0.030459
0.030630
0.030119
0.030068
0.030779
0.030245
0.031374
0.030310
0.030051
0.031757
0.029875
0.029900
0.030170
0.031092
0.029996
0.030051
0.030170
0.030182
0.030810
0.030015
0.030571
0.030568
0.030630
0.030228
0.030974
0.030294
0.030449
0.030518
0.032344
0.031686
0.030972
0.030867
0.030354
0.030570
0.030527
0.030407
0.030309
0.031570
0.031096
0.030293
0.031349
0.030451
0.030677
0.031330
0.030306
0.031049
0.031083
0.031876
0.030367
0.031380
0.030508
0.030718
0.030364
0.030392
0.030301
0.030235
0.030500
0.030790
0.030735
0.030329
0.030632
0.030404
0.030667
0.031228
0.031088
0.030246
0.030297
0.030184
0.030886
0.031065
0.031125
0.031053
0.030525
0.030163
0.030177
0.030359
0.030009
0.030871
0.030799
0.030816
0.030076
0.030050
0.030687
0.030226
0.030033
0.030790
0.030335
0.031243
0.031123
0.031069
0.030248
0.030641
0.031145
0.030292
0.031951
0.030840
0.030449
0.030695
0.030441
0.032478
0.030624
0.030595
0.031189
0.031162
0.030449
0.031201
0.031326
0.030708
0.030331
0.030425
0.031383
0.031166
0.030572
0.031395
0.031313
0.030718
0.030832
0.030951
0.030385
0.031369
0.031075
0.030451
0.030554
0.031364
0.030441
0.030767
0.031902
0.030821
0.030936
0.031245
0.030875
0.031213
0.030435
0.031148
0.031126
0.030535
0.031446
0.030567
0.031252
0.030633
0.031261
0.031623
0.030918
0.031635
0.031975
0.030773
0.030703
0.031400
0.030466
0.030472
0.030529
0.030391
0.030588
0.030400
0.031647
0.030334
0.030781
0.030409
0.030601
0.030559
0.031029
0.031004
0.030733
0.031399
0.030483
0.030782
0.030297
0.030561
0.030661
0.034465
0.030408
0.030652
0.031188
0.030376
0.030264
0.031201
0.030974
0.030516
0.030628
0.030459
0.030544
0.030281
0.030486
0.030427
0.030735
0.030864
0.030754
0.030922
0.030686
0.030730
0.030303
0.030310
0.031437
0.030449
0.030133
0.030883
0.030150
0.030871
0.030229
0.030255
0.030194
0.030549
0.030032
0.030276
0.030294
0.030916
0.030628
0.030620
0.030138
0.030717
0.030088
0.030084
0.030042
0.031408
0.031217
0.030062
0.030570
0.030205
0.030290
0.030056
0.030008
0.030836
0.030022
0.029982
0.030337
0.029951
0.029917
0.031551
0.030549
0.030614
0.030691
0.029942
0.030489
0.031095
0.030576
0.030769
0.030771
0.031111
0.030049
0.030047
0.030185
0.029888
0.031155
0.030116
0.030663
0.029910
0.029945
0.031198
0.030475
0.029774
0.030751
0.030575
0.029935
0.029776
0.029940
0.031546
0.030013
0.029870
0.030345
0.029884
0.029713
0.029962
0.030037
0.031130
0.030385
0.031159
0.030127
0.030058
0.029904
0.031857
0.029769
0.029924
0.031225
0.031390
0.030209
0.029844
0.029929
0.031041
0.030280
0.030816
0.030419
0.030707
0.029756
0.029807
0.029967
0.029864
0.030124
0.031318
0.030519
0.030956
0.030698
0.030180
0.030092
0.030084
0.031210
0.031006
0.029974
0.030965
0.029761
0.029792
0.030600
0.030950
0.030413
0.030739
0.031357
0.029822
0.029727
0.031936
0.031004
0.030042
0.030635
0.030739
0.029754
0.029915
0.030472
0.030636
0.029848
0.029705
0.030554
0.030131
0.029724
0.030214
0.030357
0.030400
0.030202
0.030581
0.029896
0.030764
0.030542
0.030157
0.030289
0.029831
0.030910
0.029792
0.030029
0.029549
0.030498
0.029733
0.029812
0.030801
0.030321
0.030034
0.030599
0.030557
0.029884
0.029791
0.029756
0.030036
0.029816
0.029989
0.030312
0.029678
0.030147
0.031350
0.031429
0.031028
0.030411
0.029843
0.030251
0.029964
0.030099
0.029876
0.029941
0.029863
0.029802
0.029907
0.029727
0.030758
0.031006
0.030245
0.030241
0.029946
0.029820
0.029789
0.030431
0.030862
0.030402
0.029817
0.030149
0.030079
0.030971
0.030531
0.030002
0.030140
0.031151
0.029823
0.029899
0.029954
0.029917
0.030255
0.030117
0.029905
0.029845
0.030411
0.029827
0.029866
0.029769
0.031172
0.029775
0.029901
0.030642
0.029773
0.030022
0.030022
0.029902
0.029806
0.029729
0.029820
0.029818
0.029836
0.030703
0.029939
0.030014
0.030031
0.029901
0.029839
0.030490
0.029885
0.030133
0.029931
0.029989
0.029989
0.030104
0.029857
0.031307
0.030338
0.030043
0.029823
0.030059
0.030285
0.029972
0.029831
0.029911
0.029787
0.029909
0.030240
0.029732
0.029773
0.031306
0.030766
0.030378
0.029634
0.030002
0.029895
0.029808
0.029724
0.029865
0.029800
0.030840
0.029743
0.030140
0.029862
0.029895
0.029952
0.029943
0.029870
0.030034
0.030026
0.030199
0.029859
0.029831
0.030601
0.029803
0.030311
0.029944
0.029813
0.029771
0.029973
0.030243
0.029869
0.031437
0.030731
0.030357
0.029719
0.029917
0.029682
0.029744
0.029776
0.029892
0.029823
0.029935
0.029878
0.029837
0.029843
0.029891
0.029769
0.029886
0.029905
0.029689
0.029867
0.031409
0.029988
0.029712
0.029797
0.030655
0.029872
0.029733
0.030794
0.029981
0.030709
0.029784
0.031243
0.030506
0.030333
0.029845
0.030301
0.030798
0.029865
0.030098
0.030099
0.029976
0.029765
0.029918
0.030638
0.030276
0.029721
0.029948
0.029705
0.029711
0.030027
0.029657
0.029888
0.030535
0.030028
0.030005
0.029687
0.029829
0.030184
0.030251
0.030003
0.029940
0.029750
0.030136
0.030413
0.029863
0.029886
0.030541
0.029997
0.030224
0.030124
0.029991
0.029768
0.030206
0.029735
0.029820
0.029871
0.030644
0.029849
0.029698
0.030413
0.030063
0.030512
0.031172
0.029959
0.029827
0.030287
0.030689
0.029831
0.030396
0.029856
0.030017
0.029975
0.029821
0.030757
0.029891
0.030159
0.030139
0.029909
0.029860
0.029922
0.029728
0.030363
0.029948
0.030169
0.029936
0.029929
0.030239
0.030744
0.029869
0.030716
0.031206
0.029900
0.030603
0.031493
0.029927
0.030073
0.029845
0.031085
0.030038
0.030765
0.030001
0.030152
0.030048
0.029850
0.029847
0.030009
0.030181
0.029914
0.030008
0.029924
0.030074
0.029686
0.030519
0.031553
0.030088
0.030091
0.030828
0.029787
0.031143
0.030151
0.029889
0.029937
0.030068
0.029895
0.029775
0.030116
0.030086
0.029907
0.030318
0.030019
0.030063
0.030142
0.029812
0.030188
0.029797
0.030150
0.029961
0.030012
0.030030
0.030645
0.029760
0.030288
0.029850
0.029891
0.029970
0.029823
0.029735
0.029905
0.029779
0.030478
0.030354
0.030013
0.029702
0.030519
0.029935
0.030608
0.030196
0.029826
0.030662
0.030051
0.029981
0.029884
0.030706
0.029846
0.029989
0.031018
0.030805
0.031288
0.030223
0.030187
0.030699
0.031145
0.030256
0.031195
0.030280
0.031044
0.030516
0.031841
0.030457
0.030513
0.030349
0.030571
0.030732
0.030355
0.030788
0.031915
0.031130
0.030766
0.030511
0.030627
0.030674
0.030756
0.030702
0.030679
0.031364
0.032172
0.031889
0.030737
0.031814
0.031124
0.031380
0.031674
0.032578
0.032770
0.032750
0.034203
0.032902
0.033521
0.033267
0.033245
0.033732
0.033358
0.033697
0.033931
0.032549
0.031847
0.032336
0.031892
0.032850
0.031494
0.031725
0.032720
0.032379
0.032995
0.033100
0.033554
0.034972
0.034955
0.033647
0.034189
0.033642
0.033704
0.033080
0.033094
0.033018
0.032970
0.032538
0.032228
0.033449
0.032305
0.031827
0.032854
0.031944
0.032596
0.031476
0.031593
0.031003
0.031509
0.031135
0.030955
0.030751
0.030451
0.030491
0.030425
0.030340
0.030449
0.030372
0.030039
0.029894
0.030261
0.030200
0.030072
0.029828
0.030017
0.030102
0.030061
0.030041
0.031234
0.030234
0.030024
0.029921
0.029941
0.030463
0.029933
0.029744
0.031096
0.029934
0.029875
0.030446
0.029877
0.029877
0.030194
0.029999
0.030623
0.030919
0.030003
0.029878
0.030729
0.030068
0.030292
0.029814
0.030450
0.029834
0.029876
0.030678
0.029765
0.030851
0.030322
0.029868
0.030112
0.029982
0.029900
0.029913
0.030101
0.029946
0.030097
0.030115
0.030057
0.029773
0.029911
0.029908
0.029971
0.030135
0.030085
0.030150
0.030311
0.029859
0.029848
0.030736
0.029986
0.031052
0.030067
0.030039
0.030480
0.031079
0.030055
0.030226
0.030081
0.030142
0.030117
0.030986
0.030399
0.030152
0.030055
0.029728
0.029948
0.029813
0.029805
0.029805
0.029856
0.029891
0.029984
0.029933
0.031128
0.029779
0.030307
0.029829
0.030236
0.030870
0.029954
0.030010
0.030889
0.030331
0.030044
0.029887
0.029791
0.029913
0.030026
0.030107
0.031132
0.030402
0.030024
0.030368
0.030033
0.030888
0.030186
0.030027
0.030054
0.030268
0.030192
0.030144
0.030670
0.030329
0.030236
0.031411
0.030126
0.030280
0.031215
0.030106
0.030166
0.030420
0.030333
0.030171
0.030209
0.030055
0.030488
0.030511
0.030272
0.030004
0.030146
0.030381
0.030842
0.030070
0.030388
0.030026
0.030145
0.030190
0.030421
0.030344
0.030261
0.031505
0.030376
0.030621
0.030446
0.030582
0.030309
0.030539
0.030360
0.031207
0.030436
0.030304
0.030354
0.030493
0.031196
0.030390
0.030573
0.030831
0.030346
0.031556
0.030391
0.030227
0.030284
0.031188
0.030256
0.030208
0.030402
0.030147
0.030235
0.030284
0.030100
0.030061
0.029818
0.029907
0.030197
0.030090
0.030024
0.030108
0.029932
0.029838
0.029724
0.029981
0.029998
0.030017
0.029982
0.030249
0.030862
0.029972
0.029855
0.031115
0.030708
0.030820
0.029977
0.030242
0.030317
0.029908
0.029864
0.029952
0.030192
0.029974
0.029854
0.029959
0.029896
0.030122
0.031046
0.029910
0.030032
0.030048
0.029994
0.029723
0.030027
0.031001
0.029876
0.029933
0.030332
0.029955
0.029988
0.029922
0.030680
0.029865
0.030040
0.030069
0.029956
0.029934
0.030055
0.029722
0.030514
0.030529
0.030051
0.031187
0.030438
0.030112
0.030741
0.030045
0.029784
0.030017
0.029826
0.029835
0.029984
0.030609
0.030969
0.030350
0.030088
0.030138
0.031425
0.030015
0.029884
0.030314
0.029704
0.030494
0.030891
0.029939
0.029812
0.029928
0.029960
0.030459
0.030006
0.029964
0.029915
0.029753
0.029774
0.030195
0.029771
0.029988
0.029776
0.030028
0.030305
0.029901
0.030194
0.029904
0.031048
0.030610
0.030072
0.030101
0.030660
0.030072
0.030493
0.029742
0.029935
0.030368
0.029743
0.029771
0.029941
0.030038
0.029824
0.029832
0.030349
0.029939
0.029883
0.029991
0.030080
0.030583
0.030087
0.030289
0.030134
0.030556
0.030893
0.030489
0.030762
0.029838
0.031295
0.030246
0.030059
0.030128
0.030179
0.029900
0.029906
0.029774
0.029854
0.029935
0.030189
0.029814
0.029934
0.030219
0.029817
0.029779
0.030165
0.031526
0.030130
0.029803
0.029931
0.030281
0.030078
0.029963
0.029954
0.029794
0.030105
0.030010
0.031675
0.029850
0.029953
0.030577
0.030059
0.029795
0.029872
0.030675
0.031260
0.030501
0.030201
0.030160
0.030056
0.030150
0.029883
0.029986
0.030656
0.029857
0.030049
0.029988
0.029924
0.029902
0.029878
0.029980
0.030099
0.030269
0.030004
0.029969
0.030618
0.030553
0.029942
0.029916
0.030523
0.030165
0.031698
0.030416
0.029735
0.030183
0.030133
0.030071
0.030069
0.029920
0.030122
0.030078
0.029984
0.029788
0.030117
0.031151
0.030202
0.030167
0.030002
0.030151
0.030547
0.030562
0.030113
0.029976
0.030599
0.029924
0.029922
0.030905
0.030159
0.030606
0.030192
0.031164
0.030637
0.031349
0.030006
0.029908
0.030420
0.030302
0.029983
0.029890
0.029763
0.029826
0.029925
0.030189
0.030715
0.030193
0.029959
0.029928
0.030365
0.029748
0.029712
0.029968
0.029806
0.029927
0.030884
0.029868
0.029834
0.029832
0.029887
0.029972
0.031605
0.030611
0.030740
0.029994
0.030580
0.030481
0.030439
0.029770
0.029952
0.029732
0.030865
0.030181
0.030221
0.030910
0.029817
0.031310
0.030023
0.029879
0.030983
0.030081
0.029985
0.029818
0.030536
0.030245
0.030003
0.029891
0.030212
0.030899
0.030056
0.030054
0.029773
0.029739
0.030586
0.029807
0.029590
0.030315
0.030131
0.029861
0.029891
0.029858
0.030171
0.030140
0.030103
0.030386
0.030690
0.029892
0.031083
0.029837
0.030212
0.030066
0.030192
0.030192
0.029835
0.029772
0.029865
0.030227
0.029825
0.030103
0.030098
0.029677
0.030328
0.030378
0.029823
0.029776
0.030328
0.030708
0.030082
0.030186
0.029865
0.029912
0.029849
0.029872
0.029825
0.029929
0.031170
0.029796
0.029773
0.030262
0.029902
0.031002
0.029925
0.029914
0.029927
0.029864
0.029825
0.029879
0.029993
0.030674
0.030067
0.029915
0.031172
0.029944
0.029754
0.029841
0.030148
0.030164
0.030164
0.030076
0.029998
0.030553
0.029878
0.029959
0.029902
0.029868
0.029893
0.030641
0.030071
0.029918
0.030228
0.029995
0.031373
0.030395
0.030664
0.030442
0.030341
0.031039
0.030396
0.030205
0.030446
0.030196
0.030337
0.030490
0.030461
0.031167
0.031508
0.030747
0.030674
0.030176
0.030235
0.030432
0.030340
0.031166
0.030509
0.030780
0.031054
0.030963
0.030698
0.031031
0.031236
0.031045
0.031376
0.031182
0.032263
0.031630
0.031607
0.031962
0.031755
0.031600
0.031536
0.031490
0.031605
0.031387
0.032205
0.031615
0.032030
0.031340
0.031128
0.030971
0.030965
0.031684
0.030923
0.030870
0.031004
0.030860
0.031062
0.031138
0.030363
0.030582
0.030477
0.030248
0.030978
0.030855
0.031629
0.030433
0.030162
0.030235
0.030150
0.029970
0.031033
0.030058
0.029897
0.029905
0.029961
0.029747
0.029772
0.030318
0.029786
0.030097
0.030340
0.029908
0.029892
0.029902
0.030006
0.029876
0.029861
0.030196
0.029877
0.029918
0.029974
0.029970
0.029927
0.030237
0.030511
0.030519
0.030337
0.030002
0.029929
0.030303
0.030166
0.030037
0.031453
0.030256
0.031026
0.031737
0.030734
0.030027
0.030705
0.030931
0.030023
0.029931
0.030474
0.030869
0.030103
0.030120
0.030949
0.030311
0.030180
0.030040
0.030000
0.030251
0.030039
0.030175
0.030359
0.030374
0.030860
0.030043
0.030372
0.030653
0.029999
0.030324
0.031213
0.030430
0.030081
0.029846
0.029827
0.029935
0.030096
0.030259
0.029741
0.030053
0.030515
0.029992
0.029778
0.031145
0.030696
0.029810
0.029855
0.032562
0.031379
0.030733
0.030551
0.030839
0.029902
0.032011
0.030318
0.030443
0.030720
0.030464
0.030710
0.029879
0.030590
0.029830
0.030529
0.030018
0.030210
0.031491
0.030012
0.030212
0.030949
0.030612
0.030689
0.030690
0.031227
0.030249
0.029860
0.030325
0.029866
0.029896
0.029966
0.030375
0.030781
0.029936
0.029849
0.030458
0.029876
0.029976
0.030556
0.030226
0.030165
0.030376
0.030085
0.029932
0.030089
0.030082
0.030778
0.030021
0.030702
0.030844
0.031295
0.031150
0.029835
0.029885
0.030580
0.031395
0.029937
0.029798
0.030708
0.031294
0.031514
0.030248
0.030623
0.030904
0.030740
0.030451
0.030627
0.030571
0.030508
0.031189
0.030182
0.030087
0.030329
0.029971
0.030229
0.031065
0.030910
0.030406
0.031101
0.031850
0.030144
0.031409
0.030945
0.030936
0.029915
0.030727
0.030656
0.030129
0.030124
0.031030
0.031408
0.029752
0.029818
0.030315
0.030078
0.029905
0.030356
0.030570
0.030426
0.030860
0.030566
0.030697
0.030902
0.029785
0.030854
0.029896
0.030629
0.029905
0.029758
0.030710
0.030692
0.030267
0.030590
0.030112
0.030799
0.029838
0.029803
0.030530
0.030450
0.030841
0.030427
0.031078
0.030158
0.029926
0.030787
0.030257
0.030068
0.030490
0.031192
0.031132
0.030120
0.031254
0.030442
0.030084
0.030175
0.030182
0.030104
0.029839
0.030769
0.030112
0.030512
0.031245
0.030675
0.029986
0.029875
0.029910
0.030213
0.029854
0.031084
0.030423
0.030315
0.030977
0.030266
0.031672
0.031191
0.031373
0.031466
0.030299
0.030237
0.030967
0.031558
0.030574
0.030933
0.031971
0.030120
0.029894
0.029900
0.030570
0.030527
0.030484
0.031013
0.030615
0.030834
0.030496
0.030272
0.029940
0.031696
0.030179
0.030067
0.029795
0.030503
0.029939
0.029876
0.029927
0.030552
0.030104
0.031062
0.030483
0.029950
0.030952
0.030060
0.030547
0.030618
0.030143
0.030930
0.030436
0.031383
0.030452
0.030997
0.030312
0.029813
0.031292
0.030173
0.031001
0.030138
0.030670
0.029969
0.030245
0.030762
0.030024
0.031351
0.030599
0.030022
0.030083
0.030004
0.030450
0.030083
0.030625
0.031150
0.029866
0.029958
0.029879
0.031248
0.030179
0.030147
0.030895
0.030086
0.030119
0.030256
0.030058
0.029693
0.029929
0.030482
0.030368
0.029890
0.030931
0.030258
0.030236
0.031032
0.030686
0.029961
0.030709
0.029857
0.031775
0.030373
0.030261
0.030884
0.030332
0.029959
0.030712
0.029971
0.030452
0.030003
0.031855
0.029882
0.031444
0.031076
0.030972
0.029884
0.031389
0.030647
0.030174
0.030531
0.031682
0.032003
0.030038
0.029889
0.030734
0.030059
0.029801
0.029770
0.029937
0.029874
0.029944
0.030615
0.029737
0.030591
0.031587
0.029898
0.029773
0.030546
0.030561
0.029770
0.029778
0.030934
0.030174
0.029962
0.029837
0.030415
0.030207
0.034418
0.030742
0.030101
0.030206
0.030719
0.031021
0.030541
0.030389
0.030342
0.030112
0.030766
0.029956
0.030686
0.030431
0.030219
0.030863
0.030077
0.030888
0.030170
0.030809
0.030448
0.030567
0.030807
0.030560
0.031183
0.030830
0.031835
0.030241
0.031135
0.030394
0.030408
0.030434
0.030696
0.030868
0.031535
0.030603
0.031597
0.031082
0.030686
0.030865
0.030372
0.030638
0.031368
0.030557
0.030312
0.030249
0.031234
0.030263
0.030261
0.030328
0.030663
0.030538
0.030002
0.030786
0.029898
0.030034
0.030456
0.030435
0.030246
0.030798
0.032272
0.030207
0.030005
0.029816
0.029877
0.031056
0.030592
0.030853
0.030923
0.029851
0.030721
0.029902
0.030695
0.029840
0.030194
0.030437
0.029886
0.030587
0.029837
0.030938
0.029674
0.030010
0.030833
0.029911
0.029888
0.029922
0.031019
0.029924
0.030499
0.029990
0.029963
0.030723
0.030144
0.030102
0.030465
0.030787
0.030131
0.031163
0.031384
0.030565
0.031655
0.030531
0.030546
0.030312
0.030430
0.030225
0.030440
0.031312
0.030146
0.030105
0.030012
0.030232
0.030842
0.029922
0.029993
0.030134
0.031008
0.030341
0.030113
0.030115
0.029944
0.029953
0.030842
0.030099
0.030001
0.029762
0.029952
0.030746
0.030454
0.029912
0.029912
0.030062
0.029782
0.030298
0.029851
0.030775
0.030576
0.029720
0.029831
0.029737
0.030492
0.030039
0.030530
0.031026
0.029975
0.030587
0.030160
0.031090
0.030246
0.030334
0.030702
0.030797
0.031145
0.030445
0.030632
0.030291
0.030449
0.031109
0.030348
0.029817
0.030352
0.030085
0.030500
0.030062
0.031232
0.031433
0.030147
0.031620
0.030035
0.031222
0.030432
0.030626
0.030811
0.029951
0.030863
0.030869
0.029919
0.030101
0.030247
0.030292
0.030421
0.029903
0.030465
0.029966
0.030724
0.030762
0.030316
0.030141
0.030643
0.030043
0.031000
0.031158
0.030060
0.029816
0.030172
0.031591
0.029957
0.030052
0.030585
0.029739
0.029838
0.029725
0.030876
0.030448
0.030007
0.030457
0.029887
0.030230
0.030044
0.029801
0.031453
0.030522
0.031421
0.029987
0.029803
0.030391
0.030522
0.030266
0.030846
0.030517
0.029842
0.029987
0.030062
0.031214
0.029895
0.029974
0.030598
0.030526
0.030209
0.030332
0.029848
0.030250
0.030628
0.030160
0.031439
0.030783
0.030157
0.031123
0.029833
0.029937
0.030471
0.030115
0.030158
0.030286
0.030700
0.030140
0.030662
0.030232
0.030979
0.029988
0.030996
0.030143
0.030557
0.029815
0.030273
0.030052
0.030042
0.030020
0.030736
0.030105
0.030205
0.030224
0.030734
0.030316
0.030556
0.031773
0.030029
0.030724
0.030989
0.030006
0.030030
0.030172
0.031594
0.030414
0.030423
0.030814
0.030213
0.029900
0.029919
0.030619
0.029697
0.030528
0.030329
0.029904
0.030057
0.030286
0.031396
0.030318
0.030657
0.031159
0.030646
0.029844
0.030323
0.030290
0.030671
0.029822
0.030529
0.030319
0.030164
0.030439
0.030128
0.030777
0.030107
0.030787
0.030102
0.030403
0.030028
0.030772
0.031134
0.030617
0.030174
0.031583
0.030865
0.030861
0.030639
0.030539
0.029888
0.030728
0.030217
0.030263
0.030114
0.030467
0.030699
0.030139
0.029912
0.030802
0.030016
0.030910
0.030076
0.030538
0.030630
0.030289
0.030349
0.030092
0.030761
0.030263
0.029976
0.030432
0.030833
0.030294
0.031246
0.030412
0.031374
0.031277
0.030770
0.030878
0.031604
0.030506
0.030344
0.031528
0.031087
0.030923
0.031043
0.032167
0.030497
0.030663
0.033162
0.032153
0.032015
0.030630
0.031322
0.030522
0.031087
0.032031
0.030353
0.030578
0.030690
0.031189
0.030776
0.030325
0.030999
0.031619
0.030083
0.030042
0.030077
0.029874
0.029897
0.030059
0.031186
0.030314
0.030960
0.030358
0.030326
0.030387
0.030374
0.030613
0.031892
0.031441
0.030425
0.030858
0.030561
0.030666
0.030961
0.030146
0.031420
0.031032
0.030385
0.030141
0.030690
0.030222
0.030990
0.031048
0.030640
0.030225
0.030445
0.030238
0.030184
0.030147
0.030687
0.030463
0.030486
0.030632
0.030222
0.030161
0.030602
0.030826
0.030361
0.031300
0.030506
0.031068
0.030395
0.030400
0.030249
0.030935
0.030359
0.030414
0.030639
0.030120
0.030359
0.030718
0.030452
0.030392
0.030346
0.030358
0.030508
0.030362
0.030288
0.030541
0.030585
0.030775
0.030602
0.030422
0.030436
0.030711
0.030401
0.030461
0.030507
0.030202
0.030621
0.030598
0.030388
0.030413
0.030228
0.030435
0.030351
0.030583
0.030399
0.030492
0.030489
0.030450
0.031087
0.030591
0.030684
0.031238
0.030901
0.030866
0.030777
0.030774
0.030824
0.030590
0.030865
0.030731
0.030667
0.030738
0.030599
0.030727
0.030783
0.031010
0.031171
0.030819
0.030672
0.030703
0.030904
0.030969
0.030887
0.030758
0.030592
0.030807
0.030731
0.030863
0.030977
0.030787
0.031530
0.031687
0.030639
0.031893
0.030949
0.030720
0.030870
0.030797
0.030709
0.030541
0.030432
0.030432
0.030809
0.030714
0.030682
0.030902
0.030900
0.030605
0.030945
0.030786
0.030905
0.030660
0.030814
0.030787
0.030546
0.031026
0.031154
0.030853
0.030711
0.030968
0.030826
0.030784
0.031128
0.030916
0.030942
0.031406
0.030885
0.030554
0.030735
0.031341
0.031076
0.030620
0.030671
0.030819
0.031156
0.030907
0.031487
0.030656
0.030907
0.030850
0.031059
0.031340
0.031191
0.030587
0.030912
0.031632
0.030730
0.030808
0.030726
0.030727
0.031801
0.031009
0.031038
0.031140
0.032144
0.031029
0.030856
0.031922
0.030964
0.031005
0.032375
0.030754
0.031208
0.031455
0.030760
0.030936
0.030907
0.031230
0.030886
0.030911
0.030987
0.031081
0.030945
0.031157
0.031040
0.030668
0.031326
0.030783
0.031012
0.031960
0.031100
0.030819
0.031563
0.031515
0.032494
0.031315
0.032142
0.031685
0.031548
0.030456
0.030931
0.031225
0.030513
0.030423
0.030521
0.030915
0.030720
0.030791
0.030644
0.030810
0.030755
0.031256
0.031476
0.030583
0.030690
0.030893
0.030943
0.030932
0.030772
0.030960
0.031284
0.032059
0.032288
0.031660
0.031890
0.030853
0.031306
0.030999
0.030911
0.031650
0.031271
0.031311
0.031007
0.031695
0.031316
0.031918
0.031207
0.031217
0.031061
0.031034
0.031078
0.031463
0.031308
0.031027
0.031379
0.032577
0.031266
0.030971
0.031259
0.032578
0.031182
0.031318
0.031310
0.031419
0.031321
0.031146
0.031116
0.031417
0.031206
0.031399
0.030876
0.031113
0.031706
0.031188
0.032274
0.031213
0.031983
0.031226
0.031111
0.031083
0.031425
0.031472
0.031639
0.031128
0.032704
0.031362
0.032254
0.030989
0.031171
0.032348
0.030997
0.031276
0.031172
0.031119
0.031127
0.031211
0.031084
0.032397
0.031341
0.032119
0.031440
0.031316
0.031432
0.031264
0.031679
0.031258
0.031129
0.032127
0.031703
0.031048
0.031162
0.031491
0.030989
0.031379
0.031562
0.031026
0.032290
0.032006
0.031900
0.031756
0.031333
0.031592
0.031113
0.031021
0.031552
0.031428
0.031449
0.031566
0.031341
0.031917
0.031638
0.031411
0.031328
0.032043
0.031534
0.031640
0.031363
0.031740
0.031381
0.031338
0.032467
0.031724
0.031605
0.031579
0.031207
0.031741
0.032732
0.031322
0.031476
0.031474
0.031514
0.032239
0.031473
0.031364
0.031371
0.031505
0.031354
0.031526
0.031791
0.031597
0.031898
0.031260
0.032897
0.031723
0.031864
0.031813
0.031402
0.031612
0.032146
0.031189
0.032591
0.031543
0.031602
0.031292
0.032354
0.031370
0.031174
0.031393
0.031515
0.031369
0.031495
0.031403
0.031521
0.031895
0.031467
0.031464
0.031211
0.031193
0.031467
0.031285
0.031137
0.031294
0.031519
0.031084
0.030955
0.031079
0.030974
0.031921
0.030951
0.031121
0.031228
0.031058
0.031253
0.031324
0.031275
0.030938
0.031048
0.031267
0.031788
0.031217
0.030995
0.031555
0.031392
0.031141
0.031303
0.030944
0.031116
0.032311
0.031361
0.031451
0.031290
0.031405
0.031345
0.032078
0.031338
0.031370
0.031306
0.032166
0.031709
0.031486
0.031611
0.031726
0.031226
0.031164
0.031323
0.031440
0.031552
0.031226
0.031302
0.032005
0.031412
0.031378
0.031722
0.031368
0.031364
0.031279
0.031546
0.031371
0.031695
0.031626
0.031456
0.031375
0.031496
0.031356
0.032611
0.031652
0.031522
0.031629
0.031579
0.031418
0.031438
0.031300
0.031456
0.031335
0.031601
0.031370
0.031041
0.030850
0.031885
0.031147
0.030971
0.031131
0.031004
0.031252
0.031043
0.030990
0.031386
0.031308
0.031682
0.031213
0.031142
0.031376
0.031220
0.031286
0.031214
0.032756
0.031097
0.031254
0.031465
0.032586
0.031137
0.031858
0.031159
0.031165
0.032347
0.031551
0.032507
0.031505
0.031713
0.031258
0.031075
0.031694
0.031174
0.031284
0.031783
0.031816
0.031660
0.031442
0.032230
0.032212
0.031919
0.031250
0.031593
0.032708
0.032126
0.033028
0.031247
0.031305
0.031898
0.031717
0.031590
0.032080
0.031695
0.031991
0.032157
0.032300
0.032846
0.031570
0.031676
0.032222
0.031547
0.031639
0.031550
0.031787
0.031964
0.032234
0.031516
0.032409
0.033130
0.032587
0.033326
0.032347
0.031483
0.031644
0.031878
0.031953
0.031735
0.031810
0.031681
0.032911
0.031655
0.031677
0.031556
0.032851
0.031659
0.031846
0.031982
0.031970
0.031854
0.031537
0.031585
0.032083
0.032038
0.032047
0.031657
0.031955
0.032100
0.031991
0.033351
0.032013
0.031889
0.031934
0.032087
0.032264
0.032348
0.032371
0.032016
0.032029
0.031934
0.032320
0.032201
0.032266
0.033041
0.031800
0.031917
0.032102
0.032121
0.032031
0.031808
0.033012
0.032221
0.032258
0.032326
0.032153
0.031827
0.033221
0.031916
0.032005
0.032021
0.032322
0.032122
0.031862
0.032092
0.033169
0.031857
0.032002
0.032013
0.031963
0.031888
0.032040
0.031866
0.032077
0.032277
0.032135
0.032573
0.032154
0.031818
0.032047
0.032285
0.032019
0.031892
0.032746
0.031986
0.032196
0.033137
0.032606
0.032603
0.032135
0.032028
0.032366
0.032684
0.032089
0.032177
0.032130
0.032475
0.032409
0.032022
0.032954
0.032127
0.032228
0.033437
0.032088
0.032226
0.032531
0.031991
0.032209
0.033748
0.031912
0.032895
0.033082
0.032770
0.033689
0.032220
0.032311
0.033257
0.032884
0.031785
0.031828
0.032318
0.032639
0.031947
0.031934
0.032090
0.031888
0.032644
0.032033
0.031972
0.032512
0.032065
0.032026
0.031839
0.032421
0.032730
0.032148
0.032935
0.033230
0.031731
0.031834
0.032409
0.032885
0.032036
0.032347
0.032028
0.032039
0.031759
0.031822
0.033220
0.033100
0.032390
0.031773
0.031779
0.031876
0.031916
0.032503
0.031713
0.032109
0.031738
0.032458
0.031664
0.032159
0.032546
0.032327
0.031742
0.032240
0.031599
0.031719
0.031974
0.031775
0.032036
0.031951
0.032016
0.031882
0.032140
0.031850
0.032594
0.032981
0.031610
0.032133
0.031670
0.031579
0.031969
0.031848
0.032679
0.031518
0.031700
0.032558
0.031624
0.031461
0.031752
0.031482
0.031996
0.031463
0.031356
0.032355
0.031636
0.031544
0.032695
0.031088
0.031237
0.031990
0.031214
0.032193
0.031295
0.031120
0.031000
0.031321
0.031559
0.031291
0.031230
0.033284
0.033036
0.031911
0.033992
0.033801
0.031517
0.031552
0.031149
0.031286
0.031506
0.031514
0.031400
0.031534
0.032227
0.031557
0.031516
0.031312
0.031944
0.033010
0.031502
0.032187
0.031907
0.031153
0.031084
0.032112
0.032568
0.031716
0.031792
0.031308
0.031077
0.032667
0.031815
0.031278
0.031949
0.032911
0.035040
0.031321
0.031633
0.031499
0.031349
0.030925
0.032619
0.031164
0.031481
0.031997
0.031090
0.031312
0.031934
0.031762
0.031225
0.031930
0.032046
0.031789
0.031240
0.031793
0.031294
0.031873
0.031582
0.032337
0.031695
0.032229
0.031451
0.031898
0.032292
0.032293
0.032512
0.031705
0.031695
0.031958
0.032449
0.031669
0.032377
0.031884
0.031918
0.032127
0.031810
0.032187
0.032708
0.031622
0.031282
0.031277
0.031877
0.031530
0.031302
0.031702
0.031495
0.031337
0.031756
0.032096
0.031280
0.031639
0.031546
0.031458
0.031663
0.031313
0.032155
0.031379
0.032475
0.031496
0.031533
0.031826
0.031419
0.031406
0.031192
0.031978
0.031191
0.031065
0.031960
0.032029
0.031495
0.031101
0.031711
0.031205
0.031507
0.031493
0.030944
0.031668
0.030721
0.031519
0.030878
0.030762
0.031567
0.031535
0.031253
0.030863
0.031064
0.030636
0.031335
0.031420
0.030932
0.030901
0.030649
0.032493
0.030732
0.030679
0.030878
0.030887
0.030410
0.031199
0.031231
0.030631
0.030761
0.031547
0.030427
0.030951
0.031350
0.031210
0.030808
0.030663
0.031283
0.030537
0.031113
0.030707
0.031179
0.031037
0.031109
0.030828
0.030911
0.030973
0.030601
0.030884
0.030565
0.031350
0.030515
0.031150
0.030574
0.031150
0.030993
0.030871
0.031957
0.032003
0.032207
0.031001
0.030775
0.030690
0.030564
0.031372
0.030531
0.031005
0.031176
0.031939
0.031003
0.030436
0.030925
0.031187
0.030817
0.030702
0.032432
0.031009
0.030445
0.031081
0.030472
0.030510
0.030544
0.031543
0.030977
0.030589
0.030625
0.030930
0.030610
0.030696
0.030993
0.030418
0.030660
0.030641
0.030750
0.030395
0.030737
0.030541
0.030344
0.030414
0.031206
0.030528
0.030455
0.031030
0.030729
0.030324
0.030851
0.031279
0.030433
0.030222
0.031098
0.030272
0.030255
0.030919
0.030157
0.030874
0.030295
0.030952
0.030970
0.030258
0.030235
0.030667
0.030128
0.030081
0.030758
0.030697
0.030474
0.030372
0.031072
0.030331
0.030471
0.030710
0.030649
0.030805
0.030801
0.030431
0.030247
0.030188
0.030955
0.030667
0.030697
0.030452
0.030977
0.030142
0.030556
0.031993
0.030418
0.030498
0.030387
0.031081
0.030395
0.030264
0.031326
0.030227
0.030039
0.030331
0.030530
0.030141
0.030109
0.031145
0.030308
0.031024
0.030479
0.030726
0.030204
0.030524
0.030818
0.030282
0.030247
0.030209
0.030660
0.030080
0.029979
0.030518
0.030307
0.030532
0.030548
0.030238
0.030643
0.030311
0.031094
0.030294
0.030430
0.030823
0.030649
0.030662
0.031213
0.030974
0.030671
0.030642
0.030163
0.030422
0.030704
0.030861
0.030512
0.030631
0.030489
0.030232
0.031755
0.029970
0.030716
0.030041
0.030316
0.029996
0.030192
0.030615
0.031064
0.030831
0.030474
0.030903
0.030156
0.030888
0.031746
0.030028
0.030402
0.031352
0.030512
0.030238
0.032174
0.030205
0.029932
0.030098
0.031479
0.029881
0.030001
0.031862
0.031011
0.029956
0.029952
0.030676
0.029783
0.031004
0.032022
0.030718
0.030213
0.030448
0.030876
0.029799
0.031863
0.029871
0.031370
0.030644
0.030685
0.031373
0.030725
0.029834
0.030403
0.030715
0.030034
0.030739
0.030422
0.029875
0.030162
0.030496
0.029846
0.031100
0.029625
0.030758
0.030050
0.030220
0.029957
0.030310
0.029965
0.029974
0.029929
0.029869
0.030429
0.030521
0.030084
0.029795
0.030032
0.030938
0.029849
0.030605
0.030527
0.030424
0.029998
0.029790
0.031237
0.029927
0.030140
0.030265
0.030512
0.029835
0.030032
0.030301
0.029806
0.030243
0.031263
0.029859
0.029853
0.030099
0.031101
0.030016
0.029802
0.030805
0.030242
0.030189
0.029819
0.030721
0.030089
0.030039
0.029833
0.030637
0.030441
0.030215
0.031655
0.030089
0.031003
0.030867
0.030059
0.030262
0.031360
0.030579
0.029955
0.030198
0.030195
0.029998
0.030928
0.030586
0.030772
0.030567
0.030204
0.030884
0.030027
0.030505
0.030463
0.031726
0.031013
0.030442
0.030999
0.030411
0.030399
0.030190
0.030886
0.031490
0.030459
0.031406
0.030607
0.031781
0.030116
0.030657
0.030356
0.031406
0.030200
0.031534
0.030446
0.030475
0.030561
0.030369
0.030167
0.031409
0.030291
0.030568
0.030244
0.031046
0.030315
0.030632
0.030613
0.030039
0.029992
0.030063
0.031513
0.030376
0.031974
0.030359
0.030373
0.030420
0.030460
0.030781
0.030562
0.030109
0.030694
0.031532
0.030110
0.029971
0.030778
0.030748
0.030308
0.030491
0.030555
0.031034
0.030917
0.030827
0.030423
0.031038
0.030615
0.031156
0.030367
0.030507
0.031611
0.030777
0.030956
0.031675
0.030911
0.032353
0.031694
0.030814
0.030751
0.030441
0.032113
0.030396
0.030425
0.031417
0.030540
0.030415
0.030896
0.031265
0.030411
0.030303
0.031368
0.030718
0.030516
0.031095
0.031246
0.030483
0.030985
0.031659
0.030306
0.030278
0.031114
0.030930
0.030848
0.030636
0.030980
0.030575
0.031198
0.031574
0.030444
0.030921
0.030921
0.031255
0.031026
0.031171
0.030613
0.030661
0.030775
0.031412
0.030664
0.030453
0.032067
0.030629
0.030452
0.030481
0.030378
0.030601
0.030622
0.030470
0.031539
0.030607
0.030288
0.031587
0.031482
0.031425
0.031137
0.030532
0.030190
0.030930
0.029895
0.030009
0.029937
0.030148
0.029833
0.030212
0.030866
0.030710
0.030279
0.030694
0.031183
0.030525
0.031608
0.031141
0.030521
0.032019
0.030536
0.030841
0.030988
0.031100
0.031166
0.031661
0.031644
0.030673
0.031176
0.030789
0.031423
0.031664
0.031626
0.031328
0.030965
0.030743
0.030851
0.031086
0.031638
0.031188
0.031011
0.032036
0.031513
0.031044
0.031027
0.031528
0.032100
0.030860
0.031794
0.030804
0.031077
0.031344
0.031149
0.030655
0.030791
0.031000
0.031122
0.032435
0.031292
0.030676
0.030614
0.031595
0.030725
0.030816
0.031449
0.031408
0.031756
0.030514
0.032608
0.030668
0.031443
0.031077
0.031095
0.031079
0.030735
0.030575
0.031464
0.030476
0.031083
0.030517
0.030757
0.030855
0.030420
0.030761
0.030991
0.030529
0.030575
0.030295
0.031868
0.030403
0.030897
0.031706
0.031686
0.031820
0.030841
0.030454
0.031266
0.030543
0.030974
0.031061
0.031423
0.030805
0.031771
0.031848
0.030666
0.031643
0.031761
0.030625
0.031115
0.032218
0.031662
0.031858
0.030405
0.031604
0.031582
0.030683
0.030306
0.030584
0.032540
0.031519
0.030346
0.032027
0.031439
0.030506
0.030647
0.031381
0.031301
0.030763
0.030633
0.031673
0.030591
0.030312
0.030915
0.031617
0.032048
0.030535
0.031454
0.031066
0.032299
0.032442
0.030476
0.030800
0.031027
0.030629
0.030659
0.030613
0.031401
0.030547
0.030402
0.032024
0.030699
0.030595
0.031338
0.030648
0.031719
0.030514
0.031905
0.030485
0.031518
0.030717
0.031720
0.031978
0.031298
0.031681
0.030603
0.030921
0.030864
0.030625
0.030787
0.031161
0.032044
0.031245
0.031139
0.030525
0.031110
0.031457
0.030457
0.030574
0.030594
0.030917
0.031346
0.030757
0.031425
0.030393
0.030922
0.031008
0.030565
0.031014
0.031401
0.030976
0.030548
0.030464
0.031120
0.030764
0.030521
0.029917
0.030257
0.030974
0.030485
0.030596
0.031924
0.030870
0.030305
0.030545
0.031977
0.030449
0.030997
0.030311
0.031361
0.030464
0.031447
0.030711
0.031427
0.030566
0.031073
0.030380
0.031230
0.030734
0.030410
0.030445
0.035020
0.031812
0.031324
0.030254
0.030475
0.030768
0.031285
0.031120
0.032327
0.031745
0.031056
0.030213
0.030294
0.031570
0.030254
0.031069
0.030112
0.030906
0.030322
0.030549
0.030187
0.029845
0.031113
0.031120
0.030007
0.030911
0.030123
0.030406
0.030973
0.031720
0.031126
0.030494
0.031022
0.030739
0.030605
0.032013
0.030483
0.031275
0.032146
0.030698
0.030495
0.031923
0.032380
0.031390
0.030916
0.031696
0.031598
0.032026
0.030982
0.031179
0.031867
0.031758
0.031285
0.031122
0.031068
0.030701
0.031639
0.031913
0.032029
0.030951
0.030588
0.030865
0.031381
0.032050
0.030618
0.030699
0.032708
0.031719
0.031989
0.032269
0.030796
0.030632
0.032396
0.030749
0.031299
0.031060
0.031485
0.031363
0.031051
0.031932
0.031426
0.031464
0.032701
0.030572
0.031584
0.030431
0.031380
0.031116
0.032150
0.031959
0.032041
0.030729
0.030924
0.031267
0.030904
0.030753
0.031241
0.030605
0.031793
0.030458
0.031627
0.030505
0.030522
0.030738
0.030583
0.030640
0.030919
0.031364
0.031232
0.030536
0.032009
0.032156
0.030540
0.031205
0.030696
0.030607
0.030284
0.031007
0.030640
0.031491
0.030379
0.030262
0.030470
0.031560
0.031759
0.030288
0.031238
0.031604
0.030475
0.030676
0.030916
0.031637
0.031871
0.031555
0.031222
0.030587
0.031743
0.030576
0.031680
0.031471
0.031295
0.030970
0.030578
0.031083
0.030700
0.030992
0.031501
0.030636
0.030312
0.031777
0.030430
0.031824
0.030438
0.030675
0.031870
0.030473
0.032387
0.030769
0.031905
0.030865
0.030338
0.030893
0.030604
0.030156
0.030756
0.030742
0.030169
0.031361
0.030312
0.030991
0.030510
0.031857
0.031037
0.030953
0.031849
0.030919
0.030850
0.030595
0.031064
0.030672
0.030550
0.029901
0.030220
0.030412
0.030770
0.030763
0.031455
0.030277
0.029974
0.030871
0.030982
0.031001
0.030106
0.030082
0.031083
0.030827
0.030147
0.031073
0.030700
0.030061
0.030270
0.031162
0.030111
0.030088
0.030193
0.030460
0.030262
0.033105
0.030180
0.030032
0.029840
0.030296
0.030073
0.030115
0.030190
0.030475
0.030257
0.030770
0.030311
0.031390
0.030675
0.031562
0.030828
0.031244
0.029956
0.030776
0.031078
0.030712
0.030288
0.031220
0.031328
0.031017
0.031164
0.030518
0.031195
0.030397
0.031121
0.030527
0.030538
0.030746
0.030071
0.030752
0.031551
0.030071
0.030748
0.030037
0.030850
0.030368
0.030058
0.029943
0.031502
0.029961
0.030047
0.030432
0.030263
0.029782
0.030080
0.030523
0.031639
0.030441
0.030207
0.030337
0.030674
0.030646
0.030723
0.030145
0.030568
0.030002
0.029880
0.029933
0.030142
0.029936
0.030243
0.030534
0.030345
0.031146
0.030671
0.030947
0.030059
0.029907
0.030722
0.030512
0.030561
0.030075
0.029820
0.029894
0.031461
0.030042
0.030685
0.029727
0.030099
0.031469
0.030450
0.030077
0.030620
0.029878
0.029816
0.031478
0.030130
0.030049
0.030550
0.030965
0.029788
0.030176
0.030121
0.030521
0.030040
0.029788
0.030869
0.029900
0.029874
0.030478
0.030925
0.030314
0.030073
0.030198
0.029882
0.030685
0.030406
0.030562
0.030923
0.029786
0.031649
0.031011
0.030385
0.030635
0.030010
0.030118
0.029827
0.029940
0.031197
0.029902
0.029843
0.030915
0.030327
0.031357
0.030725
0.031978
0.030394
0.031276
0.031526
0.030070
0.030457
0.031135
0.031534
0.031171
0.030656
0.030617
0.030939
0.031354
0.030246
0.030479
0.030148
0.030669
0.030673
0.030653
0.030535
0.029936
0.030312
0.030362
0.036177
0.030078
0.030113
0.031064
0.030946
0.031076
0.030406
0.030273
0.029863
0.030204
0.031741
0.030549
0.030807
0.030078
0.031296
0.030765
0.030792
0.031336
0.030527
0.030278
0.030812
0.030362
0.030547
0.029995
0.030804
0.031160
0.030744
0.030227
0.030287
0.031480
0.030833
0.030962
0.030147
0.030151
0.031047
0.029836
0.030183
0.030274
0.031256
0.030432
0.029781
0.031061
0.030089
0.029885
0.031068
0.029841
0.030048
0.029907
0.029889
0.029928
0.030585
0.031395
0.029844
0.029749
0.029653
0.030553
0.030632
0.029829
0.030680
0.030043
0.030897
0.031076
0.030875
0.030264
0.029819
0.031400
0.030403
0.030347
0.030539
0.030142
0.030497
0.031142
0.029899
0.031175
0.029856
0.030572
0.031696
0.030068
0.030828
0.030015
0.031202
0.031043
0.029837
0.031574
0.031225
0.031677
0.031314
0.030927
0.031250
0.030694
0.030104
0.029800
0.029892
0.030408
0.030941
0.029652
0.030741
0.031298
0.029944
0.030664
0.030125
0.029847
0.031096
0.031428
0.031273
0.029893
0.029885
0.029871
0.030878
0.030089
0.030796
0.029945
0.030091
0.029876
0.030136
0.030536
0.030434
0.030109
0.030970
0.030235
0.030013
0.031086
0.030861
0.030855
0.030723
0.031325
0.029890
0.030594
0.032051
0.030125
0.030909
0.030556
0.029803
0.029784
0.030149
0.029882
0.030493
0.030691
0.031678
0.030191
0.031404
0.030209
0.034433
0.030899
0.030446
0.032830
0.031632
0.031698
0.030389
0.029891
0.031291
0.029874
0.031010
0.030866
0.030745
0.030038
0.030983
0.030358
0.030406
0.030647
0.031032
0.031600
0.030669
0.030469
0.030828
0.030104
0.030022
0.030752
0.030430
0.030191
0.030745
0.031640
0.030279
0.031875
0.030573
0.029719
0.031331
0.029975
0.029923
0.030056
0.030458
0.029863
0.029737
0.030110
0.030504
0.030593
0.029994
0.030802
0.029761
0.030714
0.030520
0.030366
0.031160
0.031760
0.030767
0.030410
0.029935
0.030647
0.029961
0.029937
0.030339
0.030293
0.029836
0.030029
0.030648
0.030261
0.030332
0.031079
0.030946
0.030044
0.029985
0.030186
0.030059
0.030248
0.030816
0.030388
0.030995
0.031530
0.030561
0.030424
0.031094
0.031543
0.031003
0.029988
0.029921
0.030503
0.029981
0.031833
0.032411
0.030869
0.030078
0.029870
0.031858
0.030342
0.029835
0.030389
0.030223
0.030018
0.031363
0.030294
0.031316
0.030388
0.030451
0.029981
0.030157
0.030521
0.030368
0.030541
0.031601
0.030910
0.030697
0.030309
0.031956
0.030096
0.030296
0.029933
0.031437
0.030163
0.030748
0.031386
0.030673
0.030302
0.031202
0.030948
0.030692
0.030157
0.031312
0.030683
0.030805
0.031104
0.030501
0.030736
0.030995
0.030698
0.030620
0.031122
0.030407
0.030496
0.030506
0.031862
0.030455
0.030426
0.030846
0.031254
0.030209
0.030363
0.030986
0.031237
0.031124
0.031058
0.031345
0.031424
0.031343
0.031407
0.031143
0.031095
0.031355
0.031060
0.030986
0.031715
0.031439
0.031192
0.032159
0.030615
0.030746
0.030823
0.030928
0.030625
0.030987
0.030502
0.031126
0.031137
0.031721
0.032906
0.032144
0.032057
0.032974
0.031164
0.032439
0.031599
0.033573
0.032491
0.031639
0.030841
0.031420
0.030814
0.031190
0.031595
0.031570
0.030608
0.031336
0.032046
0.030972
0.031765
0.031178
0.031544
0.031964
0.032175
0.031992
0.033630
0.032298
0.032211
0.032031
0.032809
0.031768
0.031165
0.031790
0.031385
0.030678
0.032055
0.031372
0.032421
0.031519
0.032541
0.032824
0.034132
0.032321
0.033603
0.033406
0.032430
0.032721
0.032027
0.032904
0.032639
0.031895
0.031911
0.032827
0.030819
0.031216
0.031538
0.030450
0.031328
0.030724
0.031338
0.031157
0.031218
0.031801
0.031935
0.032771
0.032584
0.032961
0.032416
0.032306
0.032805
0.031547
0.032221
0.032860
0.032039
0.030564
0.030665
0.032013
0.030802
0.030535
0.031866
0.030751
0.031243
0.031698
0.031422
0.031712
0.031585
0.032665
0.032874
0.032442
0.031784
0.032284
0.031128
0.031355
0.030699
0.030867
0.031186
0.030941
0.030755
0.030360
0.032106
0.030398
0.031106
0.030298
0.030764
0.030944
0.031033
0.030712
0.030597
0.030839
0.032276
0.030625
0.030894
0.031228
0.031089
0.031332
0.032109
0.031682
0.030864
0.030877
0.031436
0.030394
0.030821
0.030255
0.031220
0.031061
0.030528
0.031119
0.030996
0.030646
0.030373
0.031768
0.032136
0.031080
0.030936
0.030565
0.031226
0.031095
0.030193
0.030256
0.031474
0.030537
0.030818
0.031031
0.030198
0.030131
0.030931
0.030469
0.030999
0.030976
0.031402
0.030802
0.030753
0.030099
0.031444
0.031710
0.029897
0.031351
0.029941
0.029906
0.030078
0.031114
0.030710
0.030069
0.031083
0.031570
0.031201
0.030737
0.031436
