0.034874
0.245262
0.030112
0.029995
0.029925
0.030044
0.030549
0.030502
0.030083
0.030399
0.030028
0.030351
0.030027
0.030208
0.030205
0.029675
0.030488
0.030236
0.029995
0.030752
0.030246
0.030934
0.030038
0.029791
0.030896
0.030430
0.031100
0.031302
0.031650
0.029636
0.029526
0.030136
0.030477
0.029802
0.029563
0.030835
0.029828
0.029633
0.030569
0.030860
0.029676
0.029576
0.029575
0.029713
0.030297
0.029662
0.030103
0.030575
0.029548
0.029674
0.030505
0.030089
0.030128
0.029643
0.031102
0.029695
0.029846
0.030568
0.030373
0.030468
0.029521
0.030492
0.030628
0.030243
0.030770
0.029882
0.031247
0.030083
0.029678
0.030291
0.029728
0.029838
0.029818
0.029599
0.030553
0.030356
0.030799
0.030517
0.029818
0.029740
0.029673
0.030335
0.030299
0.030880
0.030642
0.030993
0.029596
0.029577
0.029890
0.030084
0.029636
0.029683
0.030121
0.029594
0.029944
0.030417
0.029717
0.030047
0.030308
0.030577
0.030603
0.031463
0.029804
0.029601
0.030917
0.029702
0.029444
0.030571
0.030748
0.029704
0.029710
0.030312
0.030170
0.029708
0.029623
0.030304
0.029736
0.030617
0.029603
0.030195
0.029945
0.030869
0.029478
0.031151
0.030623
0.029576
0.029652
0.030430
0.029690
0.030102
0.029394
0.030941
0.030671
0.030605
0.030382
0.031670
0.030162
0.030018
0.029642
0.029486
0.029533
0.029762
0.030062
0.029494
0.030275
0.029759
0.030220
0.030419
0.029646
0.030076
0.031544
0.029690
0.029493
0.029512
0.030537
0.030394
0.029871
0.029602
0.030496
0.030345
0.029815
0.030922
0.030596
0.030036
0.030233
0.030379
0.030116
0.030621
0.030523
0.030087
0.030417
0.030314
0.030287
0.030491
0.029895
0.030318
0.029667
0.029871
0.029571
0.030301
0.029952
0.030307
0.029991
0.030205
0.029677
0.031156
0.030656
0.029609
0.030515
0.030222
0.030043
0.029687
0.030002
0.030646
0.029655
0.029540
0.030843
0.029721
0.029576
0.030159
0.030060
0.029775
0.029585
0.030186
0.029902
0.031222
0.029916
0.029614
0.029611
0.030198
0.029590
0.029645
0.030325
0.029690
0.029700
0.030170
0.029528
0.030442
0.030491
0.030636
0.029792
0.029779
0.029863
0.030179
0.030279
0.031093
0.029555
0.029951
0.030957
0.030720
0.030441
0.029683
0.029627
0.030026
0.033062
0.030922
0.030646
0.029730
0.029604
0.029736
0.029883
0.029603
0.029901
0.030357
0.029596
0.030561
0.030256
0.030126
0.029493
0.029532
0.031278
0.029642
0.030425
0.030422
0.029471
0.029581
0.029798
0.030921
0.029675
0.030544
0.030318
0.030694
0.029731
0.029586
0.029583
0.031046
0.029753
0.030715
0.029995
0.029614
0.029577
0.029700
0.030749
0.029536
0.030539
0.029919
0.030038
0.029483
0.029573
0.031078
0.029575
0.030601
0.029603
0.029707
0.029864
0.029598
0.030882
0.030681
0.030737
0.030352
0.029968
0.029553
0.030566
0.029457
0.029532
0.029685
0.030910
0.029807
0.029754
0.029897
0.029700
0.029400
0.029403
0.031233
0.029538
0.029471
0.029492
0.029393
0.029532
0.029482
0.029925
0.030115
0.029568
0.030461
0.029982
0.029835
0.030054
0.030552
0.029517
0.029749
0.029885
0.029724
0.030233
0.029624
0.029541
0.030923
0.029645
0.030594
0.029943
0.030560
0.031129
0.029886
0.029715
0.029701
0.029581
0.030851
0.029897
0.029628
0.030591
0.030091
0.030663
0.030046
0.030527
0.030639
0.030525
0.029919
0.030842
0.030886
0.030706
0.029583
0.029473
0.030449
0.029856
0.030053
0.030926
0.029749
0.029588
0.030076
0.029876
0.031050
0.029450
0.030841
0.030001
0.030840
0.029549
0.030756
0.030429
0.029715
0.029672
0.030338
0.029640
0.029564
0.030679
0.030290
0.029471
0.030796
0.030563
0.029945
0.030274
0.030862
0.029643
0.030744
0.030682
0.029675
0.030547
0.029758
0.031219
0.030652
0.030009
0.029508
0.030730
0.029441
0.029690
0.031032
0.030400
0.029600
0.029663
0.029848
0.029710
0.029552
0.031083
0.029671
0.030784
0.029629
0.029663
0.030707
0.029475
0.029693
0.029940
0.029895
0.030425
0.029866
0.029497
0.029681
0.029977
0.030998
0.029795
0.030028
0.030485
0.029690
0.029470
0.029983
0.030718
0.029708
0.030480
0.029721
0.030105
0.029600
0.030822
0.031241
0.029613
0.030333
0.030246
0.030350
0.030429
0.029450
0.030433
0.030200
0.030776
0.030971
0.029578
0.030922
0.029983
0.031160
0.029563
0.030322
0.029500
0.029730
0.029688
0.030747
0.029752
0.029565
0.029671
0.029962
0.030396
0.030019
0.029644
0.029805
0.030000
0.030927
0.030256
0.030729
0.029672
0.029504
0.029719
0.030153
0.029538
0.030772
0.029702
0.029836
0.029507
0.029592
0.030857
0.030407
0.030532
0.029911
0.029541
0.030679
0.031023
0.030946
0.029987
0.031012
0.030159
0.029710
0.030949
0.030154
0.030099
0.030008
0.029787
0.030983
0.030966
0.029613
0.030105
0.029924
0.030404
0.029920
0.031005
0.029827
0.030757
0.030938
0.029599
0.030521
0.030183
0.029568
0.030421
0.030335
0.030574
0.029645
0.030167
0.030382
0.030867
0.029813
0.029615
0.029966
0.030898
0.029643
0.030584
0.029602
0.029491
0.029696
0.030417
0.029697
0.029918
0.029768
0.029517
0.029741
0.029598
0.030218
0.029937
0.029978
0.029625
0.029597
0.030059
0.029661
0.029560
0.029650
0.029636
0.029679
0.029866
0.031069
0.029502
0.030021
0.029651
0.029659
0.029504
0.030592
0.029643
0.029850
0.029912
0.030385
0.029643
0.030291
0.030113
0.029717
0.030219
0.030188
0.029826
0.029789
0.029776
0.029677
0.029706
0.030989
0.029656
0.030091
0.030502
0.030551
0.029847
0.029847
0.029621
0.030389
0.029690
0.030777
0.029804
0.030830
0.029584
0.029525
0.029931
0.031123
0.030623
0.030984
0.030679
0.030277
0.029579
0.029720
0.030466
0.029764
0.030692
0.029790
0.030473
0.031284
0.029771
0.029527
0.030858
0.031105
0.029582
0.029652
0.029663
0.030587
0.029754
0.030442
0.029589
0.029716
0.029966
0.029972
0.029970
0.029715
0.029627
0.030312
0.029885
0.030392
0.029656
0.030127
0.030693
0.029705
0.029757
0.030416
0.031022
0.029735
0.030537
0.030275
0.029843
0.030728
0.030068
0.030487
0.029648
0.030596
0.031378
0.030425
0.029696
0.030110
0.029681
0.029842
0.030458
0.030043
0.029860
0.030381
0.030023
0.030465
0.029684
0.030438
0.029690
0.030192
0.029682
0.029947
0.030272
0.031150
0.030312
0.029824
0.030833
0.030490
0.029677
0.030189
0.029986
0.030899
0.029905
0.030932
0.030891
0.030197
0.029998
0.029960
0.030815
0.029760
0.030278
0.030047
0.029954
0.030748
0.030001
0.030475
0.030013
0.031174
0.030744
0.029974
0.029949
0.031200
0.030281
0.031128
0.030016
0.030308
0.030268
0.031249
0.030815
0.030797
0.031290
0.031487
0.030717
0.031131
0.030453
0.030820
0.030018
0.031180
0.030450
0.030302
0.031057
0.031162
0.030479
0.031279
0.030123
0.031074
0.030783
0.030567
0.029999
0.030533
0.030682
0.029948
0.030556
0.030105
0.030228
0.031564
0.030192
0.029937
0.029955
0.030094
0.030297
0.030125
0.029980
0.030480
0.029917
0.030943
0.029935
0.031356
0.030123
0.030286
0.030865
0.031303
0.029867
0.030060
0.030256
0.029851
0.029830
0.030791
0.029888
0.031135
0.029966
0.031158
0.030524
0.030124
0.031224
0.030090
0.030424
0.031283
0.031344
0.030807
0.030526
0.030480
0.029930
0.031023
0.030188
0.030193
0.029978
0.029931
0.030495
0.031445
0.030487
0.030582
0.030071
0.030749
0.029907
0.030102
0.030569
0.030255
0.030550
0.029994
0.031228
0.030286
0.030097
0.030802
0.031310
0.030935
0.030398
0.030268
0.030232
0.030929
0.030023
0.030669
0.030122
0.030166
0.030191
0.030548
0.030395
0.030358
0.030012
0.030600
0.031423
0.029873
0.031173
0.030404
0.030257
0.030312
0.030319
0.029899
0.031325
0.029928
0.031280
0.030104
0.031054
0.030873
0.031228
0.030885
0.031692
0.030718
0.030096
0.030489
0.030304
0.031394
0.030132
0.030628
0.031134
0.030245
0.030380
0.030331
0.031119
0.030336
0.031205
0.030470
0.031089
0.030179
0.030580
0.030369
0.031076
0.031164
0.030531
0.030324
0.030088
0.030136
0.030234
0.030392
0.030502
0.031612
0.030291
0.030788
0.030267
0.030827
0.030312
0.030558
0.030295
0.031341
0.030544
0.031105
0.030472
0.030156
0.030166
0.031239
0.030132
0.030731
0.030871
0.030168
0.030114
0.030479
0.030489
0.031312
0.030460
0.030330
0.030481
0.031781
0.031972
0.030217
0.031196
0.030384
0.030423
0.031492
0.030961
0.030305
0.030981
0.030284
0.031429
0.030516
0.031191
0.030885
0.030195
0.031431
0.030463
0.030303
0.030250
0.030478
0.030524
0.030374
0.030266
0.030541
0.030367
0.030121
0.030466
0.030776
0.031413
0.031302
0.030974
0.030398
0.031138
0.030512
0.031491
0.031461
0.031508
0.031308
0.031647
0.031352
0.030851
0.031865
0.031857
0.030109
0.030362
0.031533
0.030477
0.031543
0.031558
0.030665
0.030585
0.030667
0.030648
0.030784
0.031203
0.030729
0.030545
0.030531
0.030862
0.030522
0.030404
0.030824
0.030685
0.030346
0.030249
0.030300
0.030615
0.030580
0.030409
0.030327
0.031655
0.030713
0.030787
0.031538
0.030523
0.030332
0.030337
0.031186
0.030865
0.030772
0.030264
0.030655
0.030613
0.031099
0.032003
0.031000
0.031962
0.030128
0.031811
0.030780
0.032055
0.030613
0.031558
0.030949
0.031413
0.031205
0.030524
0.031130
0.031871
0.031886
0.031191
0.030491
0.031855
0.031859
0.030786
0.030719
0.030985
0.032142
0.032010
0.031675
0.031735
0.030620
0.031084
0.031156
0.031019
0.030780
0.031305
0.030662
0.031787
0.031228
0.031664
0.030886
0.031550
0.031517
0.031357
0.031927
0.030973
0.030971
0.030623
0.030867
0.030927
0.030724
0.031161
0.032479
0.031446
0.031503
0.031061
0.030754
0.031957
0.031197
0.030682
0.031933
0.031584
0.031696
0.030955
0.030724
0.031942
0.030779
0.030529
0.030828
0.032028
0.031663
0.032178
0.030692
0.030738
0.031747
0.030964
0.032252
0.031965
0.030827
0.032144
0.031987
0.031205
0.030611
0.031123
0.031025
0.031001
0.031187
0.031308
0.031881
0.031715
0.030687
0.032171
0.032020
0.031054
0.030767
0.031171
0.031567
0.030930
0.031944
0.032176
0.031827
0.031311
0.031061
0.031946
0.030941
0.031250
0.031689
0.031132
0.031558
0.031352
0.030801
0.030988
0.031262
0.031079
0.032504
0.031247
0.031877
0.030969
0.031057
0.031142
0.031615
0.031479
0.031299
0.032233
0.032408
0.031199
0.030946
0.030865
0.030958
0.031006
0.030787
0.031286
0.031438
0.030781
0.031652
0.030931
0.031252
0.031822
0.031498
0.031613
0.032069
0.031172
0.031296
0.032478
0.032210
0.030914
0.031669
0.031076
0.031756
0.031866
0.031431
0.030751
0.031255
0.032447
0.031204
0.031130
0.031011
0.030923
0.030909
0.031107
0.031761
0.031019
0.031227
0.031341
0.032018
0.032290
0.031514
0.031110
0.031633
0.031398
0.031197
0.031017
0.031310
0.032350
0.031018
0.032283
0.031254
0.032107
0.031214
0.031722
0.031281
0.030830
0.031411
0.032526
0.030933
0.031225
0.030789
0.032275
0.031293
0.032099
0.030967
0.034507
0.032637
0.032419
0.031966
0.032237
0.031511
0.032361
0.031875
0.033213
0.031369
0.031974
0.031498
0.032692
0.032860
0.031309
0.031922
0.031788
0.032216
0.031913
0.031810
0.031883
0.031837
0.032561
0.031634
0.032009
0.033144
0.031590
0.031624
0.031594
0.032913
0.031386
0.031408
0.031513
0.032734
0.032335
0.031817
0.031923
0.032772
0.031782
0.031652
0.031647
0.032749
0.032351
0.032319
0.031856
0.032706
0.031646
0.031781
0.031790
0.031376
0.031755
0.033071
0.032013
0.032587
0.031649
0.032276
0.031405
0.031495
0.032197
0.031438
0.031567
0.031712
0.032604
0.033851
0.033575
0.032005
0.031569
0.032700
0.032378
0.032126
0.032408
0.032413
0.032268
0.032614
0.031867
0.031528
0.032299
0.033204
0.034873
0.032069
0.033021
0.032175
0.032901
0.033690
0.032764
0.032831
0.033387
0.032759
0.033297
0.033008
0.032642
0.032886
0.032735
0.032961
0.033054
0.034019
0.033243
0.032340
0.032707
0.032790
0.032537
0.032528
0.032471
0.032686
0.031926
0.032575
0.032485
0.032715
0.032334
0.032845
0.032892
0.032636
0.031966
0.032397
0.033015
0.032797
0.032024
0.032069
0.032815
0.033141
0.032484
0.031865
0.033395
0.032439
0.032238
0.032903
0.032979
0.034402
0.032904
0.033700
0.032218
0.032472
0.032266
0.031752
0.032291
0.033409
0.032098
0.032143
0.032460
0.031675
0.032181
0.032418
0.033928
0.033105
0.032919
0.032135
0.032098
0.032190
0.031757
0.031823
0.031904
0.033547
0.032741
0.032420
0.033285
0.032606
0.033281
0.033162
0.032353
0.032870
0.033171
0.032830
0.033594
0.033198
0.032463
0.034158
0.032760
0.033388
0.034759
0.033077
0.033663
0.034441
0.034137
0.032608
0.032831
0.032469
0.033491
0.033312
0.032890
0.032307
0.032009
0.034209
0.033807
0.032909
0.033923
0.032410
0.033269
0.032827
0.033926
0.033433
0.038688
0.032624
0.032805
0.033537
0.032851
0.032758
0.032936
0.033371
0.033130
0.033277
0.033267
0.033052
0.033101
0.033732
0.032195
0.033123
0.033257
0.032111
0.032885
0.032542
0.033151
0.033279
0.033263
0.032970
0.033263
0.033200
0.032144
0.032668
0.032675
0.033574
0.034487
0.035437
0.033299
0.034187
0.032350
0.032452
0.033143
0.033313
0.033724
0.034710
0.032775
0.032768
0.033548
0.032870
0.033336
0.032940
0.033093
0.033648
0.032953
0.034253
0.033207
0.033597
0.032886
0.032934
0.032472
0.032631
0.032952
0.034502
0.033342
0.033158
0.032515
0.032846
0.032738
0.032867
0.032916
0.033393
0.033968
0.032831
0.032845
0.032479
0.034762
0.032333
0.032629
0.033221
0.033274
0.033612
0.032698
0.034578
0.033054
0.034255
0.032907
0.033028
0.032860
0.032676
0.032917
0.032355
0.032935
0.032633
0.032402
0.032478
0.033163
0.033166
0.033018
0.033297
0.034037
0.032672
0.033436
0.033209
0.032873
0.033803
0.033500
0.032752
0.033223
0.033270
0.033318
0.033875
0.033778
0.032750
0.032915
0.033180
0.034432
0.033330
0.033720
0.032778
0.033318
0.032296
0.033282
0.033664
0.035040
0.033570
0.033653
0.033081
0.032825
0.032395
0.032979
0.033826
0.033415
0.034393
0.034110
0.032925
0.033124
0.032716
0.032434
0.033480
0.034020
0.034534
0.034499
0.033774
0.033658
0.034795
0.032628
0.033859
0.033910
0.033367
0.033560
0.033080
0.033559
0.033882
0.035175
0.035453
0.033832
0.033873
0.033046
0.033660
0.034056
0.033092
0.033755
0.034533
0.032881
0.033709
0.034086
0.032655
0.032772
0.033858
0.031974
0.032758
0.032749
0.031682
0.033219
0.031872
0.033043
0.032010
0.033286
0.032791
0.032148
0.032650
0.032947
0.032596
0.033475
0.032142
0.034886
0.032914
0.032313
0.033344
0.032806
0.034299
0.033092
0.032229
0.032455
0.033148
0.032942
0.032207
0.032732
0.033364
0.032191
0.032541
0.032520
0.032395
0.033068
0.033049
0.032271
0.032899
0.033683
0.032653
0.032925
0.032773
0.033261
0.033947
0.032671
0.033131
0.032380
0.032237
0.032960
0.032426
0.032737
0.032329
0.032265
0.032207
0.032189
0.034079
0.032982
0.032176
0.033955
0.033086
0.033498
0.032832
0.033157
0.032089
0.032541
0.032585
0.032770
0.033150
0.032438
0.032744
0.032552
0.032879
0.033597
0.033004
0.032424
0.032749
0.034773
0.032721
0.032554
0.032995
0.033696
0.032875
0.032644
0.032962
0.032639
0.033202
0.034398
0.032672
0.033009
0.033127
0.032498
0.034235
0.033140
0.032919
0.034356
0.033421
0.033439
0.033712
0.032407
0.032706
0.032570
0.033162
0.032917
0.033046
0.033933
0.032799
0.033050
0.033171
0.034461
0.033109
0.034355
0.033313
0.032816
0.032885
0.032782
0.032670
0.033310
0.033632
0.032773
0.033636
0.033401
0.032758
0.032863
0.034642
0.033585
0.033494
0.033631
0.034145
0.033412
0.033066
0.032554
0.033365
0.033338
0.032716
0.033311
0.033844
0.033586
0.032806
0.033269
0.033079
0.034252
0.032913
0.034289
0.033407
0.032787
0.034071
0.033948
0.033317
0.033086
0.033264
0.032833
0.032630
0.033272
0.034078
0.033299
0.032300
0.033800
0.032513
0.033620
0.033505
0.033881
0.032867
0.032616
0.033469
0.033063
0.033910
0.033379
0.034000
0.033071
0.033132
0.033465
0.033270
0.034678
0.034068
0.033179
0.032761
0.032803
0.035124
0.032814
0.033026
0.033649
0.033293
0.033790
0.033477
0.033683
0.033135
0.033766
0.033151
0.033121
0.033487
0.034063
0.033523
0.033585
0.032817
0.034489
0.033078
0.033392
0.034202
0.033544
0.033178
0.033119
0.034455
0.033365
0.034124
0.034026
0.033866
0.034163
0.033393
0.034329
0.032912
0.034101
0.033301
0.033215
0.033659
0.034620
0.033768
0.033230
0.034733
0.034496
0.034089
0.033339
0.034351
0.033902
0.034293
0.033583
0.035330
0.033797
0.034976
0.033447
0.033646
0.033541
0.033405
0.033577
0.034479
0.032968
0.033150
0.033109
0.034541
0.033957
0.033161
0.033443
0.033782
0.033813
0.033098
0.033769
0.033939
0.033727
0.034163
0.033964
0.034208
0.033124
0.035093
0.034556
0.033059
0.034073
0.033481
0.034399
0.033658
0.033167
0.034229
0.032954
0.034823
0.032470
0.033430
0.033965
0.033391
0.033570
0.032767
0.034953
0.034737
0.033877
0.033534
0.034244
0.032642
0.033821
0.033242
0.033408
0.033335
0.032860
0.034162
0.034208
0.034310
0.032747
0.033453
0.033127
0.033516
0.034083
0.033625
0.033224
0.033290
0.034549
0.033820
0.033128
0.032472
0.033247
0.033466
0.033166
0.033567
0.033203
0.033608
0.033298
0.034454
0.033972
0.033944
0.033795
0.033290
0.032892
0.033421
0.034394
0.033875
0.033717
0.036162
0.032922
0.034269
0.032954
0.032557
0.032869
0.033530
0.034053
0.033134
0.033635
0.034010
0.032719
0.034513
0.034482
0.034125
0.033972
0.033596
0.033656
0.033431
0.033196
0.033543
0.033601
0.033878
0.034180
0.033650
0.032880
0.034292
0.033670
0.034527
0.034592
0.034090
0.034337
0.035123
0.035228
0.034256
0.033849
0.033818
0.034516
0.034628
0.034184
0.033723
0.033687
0.034418
0.033920
0.034275
0.034695
0.034155
0.033565
0.034578
0.034769
0.034504
0.034144
0.034308
0.034250
0.033787
0.035420
0.034313
0.034389
0.034627
0.034347
0.033826
0.033908
0.035282
0.034097
0.034269
0.034509
0.034183
0.035148
0.034871
0.033774
0.034573
0.034108
0.035003
0.034253
0.034303
0.034802
0.035285
0.034570
0.035310
0.034595
0.034023
0.034549
0.034700
0.034511
0.034336
0.034933
0.034443
0.033825
0.034020
0.033208
0.033354
0.034385
0.033346
0.033056
0.033848
0.033554
0.033831
0.033016
0.034238
0.033004
0.033980
0.033906
0.033758
0.034080
0.033112
0.033647
0.034325
0.033675
0.034341
0.034245
0.033952
0.033509
0.034073
0.033451
0.034007
0.033568
0.033920
0.033427
0.033202
0.034009
0.033453
0.033802
0.034126
0.033682
0.033387
0.033199
0.033197
0.034452
0.033332
0.034395
0.035372
0.034408
0.033729
0.034355
0.033742
0.034706
0.034105
0.034713
0.033968
0.033296
0.035151
0.034101
0.034247
0.034537
0.034373
0.035023
0.034959
0.034930
0.034706
0.034436
0.034816
0.033655
0.034014
0.035023
0.033099
0.033098
0.033294
0.034357
0.033322
0.034174
0.034107
0.033680
0.034682
0.034297
0.034119
0.033404
0.035063
0.035093
0.033964
0.033898
0.035583
0.035010
0.035091
0.034354
0.035307
0.035362
0.035197
0.035838
0.036118
0.034209
0.035013
0.035853
0.034667
0.034868
0.035273
0.035347
0.034243
0.035140
0.035201
0.035554
0.036059
0.033692
0.034339
0.033872
0.034956
0.033406
0.033510
0.035209
0.033821
0.033828
0.033859
0.034524
0.033553
0.033573
0.034920
0.034316
0.034260
0.034001
0.033773
0.034185
0.033825
0.034670
0.033883
0.034415
0.034642
0.033550
0.033597
0.033671
0.033326
0.034372
0.033727
0.034467
0.033978
0.034115
0.033715
0.034640
0.033952
0.034518
0.035699
0.034054
0.033689
0.034288
0.034005
0.034512
0.034234
0.034448
0.035521
0.033523
0.034125
0.033376
0.035890
0.033690
0.034081
0.033589
0.033968
0.034232
0.033499
0.033774
0.035094
0.034395
0.034388
0.034514
0.035434
0.033840
0.034159
0.034068
0.034823
0.034448
0.033652
0.034755
0.034345
0.033354
0.035342
0.033822
0.033661
0.033781
0.034904
0.034035
0.033938
0.033735
0.034871
0.034069
0.034256
0.034431
0.033839
0.034623
0.033969
0.033957
0.033817
0.034200
0.034780
0.034147
0.035617
0.034476
0.034461
0.035044
0.034640
0.034405
0.034783
0.033818
0.034284
0.033756
0.034186
0.033985
0.034548
0.034709
0.033759
0.033632
0.034469
0.033961
0.034567
0.034183
0.034869
0.034034
0.034065
0.034338
0.035496
0.034912
0.033812
0.034233
0.034009
0.033643
0.035445
0.034387
0.034654
0.034299
0.034933
0.033797
0.034726
0.034585
0.034071
0.033872
0.035264
0.033722
0.033981
0.034863
0.035614
0.033987
0.034347
0.034373
0.034455
0.033919
0.034272
0.034576
0.033893
0.034172
0.034501
0.034213
0.034576
0.035052
0.033847
0.033824
0.034590
0.034998
0.034939
0.033905
0.034838
0.033854
0.034034
0.034063
0.034171
0.035043
0.034905
0.035943
0.035181
0.034191
0.034466
0.035029
0.036809
0.036575
0.034793
0.033878
0.034228
0.035150
0.034411
0.034301
0.034077
0.034371
0.034080
0.033701
0.035512
0.034061
0.035213
0.034780
0.034000
0.035904
0.034930
0.034920
0.033686
0.036143
0.035319
0.034901
0.034838
0.034512
0.034453
0.034771
0.035243
0.034456
0.034213
0.034616
0.034132
0.033842
0.034115
0.033732
0.033467
0.033463
0.034638
0.033239
0.034789
0.033354
0.034392
0.034174
0.033229
0.034308
0.033846
0.033296
0.033373
0.035083
0.033291
0.033592
0.033253
0.033077
0.033231
0.033771
0.033181
0.033527
0.033534
0.033664
0.035348
0.034041
0.034968
0.034718
0.033699
0.034110
0.034882
0.033815
0.033855
0.034994
0.034130
0.033691
0.033606
0.034702
0.034159
0.033114
0.033789
0.033195
0.033206
0.034573
0.033284
0.033569
0.033675
0.033181
0.034332
0.034482
0.034494
0.034118
0.034251
0.034160
0.034131
0.033855
0.034263
0.033956
0.033713
0.034458
0.034748
0.035011
0.033338
0.033473
0.034162
0.033014
0.033458
0.033793
0.033493
0.033116
0.033359
0.033405
0.033057
0.033113
0.034064
0.033015
0.034118
0.033301
0.033375
0.033187
0.033137
0.034007
0.033650
0.033456
0.033026
0.033667
0.034039
0.033255
0.034280
0.033445
0.032825
0.034752
0.033309
0.033371
0.034111
0.033500
0.032937
0.032696
0.033001
0.032914
0.032968
0.033604
0.033184
0.033638
0.032706
0.032843
0.034376
0.034466
0.033579
0.033018
0.032842
0.032425
0.033018
0.033342
0.033523
0.033741
0.033523
0.033594
0.034005
0.034358
0.034562
0.032742
0.033337
0.033695
0.033030
0.033297
0.034424
0.033284
0.032854
0.034571
0.032921
0.033196
0.032901
0.034109
0.032712
0.033173
0.032826
0.033674
0.033244
0.033618
0.033469
0.033861
0.033195
0.033933
0.034517
0.034459
0.035336
0.035157
0.033833
0.033614
0.033488
0.034569
0.033059
0.033495
0.032986
0.033659
0.033352
0.034106
0.033098
0.034523
0.034722
0.033209
0.033203
0.033215
0.034111
0.034838
0.033942
0.033712
0.034495
0.034341
0.033843
0.034953
0.034532
0.033776
0.037427
0.035232
0.034992
0.034355
0.033985
0.034510
0.035703
0.035830
0.034037
0.034121
0.035227
0.034156
0.035994
0.035246
0.035402
0.033099
0.033965
0.035058
0.033638
0.034254
0.034366
0.033774
0.033737
0.033910
0.034263
0.033994
0.035343
0.033978
0.034300
0.034300
0.034866
0.034455
0.034376
0.033817
0.033131
0.033895
0.034355
0.034511
0.033629
0.033316
0.034272
0.034264
0.033411
0.034133
0.035154
0.035342
0.034960
0.035305
0.033733
0.034807
0.032922
0.033962
0.033649
0.033851
0.034781
0.035571
0.033839
0.034682
0.034649
0.033582
0.034575
0.034415
0.033832
0.035227
0.034506
0.034054
0.033809
0.034031
0.033672
0.033760
0.034127
0.034238
0.034613
0.034250
0.033040
0.034288
0.033440
0.033195
0.034353
0.033926
0.033944
0.035029
0.034075
0.034716
0.034020
0.035654
0.033727
0.034873
0.034747
0.034200
0.034607
0.033947
0.034303
0.035709
0.034055
0.034281
0.034168
0.034621
0.034220
0.034486
0.034024
0.033877
0.034868
0.034108
0.035059
0.035152
0.034385
0.034072
0.034497
0.035034
0.034047
0.034334
0.034936
0.035001
0.034870
0.035326
0.034024
0.033765
0.033914
0.034534
0.034895
0.034755
0.034344
0.034578
0.034261
0.034289
0.034435
0.034246
0.033116
0.034886
0.032935
0.032779
0.033672
0.033288
0.032686
0.032998
0.034479
0.033433
0.032877
0.033569
0.032611
0.033514
0.033725
0.032729
0.033638
0.033986
0.034773
0.033055
0.033887
0.032773
0.034901
0.032923
0.033237
0.033638
0.032964
0.032635
0.034174
0.032946
0.032691
0.032505
0.033584
0.033164
0.034290
0.033360
0.033145
0.033009
0.033045
0.033883
0.033321
0.032815
0.034051
0.033448
0.032708
0.033336
0.033454
0.032946
0.033015
0.033616
0.033666
0.033612
0.034321
0.033900
0.033561
0.033766
0.033128
0.033434
0.033282
0.034097
0.032563
0.032801
0.032546
0.033926
0.032832
0.033160
0.032478
0.033925
0.032827
0.033459
0.033372
0.033039
0.033594
0.033191
0.032900
0.033322
0.033075
0.034813
0.032837
0.032229
0.032920
0.033440
0.033542
0.032483
0.033317
0.032494
0.032513
0.032799
0.032181
0.032835
0.033719
0.034378
0.032607
0.033389
0.032632
0.032594
0.032841
0.032796
0.033598
0.034047
0.033009
0.033818
0.032508
0.033003
0.032593
0.033462
0.033124
0.033366
0.033349
0.033334
0.033899
0.034056
0.033274
0.033580
0.033294
0.033231
0.033283
0.033223
0.034077
0.033698
0.032818
0.033203
0.033574
0.033463
0.032813
0.032945
0.032467
0.033550
0.032587
0.033550
0.033694
0.033126
0.032762
0.033406
0.032903
0.033170
0.032897
0.034106
0.034170
0.034165
0.034211
0.032321
0.033528
0.033102
0.033526
0.033308
0.033461
0.033460
0.034016
0.033057
0.033067
0.033013
0.032685
0.033598
0.034400
0.032858
0.033214
0.034279
0.032995
0.033925
0.032521
0.033190
0.032885
0.033188
0.033655
0.032865
0.032696
0.033295
0.032597
0.032825
0.032267
0.033820
0.032573
0.034197
0.032862
0.032950
0.034194
0.032605
0.033431
0.033132
0.032705
0.034063
0.033271
0.033044
0.033123
0.033019
0.033091
0.031669
0.033127
0.032917
0.033494
0.032816
0.034073
0.033191
0.033455
0.032392
0.033225
0.033260
0.032683
0.032245
0.032243
0.032910
0.033083
0.032477
0.032936
0.032604
0.033704
0.033088
0.032718
0.031965
0.033996
0.033499
0.033929
0.032759
0.032372
0.033088
0.034238
0.033746
0.033903
0.032425
0.034229
0.032914
0.034124
0.033148
0.033486
0.032758
0.033396
0.034052
0.032226
0.032719
0.033770
0.032653
0.032502
0.033253
0.035049
0.033673
0.032875
0.033317
0.033555
0.032877
0.032424
0.033256
0.034305
0.034428
0.033338
0.034931
0.034253
0.034084
0.033555
0.033623
0.034200
0.034176
0.034088
0.033146
0.034177
0.033534
0.034176
0.034044
0.033495
0.034133
0.033081
0.033754
0.033264
0.033618
0.033352
0.034132
0.034281
0.033871
0.033908
0.034170
0.033622
0.034221
0.033355
0.032977
0.033214
0.033943
0.033618
0.033778
0.033104
0.033936
0.033664
0.033407
0.033632
0.033134
0.034218
0.033553
0.033404
0.033831
0.033161
0.033553
0.033391
0.033251
0.034340
0.033539
0.034737
0.033237
0.034880
0.034099
0.032705
0.035158
0.034300
