621.000000,408.000000,35.000000,39.000000
623.491352,409.465448,36.937340,37.073681
630.216341,409.577429,37.070583,37.889149
635.553333,410.762320,38.011391,37.167591
639.338215,407.285149,38.621727,37.748001
649.044809,405.424137,39.346432,37.157829
653.721663,406.604931,39.103565,37.173195
657.388161,407.523172,39.024368,37.483044
661.900749,409.065479,38.647400,37.968010
664.450853,410.903692,39.240490,37.801197
667.068876,412.447058,38.909107,38.016468
671.154779,412.625195,38.210888,38.915001
674.735518,413.307802,38.672260,40.048977
673.649963,414.841503,38.768982,41.604103
671.085258,416.302711,39.556671,43.306076
670.043146,415.158243,38.364239,41.362926
666.452257,414.687576,40.803020,44.693039
663.597553,416.737219,39.421104,38.315311
656.967291,416.998676,40.369160,40.466820
650.286694,416.231602,38.696251,38.730476
638.376959,413.650419,40.830692,36.909840
629.820375,405.350063,41.241634,40.438713
624.421791,404.810312,42.740967,41.453442
623.032522,407.789984,40.860874,43.575169
620.151779,418.524742,41.769821,42.454132
619.475698,435.152725,40.554050,43.805771
621.860737,458.220284,41.862038,43.952850
624.114868,491.962299,42.118210,40.275856
625.165552,527.295332,43.736401,41.260303
627.930355,542.803659,43.128502,43.245388
632.130917,514.071316,42.639030,46.642067
633.596582,486.013002,42.011806,43.158077
635.429737,461.962978,42.910851,42.642632
635.999722,442.099365,41.958076,38.972916
632.211483,428.411068,43.131142,37.228554
628.869064,418.207685,42.785553,39.478230
625.310575,415.738373,42.079243,39.729340
617.897438,421.535997,41.896484,39.135006
611.967630,434.236774,42.828533,40.325050
606.843155,456.118603,40.615540,40.731773
601.641573,480.122391,42.679272,41.913956
597.160454,507.064671,46.574554,43.245888
593.776432,537.066973,41.689827,42.393383
597.140358,522.978193,43.098633,42.649509
595.979576,500.355005,40.409576,41.383892
597.949541,478.859495,41.201687,41.180912
599.101471,460.082596,41.034439,39.495316
597.042898,441.607677,40.212925,39.954201
597.816187,424.806787,40.560711,40.362774
600.695396,409.814100,41.026825,40.914173
603.018650,398.798443,41.876564,41.010704
603.199795,397.815536,41.581978,40.010941
599.275032,406.490751,41.598557,41.438679
592.683414,427.422276,41.993782,41.448982
587.997021,451.155876,40.003410,42.972137
580.130053,478.822008,41.924404,42.571362
572.121325,511.700443,43.472500,41.343086
567.355656,513.103315,41.471336,42.280613
566.906599,490.035999,42.866993,41.723579
571.380957,465.654135,41.058170,42.364338
568.330936,441.926033,42.366463,44.093979
565.705795,421.113501,41.543396,42.937916
568.734699,402.872953,42.101830,43.320316
576.217524,386.962677,43.635143,44.447891
579.500854,381.486765,44.519226,44.312603
579.665562,382.813915,45.494438,44.901360
584.146544,392.901684,42.307667,40.736504
589.713951,412.802279,42.512512,41.515026
595.474894,437.605364,44.667980,42.792980
601.274424,465.782249,41.598156,44.975128
605.996742,498.845533,42.100189,43.045277
610.738453,493.861916,42.977211,42.360931
616.037392,472.492180,42.272278,43.917053
622.340813,450.330872,40.301407,44.839050
628.073830,432.950077,41.844940,44.244484
631.984039,416.238083,41.568115,41.526306
638.457436,400.086807,43.956619,42.214859
644.321938,382.916338,42.186951,42.705166
649.669317,369.756092,41.383060,41.936638
650.584785,367.362522,45.552628,42.501152
654.519444,375.225426,43.283516,41.639359
659.579967,393.854252,41.512489,40.613258
662.481579,421.099030,40.830070,40.069717
663.947054,447.260466,42.547924,42.374958
664.887783,479.173521,43.683952,42.129414
666.130495,479.258612,44.032223,42.875187
667.880331,457.674557,44.573002,43.523964
669.100077,435.278837,43.080990,44.127628
669.639084,415.949163,44.377960,44.008595
665.796326,398.887285,45.365768,43.130291
669.310553,383.670708,42.860096,44.562775
668.394844,375.052385,43.575851,42.701839
665.735178,366.941151,44.214443,43.490135
662.647619,364.614321,45.138828,43.046566
657.868685,369.086649,45.729122,44.888805
654.655798,383.392742,44.996464,46.174843
645.869192,408.751375,47.643009,49.539547
641.464445,439.175489,47.963169,48.471287
639.253340,473.770933,45.499424,50.418003
633.030468,505.689348,45.760338,45.748898
633.274620,482.909969,45.364853,45.821754
632.153402,455.915760,49.673634,47.213982
633.511179,432.763414,45.982525,47.074078
634.621710,414.075300,44.502018,43.318378
634.206743,393.446772,44.345898,47.316708
633.197029,376.333420,45.007675,45.393860
634.049437,361.292095,42.818287,44.832573
634.809475,349.077456,41.805702,43.917278
633.365511,344.283371,43.109081,42.581863
634.400461,345.236620,42.443325,44.435177
633.693394,357.970646,42.953850,45.018089
631.199442,383.158701,44.559994,45.087017
630.865015,417.021967,46.158443,45.395367
631.570408,455.864849,47.767357,46.531593
629.993464,496.124605,46.634701,48.755306
629.862947,495.253168,47.088741,48.951229
631.160378,465.205851,50.727295,51.086910
632.167622,435.858910,49.962654,50.762878
632.526453,411.130764,49.279537,48.775169
634.350855,385.200336,48.086864,47.300667
637.199318,360.895164,48.695160,49.225449
639.447704,339.086727,49.643715,49.739388
638.805145,325.012936,50.547775,48.514336
637.409164,312.933247,52.676971,53.851845
632.493626,315.824053,53.124443,52.478588
626.980778,328.226633,52.426689,50.498989
621.398296,352.868925,50.088646,54.584919
610.846544,388.806522,52.158779,52.432930
601.573624,430.569128,51.152512,50.766453
590.207565,472.128538,52.132858,52.400623
578.456511,519.188801,54.659779,53.441353
576.268166,518.609936,54.091339,51.753654
574.079657,480.888645,54.094791,55.851479
573.621439,450.264759,53.273708,54.397682
574.709524,420.755325,52.108616,53.730591
572.641687,393.007851,52.278652,56.412338
571.377472,370.014936,53.443192,55.656071
573.470728,348.431356,50.366726,53.573261
571.684278,334.195259,49.962299,51.695572
565.548216,321.882706,57.735310,60.176285
577.690470,318.431757,55.104794,52.059139
586.459061,315.822817,52.076340,52.077831
597.306530,321.915802,43.556328,48.406845
608.685986,334.487892,27.705894,43.588593
639.115499,290.237432,37.753239,49.526287
688.175152,288.359581,37.114281,76.967918
698.444315,306.041389,37.892056,79.957787
691.225616,328.230740,47.022629,55.170944
694.840485,319.410900,54.708511,57.479080
700.598890,311.073742,57.412220,57.062149
702.606985,305.598503,62.622196,56.834221
702.291996,302.385712,55.292488,54.613045
690.228392,299.514923,61.088306,56.794594
673.624107,302.210533,59.787140,59.645409
646.483847,314.771334,58.956928,55.565037
614.436815,335.690256,56.492840,57.699116
574.047478,357.131027,57.905151,58.992989
550.923550,373.649061,57.876518,59.117992
534.941061,381.681841,55.237003,57.976658
526.256430,382.046680,54.914127,57.025452
524.178537,368.722065,54.233578,55.662766
533.013811,344.175804,56.074963,54.466515
544.889593,317.395548,57.234348,57.130024
562.432856,298.729652,48.561916,46.474495
585.703170,286.302899,28.439653,30.697340
631.650703,251.571400,31.556885,38.536697
635.272457,238.687452,49.676582,53.336178
648.352137,244.387974,56.126507,55.773056
669.011110,261.028654,52.440365,53.615566
681.249815,279.898613,54.378574,55.033363
691.518459,300.087362,56.261726,57.480267
701.020924,322.284094,55.068657,58.825024
711.419415,344.878918,58.099648,60.497620
718.021019,372.949594,58.775467,57.706425
726.397795,406.771172,54.792088,54.453926
733.130066,438.874844,57.693542,56.861206
740.142357,474.522497,59.104843,59.109570
744.868912,514.760481,58.677795,60.651058
750.936562,552.952604,57.805161,55.974331
755.414360,516.334074,59.328415,58.676067
758.756098,481.259527,59.890362,60.462948
763.791498,452.270082,58.308361,59.869892
765.093193,429.152405,59.894974,56.541420
766.874336,402.448025,59.087753,60.245285
768.901781,380.836658,61.390743,60.135345
773.910599,361.961317,56.880127,61.343670
769.455500,350.134350,59.494701,58.045059
766.452665,350.106886,58.753635,55.965374
754.739386,350.116789,56.832600,56.919598
741.736643,353.845709,60.837353,58.670895
734.987705,357.093679,56.011223,59.099056
706.603821,369.369577,64.752472,49.091022
705.017574,357.750437,60.407570,60.846516
707.904507,360.855894,39.171089,52.387218
689.041517,341.589878,52.316990,55.657654
721.780870,365.359634,47.380642,83.115974
736.478855,362.789129,34.667931,63.610897
738.879592,356.990593,28.486116,57.470100
727.000818,349.891628,34.910427,71.140991
692.677052,355.685123,64.185722,69.260513
607.084406,345.602762,56.005138,57.503757
608.375242,340.657043,63.674381,64.487389
610.031590,341.596468,66.876366,63.527027
622.064224,343.285820,65.231873,62.782021
629.997282,345.135967,61.002506,63.777496
638.649536,348.132317,61.990814,61.854225
646.205534,350.265495,61.923740,65.285469
658.951321,351.807720,62.057655,66.967560
660.408417,357.863815,65.590393,67.756828
656.650085,366.553795,69.855743,69.028145
646.134983,372.974739,74.793663,71.814491
631.573074,375.234047,73.913513,70.682045
612.984787,368.731262,72.425598,73.451927
595.312088,356.987705,65.003998,69.394302
582.828749,348.630680,62.063053,64.374008
572.794846,347.642328,64.074921,63.292301
561.081676,354.381241,64.526680,62.601616
555.228546,378.511192,64.940369,66.835609
548.672970,424.062256,68.118141,66.723900
543.587086,480.884895,70.764946,65.699348
542.809277,538.553970,67.398354,68.748558
542.660389,580.798882,67.955101,68.107521
546.678036,529.612232,64.411873,65.216034
549.992130,478.163734,69.764336,67.305061
553.678150,432.693718,69.682762,65.346153
556.299225,397.658649,68.896606,64.157349
560.285545,369.471313,69.570236,63.153389
567.936672,346.088993,67.211891,65.373810
573.047848,327.761837,67.918800,68.218735
577.459778,318.581650,67.181549,69.002602
578.519451,314.728348,66.748543,69.811134
577.436279,319.069706,66.471863,68.170349
573.510448,328.007385,69.879280,68.358376
568.730503,343.906273,69.559715,69.011253
563.556526,363.619659,69.522568,68.892403
559.481422,392.570717,70.335892,68.388237
558.568218,426.015350,70.508003,70.523018
558.669651,467.098972,70.043144,69.021210
559.755363,509.253941,70.449814,70.912201
562.990799,556.062820,68.310181,72.233833
567.090134,545.170837,68.311584,72.071785
571.907921,508.024467,66.608597,71.817711
576.663898,474.703331,70.314232,72.058525
581.062744,443.728912,68.799744,71.384743
585.358139,416.122952,69.711365,70.537094
590.872799,392.587299,68.322121,70.124207
598.981876,375.262947,66.867058,68.515770
602.898884,357.456936,67.085594,65.547775
608.414001,342.143719,66.927094,68.888687
611.936111,330.287838,68.414124,69.205154
614.358753,322.665779,69.750114,69.043205
619.397137,317.808659,68.933174,68.921234
634.183159,313.880775,69.679459,71.540459
661.812248,309.891575,69.531631,71.044830
697.290836,305.177971,67.338921,75.030998
731.576815,300.061974,63.830715,70.341728
748.538277,294.547981,66.327408,69.646385
739.840302,283.961655,71.372498,70.098732
733.001518,291.562330,66.759415,42.827831
737.265583,279.060331,55.049431,49.659084
732.970480,272.254898,56.588459,53.356468
741.282578,267.591114,28.882200,54.413864
709.158665,267.616646,90.276421,85.082878
586.777819,270.789616,59.301861,68.391632
580.016090,284.213852,72.126190,69.457283
578.537834,290.973217,68.142059,77.509720
581.290493,298.622459,71.229332,77.134819
583.565002,307.124935,73.704758,77.302811
582.424591,318.498463,69.696243,76.983551
575.249908,324.994389,72.449112,75.759521
566.367374,319.175278,73.046547,76.410530
559.021465,309.498142,72.771721,72.625122
553.478485,294.534801,72.152237,74.293716
549.368378,283.913052,74.042282,73.002548
551.584087,273.545502,71.642265,76.479439
554.510437,273.749996,72.916794,73.220566
556.276432,273.824295,74.680305,75.093910
558.450035,281.382206,75.664856,73.012543
563.444843,287.670322,73.810738,75.482727
567.324104,298.726704,72.722229,75.815582
567.001472,305.740963,68.899872,77.070602
570.486759,310.238670,61.740883,75.493370
573.889801,311.352554,74.844467,76.679390
579.453190,307.630836,72.708321,79.020073
584.359592,305.077591,73.275276,69.182259
590.129211,290.047531,72.085739,74.676369
594.332722,280.262398,72.784859,71.685173
599.023277,268.389584,74.877869,76.448196
606.092403,263.414204,72.766350,76.865417
611.162819,264.991505,73.601746,75.484985
618.719494,267.788857,74.616234,74.062798
625.473431,272.351398,73.996239,74.376190
633.518234,279.612064,74.981583,73.644836
643.692608,288.556522,76.134544,73.849304
656.157112,296.145241,77.534882,75.239006
666.717480,306.825226,73.255089,75.669228
674.425720,324.452152,71.819382,76.326263
681.790821,343.125023,72.052406,76.039299
691.418377,361.882385,72.363182,74.174629
714.167702,368.994381,67.532440,80.307327
749.280970,366.997963,58.978298,75.018761
764.955444,357.286755,64.854355,74.884964
791.873962,340.270161,74.117447,78.384705
812.697041,321.082951,84.691902,81.667206
830.503616,312.812199,76.215683,71.692841
841.235123,301.099285,85.849045,76.868301
850.155792,289.430992,80.428818,80.737785
857.178146,284.111164,81.647263,82.021729
861.684235,277.040710,85.698532,86.492012
863.587898,270.066971,84.720032,89.152931
861.737015,259.348946,82.095352,86.489738
857.527138,242.586220,83.162628,84.981010
855.495461,228.640430,81.532043,83.648376
853.728336,227.627644,79.753304,75.487244
852.181656,222.610928,80.145615,79.627579
847.462029,224.634872,82.896912,82.833229
846.108818,237.054279,75.786194,86.804962
832.350887,250.292973,82.643089,87.650238
830.672443,266.207012,72.936226,80.017197
815.957710,282.724506,79.287415,81.568726
807.993912,289.849262,77.906418,79.042297
805.518005,292.125412,74.264175,78.877998
795.303394,287.034817,75.171089,77.346848
786.906982,281.190845,68.525406,74.930420
781.529442,276.578648,72.324280,81.997437
781.153362,273.978218,71.998741,79.446281
779.335911,279.398827,65.772926,75.084404
781.041313,284.115528,64.956238,73.844086
782.775925,287.839184,60.183060,74.017593
782.894482,300.774479,52.728569,60.491516
789.587965,304.422098,45.956074,60.859272
804.710455,305.189175,30.344822,52.914841
812.051073,318.044985,43.749889,46.130253
895.097427,312.084778,43.227798,47.058937
890.406193,302.534344,57.455833,66.251236
891.994099,300.818493,71.940086,67.907120
905.139179,296.669960,75.008141,70.211571
907.528931,297.517712,77.047485,68.172897
895.127880,283.929028,76.073524,74.044113
869.985508,271.460068,83.979607,77.976845
842.247063,272.378857,81.710556,76.159042
801.633698,275.909130,82.075256,68.564316
764.360218,273.150906,81.272667,76.947464
733.435143,279.209404,78.197891,80.504295
703.913021,294.643608,85.379097,82.604637
689.121918,319.974533,76.578522,81.487679
671.369484,353.930202,80.493546,80.400925
658.462257,391.867157,80.341141,78.829140
646.958694,433.363441,80.153992,80.389091
636.702446,474.923557,80.261734,82.110016
626.527714,524.888165,80.630608,80.992813
613.357758,575.423138,82.313995,83.055496
610.995983,559.740444,82.497627,78.064896
612.932934,519.847912,82.278969,77.227493
613.702171,480.559254,81.400620,80.817413
613.718246,447.201801,83.139862,80.886017
615.025330,417.290497,82.826019,80.752449
616.169018,390.631596,81.708504,81.139679
617.228710,368.573269,80.283852,78.203018
617.614071,350.865719,81.559547,79.875656
619.516270,336.086216,83.055382,79.531403
617.327164,336.095459,82.963867,79.017281
612.915104,358.937550,82.868065,75.252563
618.543999,385.834366,67.430893,75.360115
615.318241,414.226662,71.960045,77.321587
621.079994,446.403168,74.612350,76.169502
647.895054,479.224194,73.046288,77.507706
689.041336,499.025337,70.470856,75.625237
735.855797,515.905163,60.384872,64.506699
785.007511,513.415329,76.112663,60.786263
825.567905,486.792042,68.189934,76.665436
838.243256,461.690563,77.553192,77.130692
847.633957,436.370789,82.719116,78.906166
846.530193,417.160572,82.924812,78.808746
829.797745,400.223797,87.453461,81.028214
801.306362,383.129631,84.722145,82.810844
767.676620,365.697895,86.638641,80.852539
724.910004,336.427963,82.724426,79.729622
687.190933,302.443890,80.251953,77.859055
654.579933,259.355007,81.793381,78.497452
634.240871,228.227291,78.242714,80.560471
616.110538,206.595699,79.290825,85.526108
600.218380,202.234669,80.422127,85.801788
586.082615,207.001564,81.398247,81.908409
574.382076,225.001827,81.658058,78.675491
565.176212,248.897346,80.586449,75.848198
560.589417,284.113842,75.208038,74.835129
553.929840,321.409435,79.254883,80.119156
551.554401,372.808277,80.405388,77.047119
552.231716,427.411480,78.937782,80.157242
555.298950,488.306393,78.664734,78.153915
559.757153,549.560501,75.104042,78.279305
559.998383,534.587021,78.868164,77.486580
562.381321,486.711269,75.749809,78.768326
563.440010,444.904945,79.125870,74.061882
566.236641,401.282101,78.745529,77.635788
572.180515,364.273651,75.521599,76.820076
575.432724,331.222027,76.494751,78.140945
579.456905,300.587696,76.047615,77.233856
583.335354,275.745502,74.542671,76.018372
584.011127,255.463875,73.713615,74.571678
583.772957,240.202908,76.595810,74.730698
582.408695,228.824432,77.169090,74.674049
582.874588,225.615437,74.974243,76.685913
579.564728,229.921604,78.347778,75.127289
575.832958,240.624371,76.027199,75.565414
571.888626,258.935600,75.965363,75.714378
566.097599,285.343941,76.180840,76.017693
562.861458,322.928154,75.471481,75.490227
563.566147,364.518791,75.056061,75.494133
564.666039,411.127987,75.482071,75.683151
566.829357,460.662075,77.341164,77.131027
566.624817,513.126629,74.740143,76.047134
568.999229,555.192699,74.410110,76.326309
571.402023,510.513317,75.726990,76.192032
574.018730,470.138599,76.483231,75.937836
578.325706,432.390331,75.484512,77.466049
581.825825,397.779747,73.687248,77.068932
585.057728,368.508720,73.197563,76.262199
585.870064,339.420361,76.702225,77.333237
589.965126,316.710377,75.433945,79.354919
591.871872,295.457672,76.048950,76.001289
593.685379,279.471516,77.271027,76.346527
595.938709,270.740013,75.630302,75.593895
596.655197,273.074581,74.173523,77.153305
599.487854,279.842670,68.740509,75.388885
604.100208,287.733116,69.389641,74.039940
614.733391,299.288311,67.689499,72.871536
633.590725,305.872055,70.597054,69.390297
667.750050,314.060289,55.081474,63.322483
712.029818,317.810823,29.957638,43.585453
666.324245,347.345177,46.930977,33.488792
599.967407,339.600792,106.125763,79.196312
640.170906,303.844433,168.370621,192.126114
852.714115,290.611427,72.604271,72.284996
855.925236,286.110573,82.630974,76.900810
842.280712,282.934010,88.472664,79.251068
814.960480,279.169640,80.685791,80.863792
775.280090,268.818165,84.984467,81.017029
735.621719,245.884350,80.963470,80.732956
708.057697,230.424763,76.740990,80.456543
681.765469,226.162457,82.643684,81.008072
668.871414,225.837460,80.111847,78.493668
661.706841,222.332596,78.799149,83.382088
653.503700,221.791027,78.925461,80.226395
645.982651,222.424755,76.808929,79.666214
638.506569,226.940773,75.312790,78.890587
629.845013,233.927071,79.277534,78.859001
633.149651,263.065205,76.938980,78.104706
650.604145,298.729385,75.954491,75.253273
688.409546,332.242558,77.401825,73.764587
746.756371,360.204002,66.514145,67.147545
777.604942,345.197876,77.485519,76.966438
804.751179,327.252087,82.969963,77.188644
825.235271,300.926014,82.415718,83.451019
833.235367,273.603645,82.904388,84.130760
830.917225,247.080257,78.767998,84.345901
816.387447,226.909935,81.334084,84.124382
797.459774,212.607853,81.570442,79.138550
775.186222,205.843876,85.980614,73.871765
757.146412,202.122105,85.600670,72.755280
740.682419,202.438126,86.287720,73.730080
726.437416,204.718349,84.037155,77.557541
711.234596,219.667259,83.808365,77.785057
697.419147,239.906273,86.391716,80.742180
684.536743,270.043777,86.966217,84.640358
675.996807,309.373787,87.081612,83.701347
666.820141,353.452759,90.021767,86.957649
664.772034,401.809742,85.819916,85.843170
658.833275,452.720589,86.470718,86.021111
653.330051,508.868336,85.962181,87.282990
648.390892,567.509132,84.077011,91.031364
648.223015,536.928989,85.172684,88.667145
646.178802,489.369530,86.822845,88.561699
645.832615,447.533146,85.723808,86.980530
645.450253,408.511471,86.598824,86.862778
644.620880,376.657982,85.910461,83.204063
643.209553,347.148186,86.433983,85.361565
645.478191,320.133034,83.819038,83.490379
643.144981,300.339520,80.201462,79.880264
640.415089,303.679039,81.286064,75.080193
637.353100,295.678524,82.264626,85.930222
639.126839,301.346386,72.947281,83.791061
635.844631,306.611591,76.309944,81.163971
640.605209,307.887890,78.143250,77.854324
664.600548,300.865311,77.081314,74.707771
698.719694,310.767712,45.515629,59.370071
655.105930,361.640900,55.059364,47.805153
651.791258,360.881310,48.726231,42.320213
655.863377,364.136541,51.326164,44.878033
651.334251,345.201462,98.205582,85.685539
849.819153,249.112698,75.408142,80.555298
853.244774,236.002407,83.782822,84.040253
846.841087,224.711830,86.936234,85.122322
829.841015,219.826920,86.038673,79.535393
808.464554,209.617432,87.648529,81.175346
783.266262,203.336529,88.421242,86.457367
758.575111,215.823036,84.199509,74.657722
726.878120,227.455116,86.047379,71.159676
697.321827,236.773632,86.451591,80.317413
668.313709,255.815258,87.441277,83.154175
642.097569,283.466003,87.625603,85.620750
618.408596,316.777065,83.665169,85.730682
598.271595,358.017326,91.117729,88.653175
576.690155,411.320698,85.920227,86.984238
560.392620,468.086273,85.154091,86.057945
543.770874,525.352959,83.436584,85.198158
530.026028,560.118332,83.560127,86.983025
525.766300,512.333340,84.020683,83.515320
524.735645,466.340569,82.012932,83.156807
524.290310,426.008713,81.231514,82.135033
524.769073,391.433575,80.139496,80.023193
526.410393,361.656609,79.575516,78.825356
528.758892,334.743645,79.948341,78.740761
529.621105,310.395130,79.133400,80.101944
530.480927,291.069733,78.401093,80.834435
531.654324,279.727272,77.439674,79.096474
533.131584,276.949265,75.894730,78.670097
537.358425,280.613804,76.941505,78.423416
540.576366,287.084938,77.264381,78.834572
540.604164,292.993599,77.152725,77.310493
545.427818,293.877346,75.869583,80.448700
552.776642,290.240864,75.935516,81.440659
560.708569,281.785236,74.792641,83.947281
573.355042,267.137512,73.807007,83.340843
586.881062,245.185493,76.471458,86.681923
602.766544,225.622814,77.683464,81.811920
618.023857,210.512379,77.974655,82.072159
633.373901,199.579025,80.089569,81.413872
648.395191,192.335583,81.280174,79.984650
661.482758,187.363239,83.149200,83.441086
670.471577,181.146297,82.400352,80.455566
684.619640,182.737427,80.110146,79.519279
693.418587,180.252472,81.206680,82.189537
702.774364,186.103725,80.620094,81.930908
709.677921,191.841736,83.459862,83.703270
721.643112,201.575397,78.461548,86.061630
730.167755,215.319530,83.341858,87.350616
737.853153,232.148308,79.904381,88.115669
743.032429,251.008556,84.883415,86.612274
747.718914,265.814877,90.971657,89.186554
750.227699,284.165203,94.177658,87.040558
750.209030,300.836800,95.936462,89.838264
749.305210,313.410820,88.831779,89.113625
754.369530,318.692619,95.957291,88.408974
755.009972,317.804218,92.451675,90.753067
748.177013,317.996094,93.541725,92.916313
741.110958,328.254021,90.246986,88.851967
728.358604,344.413361,89.809860,88.745811
709.540573,377.870358,94.831512,86.526154
689.171635,416.521263,91.536430,87.275002
671.200512,467.145679,91.046791,85.710251
658.304577,528.256062,89.412666,88.713608
646.597488,598.704067,90.664856,88.155670
640.844261,609.040798,90.639359,89.200256
642.404404,555.369591,92.332825,88.362801
644.041630,503.544411,90.286278,90.908272
647.137478,459.481949,90.297554,89.432213
649.189175,421.680611,90.000465,93.558662
649.044018,389.814907,90.803230,89.950104
651.390308,360.908710,89.794731,88.343643
656.865898,337.364273,86.924576,89.463341
661.200535,320.698051,85.654533,88.266548
663.671516,312.056767,85.129990,88.056107
662.812119,307.080040,84.421875,85.091164
665.565453,306.985058,81.745987,84.406982
662.285343,306.230602,83.575218,86.608704
657.487743,310.102730,87.930275,86.558846
651.717285,318.089481,86.905914,85.852737
643.638432,327.147274,84.110832,83.665009
630.875404,336.146152,84.629227,86.577530
622.420700,345.521473,81.748688,84.693100
609.628235,358.560490,80.804962,85.422318
599.834755,368.234123,78.903091,80.578377
592.358898,380.228397,81.056709,83.311844
587.367596,391.417118,78.610725,79.905289
585.340565,400.545807,71.554192,77.579460
583.626507,413.217804,72.814339,76.657555
593.348801,425.630978,70.770203,74.891724
608.601818,434.051651,71.361427,73.890556
625.405468,434.637310,69.808266,74.003815
646.383751,429.148933,68.755264,73.074806
666.238438,421.706997,73.456688,72.369476
682.818249,414.397163,72.275093,73.676155
686.188183,403.963703,72.251411,73.584824
680.851440,394.369709,71.913177,75.518356
672.377415,381.968388,71.525627,66.461227
656.539745,369.303574,73.019539,74.493858
646.863823,359.364021,73.838699,72.525612
639.438362,353.711311,76.112747,73.549355
639.225304,352.502228,71.768051,69.658836
647.003601,351.072380,71.730469,70.545509
652.506714,350.635815,70.721497,71.140320
656.684212,350.341171,74.131638,70.486656
663.240242,352.401890,74.244644,70.096451
677.661308,366.664772,70.467819,67.682350
697.606693,385.165043,69.719505,69.390762
733.164652,409.755856,54.673412,62.155945
768.659622,448.202269,68.605469,56.663296
809.881359,445.431770,74.265083,68.521217
845.666031,438.755466,76.744995,73.548904
881.593697,429.214725,71.098038,71.146500
903.214855,414.150768,73.616920,73.490631
907.959518,400.296688,73.690430,74.451324
882.674717,392.429058,71.929497,78.337006
847.433838,388.201637,73.000458,72.778358
807.177979,381.989464,70.705414,71.177925
778.758610,377.358673,64.140495,71.509331
760.416504,377.784836,65.433105,71.376976
756.217957,382.395744,66.132172,69.984047
773.028214,396.210556,65.598328,69.866570
796.115133,401.037445,61.061634,66.198875
826.481447,405.990028,46.803921,58.480568
863.416962,432.074310,66.620087,70.614708
948.963860,428.850870,45.809158,56.305851
953.134069,400.780071,50.703083,71.493301
955.024677,396.622173,69.356956,67.543777
960.927753,384.846199,77.790703,73.728691
962.945995,377.152748,80.424171,76.577415
955.217110,374.404465,82.131454,77.571938
939.107681,375.941353,82.996643,79.242912
911.252831,381.140617,83.115524,79.705223
877.792233,396.216938,82.544960,75.316040
842.201103,397.909363,78.812698,81.089485
821.446255,416.640446,76.076637,79.050110
804.323303,447.602959,73.843628,81.633171
798.415245,487.108837,69.351273,78.488815
791.786449,531.702862,71.172279,76.665451
804.816513,572.931412,73.624237,75.687813
830.367290,596.370132,71.904243,73.253487
874.539370,620.258537,56.718349,57.302757
938.433880,600.607546,51.918892,62.657078
950.750404,572.710110,69.924789,72.824051
969.149624,546.372620,74.011116,73.803352
985.150848,524.746143,82.162567,75.794189
991.695923,508.058212,83.070404,77.202187
985.635086,493.419804,83.767090,78.986420
965.579922,481.134491,87.872414,79.951088
930.655670,469.892448,88.426453,82.912376
879.785007,454.773266,79.735344,84.299210
817.491241,428.457947,77.014313,81.958351
771.104424,388.466385,75.337357,82.357552
738.877724,334.412518,77.894485,79.724747
731.897194,281.028709,72.946365,76.822533
732.217113,233.418327,73.331215,74.608757
738.041889,189.004654,76.121727,74.660652
751.355938,161.068130,78.270271,79.010384
761.615707,151.067257,77.754150,74.373886
762.404392,150.805050,79.511620,68.905838
758.354694,154.155952,75.994041,70.855675
751.236801,162.680355,72.383728,78.608475
741.778301,185.736103,72.745430,75.229401
735.718372,217.197781,72.188683,69.214371
728.394569,249.207207,76.576889,72.386833
730.757187,286.660191,74.855103,72.522705
735.712910,326.319473,73.930046,74.723427
746.862534,358.468391,70.956116,75.482841
753.269482,382.959202,74.575844,83.111877
759.333481,395.834873,73.653625,84.205780
762.912060,394.485905,75.312477,82.143097
765.307575,382.032516,75.152641,83.471077
766.909142,366.620522,77.899338,76.790398
770.815609,350.490921,77.313576,72.351479
774.977772,337.523712,75.560570,72.871986
779.061909,327.593060,74.392448,73.897018
784.018078,318.834221,74.083809,74.169640
789.767181,315.484581,72.333252,75.799461
796.144493,316.134861,73.094833,74.310791
801.608753,320.164921,72.708824,73.521729
806.368523,327.998947,75.776993,72.062782
811.754219,335.719349,77.104599,75.306580
817.953781,351.311523,76.906982,75.239601
815.773823,362.351215,78.594017,75.950562
806.518860,370.659206,77.319519,75.046249
785.601933,376.744694,75.663536,76.803467
756.212921,381.246025,75.458435,78.740654
730.588623,383.552677,74.335358,79.000793
711.341892,389.709812,75.886101,76.649017
704.610672,400.218464,73.326355,73.394531
703.071316,412.129143,71.607185,71.733788
713.534657,425.415890,64.462730,70.909164
719.931662,441.827271,51.876423,60.866524
724.760965,456.977488,47.378033,54.321308
763.758629,464.547110,66.735367,63.897549
799.734255,473.667379,39.017483,45.820065
778.809341,472.739550,59.675003,57.447285
729.046629,548.396227,59.442448,59.200825
728.040388,572.115852,60.676517,64.676430
727.740723,597.156357,66.829590,70.888451
723.894356,629.761276,70.723953,75.179070
717.582260,620.179165,69.756744,71.316254
710.590305,591.895012,69.187218,68.564156
703.356373,572.064188,67.539116,60.453739
699.567652,558.279343,57.159588,51.062157
697.079674,544.016087,48.186691,44.880096
685.962997,529.324249,40.461685,40.161125
677.151829,520.861074,39.818642,35.348797
710.545984,527.060705,35.226528,36.920498
710.340424,514.141396,34.378021,40.570717
710.023949,509.327652,34.580536,43.257057
710.707827,507.915365,33.941418,60.945217
708.543343,499.707491,34.636139,51.897434
708.177422,495.574133,35.137436,49.554852
705.751020,495.229607,34.876865,64.064369
700.805765,493.272020,36.777691,61.332752
702.379932,492.155342,36.476189,59.203819
700.883532,490.042723,35.273022,59.730038
651.670706,481.991432,58.159031,60.567146
653.783127,480.768383,77.090256,70.211029
657.257935,469.197666,72.267105,64.387589
651.743000,470.697920,68.285103,56.913418
686.856976,480.374243,55.338707,60.665905
697.541489,482.458288,46.310165,58.263500
684.836052,478.375786,62.642349,67.892952
689.899406,495.519266,59.506821,53.283268
659.240059,493.310392,59.618942,58.144680
663.622282,505.652111,53.914799,57.631104
665.099186,523.447439,51.995964,53.990612
669.860394,541.357729,66.246681,56.945210
670.545422,564.558298,71.081978,59.508488
675.328892,600.698063,70.422173,51.451645
697.842344,624.681339,47.641666,53.789566
683.480730,624.220200,57.641018,56.956749
690.028263,602.058493,53.089592,51.936916
689.434134,573.653725,52.322468,58.177330
685.556654,554.949125,51.627934,57.590191
684.893295,536.084715,47.267975,59.236858
683.955811,524.023146,44.114166,59.195934
682.496162,512.051006,42.246811,61.015686
676.625076,507.513035,46.837341,58.686600
662.450825,503.362026,56.030952,60.241058
662.565062,502.542559,56.758106,61.357014
767.146240,557.757992,54.247330,54.906342
767.385853,540.738503,53.014961,53.709068
767.324074,527.283813,54.403534,53.911125
769.450146,515.425638,54.548027,53.920811
770.583494,507.213045,54.654408,53.937687
772.663036,500.503830,53.827354,53.155098
774.830275,495.919695,53.681355,54.058506
776.826218,494.789192,53.133774,52.723747
781.633389,494.447466,49.462852,53.422428
786.394247,498.446177,47.689915,52.559742
789.194115,503.510300,44.948273,50.573830
795.109695,511.320362,42.094345,48.730530
801.395878,520.844543,36.508812,48.415016
805.197840,530.244085,37.520504,44.574780
823.147401,531.525885,20.360609,31.957516
787.435068,509.203602,60.375149,75.327606
714.063828,586.671455,70.674973,74.659355
744.086672,562.937538,59.766003,74.135216
763.034027,542.083065,53.700577,71.044693
781.748856,510.580051,81.114517,71.945786
829.127491,500.386475,54.952950,67.663719
840.602720,456.181190,62.914845,92.037453
843.110676,452.686966,68.238686,73.753716
843.948536,427.603561,73.768623,79.555412
852.445564,411.509392,73.844757,74.505836
860.762249,392.964245,75.308708,75.980316
868.159824,379.912060,75.763618,71.842834
875.267513,368.502235,75.095329,73.204933
882.121803,358.439266,74.466461,73.885284
880.548050,348.091892,77.614822,76.011642
879.913643,341.368877,78.427765,80.791351
879.282677,340.786350,77.170258,80.053391
872.426876,339.228947,76.263176,81.263992
864.891293,336.371792,75.855309,79.099457
860.468163,333.925529,72.757141,77.868202
858.401543,328.900730,70.633392,79.830002
855.283325,324.234207,68.692215,74.736198
852.536659,317.728806,67.860870,76.696922
845.931072,310.840260,66.128502,78.476273
840.044521,304.978474,65.849998,76.132034
833.757462,303.948215,63.133224,76.627457
827.189558,305.244431,62.607990,72.975212
820.351601,308.853069,61.278412,69.115204
813.772648,312.573177,58.827736,73.244110
808.966516,313.752426,54.873135,69.494469
805.331892,316.325184,54.553577,68.395340
801.620800,315.798431,52.658012,68.266197
797.128260,317.979725,51.399685,70.030167
792.905754,319.884438,51.307465,69.466957
793.177740,322.759481,46.577579,63.093884
794.097908,325.118439,44.176056,61.866142
794.539721,328.474495,40.258495,58.578560
796.236256,331.500412,37.524117,47.104561
790.615286,326.553415,42.449131,45.966816
785.952866,323.641708,44.948395,47.577568
785.430880,326.035376,41.836895,44.934872
785.753681,325.184013,38.451622,46.078773
780.988142,322.316715,38.394794,45.886627
778.736065,325.447933,36.941872,43.422882
775.374487,326.015310,37.703205,41.483639
780.586815,326.502010,35.161560,46.451508
778.749968,331.640511,35.425388,49.576729
776.806578,331.606600,37.029636,55.284092
772.193384,333.943182,36.998470,56.896709
767.755003,335.277315,38.702564,58.315434
764.125904,335.823904,40.107841,56.241390
760.851530,334.420132,38.746342,52.827774
756.351475,331.678093,37.116631,53.181602
751.152260,328.271950,37.431229,55.812325
746.494493,318.214684,37.480938,52.677513
749.269316,309.004652,29.654362,47.516018
747.468980,309.351770,28.217237,44.502903
744.427248,311.601170,27.215115,41.462845
742.578994,315.790907,27.206392,40.804043
748.196181,314.801655,25.854036,43.173111
742.977800,320.586630,34.970715,43.856609
738.339224,318.193853,38.815907,45.721218
736.781725,319.517054,37.296368,46.325245
735.087845,328.614403,38.623169,44.908699
734.548601,338.224564,32.156139,48.311852
736.066344,349.476250,29.009142,35.968147
734.214065,352.765160,28.440859,32.716942
734.283477,354.086102,25.815386,30.297531
735.109266,361.919180,24.931263,26.055096
735.166256,368.007587,29.782616,32.079544
785.648478,424.341640,26.515148,22.492249
786.851889,426.797108,23.937801,19.974800
783.431692,427.379800,24.659245,19.737585
782.519572,427.974724,24.243929,19.521446
780.962362,428.471482,24.490116,19.459425
780.282669,429.058296,24.790375,19.758003
779.579599,429.824098,24.757450,19.664534
779.916700,429.343283,25.102421,20.359737
780.505742,428.311978,24.322355,21.286711
778.271495,427.744274,25.109430,21.161987
778.792353,428.527879,25.198360,20.667456
778.271311,427.202757,24.758854,21.376896
776.974326,428.212172,24.770594,20.515263
773.685807,428.737657,24.708670,20.353765
773.922115,429.306127,23.578873,19.850195
772.508827,427.299158,24.369728,20.928219
769.314083,428.128709,25.093803,19.994345
768.672790,427.443496,24.183939,20.504107
767.673931,427.655883,24.049141,19.810434
766.780723,427.334240,24.157686,20.197670
765.774550,428.318120,24.345377,19.870459
765.884623,428.755796,23.953129,19.960835
763.962310,428.465432,24.814615,20.191923
763.317777,428.289827,25.434271,20.706905
762.106282,429.854360,24.910955,20.570852
762.099669,429.967460,24.684824,20.742159
762.637536,430.255164,24.146887,20.658648
760.639480,430.626804,24.632959,20.280632
761.161835,430.514733,25.510460,20.685087
762.000607,431.612397,24.291344,20.287054
761.644703,432.349232,24.562004,19.850868
761.718373,432.681683,26.555853,20.025528
762.216746,432.567056,26.665857,21.078856
765.924257,433.407429,26.535610,20.553665
767.038454,434.128266,26.324970,20.456099
767.863685,432.922982,26.719210,21.501257
773.096804,433.826068,25.094006,20.276049
775.268559,434.664179,24.576302,20.280025
777.084556,433.660563,25.091021,21.130383
780.937987,434.533393,24.238497,20.078341
782.121298,434.623239,24.698597,19.958723
784.401544,433.669889,24.618231,20.482212
786.481542,435.262955,24.313864,19.444923
788.065189,435.638688,24.401123,19.334852
789.034790,434.634699,24.160133,19.814495
790.111558,434.766284,23.246519,19.033937
789.741758,435.091145,23.452045,18.969948
788.795403,432.153460,24.447754,20.859425
786.732171,430.493474,24.743734,21.046682
784.362825,428.320565,25.314564,20.860029
782.047932,427.242043,25.100197,21.213882
781.527546,426.332115,24.524216,21.007050
780.345160,425.202163,24.772875,20.709612
780.216124,423.799775,25.229069,20.960432
779.873760,422.157883,24.853386,20.695122
779.452839,419.612749,24.576492,19.651653
777.916003,418.091923,24.427485,20.226135
776.155618,416.178968,24.918455,21.369442
773.013480,414.374508,25.952700,20.949867
769.624426,412.602370,25.979488,23.107668
766.906089,411.609401,24.587938,19.816111
765.296154,410.244196,24.448479,21.120052
762.887461,409.073277,24.540165,21.079697
762.204098,408.275588,24.329254,21.138910
760.968988,408.674916,24.376423,20.049124
760.128777,409.216612,23.604744,19.555019
759.595244,407.928916,23.226885,20.357134
757.738564,407.669796,24.456358,20.450592
759.876710,407.838108,21.590857,19.860008
765.744878,407.935322,16.378302,18.542038
767.076026,420.143791,22.550798,26.945564
716.291276,445.869437,25.952623,22.416971
717.412589,445.850019,29.640913,29.218845
718.424503,447.141115,32.170185,32.599987
723.081365,446.937227,31.697649,32.227016
729.728637,446.726875,31.698881,32.824158
744.246283,447.084951,28.278168,31.908237
759.704819,446.830903,21.172543,22.191221
755.431304,403.860448,28.092154,22.467543
762.953684,403.222164,24.623489,21.484344
765.699756,401.033670,25.361006,21.238865
770.409959,399.038214,24.333055,20.656902
773.107323,396.782307,25.113789,20.279297
773.228698,397.514520,25.330664,20.549864
781.488150,395.264372,23.359291,19.772648
783.644567,392.696917,24.389595,21.231121
785.716779,392.373903,24.989717,20.726452
788.955940,391.505589,24.187809,20.604988
790.149299,391.208920,23.499098,20.172682
789.519376,392.093685,26.323679,19.837059
791.845787,392.236614,25.560528,20.330940
791.779249,393.679537,26.240601,20.926365
794.180262,395.043035,25.203423,21.009939
791.598020,396.381987,24.694620,20.442982
795.655677,397.920775,24.242842,20.076136
798.594772,398.875274,24.465054,20.433077
797.535981,399.233149,26.809816,20.957508
801.426483,400.722019,25.011440,20.921272
802.719305,401.389211,25.704178,20.535757
804.219530,402.320781,25.523277,20.352869
807.818654,402.533914,24.418016,20.066648
809.395486,401.061173,25.636583,20.804548
815.767241,399.504608,23.460602,20.262154
819.112311,397.882742,23.981558,20.156765
820.061916,396.856113,24.709484,20.991005
824.553614,396.118814,24.131767,20.531048
824.796767,395.750483,25.122953,20.081959
828.680307,395.617630,24.126923,20.067909
828.599597,395.436570,25.842741,20.034315
829.552445,394.692658,24.527567,20.450163
831.092288,392.836904,24.942778,20.820044
828.218136,392.924508,25.441410,20.592505
822.323380,390.579252,24.848759,19.645206
812.552482,388.514606,24.752844,20.612947
802.768036,384.634828,25.734180,20.286337
798.552841,373.901467,24.586636,20.958746
793.751523,369.381820,24.176394,20.046587
788.815099,361.891626,23.490488,19.923634
782.763972,356.318317,23.990858,21.191513
775.799573,351.831477,25.196383,21.379763
764.123575,347.127262,26.669029,21.623993
756.361645,345.411110,24.056072,19.703232
747.271658,352.359352,25.449745,20.804749
739.903126,358.022769,26.324581,20.989710
733.862108,356.981991,25.518967,21.648865
732.539371,355.807330,25.431179,21.815340
730.536491,357.520354,24.285519,19.822893
729.082878,362.307110,23.985241,19.620316
727.348315,364.790330,24.350439,21.010572
726.815540,371.714935,23.785770,19.999100
723.216572,373.793257,25.492207,21.680988
721.981221,374.593182,24.820856,21.207664
721.313925,372.489739,23.865730,20.113729
720.641849,369.261134,23.404837,19.313456
719.109474,368.796735,23.531475,19.751066
717.024067,370.128875,23.718151,19.706797
717.423449,372.477522,23.438858,20.133999
714.660154,373.354708,23.753548,19.626026
712.034698,373.099976,23.977085,19.975670
703.922850,374.717434,24.612236,20.085892
704.513560,375.412564,23.208677,19.800039
697.644210,377.923613,24.456579,20.223537
688.915840,378.556694,23.817295,19.733917
679.016961,380.087604,24.134157,20.111559
670.765476,381.869916,24.216633,19.351706
662.260942,384.099050,23.284189,20.132917
644.106551,387.840116,23.764418,19.979269
623.911258,393.994396,23.680288,20.200081
596.457127,406.101025,25.697323,21.069298
575.039263,413.453386,24.955421,20.322231
548.721344,417.535600,25.838516,21.654295
517.124398,424.738736,24.596678,21.402990
486.550692,434.028599,24.825413,20.634468
457.507242,441.709696,24.169506,20.693386
427.930488,447.459105,24.450621,20.687304
392.934787,450.756522,28.665854,21.981882
366.192523,450.473469,26.614889,21.753922
338.230198,445.635443,30.364956,24.196346
319.376601,449.018664,26.199545,21.234926
299.887022,451.050920,26.091835,20.307461
275.117051,452.709661,28.599268,22.623608
251.610626,452.680527,31.228481,24.052391
233.889692,456.111857,27.582657,21.966372
213.185616,454.401980,27.867817,22.282572
206.048103,449.420403,25.059887,20.987051
196.509993,446.671963,23.748131,20.421867
196.349216,438.608418,16.297010,20.924940
196.432123,406.813610,52.729706,52.178234
159.201544,363.885916,76.790230,78.995247
148.335144,302.883068,62.016773,45.539745
158.011415,317.133844,38.771622,37.409195
163.146704,321.468086,43.700340,38.572147
171.590710,327.116131,46.962124,37.529430
179.489618,331.916967,43.113861,34.862114
194.766611,332.336565,46.131516,36.023453
207.574009,328.924765,48.212444,42.727531
224.112249,315.878418,52.148415,52.112919
234.173203,315.249386,57.164875,57.288769
249.814680,316.228561,48.563896,46.955601
329.801950,220.272459,64.775421,53.209270
342.570749,200.288414,72.509216,76.872826
349.701090,205.021080,72.603271,75.906212
361.652117,207.853954,72.343338,77.461288
375.650236,214.640423,69.724632,75.470810
381.602789,219.155087,71.861366,74.902756
391.683050,222.466709,72.034004,74.156647
403.177698,223.940693,69.986023,76.042267
408.243795,229.607475,68.379738,72.793236
414.750910,230.553474,68.643036,73.754936
425.211172,232.366524,65.484810,71.688286
429.440500,231.291790,65.900909,71.157242
432.193571,231.268806,66.503624,69.256584
438.025953,229.929321,66.825127,69.680122
441.384808,227.686459,63.845730,68.573990
443.149897,227.648670,64.577362,67.960907
446.256151,226.134953,65.179276,66.805847
446.109385,224.526337,64.771362,67.216560
447.086512,223.788330,65.344177,67.520943
451.331816,223.829109,60.630638,67.069359
447.549820,224.249847,62.786304,66.862434
445.145739,224.747086,64.767563,65.714272
444.323931,226.303566,61.881302,64.782097
440.837330,226.948738,60.972301,64.486717
439.645889,226.047184,61.425098,65.501251
437.546030,224.505074,59.526917,64.725060
432.034163,223.503843,58.838188,63.603191
429.904249,220.244774,59.864525,64.035515
428.651011,218.749022,55.921356,61.446636
423.494619,216.305206,57.718758,63.017097
421.867966,215.082319,59.668446,62.150890
418.086498,214.126432,56.146236,60.970654
413.346241,215.215878,57.599224,60.469772
412.214884,216.908613,55.414856,58.895275
408.228235,218.210701,56.239532,58.781425
406.320318,220.073355,56.819252,58.686184
409.230553,222.790850,54.099155,56.789036
405.799883,225.230165,55.364243,57.573338
406.281813,225.502731,57.161919,58.299477
409.209105,228.877619,53.485741,57.315144
409.111444,229.784424,55.038605,57.299171
412.458590,230.518620,53.158890,56.178070
413.051168,232.123730,51.605202,54.715775
412.278160,235.695976,51.964115,53.897331
416.182590,237.938686,46.884014,52.319321
410.148266,240.873217,50.146770,51.542713
413.229088,244.720671,50.414936,50.910488
414.808622,249.379545,49.520363,49.916653
414.391148,253.643518,48.177441,51.319431
420.148197,256.256662,45.227398,50.577595
418.224031,259.312582,48.950485,49.591640
422.137974,261.794685,47.681744,50.300407
424.352381,265.034676,47.784103,48.268150
423.709301,267.588993,46.778957,48.303131
429.523901,270.130642,46.603752,48.975800
434.212954,273.268141,45.425415,48.680569
438.055883,277.599804,43.519188,47.505508
442.936853,285.651148,41.023743,47.133320
454.686124,297.059999,30.925043,40.247639
458.602089,306.208521,32.857075,37.602482
467.663076,316.115351,25.189415,35.417164
472.350311,323.596064,24.971577,34.064030
473.334281,329.892403,24.216757,35.899635
473.825175,339.586449,24.248976,45.531105
473.651516,374.712499,24.210354,20.422697
472.855103,380.393054,21.014301,22.650553
472.277310,381.799243,24.196535,25.591318
467.687213,383.468516,23.187773,23.121248
463.943985,385.370622,23.522602,24.637075
456.341842,391.176834,29.894911,34.450462
445.527393,391.795681,45.982075,43.476669
363.969782,393.303143,29.708267,40.647690
366.602755,390.712824,24.418152,22.551884
366.037143,390.509146,21.699179,23.484570
362.481368,393.195236,26.684713,32.317734
357.715840,395.431412,28.246775,36.098465
351.978227,399.397018,31.007067,37.284302
352.150788,403.616592,30.150438,33.387939
352.500783,403.238150,29.570429,33.659992
359.192643,395.049128,27.534288,33.097286
364.451957,400.365661,25.018057,26.096331
373.584105,382.580820,27.534645,40.175961
386.129706,393.170359,28.809637,32.099087
387.795201,404.943844,28.669489,27.543221
382.573822,413.026345,29.335712,31.934706
387.148770,413.754496,30.658289,35.615200
391.328871,415.559690,31.280952,34.792225
387.859972,425.229599,30.879028,34.507614
384.091391,430.820652,30.686150,35.478157
382.964375,435.772982,29.190334,33.960155
383.568516,431.750027,27.737682,33.202049
387.020514,433.171959,28.098242,34.856140
387.704446,427.852508,28.075777,30.580202
387.808406,422.559891,29.811552,32.766922
389.466044,421.598063,30.561598,33.595837
387.859510,419.611300,34.068489,37.380779
385.253183,421.861570,36.312042,36.899158
386.912567,423.480419,35.362110,38.486732
381.028490,423.299391,35.709991,36.618610
365.897305,423.535425,36.846111,36.093502
354.507574,423.868711,35.737007,35.591740
344.202129,423.598389,34.879635,36.347382
336.767931,421.995745,35.899826,36.795773
329.012283,419.343431,37.409550,36.403759
326.585779,416.918051,36.378647,38.011616
318.771795,413.248426,38.637871,37.416843
311.720583,410.599018,40.930710,39.018288
306.473993,406.483816,40.806595,38.464725
296.733696,401.204067,39.910648,39.596031
284.505590,391.744675,40.303490,41.565186
269.562601,386.117275,42.925430,41.911781
245.662195,383.041117,49.201096,44.657558
224.004143,376.230850,47.228458,47.759201
214.199892,369.068794,42.545517,40.715973
206.832998,361.611645,41.261940,43.489159
197.974232,354.516979,42.365871,44.757759
189.318413,345.124605,41.634693,45.521297
183.473772,337.961191,39.954544,43.254391
175.291162,337.960634,41.661682,43.279522
168.662142,335.150175,42.780457,42.764851
169.583378,332.777132,44.435116,41.686565
170.624807,328.270121,38.361366,45.337627
163.020557,329.419670,42.272823,42.533051
159.104063,331.722168,43.371910,42.792221
154.717197,333.517654,42.541637,41.396011
151.261332,336.111517,41.761444,42.138767
146.071562,339.250698,42.655067,43.505318
141.310577,341.053314,43.294544,44.364243
132.719212,340.411728,43.260021,44.381897
125.193857,332.364027,41.644012,43.144657
115.896376,319.518057,38.913475,41.557453
111.071215,307.581079,36.574722,38.723629
104.885899,297.460245,40.581173,41.092815
100.729095,287.052959,42.614017,42.805412
96.635811,282.155134,43.938053,40.772327
92.572607,275.246332,43.817177,41.897060
89.454727,272.235107,43.707249,41.969955
83.295866,272.350367,44.794548,43.022106
78.560369,274.293041,44.427635,43.118538
75.805454,276.929167,43.423382,44.384037
69.376869,283.670860,43.942570,42.480194
65.305107,292.033247,43.040531,45.189701
61.727818,301.659462,43.045254,43.317123
61.980825,311.216228,37.346184,43.116829
56.457888,322.250315,41.705429,42.521603
49.982130,328.408144,44.722496,44.377682
47.483923,332.599346,43.636452,44.837013
43.135799,336.250917,46.079815,44.990398
39.848515,339.005299,46.648296,46.114510
38.967505,340.932188,46.886391,46.892338
38.092190,342.170813,46.560497,47.287556
34.888214,340.709150,48.894123,47.714420
33.266985,335.876852,48.358856,47.848988
32.223343,334.934685,46.522587,47.640625
30.712383,332.996723,45.772015,48.118462
30.125896,331.411600,44.165874,47.221600
23.742617,326.809721,46.861069,47.744556
18.116522,323.762030,47.339943,49.205418
14.970282,323.858740,46.934395,47.808506
12.556778,321.954664,47.140553,47.736225
9.792974,322.578405,47.967262,45.414417
6.127991,322.876129,49.368031,45.976944
3.811062,321.599276,50.236996,47.302624
1.690918,320.897190,50.955402,48.124306
0.673967,319.979673,49.029129,47.474979
0.569382,317.993704,46.287571,49.076878
0.387135,318.206764,42.892300,48.541061
0.244892,317.648802,41.750072,49.370106
0.136341,319.089727,39.670528,50.164417
0.000000,320.371914,38.018707,50.042702
0.000000,320.493448,34.453947,50.899624
0.000000,321.931301,32.180861,50.396385
0.000000,324.664759,28.880415,48.734982
0.000000,326.498734,26.970186,48.751343
0.411548,325.487646,25.813259,50.526844
0.000000,321.881496,22.392285,51.255455
0.000000,319.073593,21.908403,49.744202
0.000000,318.268835,23.696660,49.669407
0.000000,317.239248,22.044224,48.018940
0.000000,314.619877,20.705595,48.687782
0.000000,312.917942,23.994465,49.270454
0.000000,309.295506,21.614992,48.728294
0.130709,307.465982,21.168180,50.043133
0.000000,306.639751,20.668621,46.997948
0.228605,306.138121,20.639679,49.129154
0.000000,302.652542,24.879098,52.449707
0.000000,302.977884,32.479262,53.355495
0.000000,303.576958,33.875558,52.354813
0.000000,298.257593,39.342740,55.219814
0.000000,297.058578,50.107949,56.010056
7.524775,296.405947,56.063221,57.036327
15.301623,299.414305,56.678867,56.593708
27.655523,301.439325,59.442593,57.229824
44.584229,307.674021,57.927315,56.375820
63.139963,314.853344,54.918842,54.621269
83.451016,319.897697,58.997177,55.138947
103.832579,329.209110,56.451672,53.864632
128.248720,330.543678,54.352848,55.617218
153.183638,332.141659,57.396893,55.424217
178.587711,330.486729,60.015869,57.294136
200.541796,328.591862,55.730534,55.851875
223.926384,322.862516,56.470146,57.212269
241.399286,317.007231,57.006306,56.619007
258.446005,309.658062,56.643490,57.604118
278.816660,303.488283,54.260700,57.357769
292.515543,296.381556,56.907246,56.656460
304.003164,288.749741,58.237057,57.164108
317.839386,286.057003,57.795296,56.372490
333.463549,283.673330,57.231236,55.892094
349.635348,280.128054,54.239048,57.177135
361.671480,280.343760,55.415104,55.381527
370.413126,277.621637,57.320850,56.840572
378.605072,278.334503,56.985268,57.739426
382.447088,277.008312,57.700130,58.790550
387.837485,276.742920,58.454342,59.017197
392.885040,275.860832,56.814339,58.040710
395.640286,272.928659,56.307632,58.306423
393.698792,271.783463,57.468330,57.442368
394.168736,268.872849,57.667053,59.603592
396.478296,269.663244,57.502369,59.082859
402.772108,270.321056,54.160046,59.318047
404.143786,275.075201,56.384525,60.249485
411.216955,278.600002,56.132595,59.711662
420.452301,280.473701,55.724403,60.540375
426.303658,285.724148,57.268608,60.682701
441.547659,288.368704,55.722591,57.667149
451.988485,285.821571,54.405910,58.514862
457.783163,284.115393,56.881466,60.284550
463.284140,285.611092,62.365444,61.167542
470.804716,287.741182,60.574413,60.249676
483.784538,289.170958,55.699791,60.283436
480.610914,288.243685,57.609936,61.620983
480.318834,288.222628,59.229496,57.441601
486.302221,287.531279,60.355221,57.301533
495.759567,285.380920,54.906807,56.403305
499.959276,284.693357,55.008793,56.300495
511.632425,271.080360,58.547871,59.158218
525.070231,261.751282,59.064442,59.617554
527.089413,253.591135,59.107590,58.281384
526.456772,246.461369,56.160072,61.590019
526.582886,242.505651,58.795174,60.688923
529.221878,237.974480,61.540810,63.959396
530.097466,236.826515,64.092857,64.833054
525.108204,233.211109,61.129639,64.372215
520.939472,232.478878,64.655670,65.237617
517.032715,231.247971,65.253212,66.012299
515.750122,229.721405,66.678658,67.554413
513.445355,228.445507,65.812180,67.821388
507.775269,225.912518,68.175880,69.391548
504.027508,225.049923,68.606125,70.434914
500.948074,226.822121,70.014381,70.758469
499.409355,225.979469,67.833946,72.744247
495.943466,226.840187,68.390602,74.337051
495.062756,225.874359,71.416214,75.220642
497.778793,229.760330,70.853767,73.968475
505.979130,231.335217,69.654694,75.147285
516.054032,236.224720,76.716866,76.681541
527.640232,235.292412,78.435638,77.479080
525.509247,243.938618,80.800270,80.225761
524.462902,249.274117,81.390793,80.361221
528.559208,247.741653,81.958374,81.244537
529.606148,247.014217,82.409782,78.235695
527.760975,241.876713,79.978912,80.907768
529.457356,237.028381,79.969391,82.140625
536.571873,232.078140,79.137299,81.296204
545.686512,226.920986,77.170776,79.370155
544.996559,221.733288,78.658562,80.195076
542.985840,214.351048,79.405006,79.352379
537.152439,203.246201,81.141174,81.540100
535.563835,198.225647,80.527702,80.691589
536.128853,194.978527,78.924492,81.378059
540.655693,192.623821,81.577202,82.646767
540.586991,192.142666,83.916145,82.608498
541.491001,191.694023,82.478424,82.052628
538.942330,189.875484,83.242210,83.403206
537.858910,195.712818,83.989403,82.886101
545.532814,196.949841,79.642143,82.593361
561.909592,197.303917,79.369514,82.043472
568.446797,198.034420,82.493347,80.153603
574.058167,195.968838,76.824867,79.576485
574.091400,195.201321,78.750710,80.696297
572.323570,195.430408,77.882652,79.500755
571.890469,194.717815,76.704391,78.300941
570.737030,193.809536,80.211342,79.246376
569.331307,197.636063,77.079124,80.788940
572.051098,203.891804,76.751022,78.838921
558.521183,210.983864,84.163483,80.756088
549.871536,225.023582,84.602974,81.163223
548.536522,242.276802,78.471733,78.820541
544.107266,259.037140,77.535080,78.054199
541.422138,282.399513,71.849579,77.089615
542.796822,308.039646,70.271416,75.645103
538.399311,333.642521,74.840057,76.362114
536.730946,361.063107,76.304260,75.869759
544.811756,393.334011,76.677002,75.959267
544.201100,428.716183,75.035889,75.898415
547.667923,466.709076,74.211861,77.597778
559.603371,511.976921,76.062523,75.081558
559.684567,556.477928,76.293320,76.499313
558.511334,605.234253,72.424515,78.071686
559.450104,594.138130,77.131325,76.932755
565.377522,552.302330,75.926361,76.949265
569.229672,513.330570,74.458572,78.670067
571.268601,478.409145,73.584114,77.850075
575.285977,446.568649,74.362320,79.272980
586.278561,419.919212,73.106522,76.371170
587.251850,400.793510,75.622742,70.493118
588.620827,383.915188,74.963890,67.275642
587.843670,369.671764,73.146286,73.312325
587.169426,358.171654,65.540245,75.905075
577.004688,350.691673,71.851624,74.649765
567.759628,341.402580,70.275063,74.624069
565.154804,332.192211,66.789581,71.974464
572.584652,321.866577,67.382309,71.176270
590.849754,312.519638,64.356590,68.601257
618.383751,313.395985,32.685509,62.801292
614.067106,366.222799,24.013210,25.693806
598.121895,363.482618,32.670845,33.494190
566.416594,374.743629,41.903309,34.323654
565.823940,377.653101,34.950890,30.344250
563.859432,378.778306,32.251900,31.786909
565.676466,375.200521,28.204548,33.568897
549.927845,357.364704,40.990578,40.810471
543.027779,342.584925,42.300980,46.293751
614.034950,295.191940,61.567917,78.138924
567.523029,285.008728,75.879509,68.502113
535.558788,269.943096,69.980476,66.723007
503.081234,251.454987,73.792519,72.083870
483.218208,250.283169,75.218857,75.520798
475.665524,253.530350,73.579170,75.634956
468.470555,257.426380,77.543297,75.041962
463.288979,256.754284,77.709732,75.403366
457.973141,257.824944,79.346840,75.704979
455.645275,262.265923,78.109047,74.707451
452.204418,268.017300,74.672188,78.032486
452.143894,285.104263,70.762535,73.457253
463.152626,314.493294,66.929642,71.827629
494.871212,361.068287,65.705086,59.415283
526.501263,388.893007,72.323036,59.386936
559.873409,381.884933,72.800270,75.202339
588.073494,373.075325,75.415054,73.410667
608.088505,360.357502,73.246208,71.819214
611.442372,345.704636,77.866051,72.393105
600.901364,332.537968,76.474739,78.626434
576.353954,318.911285,78.529610,81.940987
543.612194,303.161114,75.930519,71.821701
510.945976,284.401611,72.546432,71.619606
483.274994,260.173500,72.913055,69.451866
462.217487,238.674850,69.508446,75.027534
443.329956,236.703220,70.532776,74.312134
425.422299,244.501087,72.073860,77.448669
408.514118,273.542755,74.998924,76.212196
394.756535,311.467255,72.605339,75.836372
385.281780,361.520172,72.580208,74.291573
376.978192,415.232559,72.911903,72.385811
371.322422,475.154583,74.722008,73.933517
365.146874,545.382160,70.921585,62.000763
361.992806,584.553722,71.900711,71.751358
365.106709,535.480152,71.203423,71.606018
366.360100,490.179832,74.421402,72.183647
372.990070,446.703999,71.648552,69.909943
376.202187,405.617718,71.999466,72.462479
380.693817,369.311825,71.647461,72.700668
382.594620,336.922600,72.996643,73.057274
386.733524,308.258636,70.682884,73.129005
388.610943,282.940926,72.991371,72.101433
390.220364,261.701664,71.924690,72.624115
391.774319,244.843750,73.158821,71.929695
391.794579,231.894527,71.831436,71.600510
393.950936,223.269680,70.712234,73.059616
394.066681,223.972805,68.605164,71.166397
395.775124,228.457294,68.797623,71.510071
394.700340,242.357285,69.199142,70.582619
394.388340,262.432652,71.572533,72.687195
393.952393,296.081890,71.403778,73.443497
393.001869,337.806023,72.858414,72.354454
394.030358,382.705742,72.966507,71.586449
394.841805,432.510624,69.739212,69.117859
392.918648,483.842155,71.039810,71.832512
393.536125,536.514614,68.600296,72.299301
391.854836,588.160805,69.794937,69.493767
394.469845,545.229248,69.024544,70.655617
399.226868,503.350933,66.256897,69.240250
400.597725,465.907276,69.937210,69.143524
402.887398,430.087341,70.979874,68.770760
404.578633,396.302334,74.279076,70.898422
408.624622,366.574379,73.207298,72.229301
410.408009,340.082287,74.168297,72.142593
412.005608,315.093967,75.121445,74.550873
412.962525,294.443806,75.909210,74.196259
417.472088,283.286106,73.543922,68.057281
423.782059,273.648922,69.241455,72.656876
429.286163,275.026852,68.854187,72.138077
440.689625,286.190304,69.619347,70.817001
465.918999,299.814621,70.405441,69.681435
500.927815,314.236568,53.914391,69.057816
538.886788,329.979746,38.524551,59.292469
607.238056,276.915028,64.746941,125.185928
625.491245,338.470249,69.345604,72.736557
645.133724,341.917711,71.651344,62.048084
648.324486,319.911133,77.252243,72.634544
638.761837,308.398155,79.268837,75.902931
618.461823,302.395195,77.612244,75.427681
590.267643,300.559467,74.934746,77.308853
550.663178,303.080093,75.789917,73.021843
508.378742,301.197704,73.864647,74.333374
471.289177,289.590164,75.317551,73.215660
450.441052,274.253933,76.036507,76.339600
439.561375,259.207409,72.414787,76.601013
429.661625,256.640274,72.898003,74.280571
424.350338,256.379265,72.902077,75.662331
421.906094,247.401527,69.963051,73.816719
414.480271,243.330994,74.021942,75.251549
416.119564,244.990074,70.698494,73.349495
408.477741,250.134453,76.277458,71.763313
406.495255,259.909348,73.770233,69.347252
409.551335,278.824150,71.606956,74.189949
410.042622,308.555840,73.377678,74.585426
419.107563,337.491432,76.173851,71.685951
437.888958,363.713177,75.472084,69.896942
464.003960,377.857563,73.537064,72.559189
499.399063,383.079260,71.897369,58.981152
512.594010,374.005337,73.565857,67.576111
522.535671,361.681660,73.458931,75.063370
531.870991,354.153767,73.743736,74.273727
539.506924,350.046722,73.183784,75.031303
543.248867,350.626102,76.418404,74.034866
541.519024,344.720242,74.221260,79.770874
531.257752,336.058872,76.704437,79.854294
522.173340,323.258980,77.513580,81.675972
514.993576,308.002846,77.906952,77.437325
508.470822,295.198753,78.060493,77.276405
499.939118,293.354591,77.883423,73.150520
490.721413,299.117981,80.851822,72.409904
479.527950,312.824154,74.983833,71.139221
470.244202,326.307617,71.524445,75.488884
456.455498,344.593773,71.612869,75.069771
457.463635,356.421341,72.764534,73.283165
479.524452,360.382523,65.805099,70.846123
520.478516,365.884022,38.716492,50.984543
546.460657,360.556679,58.079662,55.489021
612.733582,333.085693,55.112823,70.518608
617.961319,324.898685,76.913727,73.008926
632.535477,319.588337,75.592163,73.117538
627.196922,316.589367,77.412460,74.819672
610.563156,318.182201,76.268280,74.610016
586.988266,324.164371,76.687286,72.682388
563.782890,331.622593,75.216019,70.781631
540.691425,344.666763,73.955833,78.952446
522.515015,370.220364,75.150604,76.289520
519.000992,403.089191,74.098541,76.235855
526.154450,443.099892,73.956146,76.073982
526.184467,481.918846,76.822136,78.512062
530.045342,523.409092,77.973892,79.071487
535.947571,574.224758,76.061554,79.660034
541.863800,613.078156,75.981812,78.138695
549.992642,568.958668,79.055702,82.154922
560.333195,529.628494,77.685387,81.070763
568.109020,495.072964,79.396370,81.038330
574.252667,463.830761,81.200783,82.172699
585.013012,435.601692,77.774147,81.562477
594.613415,413.047714,75.434059,78.291496
599.260811,392.621998,76.357254,76.946213
600.897545,385.505795,77.859634,78.087097
592.300842,400.305325,77.646118,75.694946
574.680119,434.413353,77.109734,71.151375
555.096874,469.355858,73.329140,70.863899
542.381283,506.906803,68.846809,74.290909
536.393822,531.260536,71.144028,75.877083
557.337799,556.155098,72.825623,70.465431
605.050022,565.824974,69.685814,67.463417
646.605312,569.115259,62.150154,60.327671
692.734879,550.501549,64.367462,64.179665
715.382942,521.421009,68.316238,72.019638
729.822880,500.285595,73.884300,73.404724
733.695862,487.591431,74.361420,72.145073
724.393978,475.118530,78.309242,70.688622
701.266659,453.429401,74.775002,75.550491
664.573540,429.853195,75.873245,78.280998
623.726742,400.150425,76.313087,72.672989
582.319332,363.708336,77.157082,75.871681
549.057030,331.999249,76.458359,72.451416
525.236786,309.981075,73.215118,72.261139
512.135819,300.290592,72.788239,76.038681
506.635166,289.220539,73.275291,72.751877
503.947636,274.289398,74.489159,74.282127
502.064694,264.981861,74.203346,73.837692
501.536492,257.661961,72.114334,72.581039
499.501305,253.990566,70.219193,70.983185
502.675114,254.856510,70.243706,69.470688
518.470986,258.833073,70.513199,83.057785
548.710091,264.674210,68.629990,71.516685
577.947067,271.282032,69.817108,66.433365
600.826573,271.461403,71.609520,70.417915
602.685269,276.102558,70.690376,64.650131
595.237919,279.938049,68.848320,64.446373
577.329098,284.666130,70.626747,65.771278
561.440479,287.485703,67.360832,68.606468
539.747959,286.910629,71.080009,74.664543
530.263062,280.919907,67.467743,67.221764
529.236614,268.219662,69.889015,69.053864
534.210117,259.651459,65.532280,70.200584
532.726410,255.233955,69.769196,69.781746
534.996140,253.801376,69.817932,70.882622
537.179779,256.620327,70.440094,70.183807
540.265396,259.077099,69.511078,71.574982
541.710674,268.389454,66.786049,71.219254
543.356484,276.297813,66.321365,70.419807
549.182266,281.279697,62.124695,69.846573
556.682427,289.584682,67.580460,68.655151
566.326790,297.585697,72.644211,66.725052
588.914318,307.080978,68.448158,63.213036
621.302628,326.252825,67.480835,53.111286
658.073313,333.715055,40.698223,51.339077
683.878395,336.278275,50.208878,49.921150
759.189346,332.464272,60.803772,55.676903
790.173233,307.021030,69.936615,88.433502
802.248772,337.527618,66.224045,64.129402
808.297531,342.879711,67.945862,64.292709
800.314263,346.555893,66.760330,66.346718
777.937363,350.361073,68.705292,66.139435
748.423885,344.286274,69.417732,69.771851
717.770657,327.990181,72.478004,72.339409
687.787102,312.185818,67.495224,68.155289
659.493118,305.309429,71.544189,68.035355
642.470425,304.681587,70.102333,70.203880
632.210514,303.843895,69.149590,69.726463
624.818493,302.028366,67.883308,68.441414
616.960529,301.694485,67.371117,69.062912
609.362412,304.907074,67.216125,67.174507
600.329579,311.473896,67.215935,66.131561
596.990856,323.585129,67.853127,68.252327
605.856762,353.829639,64.937996,63.398773
622.795471,381.597839,66.085999,67.686104
657.005608,407.482327,64.740860,66.280502
694.120110,422.095215,71.546341,66.172585
732.328800,419.046516,69.393425,62.170464
756.177338,397.439796,68.819092,64.326622
761.631073,378.376581,70.913025,63.809803
755.369534,357.010639,68.059792,66.816681
739.363884,338.112385,69.728775,65.782959
705.394276,316.383675,74.481590,66.932793
673.233822,293.437561,65.756416,64.589638
642.075096,273.706543,70.512741,66.329567
621.242260,271.376572,67.241951,69.239601
605.463082,285.901741,66.358322,66.685020
599.499649,312.257782,66.888367,65.040108
603.271469,342.006931,68.922150,67.553040
623.359898,372.151642,64.530876,68.269081
662.660700,398.599205,59.307384,66.923546
705.668915,403.241480,54.459778,59.818684
717.937845,391.950542,57.963177,63.258835
720.442652,389.536531,53.914654,53.241550
729.124943,363.228806,65.325584,66.019188
739.841946,354.972626,62.833870,65.772392
742.985886,356.701324,61.871399,59.275597
734.456326,359.955181,60.958412,58.518402
729.140831,361.650831,64.270706,59.448025
735.702730,375.258640,58.725857,55.770401
733.512751,389.422329,58.317425,54.870178
745.832630,409.337818,50.156303,51.071976
738.795098,412.022051,69.058182,61.258625
751.474117,418.067009,64.796822,62.171547
751.022152,410.457722,66.929848,66.335190
752.509022,403.755892,68.144646,63.259449
764.020218,403.377266,63.193451,56.900368
757.094999,404.526434,61.332859,49.946819
732.078877,380.942564,68.831001,63.322979
731.884331,376.730791,45.809570,58.697178
743.226820,326.533867,55.913960,77.053322
753.223599,352.643805,42.164757,50.546093
763.279894,316.012438,36.137585,59.707096
766.235693,314.460026,39.463978,87.414459
761.416985,356.413368,38.446487,46.797752
750.633774,314.225225,26.363815,59.512875
718.514792,297.474909,35.972614,45.898075
691.368799,290.240000,39.109188,43.078129
618.797770,313.925617,41.537479,51.367508
524.351519,285.129574,63.422878,69.590927
502.574951,265.168781,71.728760,73.404694
494.275448,247.151447,70.985146,75.487457
490.156429,228.063198,71.698830,72.831009
485.324196,208.829132,75.543686,75.734810
487.750145,189.587921,73.535538,75.879341
487.413197,165.028316,75.181480,77.663132
486.342018,143.914818,71.708755,76.604301
484.576187,123.773979,76.349152,76.431419
481.967442,109.853451,77.816826,73.842667
478.902386,94.107792,71.753883,77.089447
474.467285,83.707283,75.915222,75.919304
473.141865,77.634991,76.476860,75.146408
473.828007,75.149094,72.907707,71.721870
467.430084,66.622135,76.014557,70.350128
467.153092,55.237499,73.539307,68.228561
455.668736,36.454762,75.304558,67.607208
445.693691,20.364204,75.105476,75.704033
437.432263,10.812340,75.432014,74.497520
431.388008,0.506393,73.222946,73.521278
427.616203,0.137980,74.563278,58.749439
422.402756,0.855879,75.207581,48.514355
417.698391,0.000000,74.404610,44.844070
418.597057,0.666094,69.855751,39.801922
422.117844,0.715849,66.580627,39.885334
427.614451,0.562218,63.235943,35.305756
417.338646,0.676487,74.204269,33.200310
422.956150,0.915039,67.678490,33.255417
422.707871,0.032763,75.551392,41.007732
423.645222,0.033718,75.550072,50.884270
425.661072,0.600170,75.440460,62.317711
426.740334,9.349380,74.520493,70.419510
429.332012,21.602867,72.459724,75.287567
429.525517,42.871216,74.138634,75.158554
430.478130,67.311905,75.794624,77.683304
432.178929,95.489326,75.870750,77.182861
433.321842,126.899460,76.923851,77.943130
438.312359,158.518391,75.502327,76.766701
442.314575,193.177410,73.165894,77.241631
443.168774,231.112751,76.252113,74.039925
447.969029,269.246609,72.235893,73.235161
451.277294,311.875778,70.696571,69.685440
455.458630,357.680645,68.183174,68.149620
455.916668,405.480095,69.476204,68.746490
455.579044,453.516457,69.994072,69.709717
457.611992,505.266857,69.167130,70.717674
460.330212,557.879162,68.342903,69.244225
459.517220,614.990494,70.265121,66.235611
461.292469,575.976658,68.750267,68.293983
464.792275,533.504833,67.034866,66.913200
469.409659,495.949234,62.748554,66.308548
470.718846,462.010979,62.177605,65.022079
469.490181,430.093967,65.477859,66.663475
469.166405,402.817551,66.078934,64.671173
470.291531,377.351223,65.497749,66.737892
469.979191,359.407913,65.843987,66.354431
468.158806,347.726383,65.215744,65.931175
460.940083,344.959999,64.850090,65.566574
448.174519,351.568550,67.078270,65.606918
434.451077,364.129387,65.731026,64.469650
422.541489,375.506050,63.253204,68.364212
414.167244,388.694996,65.372482,67.614555
417.612553,399.336601,69.612236,70.615799
430.187096,401.408661,68.016495,65.633362
448.034813,392.624344,66.532913,64.793579
463.345955,377.631435,66.405533,65.569435
465.427441,360.741398,69.008553,67.422752
467.174240,350.871513,70.950531,69.575241
467.615536,352.916775,70.724861,68.128792
467.192249,367.659439,72.692863,69.208984
470.531277,392.958088,74.088234,73.994316
479.458370,436.470901,73.465462,74.500244
491.576908,483.879627,72.258171,75.360893
500.182449,532.165493,76.023987,76.530678
510.262371,591.303127,76.444130,76.177162
519.044960,624.553749,75.571945,79.610428
517.574371,580.081963,76.077911,77.122574
518.326706,539.272743,76.374878,76.672195
519.738926,502.882633,76.304436,78.377861
521.663143,468.785881,75.883766,75.834000
522.978096,441.290089,75.184738,72.952507
526.110050,414.245743,74.988304,76.133636
516.521904,405.748402,75.360916,77.446373
494.660648,405.796551,76.964531,77.557106
464.504067,410.036842,77.366257,73.720932
424.835117,410.749050,73.420891,74.356453
389.228169,408.433598,73.706230,76.586998
376.142479,406.092583,66.723404,74.147018
373.594238,402.707104,69.543671,73.858833
400.415672,403.754040,59.137955,60.123726
430.793755,408.203053,44.993301,38.436455
423.524997,403.701716,26.481592,23.528605
419.405655,413.732434,24.548347,24.088263
396.010304,404.163692,71.251984,68.926994
538.977089,337.675629,68.007011,72.558350
553.693531,336.563911,77.220459,72.321304
557.621540,333.495487,82.428101,77.724998
552.091026,329.930431,80.507713,78.277138
529.442608,316.364708,80.927200,75.139847
505.529213,294.587086,76.345299,76.587303
483.281292,284.250198,77.042343,76.881256
473.574803,282.724548,65.432373,74.409943
452.008614,281.658066,77.130913,73.826813
443.509628,276.488270,73.300331,74.248772
437.989845,271.496834,69.391258,70.282364
429.771565,267.894485,71.882538,73.488861
426.996395,270.203289,67.931931,68.357552
418.273628,277.886703,74.815666,65.722992
419.728562,298.015049,76.403511,69.085594
447.504048,322.830021,63.094391,64.987480
472.852411,346.378426,59.712330,67.467331
501.249016,363.932823,61.980492,68.922989
540.266972,370.721607,73.888672,65.631828
562.515400,362.313673,76.552063,60.707523
589.054819,350.019741,61.582020,62.110176
605.384203,339.699919,62.642460,61.534214
625.916685,333.257578,61.364330,58.675976
640.975039,329.185556,60.944035,59.330273
653.125637,324.392540,61.790756,65.343430
664.458044,315.543335,58.639858,67.027191
668.745033,303.333664,57.839012,66.336243
663.303293,288.173767,57.736561,67.342346
651.900919,273.326603,58.626606,59.085014
646.833723,267.915262,56.383099,57.747692
636.024960,267.975000,59.357071,58.151562
614.827248,279.981403,62.828331,56.853661
591.128197,302.570648,57.775978,52.652405
554.851565,324.168795,58.412739,54.185543
519.639282,348.442003,55.625359,55.866177
495.927813,367.504715,51.626347,56.937531
483.506821,376.819569,52.565880,56.447624
495.861588,373.609795,52.810661,54.043076
511.331530,375.047485,36.000690,37.812042
496.942372,348.890762,97.609619,85.003311
598.317438,334.492397,31.385365,52.330376
599.110682,327.670582,46.388905,51.477379
603.081949,315.487392,56.488941,56.032036
607.002676,316.315821,62.100277,54.904812
609.398554,323.035236,61.495777,55.880867
605.943930,335.828571,58.615505,54.781990
589.520947,343.214806,59.953384,61.859192
571.768023,350.426428,55.499485,61.721378
564.137741,344.544701,54.168495,63.583679
551.596579,326.160971,56.589474,61.364033
548.148197,303.306986,58.287445,60.094311
548.756060,282.957722,63.967808,56.147804
563.126654,256.519100,61.347561,63.360161
582.503849,235.838648,59.541626,62.170559
607.388706,220.876839,60.964691,63.230743
628.411631,220.946377,62.306660,64.004509
630.053818,236.529617,69.044350,64.669601
636.503056,256.787106,67.248962,64.767632
644.368351,281.583588,67.638885,71.298935
650.394978,308.364716,63.824524,65.437668
655.821171,336.282150,65.215637,67.407669
660.545401,369.968563,63.546963,65.206932
664.504509,406.608204,65.725609,65.479042
665.451767,443.603802,66.487221,69.609489
665.338978,485.697643,66.877899,66.108727
666.004707,531.888294,64.221428,66.519295
667.520329,580.815075,65.501465,64.136131
663.306065,547.115280,64.136139,65.990219
655.503525,511.555542,66.905586,67.305740
643.457489,479.453575,67.941017,68.017090
634.442082,450.425388,64.295227,68.249336
621.835873,424.199123,67.308762,66.852531
615.022263,401.674198,65.395424,66.149483
607.163750,382.581539,64.878471,67.391716
599.411377,365.337353,64.341286,66.358665
590.151692,349.129627,66.562866,68.638588
589.016728,348.652565,68.385620,63.446014
595.603760,349.161240,65.311989,63.532211
610.068024,352.164997,66.875893,64.854897
635.852610,355.755970,62.630054,66.745003
665.941967,363.561489,66.433701,65.766350
708.099243,370.398361,69.064156,69.906540
750.624132,370.464554,61.780277,65.358841
765.234314,373.987160,64.204018,53.161011
762.474148,351.156395,65.532883,65.888275
743.749441,350.636311,55.771542,50.139717
687.635700,324.356487,66.063919,64.263695
687.671782,350.161711,40.698086,39.289570
678.317566,347.886972,41.559746,52.523174
683.319727,345.392862,32.305180,56.915478
684.080202,342.661699,27.855671,61.573360
684.937072,339.412315,24.340738,65.789154
682.042813,327.766010,23.507689,80.149025
672.535939,375.778410,23.049833,32.285236
671.269902,383.753391,20.764723,30.981758
669.717016,384.262814,15.355618,36.798134
646.726908,391.106424,34.208805,44.780376
598.749275,412.677637,43.660866,45.886044
597.573922,421.057777,30.733191,43.017227
588.305914,410.548267,35.569317,54.102608
588.829926,401.252468,39.666176,76.616402
513.855290,353.250126,99.836838,87.828377
446.687962,210.200512,118.486343,127.993919
445.467961,226.508781,127.246719,116.625671
438.857060,228.702721,145.325333,142.738770
416.087158,514.372246,91.947227,70.980164
423.171868,497.469257,53.254219,55.472908
432.050961,471.277464,57.688324,60.253910
437.647514,447.160969,64.263252,66.811134
439.644098,436.880310,63.770145,65.904526
443.745392,432.536270,57.433647,65.209885
448.050343,430.757788,55.212814,63.271427
447.982016,422.616905,56.445324,62.791473
461.953381,419.137302,44.274139,54.521004
474.854313,415.385292,32.377975,39.882919
482.449357,406.200982,25.841543,30.451643
477.069504,359.719973,23.968834,44.471577
478.629535,368.701672,23.955446,36.932159
477.985806,375.195768,25.320663,44.767361
469.688095,364.860046,82.740395,66.475334
599.253018,365.221704,65.477615,63.834202
611.546242,376.915564,61.264854,63.292553
619.806601,395.489159,62.219265,62.058235
628.164269,419.036119,64.058922,62.316029
636.066887,447.646955,65.699333,63.995693
642.507713,479.286415,65.165154,65.894630
649.990711,515.939320,66.312164,63.914291
657.899590,554.819752,64.500206,64.924728
665.492726,597.065552,64.310852,65.199333
665.430145,587.581139,64.567024,65.942879
664.325001,553.659042,64.203979,65.081596
663.530102,523.133339,64.021774,65.350471
660.217140,495.475319,65.713158,65.681709
660.258988,495.420712,65.840462,65.471649
658.945297,471.708038,65.401741,64.941826
657.754261,457.101749,65.195068,64.236130
658.492939,455.629066,66.190521,65.011879
649.044052,474.081167,66.957100,58.177959
633.752478,502.504776,57.008389,54.608604
607.571205,525.515461,65.255272,61.428513
575.578259,555.726217,64.596130,52.714520
567.590370,571.551161,49.531593,56.652889
539.980194,572.783043,62.528252,61.047859
549.785235,567.698730,56.871021,60.087547
571.548577,557.385731,56.040016,56.818558
603.119736,528.019619,53.952934,70.124329
638.924049,557.732170,30.226694,33.036873
647.507752,544.350021,66.452797,52.952690
734.555390,489.039242,57.920113,56.773849
772.973101,465.256510,59.910984,58.238346
808.292071,448.368629,57.503910,58.511635
843.760151,435.289087,56.648468,55.638493
877.374441,432.471228,56.425381,50.896252
910.301081,431.041708,58.106800,58.684307
940.155602,446.645458,57.528893,57.606659
975.206867,477.373158,59.192596,56.906631
1009.484015,512.498625,60.387356,60.269405
1043.859223,555.653837,60.800575,56.097744
1061.427540,561.678043,61.499359,60.288895
1059.727736,530.411203,60.949261,58.071491
1054.788889,500.903101,57.900410,58.042652
1047.430308,471.089512,58.148426,58.208481
1041.402529,447.265942,59.671116,55.559616
1037.771132,426.411060,58.071728,56.190094
1033.754851,405.697536,56.575573,54.977234
1024.267904,388.722210,60.315456,57.128754
1018.488415,375.927429,58.055252,56.729942
1009.028649,365.940422,59.198112,56.160011
999.596460,358.151146,58.436420,56.540474
991.345911,353.435755,57.972919,56.909580
988.527544,349.598228,56.193729,57.148598
985.857477,350.558887,56.361103,56.631271
982.779339,352.927607,55.843063,55.831547
979.353811,357.996893,54.294674,53.963970
971.565598,368.452374,55.110573,51.927704
967.769564,379.951010,54.233341,51.882549
964.519453,391.452108,52.650890,51.993664
961.643494,405.967566,50.977608,52.900402
960.541113,423.509947,51.877346,50.345974
958.743817,443.075893,51.767166,50.339264
956.487908,462.251646,51.254143,51.416073
953.064818,485.227085,51.591000,51.404068
950.633347,509.970860,51.940041,50.145645
