100.000000,132.000000,95.000000,95.000000
98.834736,131.096783,96.450645,96.171059
98.986591,131.567661,96.343163,96.579155
98.573036,132.305580,95.988449,95.800247
98.687847,132.639938,95.951241,96.089844
98.375782,133.073261,97.178337,95.870323
99.583862,132.934391,96.199432,95.696068
98.713341,133.287945,96.338455,95.484200
98.182346,133.870609,97.732201,95.394066
99.122856,134.124817,96.219376,95.632904
100.355770,134.551750,95.768776,95.948410
100.187298,134.764435,96.253120,95.569397
100.961555,135.224369,95.379715,95.708458
100.471512,136.427174,94.890167,95.328056
100.405594,136.671883,95.019745,95.477127
100.894615,136.511009,94.986771,96.232407
99.459126,136.664230,95.592644,95.892029
98.669170,136.411884,96.295113,96.079124
98.818695,135.827782,95.992462,96.595566
96.983536,135.690605,97.418640,96.438828
96.794529,135.953556,97.917229,96.595329
96.756741,135.546120,97.509956,96.551682
96.129356,135.661480,97.716202,96.330940
95.177982,136.027260,98.991997,96.198288
95.091232,136.756229,98.744751,96.204796
97.035812,136.667999,97.590088,96.253540
95.911324,137.028461,98.659561,95.817314
96.977024,137.087299,96.859642,96.487297
98.320057,137.323380,96.622826,96.346191
97.819962,137.074226,97.021851,96.122543
97.974339,136.485847,96.838951,96.713699
98.553135,136.301849,96.768517,96.921509
98.156590,136.092400,96.910942,97.072067
97.317444,134.954323,97.650391,97.272110
96.880196,132.190434,98.863968,98.288414
97.612854,129.544994,98.284668,98.474617
97.351704,126.226917,99.106865,98.719933
98.823116,122.165089,98.156807,99.373894
97.632053,117.021049,99.196312,100.201309
97.217251,111.857796,99.539040,99.411331
96.855392,106.199047,99.936188,100.743202
96.077057,100.120888,100.880219,99.139786
96.513813,95.486889,100.541740,95.936501
94.981548,90.124855,102.209755,95.740768
94.225163,84.918934,102.148735,95.314232
94.760647,79.347172,103.776527,96.726524
94.907898,75.645943,102.422607,97.221786
95.551098,70.718800,99.418709,97.690361
96.706833,67.427807,103.462402,105.518379
97.346790,64.253880,104.445671,95.115837
97.971035,61.446243,106.595131,99.480011
99.229576,57.769550,103.788986,96.347893
100.508865,55.007896,103.194519,105.994553
98.802818,52.160503,104.692917,93.458443
99.367500,50.173832,105.587784,97.367455
100.004902,47.890411,104.553856,95.581329
100.533443,45.390827,104.488289,93.364738
100.301018,44.991089,105.007767,93.607513
100.605804,43.196716,104.660858,93.023132
100.662952,43.176502,105.256828,93.580986
100.381790,43.946918,105.740265,92.103325
102.027355,44.635998,104.574532,90.627449
102.380352,46.330456,104.419807,90.749550
103.884167,48.040188,103.075661,89.775215
104.644367,50.020382,103.990410,93.329750
106.231781,50.525539,102.775330,95.991615
106.788342,51.426620,103.905190,94.476685
106.644390,51.724018,104.337074,96.154442
106.667751,52.351654,104.960121,94.039276
106.089470,51.879028,104.464737,98.431763
106.206894,51.713726,104.443756,103.047890
106.552814,50.296051,101.926964,99.725952
107.105808,49.903851,102.910088,100.939583
107.164921,50.347675,103.543388,98.945518
109.567947,51.455513,102.190338,97.470749
110.959137,53.225060,102.633179,95.804276
112.430626,55.231239,102.355362,93.519302
112.720173,58.072369,101.783897,93.378426
114.050365,60.938057,100.595222,95.294815
116.243549,62.857765,100.660820,97.307510
116.586250,64.224174,102.156479,95.896866
117.786037,63.874580,102.402382,98.964188
119.216816,63.994480,100.637596,99.529869
119.934799,62.432362,101.777069,98.223564
120.644047,60.938774,101.648521,96.839523
121.424522,60.526638,102.542862,98.159737
122.391541,59.550259,101.773041,91.787666
124.186813,60.955944,101.622742,93.894844
125.651165,61.644241,101.503090,91.689270
125.440361,61.569977,101.016220,91.142944
126.917004,62.481190,100.599525,92.468681
127.214279,63.426907,100.068604,93.246864
127.616547,63.347694,100.802856,91.664200
127.294125,63.819862,100.699867,90.946121
128.106236,63.920547,101.071129,89.794830
127.953354,64.160599,99.887512,90.757568
128.252350,63.653736,100.003387,92.951775
127.312840,62.700222,99.402184,91.654671
127.378002,63.031681,97.694435,90.359428
127.315723,63.605801,97.764183,91.802559
127.029305,62.492226,98.010849,92.782822
126.478466,63.686474,96.773872,91.133430
126.014191,62.943951,98.993561,94.329659
125.676762,62.003128,97.516441,92.188477
126.174232,61.665733,97.514236,91.462479
126.050446,62.340065,98.743011,92.748581
126.512718,62.354370,97.054153,92.944885
126.649723,62.349247,96.981499,93.270287
127.254318,62.271637,97.561096,94.336243
127.124882,62.664677,97.633751,92.186363
128.068859,62.787560,97.211525,91.630630
127.414944,62.229259,98.157143,92.059517
129.076107,63.381939,97.674599,93.276466
129.043617,62.829567,97.182816,90.980820
130.456806,63.763645,97.463860,92.881126
132.758102,64.376747,96.627777,93.440475
134.129162,64.708172,98.043770,92.334236
136.238544,64.724045,97.772636,88.634949
139.410172,65.561779,96.565338,86.373146
140.953518,66.200890,98.874123,85.753372
142.118919,66.433647,96.475327,86.218491
143.812115,67.038807,95.710365,84.944756
145.623322,67.186359,96.213226,86.176384
145.719830,68.023548,96.982582,86.040062
146.211155,67.941105,96.793571,87.137108
146.943489,68.111839,95.802811,86.258224
147.564766,68.917480,95.456528,89.261200
147.578171,68.481663,94.857727,84.176689
146.155849,69.415771,95.873360,84.929413
146.295795,69.104019,95.760094,89.067810
146.109829,68.899288,95.047340,84.799843
145.794601,68.902409,96.009521,88.769981
145.653122,69.247208,95.095917,86.484406
145.305500,69.410675,95.852959,88.827667
145.770977,68.445686,95.129402,87.069290
146.172428,69.429714,94.974358,91.013161
145.085842,69.043743,94.857216,90.510689
143.718571,68.889385,95.062309,88.450600
142.964561,68.592899,95.658157,91.387749
142.970490,68.721851,95.171204,89.361015
142.484211,68.492970,95.245445,90.757042
142.337627,67.762749,95.623421,91.460831
145.365929,67.641117,93.581680,88.537468
146.054470,66.561619,93.983101,88.010857
147.684147,66.085884,91.958488,87.621201
149.175755,65.718258,91.741020,87.178780
150.746552,65.042408,89.797394,86.765862
150.791107,64.977665,89.695679,87.155968
151.784531,64.163414,90.716644,87.429337
153.118267,63.246056,89.375252,90.146866
153.112686,62.976189,89.020020,88.450912
152.514984,62.635735,87.738831,87.298233
154.059204,62.688923,87.914642,84.939964
152.754051,62.036930,87.443222,84.930138
153.583305,62.409351,86.882065,83.517448
153.248665,63.003815,87.749710,84.414276
153.605675,62.716095,86.565689,83.028900
154.387627,63.065063,87.898697,81.186188
153.260189,62.592159,87.916084,81.345833
153.383476,61.547066,88.281876,80.602859
152.371830,61.465874,88.914513,81.342026
153.042007,61.544205,88.604431,81.906586
153.620316,61.935238,88.209412,83.958290
154.007675,61.174397,87.935760,86.667473
154.354496,60.397194,87.577782,88.714554
152.193409,60.282902,88.459984,89.022514
152.704849,59.585205,88.249786,89.204224
151.551121,59.946136,89.060722,87.960388
150.597904,60.180370,88.008842,87.468330
149.977222,60.047741,88.472588,88.154610
149.510674,60.104004,87.633438,87.367493
148.282330,60.066757,88.538826,88.541931
147.541901,60.585464,87.631500,87.461884
146.111927,61.722965,89.149742,87.557182
145.448719,61.131729,87.152000,86.022186
144.413239,61.494389,87.543365,87.770287
143.651222,61.690487,86.684494,88.332558
143.435745,61.520519,86.489471,85.175514
142.219456,61.509472,86.379601,86.021339
142.954773,60.892788,84.959320,85.228828
141.535297,60.933567,85.327965,84.726646
140.327087,61.397820,85.359680,83.909195
139.332962,60.822426,86.173035,80.733414
139.656929,60.511086,84.168259,79.725174
137.173191,60.444752,85.857994,80.644890
136.095394,59.833801,85.260841,80.521393
137.203804,59.187492,84.449661,80.842667
136.103268,59.129280,85.485481,79.426407
137.412373,60.017071,83.675957,81.344917
137.712467,59.037903,83.650902,81.709473
137.201111,58.588413,83.879791,82.419212
137.018715,58.248291,84.258774,81.906647
137.339054,59.253109,82.512810,81.676643
135.577065,58.492302,82.808212,81.734879
135.194336,60.451302,83.225830,80.780136
133.745396,60.059902,82.050957,79.730354
132.465107,61.509441,83.293999,78.592384
130.709438,61.913406,83.212410,76.709106
131.004475,62.760250,81.814354,78.876625
130.579086,62.973846,81.537567,79.969238
129.928082,63.780827,82.367409,79.316185
129.948120,64.592747,79.868988,78.113213
130.620533,66.036694,81.043571,80.886604
129.354900,66.793304,81.453590,80.363403
129.403511,68.841457,82.678360,80.247597
130.390865,70.039505,82.703712,79.488892
130.943714,71.388145,82.255058,79.528641
132.122890,72.723812,81.770607,81.550240
133.285519,75.013443,81.763130,80.552917
135.400288,76.934624,80.327354,80.356430
135.437065,78.297089,80.747025,80.501831
136.935394,78.765621,80.344879,80.289894
138.900379,80.735531,79.264885,80.141090
139.056396,82.179722,80.666595,80.361778
139.312485,82.515884,80.806610,79.594757
141.411385,83.687355,79.782272,79.739700
141.380318,84.825924,80.633224,79.664986
142.707558,85.464951,79.339920,78.935394
143.149124,85.614822,80.089294,78.899567
143.049637,86.747528,80.692566,79.965485
143.204422,86.928532,80.526306,79.393974
144.043091,87.329700,79.441559,81.605675
143.603981,87.809761,79.788437,80.235062
144.146706,89.807423,79.743393,78.927818
143.655193,88.948429,79.067848,79.181664
144.455502,89.315884,79.176949,82.719612
144.422230,90.116325,78.363914,80.082504
144.179623,90.198933,79.209358,80.860374
144.451927,90.389271,78.926712,80.687553
144.174389,90.348919,79.028755,80.372078
144.656761,90.550159,79.205734,80.666222
145.271069,90.596130,78.435432,80.984772
145.425503,90.633873,77.097939,79.662399
145.911789,91.342285,78.325806,80.320282
145.858276,90.648876,76.472748,80.082863
146.289276,89.836838,78.308136,80.306458
146.968777,90.111313,77.648140,80.121277
147.509296,88.553898,77.588066,80.542686
148.045540,88.400703,78.822983,80.197769
148.809643,88.445293,78.676338,80.623299
148.429920,87.790207,76.920830,80.519592
148.880661,87.471409,78.255157,80.986504
148.805893,87.393185,77.952972,82.282417
149.402660,86.349190,78.692909,82.261551
149.599960,85.714001,79.371613,81.409737
149.518139,84.792461,81.807899,78.953255
149.901733,82.689392,81.696228,79.516541
149.826118,80.275368,82.466660,77.538651
148.822613,77.961292,81.631172,76.574364
148.746216,76.355232,83.114380,77.788467
149.622719,73.685627,83.066910,76.584496
149.427467,73.748291,84.842422,78.725983
151.072796,71.730400,85.905434,76.058426
151.859745,72.207218,83.956017,74.854301
154.174404,72.107128,85.420967,75.404213
155.671791,72.094280,84.402603,74.391701
157.328438,72.062553,85.395157,75.977097
157.940193,72.334438,83.630051,74.159584
159.175346,73.527039,83.930740,75.944275
160.019234,73.755695,83.456772,74.288536
159.611748,73.181297,83.378006,74.073410
159.170528,73.082878,84.099525,75.118301
159.093872,73.168285,83.516418,75.592140
158.213467,73.444687,83.027901,75.156830
157.742977,73.125648,83.615181,76.655960
156.767838,73.776623,83.545898,76.711525
156.005066,73.431931,83.763458,77.214294
155.704144,73.295712,83.643044,76.410133
154.375828,73.494938,83.540337,76.520073
154.296448,73.898445,83.689728,76.882004
153.464836,74.773315,83.773697,76.469299
153.457108,73.565395,83.122864,76.497780
152.188351,74.850346,83.798561,75.408348
152.914738,73.691891,83.708458,75.687416
152.056099,74.097183,83.915604,75.865173
151.154823,74.031448,84.621323,76.127289
152.017681,74.849022,85.083290,76.398880
150.983608,74.861156,84.760536,76.333595
151.106968,74.398479,84.902153,75.891945
150.550003,75.376148,85.685333,76.501518
150.776711,75.471020,86.441910,76.615089
151.082577,75.783276,86.729195,77.503883
150.528961,75.509212,86.640015,75.808296
149.971653,76.607281,87.725731,76.129555
150.323437,76.575909,87.810646,76.657631
149.624210,76.764286,87.692955,76.771538
150.074852,76.374882,86.686722,76.080559
149.876377,76.680107,87.360252,75.650406
150.137779,76.767075,87.055069,75.562164
149.588665,76.329750,86.638008,77.179520
151.095261,76.899948,86.087646,76.395477
150.398064,76.050999,86.375961,75.708122
150.519146,76.327286,85.630074,74.308228
149.842026,75.218296,86.900574,73.614403
149.948792,74.869671,87.956512,75.566536
149.242634,73.287945,87.226555,76.000710
148.794350,73.567211,87.304977,77.521034
149.568794,73.596687,85.105545,75.564896
147.421989,73.311401,86.175491,74.426880
147.253307,73.894794,86.996376,75.442314
146.459805,74.300762,84.771248,77.156898
146.180248,75.116352,85.520973,78.815056
145.517689,74.624950,85.399773,78.422798
144.583191,75.176262,86.321564,79.442642
145.095818,76.133156,86.289383,79.408371
144.844315,75.862267,87.320160,81.180069
144.868160,76.975685,87.645638,78.594437
145.029594,78.040855,88.868118,77.433334
145.237980,79.604527,88.057854,79.159172
145.452618,81.078007,86.750435,79.436058
144.747002,82.290924,89.041550,78.475037
145.030842,83.325424,89.594109,78.167297
144.292141,84.842464,89.554573,80.123451
144.268349,85.995728,89.808060,77.558289
143.563496,87.054737,90.958824,77.122002
143.685215,88.140839,89.702446,76.775146
144.400352,89.007496,88.594254,76.895226
144.903419,89.408573,86.515244,76.584831
144.307739,89.944546,91.219604,76.001289
145.100956,89.885273,91.146935,76.634941
144.692322,88.704346,85.144196,76.874207
145.217285,87.571693,87.060059,76.945389
144.778591,87.597027,87.277504,77.317329
146.035034,86.080711,85.001862,76.238663
146.506012,85.043705,85.755615,79.337181
146.285652,84.494740,85.854385,78.496208
146.697643,83.147690,85.707039,78.232239
146.463779,81.583439,84.441643,78.417198
147.065929,80.454788,85.024483,78.952118
146.018509,79.056313,85.050720,76.869827
146.561543,77.923702,85.032310,76.593086
146.760502,77.447693,85.042412,75.301392
146.068432,76.276817,84.753365,76.792831
146.726173,75.365761,83.289810,75.840775
146.704727,75.786495,83.010162,72.950600
146.286514,75.222111,83.025665,76.086449
146.935715,74.002872,82.049011,75.607964
147.401913,73.069252,82.050514,75.546768
149.194382,72.593887,82.408630,76.947235
148.160133,70.967682,84.120285,77.467804
150.311211,70.165714,83.902817,77.566551
152.126564,69.602627,82.656357,77.025978
153.513649,68.437840,82.448868,79.282585
155.503036,67.399399,81.494537,79.842438
157.798237,67.510502,80.067650,84.946709
159.168644,67.332775,79.825340,82.387276
160.283855,65.491253,80.281502,80.107613
161.708893,65.492138,79.325897,81.668831
163.262272,64.839924,78.099571,82.279015
163.883263,65.204803,78.733017,81.016327
165.344563,64.128643,78.961205,78.943001
166.681133,64.233471,78.919991,77.808754
166.784107,64.226913,79.315392,78.475159
168.003841,63.908897,78.724403,78.006973
168.966095,63.920975,79.186127,79.259979
169.641712,63.826847,78.457512,80.235619
170.233627,64.508274,78.628693,79.472588
171.066689,64.694199,77.417953,78.980774
172.821609,64.552311,77.541595,77.715996
173.061832,65.922886,78.856895,77.501915
173.907631,67.100994,78.119675,75.065773
174.576359,67.170544,77.883415,75.977425
174.284622,67.301678,77.692413,75.146828
174.391209,68.407024,77.194145,74.914284
175.233799,68.332069,77.789238,75.705856
174.948368,67.874966,77.508995,76.279274
173.410240,66.662357,79.035904,76.269432
173.899887,67.199471,78.296875,76.724991
171.788300,65.434608,79.307434,75.097794
172.981285,65.740845,78.492477,77.024445
171.619579,65.342899,78.100380,77.719017
170.376156,65.470627,78.441719,73.979675
170.237713,64.787693,78.844582,75.746025
169.678520,64.519691,78.359268,74.172653
168.636005,63.197380,79.170769,76.025009
168.591419,63.339691,78.899223,74.820648
167.814758,62.685249,78.575348,75.688339
169.078751,61.732491,77.964478,75.337204
168.813663,62.735947,78.011559,74.775452
168.404301,62.296703,78.478355,75.036964
168.242104,61.884998,78.184738,74.129936
168.366592,62.374706,78.519928,76.291634
168.598160,61.590336,78.643707,74.212151
168.591129,61.466740,78.153099,75.010460
168.448715,62.288265,78.858643,75.168953
168.046669,62.004627,78.795181,73.790550
168.228905,61.552204,78.238052,74.688103
167.343822,62.173550,78.827126,74.304451
167.191517,61.672813,78.649498,73.880447
166.456909,62.024204,77.501068,72.835350
166.773991,63.353226,77.439293,76.723572
165.563587,63.028770,77.888115,74.390244
164.151951,63.678791,77.916740,75.176384
163.081127,64.634174,76.687325,74.265038
162.298874,65.009670,77.339661,75.797981
161.312466,66.240440,77.202187,74.844162
160.524288,66.148296,77.006447,75.226204
158.952423,66.353359,76.421539,74.603340
159.019878,65.572380,76.666481,75.024521
158.119423,64.923351,76.674149,77.285652
157.447800,64.425011,76.037750,75.302658
156.957016,63.539333,75.536285,72.965584
155.506535,63.336853,76.129662,74.997498
154.967907,63.256073,75.991920,74.319580
155.145706,64.095741,75.634064,75.380295
154.798183,63.649929,74.888618,73.176826
153.218876,63.409428,75.880455,76.130302
152.245701,63.881943,74.981407,73.744385
151.176025,63.665863,75.898712,74.152313
150.204300,63.409473,76.031464,73.900352
148.210293,63.626205,75.819008,73.899689
145.919472,63.916103,76.343826,72.744576
144.661152,63.616268,75.608879,73.761971
143.640018,64.767040,76.150200,73.539406
142.956821,64.325596,75.599236,72.134697
142.226467,65.111092,75.188789,72.879501
143.239120,65.022373,75.092926,71.949120
143.983635,64.947891,75.180954,72.083344
145.300541,65.723537,75.173088,72.033577
147.123463,64.860188,75.021477,72.399162
149.221054,65.244652,73.964600,72.637497
151.294418,65.765690,73.234619,72.442253
153.440372,66.504318,73.023094,72.269043
155.017860,66.321384,73.931625,73.831413
157.674458,67.295944,73.601036,71.707855
158.888695,67.175598,74.879684,74.647797
159.926010,68.063663,75.861755,72.530144
161.269093,67.702713,76.160362,72.559723
162.733143,68.346882,76.063377,72.536705
164.120110,68.478088,74.141068,70.617462
165.235916,69.198433,74.725067,72.474838
165.922482,70.374828,72.483315,70.174690
165.970253,70.471897,73.675461,72.370232
166.790936,70.831902,73.772652,71.967239
167.210258,72.251022,71.938095,70.205017
167.638302,73.393494,72.692696,72.080078
167.726791,74.242168,72.840057,70.857002
168.315662,74.283035,72.697411,71.850769
167.761967,75.930721,72.061913,71.749031
168.009361,76.625549,72.377426,73.179688
167.765415,78.310974,72.791679,72.661072
167.573074,78.837128,73.596649,72.734161
167.202747,80.630154,71.976463,72.331947
166.385822,81.632999,70.801384,70.649986
165.894794,82.057690,70.626945,71.174812
165.395378,82.998875,69.781906,71.365807
164.943119,83.739780,70.163506,71.002586
163.831577,83.909401,70.365929,70.417038
163.738327,85.153584,70.733093,70.504356
163.086426,86.292213,71.131195,71.206772
161.826344,86.516865,70.396385,70.369347
161.234848,87.466778,72.704590,69.570015
160.212219,89.081333,70.900360,69.821648
159.876049,90.351093,72.962166,70.090263
160.579342,91.505894,72.729103,71.020348
160.408089,92.151131,71.288101,71.201859
159.940022,92.851158,72.265831,70.927689
160.672203,93.754635,72.674210,71.470436
160.789539,94.035637,72.636742,71.697617
161.021011,94.903057,72.681519,71.155128
162.089661,95.320072,72.788422,71.328392
162.244061,95.571350,71.810249,70.634430
161.641319,95.721024,72.393356,69.937744
161.860661,94.806480,72.739891,70.910446
162.211842,95.184635,72.497887,70.220024
162.036106,94.255081,71.899742,69.321411
162.907238,94.050915,72.781593,70.582619
161.948174,93.094749,71.135818,69.437149
160.911518,92.424595,71.978020,69.649895
161.744877,91.678925,72.064140,72.867920
161.165718,91.468246,71.645493,70.270538
161.151772,91.780163,71.879379,70.362679
160.973572,91.642395,71.093658,71.043945
160.500546,92.269695,71.202492,71.350716
159.887531,93.013985,72.181419,69.739426
161.033493,92.949009,71.901428,70.781853
160.710499,92.377926,70.755821,69.348732
159.330147,91.277744,71.749130,70.661919
159.415524,91.292892,72.015511,71.034485
159.737125,90.785824,73.328423,72.667519
159.623375,89.818653,71.657333,70.201622
159.843704,89.864262,72.866699,70.417412
159.580994,88.637199,73.055237,70.428452
160.107235,88.470425,71.771980,69.596443
161.058006,87.894463,72.139023,73.339188
160.974865,87.071991,73.079842,71.112762
161.293385,86.870186,72.261620,70.664169
162.144428,86.488781,72.069481,71.571480
162.105495,86.587597,71.755989,69.787605
162.634575,86.054016,72.228683,71.344330
163.280216,85.904736,72.017296,70.868843
163.225681,85.662712,72.025169,71.189835
162.880871,85.353718,71.848122,70.949242
163.472717,85.649330,72.327972,71.808945
163.437084,85.312057,72.077614,71.043793
163.670109,84.939243,71.637077,70.923485
162.819729,84.663300,70.980263,70.679810
162.401585,84.207596,71.987572,72.287781
162.023285,84.424118,71.955170,70.890747
161.520218,84.232533,71.777191,70.525780
161.689503,84.310806,72.180473,71.421143
160.561573,83.407635,72.138786,70.559120
160.523705,83.461823,71.907639,70.893219
160.213459,83.498222,71.195122,71.246750
160.310757,82.695633,71.865456,71.066650
160.186657,82.855942,71.070930,72.713165
159.672119,82.840248,71.149414,72.190689
159.613132,82.597023,71.239037,73.016006
159.169056,81.751659,71.651970,73.038551
159.307674,81.807423,71.218636,70.824303
160.060356,81.005024,71.056320,71.717400
160.305679,80.744202,71.744659,70.309204
160.489738,79.730400,71.213058,70.945908
161.036991,79.390072,71.636894,73.054146
160.750904,79.037777,71.873466,71.327095
161.527191,78.200642,71.250885,71.128441
162.406567,77.671597,71.202309,71.021614
162.595718,77.589836,71.205109,72.262833
162.548340,77.436314,72.237793,71.780174
163.499504,76.792587,71.882370,70.773621
164.084126,76.515133,70.931419,70.928230
165.195393,77.279598,70.504143,71.689308
166.301563,77.405556,70.573723,71.380203
167.264519,77.041599,70.431900,71.758324
168.060509,77.406334,70.765549,73.002182
168.841442,77.745758,70.860359,72.766296
169.161228,78.592846,71.140862,71.338844
170.215908,78.617386,70.762947,72.776886
170.733376,78.747925,70.729477,73.241058
170.505501,79.847309,71.616837,71.860161
170.698406,79.783566,72.166359,74.512794
171.248589,79.382622,72.477554,74.393723
172.088688,79.179485,71.754906,73.311317
172.688259,79.764126,71.042183,74.170998
171.370655,79.981472,71.383354,71.186989
172.141247,79.757339,71.427223,71.084930
172.726337,79.489513,71.878136,70.521889
171.918308,79.472149,72.866753,71.095345
172.841095,80.057819,72.188629,71.266808
172.791630,80.487492,72.560692,71.676262
172.187519,80.623253,71.134972,71.698288
171.872284,81.703018,72.229004,71.828491
172.582466,81.845432,71.886917,73.552788
171.139732,82.266682,71.430222,71.235008
171.965145,83.416107,71.098152,72.519165
170.608948,83.048016,71.293793,72.199928
170.351875,83.463146,70.819748,73.747871
170.650776,84.611717,69.673882,72.528976
169.986519,84.705196,72.309097,72.127571
169.639519,84.659073,70.478928,72.121368
169.672386,85.294319,70.841019,72.227524
168.910645,85.834305,69.928711,72.201904
168.555164,85.769375,70.065300,72.573891
168.751579,85.879303,70.579178,72.958405
167.675575,86.723072,69.853165,72.822380
168.372372,87.219749,70.316078,73.354446
167.717552,87.794933,69.343582,72.442757
168.322636,87.828129,70.263542,73.971275
167.781635,88.965977,70.092369,72.674522
168.105228,89.420345,69.778404,72.564949
168.115910,89.845737,69.172325,73.076958
167.740627,91.313370,68.729958,72.602966
168.030056,91.567791,69.323128,72.967323
168.096775,92.517315,68.344231,73.366249
168.394650,93.240707,68.768349,73.316498
168.709663,93.957958,67.614395,73.613411
168.487221,95.440670,68.664841,73.241920
168.618664,95.718822,68.969978,72.898598
168.855659,96.593624,67.425858,73.367958
168.557739,97.743248,68.157593,74.035873
168.328716,98.012676,69.084938,72.055611
168.479588,98.070351,69.322594,71.824692
167.708408,100.018166,69.029839,70.276779
168.348221,99.757053,68.285645,71.282127
168.351353,100.702896,67.537010,70.955414
167.466820,101.257210,67.884903,71.781876
168.050629,102.499935,68.611145,71.483498
166.791862,102.550640,68.915756,70.615334
166.396923,103.510597,69.013741,69.259079
166.412529,103.202599,68.796768,70.369949
165.864021,103.382999,69.130936,70.155907
165.243126,102.917244,70.138748,69.477493
165.562931,101.979561,69.005791,71.062485
164.620617,101.938049,69.377419,70.315887
164.789963,101.399036,69.413239,71.360649
164.892406,100.888432,70.376320,69.492912
164.435204,99.602745,70.449936,72.328201
164.984013,99.821766,70.022087,74.685326
164.549026,99.830029,69.571838,70.385933
164.891651,99.578465,69.677238,73.979362
164.258343,99.599689,70.405556,72.724297
164.453083,99.057064,69.889000,72.769325
163.887402,99.056744,69.664070,72.062752
163.656677,98.537117,70.412689,74.176468
163.059261,98.354248,70.202644,71.348724
163.337883,98.139416,69.751144,72.173225
163.073063,97.264530,70.397667,71.619225
163.482353,97.009640,70.086044,73.495644
162.959469,96.503754,71.088387,73.763062
163.268013,95.421288,70.751053,73.497726
163.450924,94.729176,70.481239,72.864037
163.609394,94.117741,70.461967,71.300255
164.213543,94.029697,69.739143,72.911888
163.366573,93.693398,69.342232,72.112350
164.241447,93.157127,69.434830,70.853806
165.063625,93.382847,69.484657,72.737328
164.556751,92.857193,69.760826,70.673981
165.578953,93.237541,69.306572,74.089890
164.960068,93.075672,69.184601,72.962029
164.986862,92.703838,69.673218,71.415016
165.869923,92.831093,68.825798,72.553482
165.800652,93.033989,69.392471,72.061996
165.964153,92.722225,69.172249,69.920204
164.579872,91.894863,70.019485,70.221138
165.354595,91.461224,69.965553,72.225441
165.618542,91.488754,69.950935,70.658325
164.558071,91.413445,69.740181,71.155441
165.300701,92.117069,69.487434,71.280083
165.635136,91.242420,69.383110,71.854546
165.238049,91.639683,69.884743,72.584007
164.132252,91.615768,70.274376,72.593933
163.881859,91.048149,70.145554,72.480209
163.223835,90.999077,70.839134,70.619370
160.916569,90.880291,71.390800,72.466225
159.374397,90.157948,72.590408,71.985100
157.675694,89.490318,72.521080,74.327621
154.612518,88.580673,73.422211,76.296143
151.468769,88.449509,74.744987,76.715546
151.257988,87.759056,74.982162,73.234116
148.402622,86.909184,77.468376,70.863792
145.963024,86.831856,75.602730,71.046158
145.762508,87.064480,75.459755,72.657234
145.663467,87.526520,73.485077,71.536438
145.033398,88.428818,76.620644,70.310852
144.872017,89.857857,75.822128,69.573166
146.080074,90.185081,75.743568,70.912216
147.285614,91.648357,76.973053,70.822304
147.299637,92.531078,77.279419,68.801277
149.132412,93.229469,76.741310,71.867294
149.371059,93.858135,76.416573,69.852242
150.078583,93.519733,77.571686,73.011040
151.782181,93.241646,76.625336,70.726395
150.645355,93.652439,78.321503,72.862419
152.021900,92.202202,77.107262,71.474747
151.604424,90.123444,76.755814,70.319641
151.668015,87.509010,76.898773,71.200607
151.134640,84.493797,77.481544,71.286667
150.765030,81.475258,77.612152,72.834671
149.914253,79.127682,77.832748,73.514626
151.017490,79.654514,77.525200,71.406944
150.744774,79.076061,77.635818,70.835823
150.712582,81.368515,76.342873,70.427948
150.657711,84.015167,76.084328,69.910126
150.425632,87.642864,76.301476,71.145821
150.870895,89.468502,75.737488,70.258339
151.062008,91.735191,74.948067,71.128220
150.000347,93.281727,74.602547,70.735161
149.886803,93.207630,75.248611,68.070122
148.310150,94.147774,74.730042,71.144028
147.960762,93.328949,75.134872,68.504608
146.550831,92.671085,75.567284,72.215019
145.608402,91.753098,76.971123,69.611938
145.589554,90.996418,76.072540,71.185356
144.437134,90.960995,77.510864,69.950264
144.419205,91.897999,77.124359,70.329979
145.407745,91.436058,77.799316,68.266159
145.527344,92.453648,78.116119,70.424095
147.084278,92.770287,77.577599,67.787094
147.263210,93.043495,79.167488,70.433792
148.631134,93.480232,77.846893,68.487534
149.724751,93.109970,77.278801,69.381897
150.959869,93.652534,76.119019,68.919937
151.661201,93.006241,76.259720,68.896790
153.112328,93.940571,77.914658,70.170708
153.336819,93.433849,77.822578,69.828529
153.468586,93.325623,78.220055,71.973511
154.151848,93.923923,79.054428,74.039055
154.416840,93.850300,80.900757,72.043785
154.412502,93.505047,81.221931,73.138954
154.925854,93.084377,79.634773,73.178047
155.008060,91.617474,78.641319,72.498299
155.205448,90.738071,80.389732,73.903130
155.258537,89.908062,78.748245,72.175362
154.596100,90.635315,79.437927,72.055908
153.506592,89.602070,81.047455,74.886162
153.471592,89.094975,79.309196,76.310539
152.426750,87.951378,79.304459,73.181839
151.398060,88.669395,79.500664,76.634140
151.491604,88.714901,79.322334,75.756569
151.600567,87.844662,80.111671,78.131447
150.556625,88.466873,79.375946,81.058899
149.761555,88.433090,80.384605,81.014099
149.748013,88.448269,78.998390,84.424629
149.120037,89.028065,77.875130,78.182304
148.259991,88.700367,79.120033,77.348137
148.454033,90.222797,79.723587,76.600853
150.539722,90.493538,77.649620,74.517593
151.613991,91.234428,76.841721,74.406631
152.734802,91.890968,75.671112,74.050186
154.331623,93.140007,75.234825,73.318130
154.925442,93.181072,75.257881,73.990334
154.080410,94.113125,75.924385,73.857613
154.932278,93.999870,75.570686,73.175705
155.092831,95.280857,75.914772,72.109886
155.794315,96.880768,76.204185,72.772736
156.140141,98.049072,75.862572,71.558868
155.656975,100.398788,75.885635,71.800812
155.830219,102.500603,75.264854,71.613419
155.867588,105.252151,74.693413,71.242584
154.725807,108.035946,74.705765,70.600594
154.532257,111.031574,74.413300,71.578636
154.466751,114.208572,72.508270,70.882965
152.503654,118.071632,72.668533,69.403702
151.389721,121.598713,70.257301,71.970085
150.752567,125.899227,70.045891,70.239693
149.192856,130.372028,70.312622,71.589897
145.665028,135.778389,71.628014,70.715836
146.451263,140.734867,70.999268,72.099602
145.747936,145.780727,70.127357,72.597420
144.744541,149.451900,71.919121,74.725685
141.407867,151.716370,71.048187,69.049072
137.288742,149.955303,71.603363,70.290016
132.441887,140.455593,72.529190,74.249947
126.833260,119.497139,71.635178,78.035995
122.076405,95.053082,74.108574,77.218300
120.722900,70.844547,74.325653,76.386070
122.783176,47.459209,73.436241,78.837440
122.839462,31.099434,75.195190,77.749161
124.281876,16.928410,75.174347,76.059380
126.989452,5.896957,73.483406,74.052246
128.014149,0.661892,74.121849,71.190071
128.429001,0.678211,73.864960,65.178642
128.583038,0.394699,73.431396,63.081940
130.554359,1.107616,72.149063,62.621864
130.612457,0.417244,73.233307,65.801010
131.995880,1.092686,72.226685,72.753349
129.638981,6.565327,73.208214,75.278893
131.430950,16.844772,72.704628,75.083893
129.217648,30.205540,76.319099,77.252464
132.047787,44.497780,74.242928,80.022110
130.860508,63.627254,74.714470,80.576027
131.029388,85.081005,73.496826,81.465248
131.894684,109.395695,74.991669,80.849907
132.484768,128.036640,74.199806,77.794456
131.176163,144.591003,73.925018,76.915894
128.671959,158.036472,77.213394,75.076103
128.757610,167.836998,75.256111,74.908188
128.052822,174.435177,75.519112,75.148323
126.843952,178.524784,73.404991,75.636955
123.321716,181.295242,75.346252,76.067535
121.405117,182.347221,74.558449,75.295486
120.091301,183.993950,74.806656,73.557419
117.766071,183.482906,74.553520,74.438515
114.507675,182.865540,75.257568,73.928619
113.969643,181.939270,75.649643,75.579620
114.724014,180.883183,74.046661,74.386681
113.255280,179.194801,74.830109,74.788986
113.877026,177.396458,73.422768,73.360680
113.484779,174.994778,75.916367,72.996223
113.493549,173.067173,74.311546,73.804405
111.759495,171.009212,77.051414,74.828773
112.865562,168.926311,75.108109,74.389259
111.978542,166.197868,76.023720,75.258499
111.453461,164.363419,74.386780,73.161255
110.665405,162.235901,74.840759,72.568542
109.666759,159.428326,74.787941,73.704109
110.570419,157.057121,73.285004,74.076553
109.767235,154.214809,75.049576,73.789680
109.624722,151.886806,74.534401,74.385384
110.145729,150.447479,74.036758,74.673981
110.530891,150.709991,73.676620,75.345947
108.893223,153.761795,73.938896,77.134705
107.584328,160.758038,74.695389,74.186867
107.840229,170.641266,74.134331,76.240051
108.285896,182.378166,70.969223,79.819565
108.007557,197.789116,70.761131,77.913864
112.947956,213.746483,71.842003,76.010513
120.828224,227.060001,71.204575,75.518700
136.990360,238.303394,66.553032,74.797813
150.763916,246.677204,67.197296,73.766380
165.430275,252.832657,69.369766,71.682739
182.954483,257.356731,68.310150,70.715797
202.756863,252.925556,71.690712,73.246056
220.354954,251.402367,70.374260,71.843369
231.395123,248.155407,75.940346,75.182137
243.480877,247.283978,77.060341,93.007179
254.843315,246.121929,75.130569,72.456032
268.147213,246.119972,72.565407,72.945938
278.272350,246.246094,70.515022,70.823639
289.961029,247.545315,66.192200,70.143013
294.691418,248.839657,68.291389,69.839272
299.493259,248.242977,67.915764,70.801643
302.825470,248.987419,67.354736,68.399796
303.042252,246.814072,67.689209,68.430389
304.649052,244.015083,66.653648,69.047348
305.451809,243.487823,66.656807,68.394989
306.282005,243.211636,66.918045,68.268074
307.715012,243.949928,66.778473,67.918015
310.479307,242.571720,63.689091,67.131676
311.616947,240.249817,63.152245,64.268616
310.841572,238.740417,64.821892,65.271271
311.771431,235.686335,64.717178,63.529613
310.814091,232.946562,65.442101,62.837833
311.554607,229.902416,64.755470,63.347267
313.019085,228.731215,64.234901,62.372715
311.086788,227.096781,63.990486,63.807018
310.323814,225.220306,64.538437,63.411163
308.626890,224.124653,63.527348,65.384514
307.900642,224.434677,63.141464,64.829712
307.763510,222.760925,63.710529,65.796295
306.430044,222.650993,62.777699,65.421005
307.240938,221.446480,61.293209,65.556473
306.069918,220.295910,63.145351,63.182259
304.976473,219.946915,62.910397,62.348877
306.824608,218.947224,63.592880,63.954826
306.486881,218.240215,62.798759,64.115059
306.836094,217.731094,65.373741,64.349243
308.029198,218.129887,62.346695,64.262199
308.849581,216.786177,63.621761,63.369907
308.746552,218.108782,62.227478,63.017941
308.813950,218.537134,64.541016,61.693768
308.970055,218.875769,63.682816,63.019917
309.633678,218.569658,63.979652,62.323910
308.665586,217.905136,62.335361,63.904663
308.669083,218.620426,64.548584,63.313377
308.515823,218.945332,62.187225,63.339561
306.430426,218.856106,63.041798,62.877785
306.059326,220.402895,64.409027,61.391811
304.191132,220.246513,62.515503,63.953201
304.065788,221.274265,63.434982,62.779991
301.867897,220.847054,63.446945,64.496262
301.260292,222.139694,64.153427,63.524384
301.536865,222.865131,64.280518,62.114098
299.408541,221.701477,63.028378,65.966309
299.874340,222.886074,64.078499,63.213905
297.060074,222.009418,63.904358,63.579216
294.638710,221.950565,64.185928,65.867699
294.139206,222.700397,64.043732,63.240593
292.039806,222.434050,64.008614,63.342472
291.052002,222.678181,65.543549,63.954582
290.150909,222.650833,64.281830,63.386932
289.717865,223.393906,67.094849,66.078552
287.414612,222.536934,66.051514,64.728195
288.735609,222.839399,63.501896,62.793461
287.277603,221.530300,66.428009,65.185860
287.611202,222.121630,64.451424,62.004269
285.948502,220.484207,67.300507,64.595093
285.637608,221.358915,65.209435,63.186985
287.144394,222.064764,65.546997,62.648060
288.456501,221.649055,65.317162,62.883041
287.252777,221.210442,65.366760,66.726517
289.715668,222.257988,65.008911,64.312607
288.979721,222.870428,65.387848,61.832386
289.445751,222.378151,66.381020,66.304459
288.898163,222.053310,67.385803,64.666542
291.172703,221.693577,66.390770,63.842766
291.940105,221.235607,66.368721,65.422005
292.193714,221.069750,65.817039,63.364010
292.212063,221.636909,66.394234,65.926376
293.077179,221.128902,66.570465,65.378914
294.730907,221.072666,66.133247,64.072258
294.903164,221.608498,66.616402,64.812241
295.571342,220.612143,65.942551,63.734852
297.090218,220.827341,65.160263,61.464886
297.793724,220.607794,65.247421,61.547352
298.063534,219.698929,65.409859,63.882690
298.053913,219.500004,65.797813,63.399498
298.810738,219.764608,65.675827,62.948383
298.382648,219.478840,64.817924,65.944725
298.862644,220.463154,65.354729,61.684990
297.892967,220.463032,64.915329,67.584190
299.149118,221.594278,63.701275,63.193951
297.022125,222.649334,65.530334,65.166298
298.504128,223.104424,64.032425,63.045456
295.905704,223.227905,64.632317,65.680389
297.741251,223.631935,63.868847,63.244675
294.517639,222.751816,64.772919,61.900543
295.002045,220.697039,65.790222,62.619991
293.125908,218.183990,66.535324,62.299591
292.735676,217.909658,65.567131,61.905140
291.620239,217.187841,65.509552,61.983570
291.868374,217.858130,65.485054,61.415638
291.308842,218.544605,65.008080,61.965416
292.247597,220.365206,63.769302,61.895199
290.913826,222.928234,64.482285,62.985359
290.152145,225.597210,64.458893,61.574104
290.009186,226.918879,64.570740,62.559826
290.843056,228.653187,63.364975,62.437675
289.875376,230.202501,63.549450,62.518826
289.458614,231.437737,63.163338,61.892838
289.090130,231.821047,63.676949,61.842312
289.614658,232.520836,63.327415,61.526535
288.610777,232.922447,63.014103,62.233994
289.459936,233.898827,63.729145,62.212692
288.153297,233.548780,62.748245,62.171818
289.528444,235.292295,62.933804,61.706730
288.634962,235.842106,63.156101,61.917259
288.517488,236.528580,63.031033,61.677887
288.806383,237.263960,63.331356,61.639347
289.020649,236.765841,63.419609,61.589687
289.635870,237.955097,62.888050,61.545097
289.597898,237.771833,63.401798,61.784184
290.126841,238.781387,62.585491,61.649292
290.834867,239.380617,62.349308,61.653866
289.815758,239.559504,62.335617,61.604504
291.886087,240.986038,62.709667,62.934662
290.444565,240.457531,64.060211,61.848610
293.064276,241.315744,62.251575,60.728954
292.368666,241.474453,63.596439,61.137367
292.767073,241.953819,63.281864,61.267990
293.342766,241.633398,63.164505,61.780506
293.121189,242.290009,62.956474,61.142883
294.013540,243.174095,61.736195,60.995987
294.318012,243.033081,63.403557,60.935364
293.339298,242.860273,61.478752,60.972446
294.613226,243.346235,62.463795,60.395634
294.181015,242.544744,62.269928,60.888660
295.736015,243.568214,62.590866,59.472366
294.768024,243.377817,61.388176,60.856731
295.463129,243.176260,62.559795,60.493458
294.291090,243.750034,61.425327,60.329124
293.951096,244.092024,62.709595,60.093266
294.033493,243.579521,62.991974,60.129379
293.514647,242.929663,62.939182,60.648792
295.209732,242.648458,62.243622,60.697773
294.304743,242.321503,62.635815,60.965729
294.016008,242.812843,62.813473,60.886734
294.180817,242.677155,63.374573,61.077240
293.265322,242.693449,61.735653,61.357853
294.401379,243.824764,62.235786,60.400734
293.224226,243.138462,62.236057,60.658714
294.375719,244.628553,62.459194,60.128208
293.482843,244.402733,62.074993,60.519882
293.058926,244.294491,63.523415,61.188515
292.915262,244.485323,62.294567,61.576199
294.345821,245.713095,62.610023,61.303577
294.099277,248.651966,61.653496,63.300407
295.342426,252.667149,62.025352,63.724846
293.108356,257.781448,61.928276,63.913605
293.340054,271.133785,60.868782,61.049751
294.867651,276.335073,62.658772,62.512959
295.097271,279.762447,63.029762,63.437721
296.149570,285.077909,64.688469,63.386845
297.447586,290.120602,64.245026,64.847389
295.677990,293.666824,64.204597,64.759827
291.388912,295.776390,64.523750,62.923264
279.640675,296.495417,68.926567,62.623455
274.485535,296.290291,64.827972,63.417831
265.703201,291.787476,67.012024,67.450470
255.755486,284.832062,69.331253,70.087189
245.385578,275.378819,73.695488,75.790855
239.337265,263.616283,72.373138,77.390877
233.999214,252.578743,75.060776,71.471268
230.377926,241.883110,73.910011,70.235886
224.648724,233.945625,78.700722,67.771561
221.340946,221.266010,77.642021,75.483391
217.774101,215.567047,78.798813,74.495514
216.223152,213.739563,72.993240,72.007080
215.146408,213.014435,72.122559,72.825317
213.059906,211.825066,72.510651,73.685776
210.814465,209.817383,71.677010,74.110504
208.874008,207.910416,70.660309,72.118896
206.020073,205.127686,70.533493,74.478180
201.938145,202.489635,69.711021,72.287422
200.239841,200.298019,70.122368,70.628448
197.397774,196.007408,69.020035,70.876541
195.991817,192.673092,67.789803,71.445992
192.811604,187.750103,70.891563,72.526955
191.819706,182.544548,70.676262,72.283798
190.463348,179.174889,67.648346,73.504440
188.829041,175.992447,65.812042,73.511108
186.736355,172.208740,65.968849,72.267639
183.664257,168.723049,67.839241,71.668221
181.405666,164.883743,67.859413,71.287262
177.845798,160.839302,69.414635,74.328476
173.210114,158.307301,69.769806,74.885368
168.365898,155.228241,67.405441,72.473663
167.756435,153.879765,66.327187,73.183372
164.277512,151.338608,68.695099,74.815643
160.342995,149.137878,71.059586,74.643738
159.428188,145.766113,74.321968,74.038116
157.911442,143.460968,69.352562,70.977936
155.739761,141.396492,69.208374,65.770920
154.315430,138.221790,69.830017,70.403648
152.376251,136.431938,69.085815,65.537247
154.998314,134.635227,66.402451,66.716606
152.602444,134.325954,68.903450,67.087898
152.857159,132.859907,67.877876,63.498325
153.503426,133.202209,68.076675,67.127747
153.938244,133.169140,67.710487,64.875008
153.074436,133.010071,68.902794,65.460388
153.586143,133.493671,68.387405,67.314751
154.338371,134.430862,69.128372,68.455475
156.414356,133.813366,68.783745,64.702309
155.409058,135.108368,70.608215,65.966400
156.891499,135.458828,69.308037,68.117897
157.811676,135.140018,68.533173,65.050743
158.447105,136.080894,69.573227,66.722702
158.750698,136.159050,68.541206,66.886703
158.898556,136.878998,69.180061,67.733490
159.262985,137.556412,69.210541,69.039642
159.263924,137.751530,69.856796,66.911827
158.256935,138.447021,70.857468,66.034607
158.205647,138.314384,70.751152,68.551468
157.540569,139.094021,70.602547,71.951485
159.217129,137.756672,67.588509,67.234978
157.862316,139.014961,68.380196,69.686234
156.403290,138.403862,69.520416,66.848587
155.316547,138.906597,68.517845,66.066597
154.256977,138.619984,68.787041,66.044884
152.819675,136.857433,68.335777,66.763252
151.684944,137.869167,69.412399,67.820320
151.475307,137.265362,68.600227,67.461159
150.681892,137.889481,68.150864,63.299561
149.865185,137.900867,69.254005,63.095634
149.557827,137.906410,68.754799,62.404251
149.923927,138.055988,67.765518,62.813347
150.426514,138.170502,67.495880,62.269440
149.453621,137.680532,68.769363,63.034992
150.269936,138.341238,68.584579,61.852833
150.709007,138.540012,68.513351,62.024376
151.566967,138.059898,67.814888,59.614670
151.707989,138.191525,68.469948,65.144661
151.356758,138.076584,67.286606,62.172455
149.917358,138.355927,68.671387,62.662079
149.595562,137.833920,67.871437,64.158577
148.512894,137.683193,68.572937,66.004097
148.962273,138.075413,67.990494,62.950706
147.680679,137.277828,69.471619,64.340309
146.926212,137.536720,69.562370,65.280899
147.404861,137.230820,69.243652,66.803925
146.264153,138.145542,69.852097,66.696434
146.934494,138.680229,68.821747,69.519852
147.341305,138.820551,69.130745,63.523357
148.364502,138.646862,67.968781,68.318672
148.196972,139.265594,68.609108,69.603912
149.662872,139.582214,66.596130,70.153564
150.004719,140.286079,67.349968,69.538895
150.300674,141.160633,66.975372,69.087364
150.552589,143.231857,66.057266,68.076294
151.665100,144.227127,64.182770,67.565216
151.249409,144.888248,64.986076,67.630455
151.900829,145.736633,65.080269,67.488953
152.945786,148.010418,64.664185,67.702461
152.202934,149.331089,65.810043,65.509422
152.197403,150.027496,65.271484,66.110687
152.617683,151.843563,65.868546,66.113838
152.120022,153.972118,65.210732,64.002266
152.779079,156.417259,63.875282,65.529556
153.518976,159.062222,63.694164,63.640388
153.752445,162.585892,64.095390,62.775574
154.146053,165.932329,63.638741,63.803646
154.681936,170.317722,63.506001,64.465019
152.487103,173.128407,64.949074,63.872948
149.811794,175.532543,65.025856,66.127724
144.580788,177.046848,65.792099,67.298302
139.921137,172.247631,63.313519,63.341499
130.299057,158.942886,64.577057,72.781677
120.295910,136.688351,70.062813,80.189156
118.012058,114.087513,69.871544,72.059715
119.883160,90.555977,67.905281,72.993362
120.229393,68.809597,66.926498,71.385628
121.008228,50.524101,69.377037,70.682571
121.775509,37.230122,70.077003,70.401299
122.215229,25.162163,68.838737,69.371078
122.808392,15.204319,69.439766,68.554741
126.132782,9.074043,65.930756,68.900833
125.545261,6.005486,66.701591,67.242355
127.785545,5.270363,66.256332,66.611465
129.093712,5.990349,65.390884,67.973618
128.729874,9.221634,66.062256,68.342438
129.015266,15.131104,65.327988,67.330841
129.680389,22.622730,66.084137,68.150169
131.430595,34.126709,64.524796,67.815704
131.405487,47.127777,66.795746,69.231232
131.231659,63.474022,66.089966,70.127487
131.014484,82.221653,64.935936,72.157066
133.018452,103.984493,64.673546,77.061165
133.332344,127.709766,64.193466,68.088097
135.434959,146.277958,65.035202,66.871941
140.211628,162.056049,62.657860,65.927147
142.284489,175.220852,62.679649,65.649391
144.754360,182.840824,62.565742,62.058525
144.354622,188.465233,62.409744,61.321640
144.196493,192.825150,61.676685,66.395660
145.189224,194.543604,62.498993,62.459545
146.055714,194.468979,61.444969,62.801697
145.921190,193.761330,62.297787,62.604324
144.160744,191.467276,62.390121,63.478046
143.135262,189.806955,64.924576,63.292370
144.399281,187.568409,64.841209,63.215782
144.561974,184.183781,64.678238,63.311760
144.291748,180.868752,63.501465,65.247635
145.532360,177.443680,64.002235,64.577057
145.048016,173.060238,64.132149,64.954414
144.371387,170.833344,64.788109,64.014709
145.064194,166.250828,64.460541,65.616203
144.219398,162.519768,65.577499,65.699417
143.734982,158.982235,65.480843,64.930183
144.393822,156.186275,65.585464,63.904732
147.001036,153.654312,62.275822,63.581848
143.091618,151.465387,65.716759,63.842510
142.578781,149.011131,64.840942,64.673996
141.757957,146.225349,66.115128,64.650986
141.434677,144.070833,65.537354,63.119228
140.391468,141.508415,65.150932,64.178116
138.352226,139.606323,65.219711,64.578369
137.598625,138.313309,66.613083,65.237396
136.299332,136.245869,66.542999,65.094048
134.826431,135.228153,65.854248,64.745598
134.769363,133.390026,66.183044,65.666512
134.497486,132.139435,65.062340,65.403625
132.348293,130.479778,66.204933,66.246284
131.688972,128.674561,66.699478,67.254761
130.821705,127.453121,65.618217,66.279701
130.143929,125.830925,66.450851,66.636856
130.428307,124.805977,66.080093,66.061691
129.981236,124.247372,66.321098,66.487770
128.199890,122.959541,68.597137,66.346390
128.672211,122.230591,67.190948,66.789764
127.942490,121.585545,67.286163,67.007469
127.592953,121.107117,67.396492,66.990631
127.801369,120.020824,67.899368,66.460396
126.762722,119.796429,67.615334,68.047585
127.837379,119.194973,66.569656,67.391182
127.095966,119.521526,67.209007,68.020638
127.487282,118.897934,68.090714,68.656067
126.867489,118.070210,67.987007,69.238731
126.598133,117.023151,69.439629,70.154594
128.383228,116.779026,69.220055,70.044029
128.491463,116.668289,69.985458,70.965363
127.325706,115.800549,71.038467,71.774391
126.562000,115.520226,71.001244,72.505295
126.314117,115.885635,71.879700,73.391144
126.668232,115.303909,72.438774,73.807526
125.927090,115.454075,71.444008,73.966393
125.532104,115.696842,72.685577,74.494408
123.758121,115.259712,74.478416,74.199356
125.895817,115.581890,72.742271,74.788460
123.722107,115.087868,74.262512,75.561996
123.258827,114.728939,74.808640,76.503761
123.145359,114.858673,74.759544,77.003174
121.531021,114.852299,75.803314,76.721123
122.476860,115.365513,76.370865,76.805107
121.371029,115.481087,76.488899,76.920883
119.883682,115.215023,78.077606,77.440346
120.726192,115.628281,76.052528,78.953766
119.633038,115.364609,77.049080,79.205109
119.117294,115.415314,77.855499,79.975372
118.441303,114.576565,78.233421,79.754433
118.645050,114.650593,77.771423,79.903526
117.025528,114.786140,79.897949,80.271439
117.753784,114.974331,79.782135,80.410286
116.301746,114.268272,79.746300,80.915421
116.922245,113.763508,78.285728,82.343712
113.963230,114.170158,81.039238,81.773727
113.655849,114.676250,81.294746,81.818733
111.956959,114.447166,82.223869,81.796616
110.614880,114.789085,82.579170,82.472672
109.735115,114.706947,82.209915,83.357925
107.541767,115.557434,84.125237,83.336517
106.595615,114.595016,85.447411,84.424316
105.560139,115.048203,84.026634,83.940826
106.617416,114.498760,82.894501,84.931892
104.065022,114.441101,85.486534,85.604980
102.257496,114.605167,86.672112,86.108116
102.482140,114.672630,85.736435,85.624588
102.379929,114.813290,84.801208,85.760719
102.104446,115.166809,85.721619,85.876465
101.915798,114.926205,85.912148,85.661415
99.225006,116.025631,88.721283,86.421425
98.948341,116.161793,86.683914,86.233574
96.769882,115.753338,88.423279,87.020607
96.494297,115.812958,88.048363,88.031006
94.977795,116.700077,89.340309,88.060905
94.139626,116.326328,88.986923,89.300774
92.419857,116.655437,90.249062,89.403725
94.109001,116.402775,87.796036,90.472862
93.117619,115.784069,88.645042,91.017830
92.333145,116.338120,90.239594,90.432373
91.437454,115.738823,90.928650,91.196152
92.042488,116.537422,89.118179,90.686020
92.443256,116.147907,88.604057,91.945366
92.466370,116.911579,88.859467,92.947441
92.483433,116.817703,90.398674,92.735779
91.102337,117.081417,91.954781,91.999245
91.104431,116.874210,91.377197,92.386650
91.633926,116.048599,90.128418,93.732605
90.644073,116.186924,91.757507,94.174187
91.917900,116.161671,92.349869,93.251732
91.036423,115.959991,93.142792,92.427399
90.621208,115.652725,93.147141,93.799103
91.451225,115.325058,95.084518,95.007660
91.374302,115.560593,93.727043,96.539642
94.173706,116.450493,93.782288,97.062881
93.799644,116.586067,94.647934,97.833878
95.065784,116.294445,93.518059,99.059761
94.463810,116.390396,95.948784,100.830322
93.791428,115.973728,96.270630,100.540215
93.288727,115.833237,96.266693,101.014038
93.307560,116.311531,96.845909,99.845718
93.557888,116.711258,95.070900,99.663971
91.247772,117.037632,99.151154,99.846397
90.813725,117.054581,98.531639,100.378723
91.163616,117.860691,98.124886,100.324150
90.207809,117.391682,98.561493,99.213615
87.857571,118.318851,100.921913,100.232750
85.862530,117.072311,102.196480,99.927429
85.251675,116.423031,100.564339,99.904518
83.197113,115.282429,100.856750,101.874443
81.997120,113.744881,101.869133,100.825302
80.149815,111.942257,102.428490,102.087074
79.433456,110.483036,102.811768,104.723778
77.914734,109.271122,102.014435,104.388817
76.748539,106.701855,102.913658,107.061165
74.520359,104.829220,104.898338,107.802223
73.331902,103.798660,105.395859,108.112061
74.763359,102.919609,104.926620,108.771530
73.304207,102.144169,105.398453,108.464317
73.216507,101.480656,106.129883,109.480980
73.143696,100.911518,106.612907,109.305412
73.735073,100.368435,106.671120,110.131020
72.321800,99.972088,107.868942,111.989937
71.319908,99.819317,108.368393,111.805183
71.402870,99.592667,108.656998,112.177917
71.099403,99.612236,109.421585,112.374069
71.496391,99.531403,108.262314,111.617401
69.974449,99.274349,110.118942,112.353920
68.074364,98.364231,110.908188,113.222740
69.292648,97.912010,109.942505,114.131393
67.600845,96.996201,111.057556,114.270874
64.971756,95.950645,113.384949,115.775253
64.313728,95.365467,114.152481,116.532463
63.149754,94.371716,114.295799,117.098213
63.253166,93.773647,114.226486,117.255409
61.599735,92.131966,115.861229,117.961868
61.543884,89.631142,115.702972,119.601456
61.934135,88.057251,114.890366,118.031708
58.883499,85.129932,118.194824,120.669060
56.785656,84.636326,117.948433,120.302330
53.977055,81.621040,119.253563,123.062515
51.387253,80.830181,120.468811,121.314949
50.241158,78.455872,119.529495,121.078094
49.703690,76.239761,118.677124,118.584778
45.965569,72.830841,120.758408,118.880707
43.317707,70.696877,121.619560,118.669144
42.473728,66.424969,121.225365,119.274300
38.552021,63.846809,124.086479,122.337601
37.885010,60.541248,124.045074,123.701897
36.001541,58.278999,125.062683,125.147842
35.007450,54.955986,126.433189,123.898361
35.913929,51.850353,126.269463,124.030037
36.213726,49.146282,127.393135,124.560799
36.254986,47.915867,127.342415,124.854515
37.531498,45.943501,127.914391,124.728020
36.415680,44.563953,128.743622,126.774223
35.474396,43.388939,129.906097,125.909592
36.968796,41.953072,129.596558,126.129349
35.259544,40.686882,130.355576,127.718857
36.362335,40.109093,130.810516,130.189865
33.911911,42.441177,132.006958,130.596008
34.213730,44.464966,132.345703,130.362030
34.599052,45.871803,131.657089,131.585526
33.813934,47.651848,134.040558,132.213852
34.077606,48.330353,134.046906,131.961700
35.583015,50.674606,133.694839,131.311951
35.567406,50.968094,134.271896,133.248840
36.414764,52.551979,135.400299,132.646378
37.047203,53.899971,135.155624,133.085892
37.531967,55.041840,135.455383,132.099091
37.712891,56.095055,136.279755,133.841232
37.764603,57.803818,137.737244,135.266663
39.394440,58.321167,136.256622,135.790680
40.135681,59.279564,136.295197,136.110947
41.413467,61.491165,135.830322,134.574402
41.558273,61.959274,135.558777,135.033081
43.073997,62.152138,134.806503,135.385941
42.663956,62.858078,136.230347,134.615051
42.855598,63.293343,134.943741,134.992996
42.738167,63.206123,135.173782,135.986771
42.757408,63.466743,137.342575,134.871780
44.257881,64.004974,135.889786,132.438141
45.168266,62.381332,134.867966,133.291382
45.404510,61.524574,135.733856,134.858475
45.004471,61.382683,136.173401,134.826157
45.775497,59.238205,137.038513,136.785522
47.166733,59.211578,136.991760,134.490692
47.843941,57.758949,136.309830,135.578140
49.717888,56.587524,134.672775,137.211334
49.937004,56.943054,137.056137,136.557770
50.463715,56.249680,136.881561,136.509949
52.561325,56.550201,136.107056,136.161835
52.826279,57.886162,137.032471,135.633591
55.434776,57.779366,135.085922,135.276749
57.268448,58.669472,135.524719,136.015701
58.097977,59.480522,135.310547,135.502975
60.955055,60.381683,134.479752,135.845367
63.560143,60.880974,134.722702,135.609238
64.730492,61.218948,135.813156,134.742310
67.010002,62.118919,135.242538,135.056931
69.989182,61.831161,133.716064,134.922729
70.188759,62.330345,136.029861,134.919418
72.366013,61.653984,136.275208,135.037033
74.175636,61.070107,135.217117,134.974197
74.468224,60.944534,136.222336,134.256287
77.763168,61.025841,133.721741,134.007065
78.953453,62.411903,133.254562,134.166397
78.979141,63.594353,135.287354,134.266953
79.577049,63.631248,134.945908,134.619614
80.889084,63.414421,135.068298,134.612839
80.988853,63.544731,136.272568,134.536667
82.317520,62.773956,135.322754,134.632294
84.406097,62.207657,135.190399,135.742249
83.819183,62.917465,136.408844,135.800293
83.730156,63.405785,137.244980,135.469284
85.778015,63.591782,136.049591,136.363098
85.886803,64.198570,136.142563,134.521713
88.185188,65.004364,134.551712,133.636261
85.889496,65.340622,136.554657,134.255737
86.749153,65.929504,136.631729,134.930573
86.197342,65.863319,136.020020,134.834122
86.958939,66.657730,135.699036,134.784485
88.072235,66.286842,136.432770,135.206436
86.968132,67.149467,136.775681,134.383835
88.221878,67.239426,135.781189,135.381592
88.287247,66.620354,135.647095,136.135605
88.258087,66.687332,136.452789,135.506165
89.636093,67.894890,135.560364,134.605453
88.188400,66.902496,136.718079,135.041901
85.704712,66.697823,138.480194,134.400589
87.405281,65.846199,137.300003,136.233780
87.093147,65.282288,137.880020,135.385223
86.536453,64.915222,137.961365,136.333954
85.808411,66.133972,137.394806,137.134552
84.790810,72.061653,137.396317,136.314285
83.513931,80.281532,138.280090,141.941788
82.469238,97.056580,138.665985,151.338654
82.622429,120.986076,137.751816,145.463486
80.087860,152.039612,136.209869,144.910919
76.601509,187.840126,137.141068,147.806839
79.164940,226.623222,137.128708,132.263046
81.854225,260.641579,137.853104,99.358421
85.981964,282.825027,139.226349,76.733223
94.797646,297.677948,134.334000,61.982216
98.175491,302.443521,136.840240,57.556479
98.782433,296.667150,140.292679,62.716156
98.267838,285.805562,144.121185,73.283417
101.261055,270.022931,141.315536,89.977069
101.528969,250.546278,140.974289,109.453722
101.892250,220.962837,142.460068,138.861938
104.788643,206.422858,141.205612,136.410339
107.322151,184.031265,140.480820,138.637802
108.843102,166.569274,141.651932,143.154678
111.140617,151.389198,143.406754,142.030701
114.119682,140.865852,141.894119,138.505737
115.323318,130.527961,141.801788,134.750793
118.014786,121.830245,142.283112,134.843979
118.504112,115.510108,140.945694,134.666138
118.742210,108.152900,141.013748,136.163025
115.569984,100.287475,141.970016,140.098770
113.165146,94.096397,142.517242,134.488434
112.660782,85.795715,140.818878,131.441238
108.153206,80.173805,140.164658,128.475098
106.675102,73.033080,139.270767,135.195206
106.335022,64.259605,138.412903,138.487518
105.713646,57.928680,138.166275,134.634048
105.308235,50.154815,136.319016,132.872940
108.606529,38.602325,131.425064,134.581619
104.384377,29.369231,131.352036,136.125748
97.739960,19.206252,130.820923,135.081406
83.642143,9.577293,135.410599,138.008392
73.460220,0.039397,134.075409,126.434708
56.145660,1.164817,137.684753,95.402069
50.048141,0.659782,142.746552,64.618683
60.686554,0.895477,133.735138,37.861160
82.220531,0.318881,98.422646,34.642860
45.675446,0.000000,177.366730,101.219959
135.740795,53.309354,112.992134,118.100456
127.929382,95.550935,190.568024,204.108810
247.512054,228.098306,178.506073,116.912506
277.084717,222.151140,149.499176,109.097122
248.585953,261.731470,159.166687,95.567200
252.195145,251.165311,161.860046,107.737419
236.646988,247.249910,172.236877,111.137985
244.163246,275.158670,142.107864,80.693756
246.104721,271.284132,142.512024,85.151024
231.208477,122.305677,113.639137,120.209129
87.475300,17.782179,111.514030,123.398857
91.862576,62.873041,108.736732,117.989899
100.770248,111.016019,97.929443,115.945030
102.863750,165.874136,97.173775,109.212502
106.619385,218.359163,94.484161,106.264053
107.752590,273.797105,91.548286,85.560776
114.317013,333.323467,84.425789,26.676533
198.745750,273.659267,72.054947,49.458164
238.484459,234.974092,73.835556,64.802956
267.926517,226.606325,95.505699,80.154396
237.101658,224.600950,123.553520,81.590500
261.818184,219.567735,97.490036,100.176826
233.436474,236.372053,104.710609,98.965958
239.896320,218.487589,105.598289,89.316185
228.217651,219.123281,98.305389,75.165161
242.976696,240.466989,87.086800,75.537010
217.899250,214.541982,75.877586,65.410187
233.905621,229.006468,93.451180,81.770767
241.633568,279.034826,87.981400,80.159912
120.106598,334.556942,66.403595,25.443058
114.887970,306.245764,72.857712,53.634125
112.550400,282.728205,74.267044,69.500816
112.724354,264.295847,75.710823,72.415398
116.475246,251.791220,76.261223,70.184845
119.802696,239.577238,78.259399,73.295731
124.912415,228.568006,79.353836,77.334396
128.601711,223.995211,77.222923,78.850166
132.246429,223.090513,78.917618,80.299759
135.407875,224.367632,79.159668,78.708809
137.458897,223.494905,77.827614,79.429543
139.665359,222.994848,78.575333,79.900421
143.532555,224.116796,79.308807,79.259460
147.144070,225.213724,76.859154,78.341698
150.252544,227.037962,75.702385,77.851059
153.521290,228.093672,74.067482,76.813919
156.000885,228.177259,72.628159,76.556534
157.557682,226.375181,74.526741,77.222580
158.362030,224.262098,75.588303,75.644943
159.011856,220.414530,78.018112,73.648888
160.462582,213.137743,77.980156,74.539192
160.272865,203.510507,77.169739,76.116661
159.614845,190.426454,75.024139,76.346901
160.265110,176.746595,76.706673,74.107590
161.014240,163.447527,71.756142,76.697731
162.111137,150.219259,77.315063,75.360016
162.791828,138.609693,72.568367,76.431137
163.565289,127.041044,74.100121,75.932358
163.286823,115.851538,74.640846,76.900208
162.974136,106.216898,72.883682,77.298607
160.976761,97.822893,73.478500,76.648537
159.603668,91.394285,73.345718,76.108536
160.291332,86.057600,75.359978,77.196182
159.652046,80.895670,80.704376,79.375664
158.454464,79.287077,78.841850,75.952438
159.063297,78.015341,77.635628,75.906006
158.765755,78.417120,75.580688,74.551178
159.332108,78.491308,76.779678,76.420990
160.181423,79.093752,70.360222,72.391243
160.883080,80.798426,73.119019,73.669426
162.645958,81.777895,74.350891,76.612495
162.950558,82.475820,70.977196,72.863800
164.435646,82.982317,74.094543,73.041664
165.933372,82.382929,68.376587,71.973808
164.789925,82.771139,72.266815,71.750275
164.850780,82.088812,70.083031,69.326050
163.355621,81.098726,74.093369,72.005592
161.791592,80.052431,72.921440,70.420815
160.017418,78.609144,74.905029,79.845444
159.713978,78.045580,72.397743,70.129005
159.593803,77.004175,74.678040,76.071098
159.280994,76.823065,71.929420,70.905151
157.627079,77.925020,74.145790,75.896095
156.112850,77.090876,73.409325,69.234001
156.041763,77.730047,73.335678,69.629608
153.654526,77.164942,73.031387,70.362999
152.524246,77.961267,71.953568,66.526237
151.340237,79.434294,71.163567,65.837204
153.835930,80.714834,69.110626,67.523651
151.871002,84.173418,71.221756,73.453316
152.578651,87.847753,69.688049,72.785461
151.880875,93.139955,70.475784,69.656898
153.568329,99.442640,67.926773,70.014908
153.260372,104.745439,68.529686,69.357063
149.926430,109.762724,70.416046,71.073929
147.927464,110.885683,68.017555,73.079140
142.250301,104.109079,66.890221,75.601646
129.495182,89.985884,70.652382,83.668655
127.303566,74.205866,71.300415,71.985100
126.557724,55.766817,72.479263,70.233070
126.404934,40.779184,73.929802,74.597008
127.693222,26.756960,72.540970,73.568245
126.868652,16.749250,75.766068,74.392410
127.159729,11.025888,76.102524,74.282127
128.492817,8.793951,75.159828,73.233490
128.823151,8.228514,76.583847,73.443375
128.828854,10.910303,77.042442,75.488335
131.058762,15.700277,78.466629,75.771301
131.449543,25.366251,79.030312,78.448051
131.821262,36.395224,77.197151,77.953644
132.557907,53.753054,76.715317,78.581795
133.066349,70.989527,75.871742,77.980247
133.516220,89.847711,75.558151,76.699364
133.554367,106.138723,73.964310,77.072388
131.117435,120.006910,73.842201,77.590195
126.563324,129.737688,76.513535,75.702583
127.987896,136.265276,75.372215,75.744545
128.123737,141.407198,74.585670,75.006599
129.294468,143.623110,74.742195,73.351845
127.626308,143.057775,75.599998,72.867798
127.194450,142.478281,73.971558,73.206688
125.177895,140.601442,71.718048,73.213112
122.075920,139.296072,73.219330,72.537048
121.493904,138.561033,72.034821,71.341202
117.890526,137.134264,74.390320,72.541389
117.830383,136.032423,72.458450,73.277786
116.916378,135.190710,72.749474,72.840881
116.906487,134.071340,74.149017,73.362305
116.953327,133.709543,73.843941,74.133263
116.466007,132.929205,73.463875,73.355682
117.113560,132.282553,74.691231,73.032776
118.066837,131.608663,72.879219,72.275513
118.166451,130.758413,72.867218,73.980957
117.694878,129.352701,73.156525,73.107964
118.195107,128.553503,74.744446,73.591797
117.898113,127.142904,73.310265,73.192780
118.215584,126.403063,73.873199,72.171669
118.892586,125.235083,74.577454,72.560059
118.487083,122.777773,76.698456,72.316963
119.004292,121.189543,75.695045,73.426102
119.241081,119.456518,75.839264,72.932770
119.664413,117.882109,76.186935,72.627518
122.194229,116.494627,75.698044,72.223648
123.148792,114.252436,74.239388,74.587578
124.130585,113.313284,75.144333,74.088623
124.347435,112.261766,76.542450,72.662849
126.581165,110.417597,74.890694,74.021873
126.050514,108.062590,73.975372,75.324509
125.935612,106.571493,74.889534,75.526581
126.696060,105.437788,74.596451,74.109238
127.486244,104.918379,72.804291,75.539780
127.811539,103.505335,74.687119,76.462242
128.571411,102.523966,75.611038,74.952843
130.482563,101.901018,74.946968,75.020088
131.824108,101.521444,73.212364,78.934021
132.356922,101.585726,74.334633,78.050179
133.176712,100.929178,75.146408,75.218407
134.437618,100.126646,73.945427,73.729111
134.751343,99.930002,73.495010,72.138664
134.912067,99.628267,72.593727,73.202278
136.061749,99.116991,73.424187,72.263405
137.871601,99.138296,72.390633,72.822083
136.521084,98.603594,73.943199,74.013100
137.936504,98.489820,73.005699,73.781143
137.193123,98.710634,74.064301,73.734047
138.799282,98.378946,73.220543,73.905754
138.382145,98.616815,74.295662,73.608421
138.766850,98.182238,73.378120,73.842476
139.981647,97.399343,74.094398,72.954559
139.656147,97.535139,77.263283,72.157852
141.336205,96.503199,75.075745,72.593132
141.209019,96.111467,74.898964,73.229164
142.259972,96.152956,75.577820,73.074867
143.929619,95.232546,76.276489,71.786964
143.589413,94.698957,75.195122,73.523941
144.007889,94.742239,76.906021,73.618744
144.692871,94.039553,76.974991,74.032265
145.759228,94.243143,76.967949,74.061729
147.310394,94.819631,77.250229,74.424408
148.613518,94.827429,76.996674,73.944000
149.849064,94.557264,76.889870,74.768906
153.148006,94.499926,73.652489,74.119270
153.798923,93.478773,72.359108,74.662613
153.342724,93.321031,74.363762,74.862465
154.842674,92.674532,75.034058,74.167030
155.539906,92.878672,76.645790,74.426018
155.540340,92.175081,77.747826,75.568489
156.389389,91.923178,77.411118,75.287964
156.583858,91.326853,77.510094,75.048515
157.827259,91.430834,74.824074,75.473793
156.899296,91.660475,77.151558,75.490891
156.882881,91.512270,76.600677,75.279457
156.407764,91.064325,78.245552,75.331932
157.082230,90.369955,74.965225,74.801086
156.801182,90.995623,78.053413,75.733131
157.351780,90.708242,74.779823,75.478577
156.948299,91.059713,78.288231,76.054260
157.565319,91.129618,78.418449,76.483299
156.087563,91.791689,79.015778,76.927406
155.592247,91.540647,79.368500,76.815292
155.659416,91.637056,81.095032,77.372810
155.478615,91.130773,79.369812,76.882843
155.307072,91.545294,80.339424,77.716736
154.887955,91.041807,81.129379,77.252335
154.497223,90.030374,80.877487,77.569908
155.381386,90.401731,80.736877,77.616440
155.276871,89.948889,80.056778,78.186646
155.474575,89.084989,79.428612,77.184860
155.352116,87.688490,79.944466,76.589310
156.251331,87.300196,79.081642,76.623619
156.977810,86.865900,77.486595,77.289024
157.568348,87.175566,79.122078,76.500900
158.399769,87.082247,78.232216,77.997810
160.681870,85.737394,77.051559,76.504562
162.109741,84.990126,75.786911,76.501358
161.958012,82.051378,75.729713,77.784554
164.257259,80.022432,75.895073,76.361061
165.875668,78.993097,77.104668,76.488823
167.619980,79.047293,77.851456,75.840973
169.076897,78.623487,77.992310,76.425766
169.689636,77.575018,78.180099,77.734192
172.569275,77.066420,77.093094,78.281326
174.383324,76.461786,77.211395,77.697868
176.458843,76.421965,77.087975,78.352585
177.449940,75.820139,76.941353,79.010063
177.786716,76.014936,78.391243,79.457504
180.161327,75.907026,78.881493,78.584579
180.390411,75.904024,80.220169,78.258919
181.353947,75.014875,80.084969,78.764114
181.852184,75.738298,81.648216,77.970924
182.524376,75.492292,81.867615,78.918350
181.827625,75.811312,83.672493,79.170021
186.747032,75.717031,77.912842,77.253479
185.532883,75.179205,79.000687,78.202667
185.448254,75.037500,78.775352,78.767113
185.551018,74.871515,79.136566,78.871025
185.279346,73.969477,79.588966,79.518394
184.865257,72.051153,78.982819,80.318604
183.502209,70.432722,80.672661,81.085037
184.642731,70.119169,80.415237,80.349838
184.272533,69.407305,81.101341,80.227699
185.391850,68.334970,79.441750,80.087578
185.521828,67.961843,79.601135,79.825256
185.889606,67.993933,80.061836,80.389313
187.150772,67.933844,79.729294,78.037933
186.628132,67.795763,79.904121,77.869728
187.028679,67.008459,79.592468,78.342010
187.628414,65.775076,79.846031,79.471039
187.318451,65.659235,80.236069,79.507133
187.759098,66.002615,79.302406,79.212463
187.947479,65.896223,78.788071,78.285873
187.607357,64.984365,78.984764,78.630646
186.917908,65.004988,78.112289,80.145645
187.639973,65.477316,78.196968,78.508545
187.236813,65.635828,77.684868,78.795982
187.002171,66.287451,77.848640,78.313202
186.488293,66.150457,79.244225,79.320190
185.676941,66.518019,77.445145,79.283127
186.795433,67.064260,78.847992,77.683899
186.700626,66.929747,78.280220,78.392502
186.397224,67.818415,78.423828,77.554832
186.391136,67.885149,78.467072,77.332191
186.929012,68.520796,78.529167,77.090317
187.952667,70.157839,79.038071,77.205910
189.521397,71.023020,76.778450,76.632835
189.923325,71.574499,76.603928,76.371155
189.322392,71.783262,78.312325,77.721756
190.970119,72.198454,78.624413,77.294357
191.915459,72.690668,78.633392,76.225822
193.834114,73.166094,76.081665,75.979958
193.413902,73.218599,77.397827,77.106789
193.708244,74.437902,76.698792,77.048706
192.631672,74.776739,78.691353,77.335480
194.747341,74.697149,78.042595,77.693756
194.214817,74.447687,76.637703,77.221550
194.281685,74.576849,77.347626,77.205902
194.737728,74.856939,77.285789,77.143890
194.666443,75.524961,77.562607,75.869034
196.025009,76.291254,76.774948,75.801598
193.869732,75.491468,78.376793,75.907455
192.331890,75.128424,79.111687,76.923737
192.367142,74.950025,78.878311,76.613022
192.919968,74.799414,78.025650,75.994659
192.312283,74.722326,77.891380,75.653442
191.838444,74.169016,77.548225,75.507133
191.472263,74.575762,77.126381,76.745033
191.331985,74.712229,76.269180,76.897728
191.119671,74.898024,76.245903,75.458389
191.759193,74.909380,75.253448,75.117592
190.268417,75.691873,76.226944,74.882042
189.992550,75.370653,76.110374,75.214485
189.676914,75.779753,75.850105,74.933640
189.512932,75.464456,75.804596,75.078026
190.000305,75.519865,74.759506,75.508713
187.735477,75.938356,75.890511,74.856850
186.608368,75.791922,75.517288,74.857391
185.962662,75.807268,75.083725,75.391487
184.421604,76.116217,74.271034,73.520477
182.304115,75.801161,75.098846,75.213486
180.684948,76.264101,75.168663,74.912392
179.119316,75.307043,76.316315,75.102692
178.486423,75.634790,74.861244,74.754539
176.977486,74.834284,76.416107,74.874107
174.908493,75.071283,75.763412,75.068352
172.873413,74.707563,75.250717,75.287003
170.979965,74.319319,75.979111,74.705338
169.807510,74.814325,75.151566,74.569756
167.853779,74.119280,74.287605,74.971992
165.374901,74.252829,75.253418,74.157715
163.587624,74.899950,74.127899,73.944923
161.411243,74.603422,75.395790,74.037827
160.623341,74.032392,74.541237,74.996811
159.981411,74.074812,74.223015,74.648453
158.615437,75.521997,73.681343,73.171867
158.672138,76.700560,73.345650,71.966568
157.809032,76.768156,72.231224,71.268570
155.975082,77.345732,73.383102,72.045670
153.700905,77.842890,74.352875,73.185661
152.910702,77.606851,75.614006,71.968834
151.453796,77.117384,75.827011,72.564011
149.294048,76.231542,75.894096,73.339691
147.504826,75.996092,78.018135,72.549484
146.208069,75.110132,76.795364,73.217216
145.220543,74.577570,76.841980,73.489098
143.090549,74.157297,77.056190,72.961479
142.728954,73.281343,75.933342,72.795052
140.971016,71.682531,75.501251,73.384888
140.355030,70.682005,75.499397,73.816269
138.367519,69.620989,75.840874,74.497505
138.906010,69.211054,75.103127,74.070488
136.358219,69.074079,76.936806,73.462662
136.143318,69.315351,76.183624,73.068863
135.543510,69.027433,75.849335,72.661819
134.166912,69.228575,75.384727,72.610458
132.810776,68.021101,75.779709,73.076309
132.054806,68.341333,77.014549,73.872887
130.990273,69.162981,75.560760,73.718819
130.097149,68.668219,75.051659,73.209625
130.261246,68.157495,75.437912,74.471214
129.827274,68.814844,76.041695,74.638817
130.504593,68.844721,75.920151,74.479271
130.780075,69.300066,76.264664,74.384529
130.272102,69.296640,76.485016,74.416618
128.614513,68.382708,75.575890,74.697945
130.098251,68.057985,75.838974,75.016304
128.727085,67.443735,77.262123,75.286674
129.125153,67.675451,78.070633,74.737274
128.614227,67.265486,79.013321,75.753036
127.871395,66.404318,79.297050,77.034485
127.714596,66.397379,79.399651,77.634514
127.637421,64.775026,80.917404,78.385323
126.888496,64.994486,81.914429,80.156883
126.584122,64.328047,82.744339,79.244034
126.878372,64.158876,84.072495,81.242897
126.817337,63.134127,83.237869,82.025368
126.676964,62.661817,83.518372,82.774094
126.846035,61.950697,84.683586,84.222031
125.490288,61.016851,86.195129,86.409210
126.388405,61.493116,87.619598,86.765488
127.073170,61.579321,88.292397,86.300751
127.479389,61.518289,88.097481,87.581444
126.908562,61.402853,88.416199,87.937592
127.155903,60.413893,89.859840,88.381180
126.770283,59.654970,91.413185,89.833717
127.835587,59.272882,92.158005,90.910545
126.336559,58.909952,93.364891,91.699669
125.793022,59.071085,94.270325,92.120293
125.375732,58.644731,94.538254,93.057045
125.020550,57.261988,96.153099,93.793999
123.799480,56.568247,97.093437,95.046165
124.155457,56.040018,97.570084,96.439842
123.541012,56.206255,99.478508,97.177467
122.851162,55.282640,100.252464,98.369301
122.039852,54.618776,99.362999,99.314186
118.074112,53.261522,102.484024,100.286324
114.601784,51.925917,102.795624,101.450027
113.777046,50.893480,103.939331,103.079872
111.642685,50.120207,105.124191,104.666214
109.641140,49.326937,105.589806,104.971504
109.202404,49.605135,106.499748,106.709297
107.859951,48.944944,107.081627,106.399002
105.243233,48.372175,109.156677,108.165573
102.425343,48.212637,111.058266,110.318695
101.442184,48.117300,111.604233,110.805878
98.109020,47.889940,113.763237,111.211281
95.741577,46.530256,115.190689,112.621811
93.562523,45.494757,114.388153,113.837769
90.983894,44.715609,117.272400,116.067085
87.575733,44.931868,118.613136,117.397751
87.108013,44.860586,119.458794,117.172638
85.733250,44.674398,121.297493,118.365570
85.374264,43.691175,122.177269,120.212814
84.186329,43.244287,123.770607,121.109581
81.978561,43.567419,125.468430,122.652954
82.577480,42.984995,127.297020,123.963371
82.061996,43.193350,127.924179,124.694061
85.070423,42.391363,127.932594,126.094238
85.323204,43.735269,129.780975,127.432915
85.825790,43.642744,131.141220,128.114365
87.098351,43.198492,129.376740,128.583923
86.047447,42.751928,131.905914,130.461426
86.214127,42.670332,131.522934,131.226669
86.922340,42.763937,132.045898,132.369598
86.878204,42.345739,133.710281,133.803467
86.865410,42.349195,135.368011,133.368515
84.965118,42.025160,137.191360,133.796310
85.575584,41.503874,134.793854,134.059219
84.178658,40.352377,137.459900,134.919281
83.614838,39.940596,137.080643,138.193771
80.350151,39.348669,139.111725,137.971436
79.267769,39.078764,140.390503,138.720535
76.974258,40.100820,141.047470,138.079803
74.019569,39.244451,141.713196,138.360962
71.811172,39.415579,140.397568,137.339508
66.431465,38.277006,143.303162,137.573502
62.920128,37.027861,142.586334,139.315994
58.531075,36.850630,142.558044,141.831039
53.778908,36.267027,143.649353,142.451370
46.692802,37.102430,144.974213,142.506210
41.037170,36.209738,146.268509,142.708649
37.267136,36.358709,145.189682,145.297729
32.784531,36.136862,147.354477,141.731049
28.447006,36.588354,146.855392,143.529602
24.731857,37.919325,146.086288,144.834274
22.202324,38.196890,146.365570,145.760895
19.139374,38.231855,147.303848,146.572495
15.258896,39.209112,148.248764,147.279297
11.625847,40.084181,148.687592,148.035263
5.033112,42.034155,149.286026,150.663574
1.549965,49.883871,147.626038,154.120819
0.390800,66.008566,145.017914,157.772369
0.466095,88.047087,143.183975,161.418472
0.000000,117.997061,135.506104,167.184967
0.188011,156.450224,129.853226,168.038834
0.000000,202.977125,121.316063,156.053940
0.000000,252.688986,117.650909,106.511200
0.000000,299.456055,115.248737,60.543945
1.833055,338.736420,93.822464,21.263580
71.688450,258.606043,60.101238,43.570789
72.483580,253.074402,117.772453,51.166389
174.391420,216.491013,141.428757,114.073250
222.724329,262.533497,170.231323,96.893250
228.880541,223.116314,178.385147,118.085526
222.452181,219.659138,186.600388,139.951111
208.050959,224.218243,207.176331,134.904984
296.445063,217.658535,143.881714,125.820602
226.700541,266.515942,171.701569,92.137100
229.115198,269.443817,169.988953,87.869789
230.211397,261.443130,170.905197,97.238899
206.191164,268.776745,191.047531,85.357376
77.756128,326.727772,128.235077,33.272228
74.493364,313.192442,142.589737,46.257683
73.425875,290.784842,150.341324,68.268166
78.836481,267.024389,149.068146,92.489235
83.458445,252.873907,150.370972,106.996864
86.774935,241.037886,151.816666,118.962114
88.660791,228.007934,151.551422,131.196274
90.183962,213.226203,152.117203,144.139557
90.069208,198.529189,153.139801,150.106827
91.316225,182.110892,150.855301,149.607361
91.915415,164.215232,151.765015,147.471985
92.854548,147.656135,151.967010,147.183197
95.692202,133.566062,150.706802,141.829346
95.962069,122.415374,150.323135,150.304367
96.659494,112.708777,149.247620,146.371735
95.440508,105.634109,148.033737,142.275528
94.134233,99.641189,146.982773,144.868973
91.291101,95.064231,146.668915,141.791931
90.642450,91.507728,144.341888,141.308502
90.849009,89.781707,140.281860,136.619370
90.323488,90.311149,136.769547,131.881470
89.441858,93.404059,131.992462,127.505524
88.737375,95.412589,129.353149,123.650757
90.754911,97.974959,123.712059,122.285233
90.696398,99.850734,122.276230,117.620659
90.112871,101.122855,117.355515,122.805664
91.632547,103.487594,110.333130,109.741714
92.501329,105.403632,107.996506,98.151642
93.902071,107.452888,101.272110,98.349823
95.510561,107.338557,100.220810,100.356743
99.489847,110.382552,95.802887,97.991287
103.453943,114.033698,91.993561,93.311890
107.865606,117.562812,89.301674,89.436279
111.891920,119.459807,84.625908,87.924881
111.066748,121.482913,84.214027,85.848732
109.985685,118.336593,83.156487,80.869339
103.191805,107.112002,82.811783,85.002083
100.244635,87.755752,80.383430,89.343033
105.748171,67.227176,80.038162,81.197975
110.196455,48.640063,78.935265,76.766487
116.439714,34.184775,76.613571,79.803619
123.018328,22.170188,76.053696,75.392456
127.629992,14.895263,74.636246,75.250290
133.322100,9.355212,73.393875,71.720985
136.205084,6.785682,72.619484,71.019440
138.898035,6.819236,72.839508,71.143311
143.297560,8.647410,72.351158,71.212059
146.071974,12.105647,71.789207,71.375603
148.373537,18.609004,71.733536,71.881584
151.084780,27.266044,72.443680,74.518402
153.174891,40.006099,72.749939,73.687492
154.601244,56.875682,72.441666,72.795921
156.333483,74.827735,72.348923,75.640411
158.074629,94.066890,72.423607,73.981285
159.062307,112.385215,71.833168,69.787598
159.400255,125.470210,71.299973,74.340630
157.684443,135.313132,69.969086,75.302612
156.318449,143.678493,71.365623,72.693687
153.009481,147.683612,71.928139,70.451729
150.275640,149.528888,71.138710,71.613106
145.625132,148.716166,72.804474,71.491539
142.202570,147.840732,73.274384,71.243690
140.982821,146.583865,71.520950,71.612373
139.176210,145.123275,70.868393,71.123825
136.403784,143.524516,71.790443,70.422417
135.241190,141.241939,70.812531,71.450127
131.525892,140.065043,71.647484,71.907738
129.163389,138.605216,70.956688,70.539398
126.308397,137.146121,70.019882,70.465034
124.098097,135.811336,70.307457,71.451714
120.715475,134.285689,71.308510,71.885422
119.535711,133.460784,70.888039,71.026291
117.696474,132.242194,71.416641,71.326172
114.801474,130.767665,72.353065,72.550865
114.413218,128.427306,71.310364,72.296890
113.819204,128.260211,71.049995,71.565956
111.586103,127.213264,71.469566,72.270721
110.603609,126.250659,71.127060,72.818398
110.450193,124.500926,69.592918,73.129814
107.705683,123.547858,68.423401,72.877441
104.741877,122.456428,72.602570,71.731506
102.627863,121.206485,73.932098,71.287758
102.981871,119.636855,72.792595,71.461685
102.320196,118.312884,72.024879,70.376900
102.301874,116.170066,71.300690,71.841156
99.757978,115.051364,72.852470,71.382179
99.372084,113.675937,72.176140,71.544136
99.460371,112.092124,71.975639,71.509735
98.170588,109.703006,72.472961,72.055214
98.994532,107.126109,71.763458,71.453484
98.339357,106.178649,73.536240,71.803207
98.178518,104.256412,73.509315,71.012428
97.989912,101.930346,74.270256,72.217506
98.847689,100.084743,74.346878,72.452812
99.475786,99.349616,74.255966,70.572174
100.081362,97.368079,75.359360,72.888641
104.114176,96.347445,73.134674,74.191872
103.357851,94.987441,75.118729,73.923477
103.844919,94.722697,75.557281,75.244377
104.622679,93.801341,75.046532,75.609581
106.054472,92.618731,75.521996,76.406197
108.696196,92.117709,73.588921,74.193581
110.915545,92.126727,72.380173,75.517281
110.237101,91.261195,74.513580,75.802025
112.113642,91.120532,74.124664,76.371925
111.431162,91.005347,76.296051,75.257782
113.196260,90.930629,74.287247,75.005394
113.602350,90.505042,74.858368,75.463409
113.913092,89.999530,75.306892,77.200294
114.873041,89.159099,75.628113,75.928246
116.798002,88.638282,74.106590,75.885162
117.063807,87.964217,74.441772,76.654099
116.061533,87.379115,76.018097,76.112419
116.514559,86.668654,75.249130,75.506851
117.209509,86.083838,75.267433,74.963409
116.901808,84.668559,76.090721,76.103172
117.182421,84.466254,76.823105,75.852173
116.058199,84.450206,75.897263,75.937920
116.850592,83.852874,76.035927,75.749496
116.842867,82.464122,75.974686,76.035789
116.008768,81.916465,77.313934,76.250793
115.264029,81.887900,76.387032,75.833557
115.511545,81.674953,76.118652,75.463219
115.998114,81.163611,75.614845,75.959778
115.134623,81.042026,77.588776,75.488289
115.955088,82.094134,75.456940,75.770729
116.000738,81.893943,75.188637,76.387726
115.434172,81.575335,76.545372,76.638954
114.970541,81.857371,77.248940,76.566978
113.526163,81.539550,77.709320,75.065231
114.896677,81.886348,76.288635,75.793785
114.192888,81.687552,76.847214,76.243774
114.502516,81.783187,77.304802,76.093521
115.630594,81.636611,75.987000,75.480911
115.072531,81.295432,77.633461,75.879761
116.257479,81.224513,76.628799,76.308525
115.833204,80.913703,77.636742,75.974548
116.248594,81.178168,76.860649,75.907318
116.386713,80.676688,76.685699,75.950775
117.416674,79.601020,76.906967,75.076477
118.240076,79.101039,76.752594,76.189751
118.351244,78.580508,77.213028,76.108833
118.207792,78.385856,77.458794,75.113953
118.574007,78.125388,76.925949,75.997650
118.946581,77.764190,77.036331,76.934280
119.954908,78.706653,77.244926,76.353981
120.258745,79.367431,74.767258,75.373184
121.169535,79.361392,74.942719,75.884834
122.263166,79.555160,74.896721,76.873428
122.638941,79.443141,76.073669,76.192497
123.410070,79.813987,76.513832,76.140717
123.342436,79.604144,76.520042,75.794533
123.745070,79.419265,77.221672,76.835220
125.188070,79.838073,76.101631,76.277023
124.156816,80.567084,76.816727,76.673462
124.214594,80.552539,77.147949,75.652992
124.787577,80.411120,77.012573,76.651955
124.632318,80.378100,77.336609,76.889687
126.010393,80.350760,76.060806,76.976532
124.666273,80.994292,77.073509,76.879318
125.198439,80.401179,77.213768,76.878990
125.235029,80.202220,77.428947,77.527794
125.319979,80.406890,79.083939,77.309860
126.318502,80.536456,76.748177,76.490150
125.778662,81.674193,77.975807,76.396988
126.527719,81.255897,77.707855,77.963379
128.029455,82.546279,76.511787,77.442368
126.795893,82.647342,78.304291,77.501381
127.483503,83.671344,77.980247,77.027412
130.163530,83.122664,76.248001,77.655869
128.518564,84.479476,78.090515,77.354599
129.447859,84.506721,77.732201,76.539276
128.747541,85.245471,79.049248,75.156410
129.247545,85.242309,78.321213,76.662369
130.640799,84.961600,77.548286,76.920532
128.868624,85.889922,76.569534,76.558182
127.865568,85.688128,78.239403,75.503090
129.878889,86.054564,76.424553,75.554276
130.787352,85.770049,75.300499,75.913467
128.814280,86.034152,77.484680,76.196053
128.989222,86.439158,75.461029,75.704918
127.024900,88.616332,76.891991,74.174149
128.244684,87.883842,76.809082,75.818451
127.226656,88.319709,77.689529,76.029083
126.073797,89.291121,78.063881,75.738754
125.983976,90.115371,77.668449,75.479660
126.744871,91.094939,77.028954,75.542435
127.198210,90.687057,76.596184,76.526260
126.817492,91.972621,76.445999,75.686943
126.861410,93.222919,75.888039,75.328011
126.991297,94.081161,76.486847,75.127518
127.079840,93.246112,77.022346,75.802315
127.047464,93.100024,77.332977,76.108315
126.967237,93.860236,77.446068,75.120605
126.893255,94.788497,76.437080,74.670242
127.897959,94.308173,77.077057,74.869690
128.377947,93.437186,76.934036,75.540253
127.640806,93.482608,77.173759,75.864632
128.096571,93.210582,77.993279,75.065514
127.621256,92.743289,78.633423,75.684517
128.711950,91.822219,78.260353,75.787949
129.202654,90.982982,78.238907,76.632652
129.998011,91.791244,78.593414,76.145889
130.685785,92.245601,78.186432,75.740501
132.514791,91.982871,77.792488,75.049683
133.493597,92.022738,77.649574,75.737862
135.328680,92.228717,77.336708,75.687294
140.380968,92.201217,73.582962,75.489731
142.067991,93.674312,74.370323,75.660362
143.868799,92.891292,75.461945,75.476158
146.209257,92.425113,75.708244,76.305550
149.957804,92.670962,75.209900,76.328407
151.965811,93.367190,77.064156,75.785591
153.537172,93.013942,77.974533,75.353142
157.345480,92.626124,75.755867,75.782249
160.072809,93.228667,75.879822,76.190536
163.290941,93.145415,75.521042,75.567368
166.261862,94.250167,76.967567,74.701797
169.062914,93.906970,76.296555,74.549934
174.044645,94.509887,74.846611,73.943130
177.057604,94.411544,74.596024,74.937271
175.225527,92.834289,74.438919,73.920731
173.077154,92.163177,75.214516,74.520676
171.237986,90.359893,72.993378,73.394150
169.085180,88.561557,72.772255,75.029030
169.899069,87.123595,72.213020,75.311661
167.503775,86.914927,73.614937,74.719627
167.006224,86.530177,73.914909,73.477074
168.951208,86.243602,72.883675,73.700157
169.022234,85.748435,73.203201,73.989105
171.794352,85.200271,71.990234,74.206802
170.055059,85.468719,76.401436,73.975266
170.260530,84.905898,74.720474,73.870743
168.803411,83.292727,74.346809,73.464333
170.729994,82.734633,72.329826,73.917526
169.052698,82.402411,73.906586,74.363220
168.386236,83.445106,73.121468,73.552704
168.262514,83.682925,73.143875,72.854713
169.225992,83.533690,71.332764,73.235519
167.829081,85.206397,72.556000,72.948486
166.398973,85.517131,74.379257,72.632896
166.561186,86.158118,73.409599,71.971832
167.894506,86.393908,72.709572,72.584297
166.363150,85.274505,70.026711,73.543716
162.308798,85.147410,71.838600,72.847954
160.123262,85.637935,69.316513,72.761223
156.075571,85.390510,71.290009,72.987244
154.340582,85.607627,73.133888,73.489319
152.069674,85.625815,74.324020,72.842529
150.230844,86.514544,74.349243,71.752754
148.812403,87.094993,75.257843,73.013123
148.564558,87.125464,73.348473,74.008148
146.294882,87.459128,76.176765,74.272705
145.466722,88.847308,76.001877,73.139900
144.670496,88.069842,75.505249,72.584145
145.189638,87.946296,76.002792,74.177917
144.703043,88.457507,76.735077,74.700630
144.179823,89.437949,76.950157,73.456055
143.921309,89.990085,76.574150,74.078133
143.899858,90.109073,76.572922,75.451485
144.900751,92.490092,75.804810,74.934105
145.204748,94.867026,76.571419,74.718475
145.293016,95.099349,75.677780,74.961411
145.850313,95.502124,75.920425,75.811409
147.843073,95.826262,75.490143,76.444290
148.100981,95.604110,76.954826,76.349838
144.963541,94.773040,76.231018,77.399857
140.701597,93.892520,77.696404,78.302315
137.226900,92.947116,79.829819,78.627907
132.756166,91.548736,80.662094,78.809341
129.822382,91.841563,80.228943,79.626640
128.275476,90.355189,79.232605,80.089653
127.349272,89.955451,80.900261,80.947906
127.173738,89.385154,81.422287,81.938416
126.347490,89.320106,82.594925,81.180542
