0.000868
0.029765
0.030611
0.030416
0.030110
0.030437
0.029880
0.030699
0.030045
0.030261
0.029881
0.029972
0.030850
0.029803
0.031251
0.031092
0.029882
0.030652
0.030789
0.030637
0.030540
0.030557
0.029882
0.030052
0.029866
0.029932
0.030105
0.031984
0.030834
0.030905
0.031447
0.030476
0.031134
0.031005
0.030334
0.030539
0.032040
0.031190
0.031524
0.030489
0.030943
0.030565
0.030719
0.030641
0.030432
0.031233
0.031120
0.031238
0.031304
0.030629
0.031355
0.030053
0.030487
0.029918
0.029928
0.032091
0.030981
0.030014
0.030181
0.031725
0.030497
0.030576
0.030639
0.030957
0.031078
0.030378
0.031188
0.030891
0.030183
0.030518
0.030592
0.030269
0.029890
0.030507
0.029856
0.030031
0.030649
0.029899
0.029856
0.031206
0.029917
0.030437
0.030376
0.030903
0.031199
0.030858
0.030385
0.031100
0.030690
0.030624
0.030442
0.030496
0.030010
0.031608
0.029795
0.030064
0.030703
0.030587
0.031639
0.030811
0.030370
0.029821
0.029865
0.029899
0.030431
0.030771
0.029965
0.030447
0.030889
0.029912
0.029699
0.030308
0.030332
0.030272
0.029980
0.029772
0.030722
0.029966
0.030446
0.031572
0.030361
0.029898
0.031405
0.029746
0.029782
0.031006
0.029838
0.031391
0.030594
0.029927
0.030560
0.029910
0.030731
0.030572
0.030502
0.030049
0.030539
0.030521
0.030019
0.030652
0.029967
0.030196
0.030955
0.030411
0.029849
0.030781
0.030052
0.030714
0.029978
0.029919
0.029916
0.030692
0.030038
0.030682
0.029955
0.030870
0.030804
0.029976
0.030097
0.031217
0.030504
0.030059
0.030692
0.029981
0.030075
0.031076
0.029911
0.029789
0.030015
0.030140
0.029900
0.030191
0.030652
0.030107
0.030050
0.030740
0.030460
0.030346
0.030932
0.030350
0.030093
0.030739
0.030269
0.030554
0.030422
0.030360
0.030069
0.030605
0.030551
0.030020
0.030748
0.031634
0.029891
0.030730
0.030500
0.029917
0.030595
0.030624
0.030178
0.030007
0.029840
0.029821
0.030613
0.030226
0.030102
0.031306
0.030025
0.029895
0.030844
0.030537
0.030269
0.030478
0.030563
0.030259
0.029932
0.030475
0.030048
0.030871
0.029996
0.029980
0.030994
0.029865
0.030158
0.030804
0.030096
0.030206
0.030942
0.030040
0.030159
0.030857
0.030964
0.030552
0.030776
0.030002
0.031387
0.029917
0.030131
0.030159
0.030106
0.030504
0.031282
0.029987
0.031214
0.030106
0.030053
0.030099
0.030087
0.029943
0.030480
0.030644
0.031667
0.029974
0.029944
0.029978
0.030027
0.029939
0.030683
0.030495
0.030453
0.031505
0.031345
0.031197
0.030371
0.031236
0.031154
0.029913
0.031167
0.030687
0.031694
0.030115
0.030235
0.031134
0.030436
0.030832
0.030160
0.031388
0.031051
0.031893
0.031304
0.030915
0.030395
0.030567
0.032053
0.031612
0.030209
0.030961
0.030282
0.030512
0.031061
0.030497
0.031818
0.031400
0.030110
0.030112
0.031757
0.030305
0.030163
0.030495
0.030184
0.030797
0.032493
0.031361
0.031067
0.031929
0.030807
0.030758
0.030649
0.030557
0.030906
0.030802
0.030328
0.031854
0.031044
0.030517
0.030649
0.030842
0.032363
0.030929
0.030476
0.031317
0.031946
0.030450
0.030234
0.031835
0.030128
0.030901
0.030789
0.032003
0.031274
0.030289
0.030533
0.030434
0.030408
0.029867
0.030109
0.030430
0.030087
0.031486
0.031812
0.031099
0.030829
0.030300
0.030462
0.030327
0.030270
0.030561
0.031812
0.031597
0.030297
0.030717
0.032050
0.030374
0.031346
0.030757
0.030485
0.031090
0.030347
0.030180
0.030919
0.030156
0.030240
0.031027
0.030366
0.031402
0.030629
0.031178
0.031891
0.031592
0.031333
0.030026
0.031050
0.030250
0.030318
0.032409
0.030303
0.030222
0.030274
0.030235
0.030659
0.030548
0.030958
0.030990
0.030860
0.030211
0.030223
0.030633
0.031443
0.031661
0.030207
0.030395
0.030679
0.030580
0.030567
0.030803
0.030036
0.030143
0.030838
0.030195
0.030402
0.031033
0.030476
0.030553
0.030009
0.031140
0.030270
0.030970
0.030204
0.030616
0.030297
0.031131
0.030621
0.031033
0.030646
0.031457
0.031526
0.031477
0.030413
0.030963
0.030718
0.030895
0.031642
0.030316
0.031485
0.030244
0.030668
0.031986
0.030340
0.031041
0.031177
0.030373
0.030148
0.030693
0.031343
0.031366
0.031920
0.030214
0.030958
0.031628
0.030218
0.030848
0.030355
0.030480
0.031041
0.030604
0.031499
0.030261
0.030439
0.030228
0.030100
0.030893
0.031592
0.030701
0.030300
0.030338
0.031211
0.032123
0.030862
0.030337
0.031132
0.030404
0.031537
0.031715
0.030425
0.030310
0.030618
0.030192
0.032045
0.030249
0.030363
0.031135
0.030397
0.030583
0.031141
0.030244
0.031660
0.031325
0.030727
0.030489
0.030839
0.030969
0.031056
0.030234
0.030721
0.030691
0.030216
0.031403
0.030817
0.029895
0.029954
0.030418
0.029921
0.031067
0.031129
0.031211
0.030634
0.030728
0.030637
0.031049
0.030871
0.030696
0.030314
0.031509
0.031319
0.030200
0.031281
0.031264
0.030301
0.031513
0.031996
0.031566
0.032065
0.030068
0.030317
0.030951
0.030246
0.030527
0.030162
0.030864
0.031255
0.030488
0.030834
0.031486
0.030936
0.030563
0.030468
0.030580
0.030295
0.031096
0.030637
0.030993
0.030886
0.030213
0.030164
0.030403
0.030856
0.030264
0.030574
0.031588
0.030669
0.031071
0.031097
0.031784
0.031397
0.032128
0.030299
0.031070
0.031858
0.031196
0.031252
0.031264
0.030436
0.031014
0.030825
0.031844
0.031688
0.030962
0.031630
0.030374
0.031348
0.031815
0.030419
0.031157
0.030462
0.030271
0.031562
0.031037
0.031003
0.030232
0.030557
0.030354
0.030336
0.031730
0.031081
0.031726
0.030834
0.032010
0.030984
0.030880
0.030247
0.030264
0.030604
0.030598
0.030131
0.030522
0.030413
0.031781
0.031005
0.030787
0.030314
0.031307
0.030555
0.030781
0.030259
0.030049
0.030861
0.030029
0.030172
0.030830
0.030457
0.029994
0.030174
0.030476
0.030380
0.030704
0.030060
0.031364
0.030520
0.031357
0.030833
0.031235
0.030883
0.030392
0.031386
0.030264
0.031115
0.030702
0.030320
0.030900
0.031088
0.030078
0.030663
0.030820
0.030730
0.030520
0.030836
0.030640
0.030318
0.030560
0.030276
0.030709
0.030572
0.031325
0.030933
0.030776
0.030567
0.030645
0.030237
0.030540
0.030401
0.030488
0.030199
0.030853
0.030261
0.030029
0.030113
0.030356
0.031025
0.030089
0.031394
0.030734
0.030663
0.030302
0.031010
0.030651
0.030414
0.030245
0.030471
0.030057
0.031021
0.030394
0.030639
0.030951
0.031560
0.031021
0.030889
0.030329
0.030871
0.030950
0.030433
0.031430
0.031666
0.031224
0.030661
0.030962
0.031155
0.030578
0.030873
0.030589
0.031240
0.030836
0.030136
0.030049
0.031363
0.030927
0.031383
0.029902
0.031164
0.030009
0.030721
0.030576
0.031308
0.029956
0.029965
0.030212
0.030862
0.030373
0.031287
0.030033
0.030704
0.030050
0.030600
0.030402
0.031083
0.030689
0.032256
0.029736
0.029761
0.029951
0.031233
0.030464
0.030741
0.030105
0.030501
0.030835
0.030479
0.030020
0.031628
0.030724
0.030212
0.031308
0.029973
0.029858
0.030797
0.029975
0.030058
0.031107
0.030186
0.030716
0.030820
0.030448
0.030072
0.031998
0.030090
0.029963
0.031565
0.030245
0.030075
0.031482
0.030414
0.031010
0.030208
0.029994
0.030191
0.030288
0.030377
0.029917
0.031169
0.030697
0.030262
0.030438
0.030162
0.030613
0.030324
0.030005
0.030850
0.030106
0.030552
0.030778
0.030658
0.030196
0.030071
0.030052
0.030223
0.030729
0.030696
0.031449
0.030853
0.030369
0.030729
0.030294
0.029988
0.030750
0.030987
0.030977
0.030118
0.030354
0.031318
0.029963
0.030714
0.029929
0.029912
0.030628
0.030466
0.030065
0.030693
0.031050
0.030048
0.030856
0.030590
0.030227
0.031010
0.030472
0.032295
0.030229
0.030601
0.030337
0.030213
0.030654
0.029920
0.030561
0.030907
0.030967
0.030678
0.030525
0.031046
0.030552
0.031232
0.030816
0.030023
0.030452
0.031073
0.030274
0.030292
0.031071
0.030246
0.030466
0.030249
0.031910
0.030244
0.030665
0.029839
0.029924
0.029808
0.030418
0.029754
0.030522
0.030421
0.029879
0.029941
0.031768
0.029875
0.029871
0.029984
0.029959
0.032028
0.029910
0.030331
0.030786
0.030389
0.029814
0.030843
0.030553
0.031182
0.030246
0.029817
0.030473
0.029942
0.029933
0.030787
0.030050
0.030347
0.030440
0.030927
0.029806
0.031757
0.030586
0.031464
0.029946
0.031533
0.029947
0.030859
0.029944
0.030049
0.030715
0.029925
0.030521
0.029932
0.029948
0.030461
0.030624
0.029957
0.029876
0.029961
0.029784
0.029888
0.030618
0.030298
0.030016
0.031458
0.030825
0.030582
0.030376
0.030042
0.029741
0.029858
0.029777
0.030449
0.029831
0.030317
0.030772
0.029763
0.030092
0.029931
0.030822
0.030131
0.031893
0.030013
0.029919
0.030479
0.030070
0.030271
0.031178
0.030006
0.030206
0.029981
0.031441
0.029775
0.029878
0.029848
0.030098
0.031715
0.030063
0.029930
0.030551
0.030439
0.030289
0.030440
0.029858
0.030962
0.030059
0.029978
0.030486
0.031103
0.030602
0.030772
0.029757
0.029600
0.030114
0.031591
0.029737
0.030311
0.030781
0.029887
0.031003
0.030962
0.030064
0.029913
0.030621
0.030208
0.031254
0.031156
0.029794
0.030509
0.029741
0.029872
0.030664
0.031061
0.029910
0.030350
0.030571
0.029703
0.030485
0.029874
0.030785
0.030454
0.029913
0.030254
0.030886
0.030029
0.031068
0.030376
0.029863
0.030118
0.030677
0.029975
0.030540
0.030826
0.029952
0.030008
0.029925
0.029952
0.029982
0.031084
0.030075
0.030643
0.029927
0.029874
0.029810
0.030300
0.030467
0.030031
0.029902
0.030179
0.030099
0.030119
0.030270
0.030584
0.031619
0.030081
0.030684
0.029787
0.030571
0.030880
0.030498
0.030307
0.030553
0.030135
0.030412
0.031650
0.030348
0.030377
0.031009
0.030460
0.031166
0.031094
0.030566
0.030024
0.030004
0.030035
0.031514
0.031095
0.031215
0.030631
0.030445
0.030200
0.029973
0.031455
0.031064
0.031422
0.030824
0.031273
0.030176
0.030744
0.030222
0.030897
0.030175
0.030357
0.030002
0.029833
0.030470
0.030844
0.031053
0.030770
0.030555
0.030283
0.030734
0.031212
0.030983
0.030506
0.030357
0.031073
0.031141
0.030868
0.031194
0.030559
0.030994
0.031597
0.030379
0.030992
0.030664
0.030994
0.030439
0.030865
0.030709
0.031000
0.030800
0.030010
0.030135
0.029996
0.030345
0.030460
0.030307
0.030322
0.030481
0.031298
0.029921
0.029874
0.030217
0.030790
0.030724
0.031172
0.029629
0.030103
0.030094
0.030785
0.030267
0.030615
0.030687
0.030949
0.029942
0.030177
0.031354
0.029849
0.030979
0.030511
0.029992
0.030917
0.030386
0.030062
0.030225
0.029962
0.030339
0.031925
0.030467
0.029903
0.029888
0.029801
0.031300
0.030670
0.030024
0.029985
0.030872
0.030784
0.030353
0.030358
0.029817
0.029682
0.030928
0.031360
0.029948
0.030737
0.030780
0.030020
0.029849
0.030009
0.031309
0.030606
0.031064
0.030016
0.029904
0.029901
0.029853
0.029936
0.030111
0.029836
0.029810
0.030655
0.030945
0.030178
0.029927
0.030407
0.029779
0.029838
0.031596
0.030325
0.029758
0.030952
0.030079
0.030961
0.029926
0.030336
0.030584
0.029939
0.030633
0.031817
0.030424
0.030242
0.030085
0.030608
0.030171
0.030242
0.030026
0.029805
0.031186
0.031168
0.030185
0.030754
0.029929
0.030136
0.030688
0.030315
0.030943
0.030524
0.031323
0.030463
0.030582
0.030130
0.030858
0.031088
0.029922
0.031269
0.030534
0.031285
0.029716
0.030710
0.029874
0.030967
0.030078
0.031417
0.030836
0.030447
0.031513
0.030262
0.030179
0.029990
0.030152
0.030828
0.030092
0.031196
0.029985
0.030080
0.031704
0.031372
0.030927
0.031883
0.029986
0.030076
0.030071
0.031150
0.029880
0.031337
0.029958
0.030645
0.030776
0.030854
0.030606
0.031115
0.031882
0.030920
0.030781
0.030078
0.030344
0.030464
0.030008
0.029906
0.031475
0.030506
0.030481
0.030731
0.030215
0.029860
0.030574
0.030138
0.029903
0.031391
0.030091
0.030765
0.030988
0.029886
0.029920
0.030562
0.030298
0.030663
0.032108
0.030643
0.030326
0.029997
0.030256
0.030746
0.030898
0.030346
0.030380
0.031344
0.030259
0.030406
0.031157
0.029983
0.030965
0.030401
0.030150
0.031016
0.030731
0.030518
0.031298
0.030486
0.030329
0.031176
0.031407
0.030356
0.030761
0.030295
0.030419
0.031613
0.030152
0.031053
0.031011
0.030255
0.030314
0.031481
0.030247
0.030966
0.030331
0.030203
0.030344
0.031594
0.030372
0.030847
0.030591
0.030530
0.030440
0.030816
0.030438
0.030494
0.031002
0.031118
0.032095
0.030160
0.031060
0.032247
0.030292
0.030945
0.031096
0.031029
0.031986
0.030582
0.030152
0.031126
0.030589
0.030840
0.031032
0.030360
0.030173
0.031206
0.030035
0.030622
0.030838
0.029895
0.030180
0.030227
0.030067
0.029904
0.029995
0.030912
0.031350
0.031216
0.030897
0.030258
0.030078
0.030238
0.029932
0.030574
0.030362
0.030567
0.030227
0.031294
0.030168
0.030900
0.030785
0.030401
0.031221
0.030558
0.030343
0.030322
0.030612
0.029905
0.030646
0.030750
0.030473
0.030858
0.030239
0.030321
0.030439
0.030095
0.029889
0.030021
0.031170
0.030157
0.030718
0.030635
0.030617
0.030254
0.030164
0.030463
0.031910
0.031865
0.030313
0.030894
0.029918
0.030172
0.029789
0.031623
0.031388
0.030477
0.031530
0.031018
0.030164
0.031129
0.030594
0.029954
0.030950
0.031187
0.030190
0.030113
0.030773
0.029896
0.030002
0.030059
0.030080
0.030452
0.030778
0.030459
0.030838
0.030266
0.030148
0.030559
0.031207
0.031300
0.031097
0.030045
0.030452
0.030503
0.029875
0.030185
0.029921
0.030586
0.030680
0.030465
0.030221
0.030252
0.031616
0.030480
0.031160
0.030795
0.030581
0.030793
0.030926
0.031801
0.031091
0.030885
0.030130
0.031924
0.030818
0.031849
0.030895
0.030965
0.030499
0.030801
0.032311
0.030457
0.030788
0.030709
0.031221
0.030844
0.031041
0.030598
0.030776
0.030686
0.031270
0.030231
0.030726
0.030362
0.030281
0.031738
0.031041
0.032118
0.030079
0.029977
0.030970
0.031114
0.030588
0.030757
0.030384
0.030248
0.030698
0.030374
0.030254
0.030235
0.030311
0.030418
0.031009
0.030394
0.031898
0.030657
0.030493
0.031359
0.031325
0.030211
0.030663
0.030202
0.030080
0.030910
0.030123
0.030241
0.031950
0.030230
0.030126
0.030306
0.030060
0.029987
0.029983
0.031108
0.030926
0.031894
0.031518
0.030704
0.030753
0.030266
0.031112
0.031269
0.030458
0.031311
0.030570
0.030557
0.031587
0.030682
0.030045
0.030082
0.030342
0.030452
0.030585
0.030251
0.030019
0.030725
0.030246
0.030264
0.030271
0.029913
0.030018
0.030572
0.030109
0.030050
0.030452
0.030436
0.030139
0.029980
0.029951
0.030623
0.030158
0.030237
0.030871
0.029972
0.029912
0.031174
0.030216
0.030794
0.030128
0.031011
0.030177
0.030721
0.030358
0.030465
0.030875
0.030116
0.030686
0.030796
0.030646
0.030189
0.030736
0.030332
0.030931
0.030642
0.031624
0.030101
0.029954
0.029931
0.030827
0.030072
0.030229
0.030613
0.030446
0.030984
0.031062
0.030109
0.030291
0.030381
0.030308
0.030559
0.030387
0.029982
0.030240
0.030667
0.030032
0.030555
0.029792
0.030200
0.029973
0.030895
0.029953
0.031038
0.032039
0.030162
0.030311
0.030833
0.030152
0.030408
0.030302
0.030636
0.030081
0.030976
0.030231
0.031337
0.031699
0.030585
0.030492
0.030361
0.030170
0.031101
0.030989
0.031286
0.031724
0.030509
0.031109
0.030444
0.030884
0.030272
0.030239
0.030391
0.031690
0.030729
0.030579
0.030085
0.030590
0.031493
0.031020
0.031249
0.030243
0.030826
0.030275
0.030173
0.030590
0.030603
0.029939
0.029931
0.030967
0.030028
0.031025
0.030297
0.030343
0.030187
0.030277
0.031969
0.030866
0.030358
0.031041
0.030291
0.030936
0.030544
0.030059
0.030223
0.030436
0.029950
0.030428
0.030807
0.030269
0.030902
0.030431
0.029767
0.030505
0.030193
0.030066
0.030512
0.030420
0.030294
0.030967
0.030884
0.030786
0.030360
0.029981
0.031117
0.030739
0.030203
0.030217
0.030638
0.031686
0.031349
0.031016
0.030934
0.031130
0.030870
0.031357
0.030831
0.031321
0.031039
0.031028
0.031036
0.031095
0.030836
0.030534
0.030394
0.030713
0.032748
0.030521
0.030213
0.031314
0.029959
0.029931
0.030007
0.030912
0.029985
0.030691
0.031305
0.030869
0.031553
0.030186
0.030193
0.030066
0.029982
0.030196
0.030324
0.030113
0.030185
0.030045
0.030305
0.030498
0.030008
0.029866
0.030207
0.030603
0.030070
0.030697
0.030502
0.030467
0.029858
0.030600
0.030393
0.030260
0.030304
0.030068
0.029876
0.029879
0.029890
0.030030
0.030009
0.029718
0.029913
0.029903
0.029979
0.029783
0.031190
0.030012
0.029973
0.030290
0.029957
0.030093
0.029926
0.030272
0.029906
0.031430
0.029744
0.029826
0.030132
0.030030
0.029989
0.030309
0.029968
0.029925
0.029843
0.030158
0.029976
0.030199
0.029880
0.029884
0.029770
0.030099
0.030679
0.030040
0.030043
0.029757
0.031191
0.031033
0.029913
0.029845
0.031340
0.029853
0.029901
0.030306
0.030107
0.030069
0.030599
0.029976
0.030145
0.029929
0.030047
0.031658
0.029963
0.030003
0.030322
0.029858
0.030181
0.029975
0.029729
0.030528
0.030208
0.030012
0.030627
0.030155
0.030438
0.030271
0.029695
0.031283
0.030930
0.030833
0.031372
0.031130
0.030281
0.029952
0.029933
0.030180
0.029977
0.030115
0.029835
0.031243
0.029872
0.029968
0.029953
0.030175
0.029927
0.030250
0.030959
0.030037
0.030124
0.030026
0.029933
0.030293
0.030070
0.030065
0.029882
0.029899
0.030172
0.029769
0.031058
0.030058
0.029859
0.031240
0.030442
0.031293
0.029782
0.030533
0.030079
0.030361
0.029975
0.030020
0.030396
0.029900
0.029966
0.030555
0.030031
0.030180
0.030367
0.030308
0.029980
0.029963
0.030718
0.029910
0.030070
0.030160
0.031499
0.029884
0.030032
0.030146
0.029959
0.030868
0.029907
0.030060
0.030298
0.030850
0.031447
0.030924
0.029814
0.029867
0.030560
0.030633
0.030338
0.029978
0.029989
0.030207
0.030059
0.030443
0.030415
0.029937
0.029807
