508.000000,319.000000,65.000000,62.000000
511.783255,316.752995,60.484974,66.098656
513.854834,317.797077,61.454670,66.614616
517.067850,318.342419,61.361095,66.573036
521.605350,317.960049,62.490654,67.171425
527.649534,317.608627,62.806492,67.790649
533.598732,317.856094,63.471451,67.712921
542.365730,316.953857,65.390274,67.832214
551.474258,317.171894,67.350800,68.146965
565.211887,318.920311,65.242210,65.479599
580.048264,317.876888,67.590485,65.362038
597.244656,318.430927,67.934761,64.750969
610.477356,316.457272,67.554199,65.292549
617.664108,311.874340,67.486755,65.800789
625.496601,308.630878,67.598259,65.408073
631.900295,304.668331,65.343208,66.065590
638.224213,303.300613,65.282104,65.269592
642.471241,301.408024,62.822319,65.813683
645.952663,299.794334,60.513618,65.313370
643.915867,297.830326,63.235466,66.348656
641.861166,296.182632,62.180408,67.736298
642.675991,294.763832,61.911171,67.975998
642.309702,293.422207,61.287029,69.174049
638.434896,290.581978,62.968433,69.180252
636.486103,287.861061,64.237785,67.606613
634.088406,286.458359,65.225166,66.708862
633.027897,284.632645,65.295921,67.575775
635.017117,283.373402,64.446938,68.031303
636.695045,283.623238,65.215775,68.508255
638.380733,283.778255,64.376625,68.937874
640.606491,283.851269,65.386292,69.242470
645.160500,283.004169,68.629623,69.309837
650.858044,282.855507,69.736671,69.716171
655.363350,283.554607,70.063675,69.612923
661.803574,285.920574,70.099426,69.229805
666.891125,288.764164,70.271492,69.270836
671.153175,291.704102,69.577011,70.593475
677.252045,295.058643,69.364197,70.167839
679.402096,298.107674,70.348427,70.338089
680.194962,301.528900,70.316437,70.182037
681.778019,304.186745,71.713768,72.023636
681.396179,308.572403,70.326385,71.691742
680.039726,313.679703,70.753860,71.505493
678.417583,317.541859,71.669197,72.101341
677.459156,320.230663,71.255882,73.015022
676.945873,322.611416,72.116859,72.214363
678.035763,323.156433,71.238869,71.480255
679.549046,324.355938,71.246819,71.183418
681.410442,324.856785,71.172981,71.526176
684.460339,325.824329,70.627968,70.717491
684.199970,326.518192,71.591026,70.967308
684.725292,326.708473,71.929207,71.174301
685.512447,328.369530,71.463112,71.231064
686.294117,328.980618,71.611839,71.157570
687.514511,329.056419,70.940582,70.829910
689.744614,329.036991,70.514587,70.989861
688.336143,329.666882,71.398727,70.217812
686.036407,331.307922,70.771118,70.237213
684.669125,330.143639,71.068367,71.192520
683.439079,329.693642,71.650558,71.341843
682.170105,330.142673,71.135223,72.463585
680.348030,328.844242,71.946152,72.345360
678.810059,327.949623,72.335297,72.113663
677.951134,327.841011,73.510056,71.726791
676.525948,326.299381,73.012100,72.481224
674.915142,325.498425,72.441628,71.338142
673.427387,325.507935,72.200829,71.453003
672.338238,324.867172,71.068001,70.869568
669.742176,323.820122,71.333183,70.611801
666.555351,323.521072,71.703842,70.872314
663.681210,324.287998,68.952248,70.472740
660.449947,323.333191,70.312691,70.199127
658.295570,322.707863,70.064316,69.425552
656.384491,320.731991,70.532928,69.985512
655.992352,318.865398,70.100105,69.436745
656.182793,315.448971,69.604782,70.790138
655.964970,310.771664,69.474419,70.672218
656.236908,305.233196,68.661865,70.753822
656.401287,301.153942,68.156837,70.198524
656.796631,296.881058,68.350861,71.390442
657.317604,293.014610,67.609329,69.875076
657.952213,290.892536,68.083672,69.146385
657.532093,289.730595,68.817101,68.962151
657.797333,287.725185,68.272125,68.557808
657.203075,286.878674,68.763710,68.564217
656.646122,286.994530,67.523827,67.914597
655.333218,286.978981,67.455574,67.639694
655.303223,286.528652,67.504059,67.646858
654.647255,287.118011,66.334763,67.070648
652.406944,287.400284,66.445267,67.225952
652.366650,288.709953,66.506477,67.039871
651.589485,290.617313,65.865555,68.118401
652.572834,292.076550,65.445396,68.186836
651.500473,292.830265,65.424194,68.439507
653.208725,294.460476,64.716064,66.924171
653.943005,295.663330,64.975166,66.404694
655.276852,297.333118,64.617287,65.993736
656.835926,298.045784,64.479271,65.524887
657.862484,299.963585,63.114845,65.131607
659.679449,300.937355,62.501789,64.730240
660.176266,301.502682,62.648018,63.981636
659.695047,302.618885,63.052807,64.029808
659.270201,302.990658,63.281071,64.295387
658.558048,304.159845,64.029045,63.764751
656.029499,306.087688,64.059258,64.544594
653.712734,308.184387,64.288521,64.461731
649.759323,310.204422,65.387695,64.645691
646.103420,311.037762,65.101448,64.502876
642.125504,313.026936,65.058533,65.289940
637.397827,313.095482,64.840546,65.807205
632.418587,311.844971,65.876419,66.417175
627.393288,307.588169,65.748367,66.598534
622.846020,303.353695,63.811836,65.687691
619.655197,299.302166,64.920319,66.515266
614.623817,294.475193,65.020035,67.902275
609.205711,289.252094,67.358994,65.763878
607.652298,283.380424,66.578705,66.009445
604.565762,279.593138,64.171394,63.403965
602.875263,274.546961,64.357841,62.502636
603.761841,271.698692,63.597443,61.614395
605.495436,270.345655,63.852329,61.621799
610.698969,271.510796,63.876202,62.718307
614.640724,272.556408,66.749344,68.322426
621.168476,273.901852,67.122063,76.503242
629.381649,276.467381,66.995491,72.784630
638.307285,279.027180,65.698235,73.158318
646.526333,281.838306,66.268013,70.419334
655.056866,284.275269,64.713905,69.518555
662.188581,286.530132,63.210880,66.714485
668.107416,287.958992,63.615246,67.750137
675.197798,290.436344,62.410038,67.757408
680.751703,292.999268,63.501904,66.607361
682.876593,294.607849,63.322559,67.241821
688.052799,296.748363,63.693108,65.994087
688.641636,298.676662,64.006676,64.939186
687.981556,299.111019,64.309532,63.920418
685.326080,299.821751,65.074524,64.322807
680.400974,299.578835,66.859612,66.378830
672.488888,296.121906,66.909096,66.434410
665.506489,290.902634,63.444237,68.003937
656.996138,286.587440,63.296024,66.122971
652.833836,277.967438,64.125969,69.007782
646.278439,269.553280,64.257271,69.904701
637.154442,258.734665,64.657974,68.654297
620.865879,251.382481,71.142601,65.817650
612.415512,247.712372,65.531952,65.035767
605.841957,248.979465,65.259872,65.155540
594.654072,258.793068,65.367119,67.363480
582.965012,277.880390,67.986969,72.814018
576.044540,318.962467,64.737213,73.968193
569.483276,361.997410,67.283386,84.623528
565.246418,394.575722,64.725639,102.988907
556.260193,461.509609,62.385284,66.337288
541.468269,533.053017,65.933060,69.204697
536.794348,504.445908,63.691364,68.732513
529.458015,464.959682,64.052017,64.811256
526.165279,422.446953,64.582100,75.829575
518.204681,384.420650,66.764557,72.515999
511.697041,355.320332,67.717216,77.782036
506.554970,327.172100,68.091293,76.105782
502.033310,306.055126,66.322968,71.593910
499.113701,289.422867,65.598373,70.970886
496.737427,278.083054,65.663330,71.004883
494.753078,270.921513,65.177773,69.737450
494.195072,270.733376,66.020103,66.262344
492.850300,273.204056,66.083733,66.697174
494.151886,277.246197,66.149902,68.356636
494.630661,284.516270,67.939484,70.456017
500.217377,295.017601,68.417603,70.708542
510.307587,306.589367,66.578949,70.645515
524.962322,315.328667,66.088326,67.923203
540.892189,320.692631,65.560318,64.957634
560.863266,320.634087,67.755402,64.535751
576.113644,317.006439,63.414467,64.878021
581.373365,301.517406,60.028416,67.517769
583.150604,284.889942,59.280029,65.665916
577.496246,266.864475,63.256256,69.265282
574.776485,255.970531,65.712990,68.103981
572.703865,251.400738,65.212021,66.106941
571.420681,251.756783,65.851173,66.892960
569.164600,257.367779,64.168175,67.850563
565.307426,273.728161,64.407272,73.455269
559.025555,316.377899,68.437965,69.449921
556.361622,357.078957,70.256401,85.364273
557.521156,398.142117,67.487228,91.557045
549.899254,462.671185,65.470871,73.783211
542.466686,525.275223,58.644508,77.288422
536.240509,526.627094,59.307404,72.064262
528.314322,484.130650,61.942249,68.371590
519.895668,442.245003,61.248489,70.638260
507.061665,402.489033,68.295097,68.566521
498.042976,372.561939,69.864182,77.134148
490.318707,347.055656,68.170021,74.406784
484.633961,323.341625,66.451286,73.094032
481.419758,309.764938,67.533623,70.378937
477.822414,297.205402,68.299629,71.927910
475.347984,289.127213,69.337631,71.107788
472.020355,285.745731,69.272308,67.997795
470.197697,284.333973,67.937401,66.958153
467.389122,284.575378,67.910446,67.686798
466.220570,287.773739,68.279716,67.059212
467.433136,290.734417,68.608887,67.849861
474.180557,294.875671,66.628784,69.353149
479.808926,299.001652,66.569008,69.321465
486.087370,302.988789,63.664829,68.923668
492.455664,307.324390,62.825794,69.286705
497.938396,308.981503,63.013649,69.202583
504.155561,311.110817,63.275944,68.868759
511.185802,312.284668,63.928352,67.029877
519.511745,312.136372,62.638405,66.768181
528.425312,311.175560,64.830528,65.579330
539.851238,311.980862,65.981911,62.719826
558.391804,306.729691,65.033470,63.945709
572.039349,302.453552,62.156990,64.833160
574.093750,291.953571,65.492584,64.775932
577.130413,278.606903,65.037178,67.069122
578.064293,266.289574,65.131363,65.774124
576.976727,260.073910,66.249489,63.643532
572.735790,256.748138,67.774452,65.833527
571.874584,258.558868,64.824928,67.886444
570.800425,270.666580,62.996929,66.985077
568.384953,293.247822,63.633110,64.205437
564.382877,328.761200,66.615410,67.155731
563.701710,363.290859,69.092216,81.308022
564.633759,407.870258,67.300598,88.556633
564.940741,459.313980,62.046009,78.839569
559.226828,506.148205,61.205036,71.027840
551.562738,520.408108,62.673321,75.156776
546.571415,485.870003,62.635857,62.830917
542.511395,443.878235,64.336037,76.669479
534.245377,409.807106,65.832458,67.861237
527.027519,377.925083,66.513901,74.900154
521.790440,351.005241,66.632225,79.276276
517.178761,329.148537,67.036156,75.869537
514.720596,310.236904,66.521912,71.639122
514.583939,300.623138,67.457825,68.542191
515.241058,292.801754,66.619415,67.882286
516.322952,287.756351,67.989532,67.264381
518.761295,286.808586,67.773247,66.236359
520.804375,287.233944,66.343155,67.100578
523.392273,287.416168,64.622498,67.759628
525.524677,286.374603,64.457634,69.937851
528.740540,281.747414,64.395264,72.710938
532.865223,274.528801,65.644371,73.419678
535.069038,268.155960,65.741592,73.992813
540.397305,262.614552,65.823402,72.535500
545.255054,259.208958,64.662193,71.644325
548.869949,256.179977,65.218842,70.955063
551.022743,255.390007,64.007217,71.054230
554.288486,255.300678,64.024895,70.408241
556.270874,255.142551,65.125031,70.784920
557.513004,259.244877,65.756310,71.180275
559.287319,266.482929,64.961891,70.629433
562.688032,273.599205,63.098759,70.834381
563.940744,282.142994,60.845898,69.053719
564.937284,292.188213,60.263889,68.224998
565.982244,302.657093,59.743458,65.545937
567.653046,310.369469,58.200989,65.273315
569.953482,315.547092,58.316944,61.022408
572.716772,313.884304,58.684528,58.656761
581.159706,306.685755,57.545547,56.182583
588.102938,296.381559,54.526882,51.787006
590.413330,285.262936,53.159912,53.054451
591.318876,276.217848,51.972233,53.868244
589.239479,269.061878,52.369705,52.796165
589.630014,267.771889,52.118114,54.244247
588.874027,272.733799,50.955833,52.660973
590.210480,286.210054,51.778473,51.616299
589.279072,303.629866,49.535210,51.791019
590.029530,331.419174,51.064140,66.054108
589.197817,376.050957,51.720455,57.542801
588.111631,417.795719,47.554478,69.248009
582.398006,455.284092,46.836586,72.538750
575.111191,506.029011,50.007935,57.950920
568.342472,470.651247,47.419975,62.520351
561.054190,440.250631,50.751301,54.906071
553.800781,405.372293,52.424225,48.079556
544.421364,373.790318,55.415512,66.640175
541.031195,348.600010,54.274250,65.641762
538.197435,327.912811,56.232143,62.977585
538.452192,314.418371,57.323734,61.447117
537.777334,306.033327,57.685261,58.633587
540.307438,302.823624,57.298546,56.295273
544.365294,304.085638,57.614414,56.616917
551.359108,309.314241,58.154007,58.387493
559.617981,315.745436,60.605438,59.452137
574.906567,325.413828,55.505409,60.321987
590.029495,335.650890,52.698120,58.654655
607.424540,341.603767,55.636669,54.753235
608.885376,334.842913,57.982513,56.783855
608.898571,329.192595,57.992714,55.838795
606.730751,329.961952,57.793381,56.653320
605.066460,335.887053,55.719955,61.741718
602.686163,335.227180,55.508991,60.447510
600.035530,331.266666,57.724899,56.779366
598.854439,327.136995,56.421066,56.955059
594.304317,324.938658,57.972481,56.815296
591.555689,326.495932,58.793560,58.252934
589.971443,329.882008,58.016739,58.475655
586.671158,334.161816,58.951416,60.149834
585.537884,346.745640,58.008949,66.921883
592.713728,371.078041,53.321903,68.216644
601.603306,396.447807,51.188347,68.151886
618.109303,422.109179,50.502464,54.716106
641.433949,433.662886,50.459557,46.052235
666.049395,409.945616,56.670528,59.014133
684.805910,397.079231,60.442165,53.201889
705.546936,374.016275,59.130096,56.292446
718.094845,355.922005,53.781410,58.257858
721.373014,337.187475,58.414768,63.027485
713.454811,329.358042,57.140213,59.890545
687.346924,323.169149,64.654205,62.267628
668.111713,330.503490,71.700371,58.584694
656.721140,333.190746,57.316784,59.052956
645.730080,344.718876,59.843430,66.247032
640.859898,356.076477,61.039970,64.650970
639.519997,362.524212,60.737411,62.992226
636.908482,367.195557,61.583733,59.626221
636.268686,371.372452,61.926159,61.796844
634.608257,379.781185,63.234444,64.670143
633.796627,391.101969,62.618965,63.714458
631.316769,403.082249,62.462685,65.916801
630.167324,424.496063,62.153114,67.110352
628.732618,445.092514,62.418797,65.689728
624.468744,468.964506,63.130566,62.264194
631.137089,492.004475,49.506096,59.270164
628.146528,514.723040,52.503178,56.453213
635.801075,524.107136,50.953362,54.049126
648.285042,534.966127,45.268692,43.162350
661.994408,510.038082,39.638901,58.041344
663.076853,497.826233,42.331509,52.927307
731.609976,489.543674,42.081394,49.205116
741.787649,472.286921,51.739353,56.435192
751.839376,463.596731,56.152378,58.846180
752.228981,458.820637,60.860840,58.526665
744.941477,453.020376,58.154263,58.473560
701.469219,434.329124,70.567467,69.173111
674.705488,426.953949,63.106983,68.945679
646.952038,389.058735,77.376457,84.844017
622.218893,366.641056,63.882694,68.593407
607.430794,325.918762,62.038025,71.554459
603.348598,282.020142,57.485435,75.082504
617.873972,258.393188,52.019772,67.884537
631.795418,255.406969,49.252014,54.406353
640.061989,255.742462,54.682343,48.010910
655.300474,264.038105,47.466114,62.674965
657.604939,259.826662,48.410530,57.782726
662.221283,260.193571,47.258987,53.933643
656.458876,256.450314,54.420368,56.115013
657.805225,254.308043,52.916817,55.908192
654.267284,251.992550,49.734734,54.100731
650.669796,252.161041,49.213341,52.976944
647.713154,249.719927,51.443565,55.015026
653.578672,250.513805,47.173191,55.552086
658.962772,254.822323,48.634483,55.519829
668.606749,254.308929,50.318668,59.017166
676.782314,265.382652,52.860268,55.505890
683.964594,275.611263,57.118450,55.409874
695.702938,282.603161,57.855843,59.507011
708.872688,285.403425,59.486130,63.794514
719.390743,288.260254,56.395729,64.035477
726.600380,291.271774,55.455154,62.088486
736.757763,298.580097,59.668373,56.476875
744.341446,299.995554,57.821869,58.729549
747.827574,309.573481,59.659885,56.686275
749.231621,320.519091,59.343399,51.340252
745.428345,332.042620,58.250244,51.785259
738.695900,358.040220,53.544815,47.918995
726.690706,378.082266,60.171490,47.431736
716.580576,399.782784,57.899960,47.155487
696.683674,425.454725,56.222481,52.849659
696.469282,418.642075,56.499348,58.570023
694.398970,414.994646,55.918385,57.400005
690.719873,419.047905,52.084743,48.382629
686.920258,410.948994,53.705154,52.209175
682.480101,400.275049,57.383839,58.618298
678.979267,399.339796,53.605476,58.268253
675.704639,397.237024,49.759865,58.613598
674.458950,392.996563,57.538719,57.690376
676.659264,391.002369,57.005219,57.363152
677.854528,389.531927,56.798740,57.366199
678.718975,388.439610,56.146477,55.774254
680.013571,387.478769,55.735111,55.289654
682.932362,385.803822,52.677101,55.697807
684.818695,385.691538,51.219986,56.395550
685.274654,386.021261,52.038414,56.173420
683.940096,385.081301,52.421124,56.698971
683.299116,385.588888,53.293507,56.256519
683.223904,385.290268,53.064049,55.911407
684.904238,385.184223,53.839733,55.973778
685.447081,386.398224,53.089832,56.287781
684.383680,391.624922,52.041950,55.611515
683.583019,398.159954,51.201286,56.307045
681.907566,406.841341,50.902260,56.320705
682.687046,415.304390,49.754982,54.863998
680.819153,421.327173,49.696854,55.267071
681.678280,429.676479,46.979515,51.579048
681.370331,432.257380,45.416534,51.929455
681.750822,435.462654,42.016148,49.571213
683.239855,436.924660,43.643688,48.525345
683.227741,437.074039,56.387856,46.725105
701.192316,431.285347,38.861935,54.330673
686.380522,428.184589,55.005146,57.817711
686.852011,427.707888,55.642338,56.625240
687.429626,424.716030,55.188187,57.108925
686.335173,423.153931,55.886250,57.684998
686.646338,422.256226,56.938236,57.491119
685.363392,420.787542,57.473274,57.279316
684.427586,420.273094,57.355782,57.660294
685.783470,419.827570,57.278961,57.471325
685.561483,419.557013,56.782444,57.113636
685.402630,418.947111,56.989037,57.600346
684.776114,420.303246,57.655369,57.420670
683.381577,420.269135,56.209274,58.463196
675.900711,412.696968,59.915298,61.069168
668.748117,397.672184,59.301144,66.364586
662.020773,381.531319,58.164707,64.122574
653.087606,360.762432,58.457584,68.850929
642.281309,343.455000,60.492115,59.895267
635.798475,312.322800,60.669056,66.067749
630.095375,297.127874,61.807495,57.599537
633.886705,279.998531,45.142132,60.851234
635.932541,258.758793,46.929581,60.106621
635.732113,243.975645,49.007469,58.048603
632.527685,238.602997,51.435215,57.387619
629.150581,240.829470,52.888641,56.441021
624.010592,246.493782,52.626720,53.193665
623.128059,250.444792,45.748810,48.901142
620.965244,250.912174,46.912392,50.126289
633.019266,252.271059,35.981289,45.566936
610.288618,256.136992,57.599735,50.218861
610.770752,256.156717,57.339478,54.878872
608.811407,265.631310,39.442677,48.193573
606.847458,273.576452,33.012375,46.971912
606.991327,282.010725,36.531536,45.424915
606.173576,286.853834,39.962433,45.055454
605.120163,293.049557,43.123383,42.957176
605.894358,297.452646,44.837566,42.894650
609.349424,298.688774,44.718464,45.414444
614.881899,302.075403,41.208355,44.472363
620.243042,309.996737,34.722946,38.710537
623.010473,314.291086,30.697147,37.437695
628.763181,317.950880,25.195257,33.387302
633.107742,321.174438,19.333786,28.913010
633.427201,322.989738,19.423941,30.823519
645.501547,335.989164,36.553097,36.910084
673.521254,320.512816,27.711514,30.112230
641.230417,330.594505,35.187603,38.581406
671.084887,323.118762,30.907726,29.595758
669.055132,325.497346,33.204235,24.055159
671.323694,325.469249,34.396236,24.075541
639.622135,321.803368,33.754417,36.757736
677.560678,321.941934,25.139463,25.854521
651.359169,316.291653,48.947289,38.673485
657.413801,316.447651,41.280392,37.796959
670.622879,316.434044,47.671440,39.576523
663.217777,303.652586,52.754196,53.301380
660.961861,296.997665,37.366753,41.291321
660.073385,288.514961,47.246532,47.105621
657.027939,287.552446,53.558968,46.361294
654.625305,284.802328,54.498009,48.063465
655.071178,284.729555,55.836426,49.148037
656.474335,287.247330,55.975548,50.222931
660.147051,290.382992,54.312428,50.215004
666.965981,300.775139,52.993538,47.261642
675.352926,313.843300,52.376781,46.637009
682.442066,329.410868,53.431137,48.232098
691.564358,342.941376,55.766266,51.116394
703.874311,359.850346,54.655361,54.378593
713.733385,375.526667,56.299641,55.208904
730.647034,391.722528,55.677574,58.240215
742.665827,400.276823,61.641117,56.822056
759.547380,398.447496,60.074421,56.221432
773.307289,392.345028,62.138832,66.201851
783.222355,376.869297,64.227768,68.239128
796.354502,356.704456,63.887852,65.851463
804.798862,327.274527,60.209518,58.391376
799.280960,300.192347,64.632103,57.722683
782.763069,271.284260,56.865822,61.989082
762.312977,242.400555,60.673874,61.607460
745.719934,220.678514,53.579624,51.584026
725.725563,195.727913,58.930794,66.459518
710.950586,184.772844,56.608982,60.085476
700.176939,176.041758,57.994808,60.358868
686.665834,170.973009,57.580585,60.238247
673.206326,162.068766,57.990936,63.576763
660.652794,159.724922,58.707039,61.163712
652.424767,159.797010,59.518959,60.815250
641.872686,160.338676,57.798687,60.355179
630.525227,163.871529,59.010818,60.944778
618.778051,172.375271,56.669659,58.567574
606.292950,180.036232,57.775635,60.151566
594.443659,191.629114,58.170750,61.209057
582.580425,202.945959,58.522095,59.016560
569.094486,210.729149,58.309219,60.386185
552.775921,218.866699,58.893341,57.649200
529.848497,224.490705,63.467136,60.811192
512.457031,229.297791,61.993019,61.423859
499.220158,232.515711,61.572113,62.060406
487.365881,237.749418,60.441647,61.809238
472.965014,244.056164,62.215824,61.513130
463.530209,249.832840,60.101761,59.225616
453.038248,254.199432,59.430988,57.826416
444.906315,257.787020,56.385956,58.458767
437.710060,260.894732,56.432152,59.730526
431.761881,263.835238,55.868397,58.670010
425.771025,264.348886,56.002148,58.729168
421.191496,264.825232,55.694012,59.325581
416.480982,264.821033,56.305836,59.542168
412.490393,265.128973,55.860714,58.231464
410.252247,266.119360,55.459808,57.390522
405.886860,265.513187,55.856110,57.203850
400.361599,263.733095,56.632584,58.134731
396.695818,262.021744,56.259586,60.076752
391.993311,262.310593,57.436756,56.943481
388.483418,259.391003,56.683685,58.710579
382.621973,256.812197,57.347645,59.764370
376.830574,255.734066,56.156242,58.755898
372.470814,255.228222,56.832367,58.452766
368.230448,254.068880,58.079456,58.268795
364.301476,249.922943,57.442894,58.433655
361.013176,247.225691,57.748558,59.133366
357.859972,244.216261,56.148014,59.350285
354.794449,240.315598,56.357094,59.478668
351.354609,235.037878,57.079090,58.327961
350.162586,228.185421,55.388763,58.805794
344.804628,222.291636,56.462254,59.021832
340.640047,217.123486,56.382084,59.311989
338.439442,214.107489,56.277954,58.157124
335.555450,213.960348,56.506203,57.410572
333.170376,216.252071,57.139938,57.745735
329.742165,220.766865,55.539299,56.817467
326.681725,225.495541,54.545311,59.546700
324.417486,226.737082,55.528011,58.307545
323.251801,224.144257,54.139900,55.822754
325.482229,217.605520,54.645168,56.139271
329.683067,211.902779,54.055656,56.037338
333.078793,209.412222,52.532425,54.889790
338.398937,208.901264,53.299942,53.323021
343.107735,209.081974,53.982719,49.212334
348.859343,213.134415,53.434093,53.644836
358.311007,219.859747,53.485844,53.646229
372.935095,226.400309,46.339291,57.848339
379.590595,229.528410,50.698242,55.228062
388.773584,226.958847,49.634846,55.396271
396.391708,222.560886,51.791603,53.719429
407.513000,217.507324,49.425514,53.952805
417.943319,215.242611,50.703060,53.487602
428.771812,216.473455,52.732201,54.292271
440.308823,217.519785,52.101509,53.676327
449.368256,222.376310,50.599281,53.302845
455.675304,227.526049,52.461929,52.016674
465.095533,230.226582,49.849407,52.683327
473.846924,233.224031,48.726173,52.498333
480.006924,231.586143,49.283218,51.809372
485.760868,225.358053,49.761200,51.113468
490.424828,221.285231,51.788628,51.368870
493.925850,218.068878,51.321800,52.645142
497.446760,220.550983,48.258282,51.022484
501.152721,221.982506,49.033585,50.905365
503.097736,227.801769,50.115250,53.603722
506.936953,234.571714,49.678272,52.044819
512.332785,236.891409,49.029888,51.992008
516.849949,227.725361,48.080917,53.366295
521.868603,222.659620,48.326172,50.892612
525.087826,218.155743,50.502014,50.235451
526.623116,214.280703,52.403603,52.017757
530.095312,214.632942,52.115032,50.472672
536.335239,216.315781,48.434067,50.015106
540.242170,219.316381,49.332684,51.795216
544.238279,224.139120,50.152843,51.915607
550.664444,230.862923,49.684395,49.955002
558.498972,229.901436,48.803669,50.105026
565.228483,226.076206,49.646923,50.611427
571.993433,224.281895,49.616718,50.936607
577.191250,224.243343,50.936020,50.356041
582.543594,226.979261,54.537971,51.633289
590.942156,230.643148,52.924412,53.128422
596.905930,237.669237,54.086891,52.573803
604.223166,244.561945,52.298733,54.245510
608.990307,254.682219,51.974319,51.463062
615.490046,264.670837,52.473499,56.351028
621.547129,273.753748,51.610188,56.059475
625.921343,283.103735,52.389072,54.851566
631.290779,289.944529,54.937889,54.152767
637.785929,294.278461,51.423389,55.445412
641.388964,299.746010,51.343113,54.749481
647.860350,307.563641,50.743664,53.285210
652.923128,312.313150,51.801548,57.258327
659.675222,318.949493,50.775387,56.411636
664.912157,325.369755,50.353733,56.770058
668.809931,330.103745,50.105213,55.511337
671.199953,335.537704,51.379704,53.934372
675.250330,338.612858,50.243732,55.059029
676.572691,341.880775,50.431835,55.006348
680.496527,347.007404,51.517269,56.670387
681.176243,350.838991,51.875275,55.013042
683.622644,356.071205,51.581348,55.330048
685.878704,360.419043,51.059738,56.443974
687.055767,367.154741,50.951462,55.755688
688.314932,372.090351,51.386654,57.115547
688.041395,376.755711,53.763714,55.645546
688.598234,379.500433,53.722912,56.488132
690.147173,383.721245,53.186497,55.877686
688.121277,385.510710,54.058388,56.741169
687.110920,388.176476,54.354523,55.371094
686.086254,389.774696,53.279861,56.514984
686.998344,389.819323,53.019218,55.876507
686.698677,392.339619,54.168602,54.458382
688.846193,393.145426,53.870945,55.761929
693.734623,391.682627,52.848755,55.982357
697.580463,391.089817,52.927460,54.797127
703.174305,386.165281,52.230377,57.194324
705.659462,373.244108,54.505516,60.005527
707.499575,357.648417,52.712742,59.297344
706.763083,343.741116,54.337460,55.809929
706.469719,331.426071,54.396477,54.071396
704.521748,317.850069,56.580841,59.336910
704.460976,307.936296,58.400871,59.726254
704.521013,303.089153,57.343601,58.256264
703.762888,299.401642,57.774921,57.802032
705.009375,298.041101,57.196041,58.327923
704.687265,299.111345,57.240040,57.378628
705.534527,303.049583,56.821457,58.237320
703.660095,309.130180,58.756050,58.889542
704.183573,316.638874,56.927052,59.950249
704.105772,327.663082,57.560314,60.113350
703.989265,341.151571,56.777061,61.501789
703.065617,355.911221,57.488708,60.137306
701.654968,369.729202,57.567940,59.523956
700.413809,382.714075,56.876980,58.176647
699.009314,392.926304,55.670528,58.436760
696.503883,401.347948,57.677574,61.555630
695.601170,410.614342,58.412933,60.002518
693.676563,418.395405,57.321838,59.084496
688.228024,426.301455,58.713120,57.318325
689.463488,431.195396,54.659367,57.662796
698.431677,434.915033,42.146450,53.606426
678.762629,440.231203,58.386478,52.036907
676.751934,444.693913,40.981720,52.859108
676.050333,443.720074,48.958622,57.054390
676.479637,445.000324,54.074074,57.100914
676.573826,443.690464,55.241348,57.463219
677.137568,439.337925,55.590458,58.114464
677.006737,429.547695,56.551216,58.003304
675.760695,413.293903,56.039211,60.133568
673.676168,388.135376,58.588970,62.337051
674.270348,367.787884,58.053719,57.079948
675.380356,345.266306,56.682152,59.187618
675.916906,328.365997,56.932964,57.956131
676.180559,311.841690,58.349476,59.846909
676.781242,298.027035,59.071205,58.156059
677.249739,287.499729,58.651150,58.352333
677.166363,278.945969,57.755371,58.769974
676.374405,273.696333,58.986107,58.877827
677.057339,269.296354,58.722504,59.720448
675.980343,268.653181,59.451447,58.664326
675.790451,269.911972,59.343254,58.865036
677.058281,275.504816,59.440590,57.804958
676.494242,282.055786,57.089542,56.277176
676.504858,290.431784,58.016674,56.242802
676.741783,300.343861,57.452583,57.109322
676.627649,314.626709,58.063541,60.260269
676.201227,328.868086,57.896152,61.810871
676.528364,344.963673,56.870724,61.257942
678.743193,361.965790,55.830379,60.247879
676.787153,374.659422,58.096706,59.732227
678.143330,382.837345,57.898605,58.436836
678.226641,387.979607,58.066029,59.253021
679.979597,392.196083,57.786037,58.438690
681.976793,394.180098,57.801044,58.173359
684.724266,394.902439,56.698952,59.144325
686.238091,395.347118,57.118477,59.765007
688.031347,392.858786,57.420330,59.742435
689.885090,389.381176,58.960922,62.420311
692.664724,379.348267,58.880077,63.853653
692.132730,364.303913,59.332066,67.041695
693.658678,346.104572,58.252522,61.222603
694.005127,329.267893,58.343163,59.835751
692.397566,313.501001,58.757412,60.913296
690.443716,301.051794,60.029095,61.729527
690.177221,291.812973,59.884258,60.525742
688.845095,284.999256,60.956074,58.053108
688.138083,279.412958,60.988049,59.080135
686.334602,276.999731,61.322639,59.137547
685.137413,275.610546,61.563667,60.658928
682.819883,278.387438,63.959072,59.239788
682.199038,283.724220,61.658924,59.407959
681.757994,292.400160,60.972408,59.002247
680.647306,300.844088,61.726345,63.601727
679.783436,314.455339,60.089615,60.827862
679.040483,327.868839,60.651264,59.073555
676.684288,337.508974,61.026192,60.045330
674.640848,346.871275,59.697788,60.531361
670.918781,354.213015,61.350937,63.199688
669.377634,364.646891,61.476444,61.476192
673.445988,372.996332,61.043991,62.271481
675.641916,378.535435,61.170536,63.739143
677.625704,385.118517,60.917713,62.632915
680.292589,390.352978,60.679707,63.258995
685.413708,393.644943,60.221130,62.074173
690.789476,392.391701,60.471577,60.101593
695.306025,381.152699,59.765263,68.472939
698.285789,363.911858,60.059547,64.207428
699.045717,343.314707,59.667500,62.980129
701.020086,324.378441,60.171398,67.819031
702.316669,312.804287,60.702164,64.806206
702.319027,303.078627,61.261993,61.943684
705.098059,291.783825,60.932812,61.357079
705.085253,287.501270,61.048023,59.810005
707.168520,283.176313,61.796162,62.002094
707.321817,282.653118,61.852024,61.529869
708.448967,282.766262,61.338631,61.956261
709.798882,288.015375,61.080330,61.560207
711.365044,295.086170,60.867073,60.393532
713.238209,304.229120,59.167801,61.911098
713.623158,316.516132,59.688553,62.406380
715.735706,328.727859,58.082443,61.145065
713.942715,339.887068,57.822205,62.715717
715.912613,347.272360,55.221275,60.723392
717.060501,351.770010,56.777580,61.657413
722.692154,355.708250,56.518639,60.951801
726.334831,358.756626,59.168129,62.242165
731.667980,359.916166,60.285309,61.615437
740.822676,357.265806,58.082973,62.092182
748.970556,351.406910,57.562511,61.536354
754.319054,338.262053,61.233345,62.363117
765.550545,325.726114,59.017250,63.667995
770.503288,314.574322,59.558601,61.568779
777.134207,306.011864,57.631634,60.436401
784.709612,299.112881,57.684650,61.575798
789.043102,294.876390,60.062927,61.960278
794.543198,294.318209,62.299492,60.867504
803.920504,295.404129,59.230091,61.556717
808.648075,299.379662,63.550797,61.267181
817.589851,305.385967,62.120155,61.948845
823.397697,315.505163,62.266975,57.287083
830.305767,325.391188,59.718994,59.485981
835.874868,338.068813,59.144787,64.892570
841.488115,349.692894,61.478138,63.528809
845.655643,359.338501,62.695847,63.848953
851.878796,369.667044,58.459259,60.736179
852.813688,376.598680,60.814968,60.044353
853.072449,383.034929,61.495811,60.257549
853.595776,386.193493,61.458557,61.609764
854.007107,390.421288,61.546326,61.291962
852.261251,394.589785,61.719128,61.588207
850.112591,399.489689,62.299561,60.610756
848.883381,401.484835,62.501938,62.584484
851.996044,402.693253,56.619293,60.561325
854.665516,401.445900,53.282211,61.134552
858.149054,399.627254,49.762707,55.296806
859.625694,394.441059,47.170021,49.433098
851.875492,404.901321,38.769897,40.956558
852.661036,332.984138,35.890568,30.016376
849.776808,320.244755,52.633526,53.667370
843.036438,303.622875,58.627876,57.405743
841.403860,289.768610,57.841946,60.705856
841.657089,278.447323,55.575539,63.810558
846.811283,272.786903,48.486816,62.094166
850.468508,268.991503,41.841923,54.029388
851.747824,265.014399,40.634060,49.773468
853.895716,268.492771,36.684528,43.316509
854.550369,273.196775,34.517250,33.602516
852.279716,276.540411,34.535683,33.145897
838.171307,281.532179,41.163086,36.147072
842.930283,280.497177,40.769417,37.505817
843.649240,277.871277,46.862705,45.753834
814.305069,262.517782,86.769798,79.963005
780.892868,323.857389,58.285454,75.582985
782.257870,348.477917,44.509918,52.853466
790.246609,373.013151,40.091492,40.168556
790.315126,368.650057,42.279728,47.594131
790.522684,368.074785,43.454136,52.501480
805.975468,343.439459,41.073288,78.795403
792.890987,358.941809,48.016846,64.511314
827.002630,349.671542,33.811321,31.284712
827.397848,347.245224,37.051281,31.649097
819.422598,341.229019,59.946346,55.127293
802.276096,303.663103,160.503082,160.414642
997.218864,363.259790,67.533195,67.942886
1000.826920,374.080753,66.116646,56.564236
999.644325,376.705044,66.687492,52.842663
1001.386444,374.511513,64.435341,53.023640
1000.332418,372.890839,62.895870,51.979191
1001.508041,375.108025,59.293861,48.770161
1001.295343,372.473200,57.484303,51.732559
1001.106070,373.048492,56.444759,51.070866
999.997288,371.750017,58.159973,52.980103
998.010126,374.890980,59.673756,49.181362
997.418879,369.216885,62.417927,55.174389
992.701418,365.913498,61.459415,58.071690
878.770546,348.215191,47.164055,57.835125
873.622509,348.690563,54.820511,57.594738
873.598042,346.469826,58.003357,59.162525
874.000202,345.165955,57.447906,60.323246
874.114985,344.243362,58.479420,60.445469
875.181776,344.081675,60.441601,60.928421
876.275272,342.672268,60.994110,61.408123
875.903851,342.939417,61.824356,61.750778
875.232285,343.435486,62.062111,62.117435
873.367128,343.225031,61.437168,61.677292
872.197308,343.699162,61.967728,62.264248
870.271648,345.029642,62.731735,61.663376
869.517252,346.101419,62.534321,62.493546
867.247578,346.368353,61.915253,61.968895
866.051428,347.784170,61.522823,61.797203
864.314936,347.325729,59.691486,61.058537
861.481493,347.217180,60.665287,60.442902
859.771936,346.865915,60.338581,60.049576
857.624208,346.975279,61.327335,60.808907
854.921083,345.862654,61.612278,61.696449
852.436255,344.775343,62.618252,61.553810
849.504749,343.106325,63.284912,61.266296
845.774296,339.388288,63.203827,64.651375
845.302328,337.220762,61.550045,64.959877
841.348528,331.572317,59.838688,66.618706
836.675758,318.407734,61.449272,63.882412
830.511765,302.820332,61.865669,60.632442
825.313601,286.915573,57.491398,63.331669
817.404558,273.578987,59.138950,63.426502
811.649603,261.438850,59.764553,62.700123
803.627840,255.715427,62.358219,61.868801
797.352810,251.927853,59.786697,61.393902
789.111267,249.546476,57.756050,60.547646
781.726051,248.915186,58.579277,61.612900
773.790794,251.644695,58.732323,62.158062
765.302006,255.235521,59.239105,63.502777
757.173277,261.744118,62.055920,62.971180
751.766571,265.185987,62.620674,66.139137
748.673605,266.907267,62.445187,65.435135
746.322746,267.169840,63.746758,65.933273
742.888287,269.687544,65.395248,65.395943
739.396561,273.032328,64.548103,66.984573
739.438263,277.018011,64.612007,67.509544
740.306341,281.003572,63.984310,64.734131
743.006693,285.190088,62.129230,65.090927
745.128340,292.072983,61.932537,62.343143
744.924850,301.355694,62.760628,63.254589
750.773867,309.794710,60.926762,60.767273
753.583799,311.109270,61.781170,62.115448
759.997654,308.878788,59.292694,61.479549
760.760246,305.021919,60.310478,61.204334
761.871189,303.710522,59.975372,60.471111
760.613424,302.982723,61.075527,60.282024
753.683035,305.638937,58.908657,60.213615
746.324781,308.347647,58.238201,60.866264
736.769423,312.395876,59.531017,58.459534
727.732918,316.534317,58.665520,59.093418
718.379337,323.503546,57.639648,58.434837
712.637005,329.447134,56.113022,57.837425
704.036694,328.860081,57.206070,58.316097
688.733061,319.041058,57.551495,61.096294
671.749083,304.214842,59.179211,60.800758
659.854296,290.714670,57.030399,59.470200
652.370804,275.758934,52.131508,56.552876
641.847088,256.848680,55.065186,56.109741
635.707348,241.033401,54.672699,63.814259
627.337772,231.023928,56.823380,59.833176
622.337082,223.538782,55.958092,57.141113
620.432009,216.068035,54.453205,58.950802
617.492935,214.344734,54.174675,56.422276
614.775030,210.832443,54.080730,57.871540
611.578724,209.110580,54.133255,57.572498
609.697456,208.631870,54.129585,55.814159
607.612051,207.456432,53.365582,55.262691
606.867935,199.248642,54.202629,58.142475
607.918104,190.007118,54.789944,56.367893
610.383877,177.319717,56.190033,56.648655
612.523367,169.857439,55.799633,56.843140
615.660576,163.408920,56.020576,57.667027
617.451139,159.051922,57.002773,56.909893
619.685360,157.714077,56.579651,57.898785
622.090725,158.967924,57.690796,56.634377
623.454901,160.698849,57.229931,57.930676
626.902950,166.499346,57.254913,58.130737
629.500120,175.585756,57.605618,55.527100
631.604372,182.257263,58.122974,56.756809
633.506054,181.010935,57.609375,58.026260
634.567017,174.248102,56.571983,57.999344
635.877758,166.385685,55.644989,58.351620
635.957390,161.171455,57.567726,58.352528
635.446920,159.803370,57.802166,58.123856
636.667633,159.643604,58.025017,58.151791
637.367323,162.192343,57.701504,56.998192
638.065792,166.121857,56.990814,58.489231
638.651552,174.696722,56.935749,55.658775
639.547155,184.305128,57.759624,56.849586
639.327288,188.196407,57.989796,58.241039
637.710234,184.076588,57.825497,57.439358
637.363546,175.982338,57.006786,58.958973
635.725048,168.959127,57.570374,59.546318
634.190504,166.630117,57.707912,58.505577
632.424395,166.206907,57.663380,59.043465
631.989408,166.976488,57.696957,58.180450
630.413445,170.380669,58.179146,59.846882
629.044003,177.447287,58.011505,59.718102
628.640003,186.521091,56.370224,57.644192
626.705379,197.659569,57.193542,55.591450
623.681118,196.745060,57.176453,58.062588
620.466097,191.698317,55.962177,57.473610
618.845470,187.186790,57.236237,58.530415
616.021608,185.215786,57.877460,60.296642
612.881819,185.524099,57.387478,60.124626
610.351435,187.055878,57.736912,59.732151
608.960583,194.224005,57.638733,58.352409
606.435888,202.454323,56.903515,57.700733
604.830509,213.557970,57.309952,56.354858
602.583988,224.692316,56.785233,62.711136
600.471741,238.009268,56.954033,60.293419
598.716398,255.881521,59.091152,59.320793
595.539614,269.947277,57.768360,59.342693
594.532627,281.994516,58.455521,59.613510
592.585262,294.080532,58.897369,59.223705
593.966633,304.461136,58.928391,61.407841
598.196604,318.493355,58.365879,61.800037
600.995537,331.271729,56.595131,59.658634
606.174799,346.499781,55.610477,58.184128
618.771019,359.398397,54.371162,57.928276
630.492653,370.389429,55.904884,55.257278
635.188173,380.261929,55.294117,56.631786
634.780752,382.668272,58.281628,64.157387
636.387177,387.387188,58.377983,61.281811
637.892262,390.726707,57.081039,58.238483
640.201447,394.235342,58.805687,57.486290
643.420883,397.324348,58.754417,57.116810
649.814421,398.688654,53.515438,57.307816
655.035343,401.954208,54.851852,55.735966
657.461922,401.448715,55.466438,56.883366
661.639830,399.642750,56.374691,57.545589
663.529686,394.618534,58.630836,59.112972
664.558981,390.415281,59.787487,60.257179
662.785551,387.914679,60.228298,61.547386
663.606792,387.752859,59.013245,59.662773
662.321186,384.190100,58.436172,59.408623
661.822613,380.192802,56.091064,57.713734
658.517735,367.700926,54.661301,58.530922
654.427807,351.495369,53.268280,61.506687
645.396826,326.887152,54.210278,64.243980
637.296593,307.920919,54.923561,67.848106
629.659000,291.147724,57.944016,60.535397
625.686342,269.684774,57.836628,63.744682
619.253073,254.433863,56.811932,62.050735
616.568726,240.695583,56.719017,60.412548
614.866068,233.372026,56.837406,59.321899
611.730011,224.270241,54.943199,61.545033
608.111908,220.794218,55.285667,63.360298
604.093721,220.821270,54.027790,59.162212
596.063612,217.120852,54.874386,58.585876
591.248911,208.970621,54.836277,60.534622
590.045097,198.003315,55.099983,58.375332
590.091829,186.292219,56.659229,59.760414
592.728186,174.603109,55.943188,57.318810
595.999643,165.316988,56.086887,59.562439
596.704329,159.158834,56.535915,57.576622
599.672714,155.720825,55.951958,56.164829
602.933254,154.888065,55.939087,55.970455
604.194477,154.970810,56.154129,55.767155
607.744089,156.442230,55.446842,58.552677
609.714708,163.724594,54.601704,56.641361
612.752125,171.354090,54.347733,55.643936
615.590908,182.666237,54.287231,57.514790
614.876122,188.168201,55.055153,56.708492
615.072294,188.394398,55.100246,56.038021
611.144245,182.985106,56.504257,57.580696
610.881649,176.161711,56.342896,57.211220
609.374807,172.935183,56.129955,56.703033
608.763531,172.482075,55.334198,56.739925
607.545277,174.070446,55.831955,56.395153
606.093016,177.402370,56.413906,57.030193
605.727125,183.613562,56.025295,58.439995
603.256872,193.285519,55.991985,59.932384
602.040125,203.392637,56.346195,56.299751
601.228956,204.384827,56.214474,56.265568
599.701019,204.137901,56.536583,56.601917
599.016314,204.307007,56.300617,56.818333
597.047743,205.528011,56.371181,57.618999
597.625389,208.850441,55.921638,58.682087
597.637100,215.535862,54.999748,57.664150
596.280739,224.941959,55.851601,58.511318
596.724823,237.278069,56.893364,61.352680
596.460941,249.599525,57.610092,61.861256
595.171240,264.716372,58.089214,60.382172
594.156338,276.517731,59.843475,62.744968
594.144354,290.124588,58.249035,60.604343
592.342661,302.963909,58.116032,58.960033
589.134068,313.211170,59.142014,58.599819
586.286787,323.375948,59.366543,59.236694
583.105625,332.501368,58.814041,61.341904
578.609030,342.635544,58.532635,61.869724
577.098516,351.354332,58.346264,60.248585
576.361145,359.808395,57.408928,58.667728
576.968447,367.375023,56.666737,59.347584
578.768526,377.491312,57.129932,57.263168
581.284704,387.750851,55.776501,54.517406
589.213860,400.219290,50.222542,56.537987
591.498947,415.548216,42.191032,50.343941
592.640230,423.007065,39.902668,44.401814
598.005083,429.564842,32.869175,38.432377
601.605086,431.774435,30.657145,34.530693
566.310505,408.851517,62.139542,50.227863
662.185829,407.216679,40.019264,36.173351
680.083408,401.310038,30.476959,37.837952
674.581469,371.672264,41.927814,58.557957
670.413095,351.167910,49.795185,53.545883
670.495621,328.549692,52.999550,60.177887
671.448717,310.116562,54.353153,58.252308
675.013765,294.619812,53.196812,55.168568
679.661549,280.896173,53.514801,55.442520
680.534277,269.151688,55.051174,57.409321
681.813240,257.717550,57.132530,57.426094
683.746799,249.805523,58.151245,56.145840
686.136284,244.704151,57.909355,56.348919
691.221458,242.102110,56.468712,56.581139
693.218935,242.097765,56.797001,56.529282
694.657213,244.199730,58.319370,57.790623
696.761543,249.416113,58.318687,57.120979
701.957964,258.747862,56.097935,56.258232
701.531544,267.361252,58.045685,58.103504
701.939667,275.721077,59.048378,58.859318
702.503820,283.542337,60.479733,62.589966
704.603241,289.958265,59.074501,61.977806
705.443779,297.159168,59.722801,60.069103
704.095690,303.840622,61.289127,61.740009
701.054405,311.651726,61.325157,59.099155
697.211924,319.541872,57.647205,58.763290
689.363184,325.973522,61.301716,63.017513
682.296171,332.968895,60.687511,62.699314
673.729155,340.568293,62.548504,62.213287
668.978106,350.482531,61.292271,66.536118
661.621054,359.460424,62.106380,69.700630
655.511570,381.108383,56.843414,61.120197
646.100069,398.305159,60.890842,64.787834
636.886541,426.358856,59.736691,59.317524
627.075508,449.675673,61.900230,60.387230
621.297749,470.718157,61.508942,64.901291
612.867533,498.435167,61.914051,66.564713
603.272614,534.745955,61.309303,63.203850
597.683439,563.661623,60.431927,67.511124
597.317879,542.988840,60.218224,59.411194
597.119190,517.085800,60.756134,62.111057
596.625210,497.174606,61.323410,61.430119
596.948500,480.448908,61.651867,61.112778
596.702538,463.241646,61.924126,61.356647
595.722990,449.615568,62.407207,62.731453
596.459616,440.442848,62.376003,61.913502
596.143667,432.157406,62.967861,63.233654
597.507118,428.967110,61.696953,61.430897
608.850788,428.681196,63.191589,59.290413
618.890968,423.847334,64.890129,62.622932
619.589619,426.658033,65.061951,65.861641
627.388346,430.944208,63.921772,64.995255
634.421165,434.552319,62.576286,63.647991
640.891706,432.564947,63.965374,64.627739
650.282164,425.307444,63.680920,65.089645
656.079420,408.556265,61.550152,65.379326
658.299665,388.692720,61.642834,68.422272
659.979549,350.515970,63.800858,82.222488
654.067677,316.174650,69.409576,64.207283
654.029566,259.863211,62.326710,67.506493
657.089312,225.324892,57.437870,69.490814
650.916876,181.120119,61.217983,57.993286
648.766499,127.530411,58.421661,59.657352
641.375221,87.057203,62.203545,63.485542
637.155066,47.454180,63.448574,64.442444
633.991514,16.364122,62.800335,64.680756
629.003975,0.685978,64.102196,50.739376
627.977356,1.109785,59.814980,26.525215
589.582336,0.000000,107.740242,37.744961
549.940851,2.401373,57.610981,60.216812
545.937212,4.321966,60.179844,59.749466
553.151789,1.127300,51.946674,44.633884
554.213230,2.731161,48.863235,46.537201
553.345242,2.973228,49.173172,44.814770
553.909630,2.527655,49.841789,48.362732
553.763584,1.112232,49.043015,42.936024
556.755259,1.261110,46.075932,42.278297
556.331392,0.378794,46.419239,49.789070
556.661863,1.079777,47.861599,43.426899
556.048405,0.342625,48.557816,52.965153
554.593052,2.032274,48.951645,46.254875
553.593237,2.458555,48.745235,45.689392
554.405369,2.877235,46.642075,44.744579
552.624235,2.127804,50.031963,47.631397
556.794153,0.271326,50.075886,45.836815
563.413879,0.891736,58.268288,17.651232
563.156013,0.765032,59.163612,38.273491
561.276455,11.481913,58.283997,56.770729
559.113295,37.286814,57.519619,61.872353
558.048597,74.017963,56.596218,60.783833
557.494003,110.817398,52.347099,58.160793
549.503515,144.636461,57.644207,64.706596
547.659155,177.403749,60.148510,63.630608
544.690760,195.735731,60.790897,70.435272
543.842262,222.932608,57.638374,65.506516
540.129707,242.820757,59.526192,66.161949
536.784796,261.535353,59.368176,65.994476
533.680086,276.035212,59.816639,65.079048
531.408382,286.699135,59.476257,61.626812
529.601572,293.635077,58.567936,59.534439
528.143370,297.153776,58.397762,58.720123
527.562834,296.308748,58.399990,57.964409
528.016577,290.720240,58.246319,59.687813
526.117853,282.939539,57.433872,60.935463
524.570494,273.610863,57.304226,61.176495
524.300138,261.068335,55.991817,61.693619
522.325745,250.018581,57.132469,61.738071
520.166384,241.245831,57.275990,61.026798
517.093979,232.564133,57.288078,60.680721
515.662659,228.451254,58.010551,59.353500
513.700172,225.786562,57.848976,58.723167
511.261301,225.182579,57.322483,57.872936
510.547333,227.095259,56.892418,60.024139
507.712116,226.805656,56.853683,57.787334
506.058699,222.220181,56.670742,57.941593
506.666956,207.602293,57.420963,62.636139
509.385849,197.496901,55.636131,60.628845
509.947191,190.164265,55.934162,58.712116
512.739080,182.371349,55.500866,58.497440
514.369692,179.813189,56.008778,57.016350
515.593182,177.790588,56.351593,56.131924
518.338634,178.335390,56.266846,56.128868
519.252075,180.871006,56.207573,56.710194
521.362310,185.644943,54.710155,56.900356
523.148188,190.129601,54.739780,55.640362
520.410805,188.349907,53.951576,54.201397
518.477369,184.174812,54.440487,56.587902
519.055481,182.178703,55.138573,55.677532
517.565477,181.456949,55.638477,55.636787
517.556971,182.353266,55.148716,55.284737
518.000639,186.206839,54.297237,56.565689
518.164486,192.755766,53.548889,56.409637
518.094414,200.490009,53.268135,57.385151
517.647125,209.287312,53.907188,57.430866
514.232388,213.750578,54.216766,53.877441
513.047672,208.687473,53.387711,57.106037
514.024620,199.718061,54.417824,57.009369
515.765879,193.395025,54.131718,56.253983
517.232944,188.537580,54.249832,55.245087
519.358770,186.682236,53.668560,54.643795
519.962509,186.318924,55.418144,54.539333
522.007017,188.807697,54.191250,54.795673
523.635895,192.616394,53.750725,55.239010
526.099609,198.188377,53.545219,57.085430
528.023781,207.346962,53.550087,54.737713
527.262024,209.590456,53.178734,53.586998
527.800272,203.276657,54.228672,55.953213
528.157457,198.331114,53.984150,55.420746
528.700563,194.197567,53.724934,55.575230
528.265642,192.777243,53.358814,54.058121
531.821224,194.426531,52.469727,54.000572
530.918520,196.520460,52.694599,54.691406
532.052881,201.927233,53.359043,55.389641
534.035053,208.220953,52.499771,56.193893
534.093468,218.282856,52.840828,57.914661
535.198063,229.925100,52.726303,57.961441
537.509205,241.794182,53.370529,57.274761
537.345295,252.417776,52.584335,56.919327
538.365316,262.900105,52.980602,55.335072
542.224747,272.945667,51.630363,54.964405
541.719601,281.917336,51.918060,54.841198
543.174475,290.976328,51.734783,54.479134
543.158449,300.787170,52.162403,56.179043
541.988150,309.717751,51.944347,56.303387
542.942341,317.237682,51.846634,55.864780
543.551641,323.915085,50.682049,56.118008
547.209595,330.827354,49.663383,55.399883
548.427658,337.394938,51.430351,53.776863
549.760832,342.382793,55.325924,57.538975
555.178051,350.138317,53.511475,57.741001
561.304596,363.227180,46.282310,52.670177
563.043749,376.420517,40.187931,42.881802
565.513779,384.868670,34.459038,38.495842
567.245083,391.337834,28.634918,29.833544
575.777551,397.336145,20.308783,24.238564
554.710703,381.389305,30.022556,31.748859
554.242617,381.473709,35.852711,35.534550
630.554731,362.573614,29.561947,46.149986
639.013149,349.990734,38.095093,45.630947
637.722086,331.810038,43.511814,51.339905
633.653004,313.403139,49.568390,55.107498
636.971846,294.408461,47.935528,51.925331
637.974854,280.434006,49.939186,50.729191
638.840178,266.808807,50.352779,52.893650
638.575521,256.784121,50.960888,53.558746
641.965656,246.829082,48.919693,55.497921
642.859282,241.825008,50.744350,51.135937
643.200693,238.659771,52.902287,51.075619
644.068895,235.775841,52.139149,52.317173
646.231398,236.146646,52.834072,52.247803
647.320360,237.990028,52.990559,51.959538
649.095798,242.778128,52.406693,53.169380
651.523329,249.854658,53.585629,53.870842
652.385052,257.985586,52.777557,55.025826
653.597878,270.786304,52.023933,51.955456
652.697374,279.459690,53.266834,54.888531
651.915215,291.275599,54.690987,56.102478
650.594122,301.442045,55.051891,54.333488
647.763033,309.121456,55.562763,54.415371
645.398544,317.713791,54.882622,52.146717
641.584541,325.910204,54.058205,54.805618
636.806984,333.935089,52.060097,58.877766
629.751070,341.589188,55.902241,59.056599
627.238380,354.117336,54.742073,56.646206
625.443777,364.406267,54.587139,57.967606
620.486063,375.716522,54.201450,54.082478
619.347790,379.463100,54.630219,59.217373
618.930632,389.175549,54.856106,60.077114
617.051712,402.583973,54.607231,54.965343
617.517368,413.685146,54.399734,52.463375
621.224216,424.506575,45.632523,53.233208
625.557486,436.853460,50.506237,53.472298
630.079304,448.846142,51.552689,53.368771
635.349266,457.655098,49.701210,51.875706
637.309128,463.041458,47.326286,52.360920
633.739950,466.194370,51.511135,52.656796
633.159060,466.705873,52.611790,53.813293
633.616861,467.352942,52.482227,53.810081
635.706724,466.607765,52.252605,54.465290
636.947084,467.155319,53.876804,55.415440
638.292545,466.701609,53.430298,54.452072
637.751873,467.923328,53.645126,54.223995
637.135265,467.947098,53.066025,54.852177
636.937405,467.166395,53.593063,55.557259
637.840904,466.897976,54.470970,55.138012
638.953346,466.375719,55.018791,55.415070
638.950476,467.176928,56.614864,55.068695
638.043390,468.590227,57.343189,55.542969
637.933365,470.971779,57.878212,56.805103
639.622646,471.049696,56.288925,56.710152
639.844713,470.587748,55.935154,56.728348
636.852999,468.099117,56.873844,56.527569
639.268484,460.975561,54.344204,59.305687
638.815783,452.745037,54.833012,58.380535
635.401087,443.980125,55.521961,56.104267
631.796612,430.427555,56.308884,57.901379
629.294466,412.667032,55.517551,61.702469
625.258316,395.080463,56.155373,63.557674
621.327753,377.917759,56.028919,61.915920
619.336098,359.408764,54.429131,63.306683
620.570219,335.127085,52.051800,57.731415
619.066303,308.682289,53.599823,59.681431
619.583097,286.035263,53.407360,55.161182
618.452276,261.192055,52.773403,59.417332
616.613222,242.648790,53.037052,57.625092
615.061663,225.346804,52.686131,56.835144
612.669655,209.641859,55.355003,58.306953
610.032207,198.717043,55.206223,58.460297
609.659718,189.778177,55.559845,56.789444
608.375355,181.085157,55.020599,56.173409
606.852335,175.496574,54.853657,56.675007
605.124363,174.577385,55.344116,56.063374
603.941309,174.201569,55.709736,56.720798
602.772621,174.439344,55.128136,56.842690
601.338316,179.683403,55.701061,56.805927
600.017859,187.488676,54.835506,56.925392
599.953749,195.952780,55.255505,57.537987
597.849279,207.460423,54.829769,58.064693
597.754290,222.792702,53.230564,57.483479
598.493202,241.943218,53.421196,52.135052
595.340822,257.885767,55.137394,60.198166
594.611372,279.964943,55.363964,56.245655
593.047579,300.406176,53.669315,57.594238
590.615309,324.096041,54.345379,62.855164
591.860062,351.398695,53.030220,59.845680
591.521482,378.280443,52.757610,60.086639
590.734762,399.479717,51.840359,54.025219
593.398043,414.172781,46.989719,61.109489
597.835514,424.028200,42.600922,57.917145
601.484594,432.231722,40.834560,56.877838
604.706314,436.830296,41.907845,56.168072
608.793966,440.528929,45.908199,56.102745
612.798861,449.580788,49.483250,52.103428
617.507456,456.557499,52.489552,53.686901
626.981716,465.470457,52.786484,53.872124
637.470572,474.077576,52.506008,55.419575
652.035246,488.382597,46.797161,52.918327
656.035984,500.878677,52.965637,56.352192
663.940815,520.110214,54.473511,54.747791
673.567575,538.406162,54.873005,60.282085
673.052616,527.802689,55.557800,57.574116
672.147264,516.943743,55.227787,55.607620
671.199049,506.898899,56.066631,56.826916
669.513987,500.749472,56.238148,56.011482
669.839119,494.871851,56.991508,57.882751
669.243620,493.467426,57.392864,56.353832
667.594795,492.449221,57.914574,57.843979
666.973368,495.562428,57.679035,58.143291
666.409262,500.173525,57.750423,58.017838
665.339766,507.796331,57.446972,56.425392
664.294111,515.955633,56.429089,56.862190
665.004719,530.021961,55.598267,56.046642
664.904072,543.098034,55.182678,56.862514
663.199997,552.692766,56.075081,55.350418
662.061739,542.398869,56.721531,58.218487
662.665565,534.672861,56.262657,57.269257
660.393986,530.143744,57.115540,57.032570
658.858860,527.006941,57.442200,57.522942
656.691784,526.959196,57.347031,58.438103
656.769472,529.480494,55.737614,58.203766
657.367170,518.870834,54.374035,57.980671
652.554232,498.824537,52.695805,58.566521
645.152370,484.414257,52.193649,57.933987
635.995777,475.486012,54.735077,59.062786
628.902073,470.664192,54.053162,59.938419
622.316628,471.248716,54.022209,59.886711
614.536146,464.698891,56.581097,61.320713
609.059946,450.402197,59.570667,65.780922
606.513260,431.652010,57.462593,64.877823
598.970854,408.817625,58.108562,67.470757
591.592009,381.711031,62.084606,68.208176
579.196466,352.078287,62.669636,65.747009
570.237671,332.207113,62.030067,59.686409
563.298388,304.295828,57.958714,62.989845
558.681555,282.765133,57.613766,62.822445
554.631744,264.551161,60.306648,65.698753
552.293257,249.210995,58.307110,62.260433
549.020811,239.012930,59.862286,62.656960
549.268898,230.767820,59.010307,60.529045
547.977325,225.007153,57.243721,61.008877
546.927235,222.215300,57.170288,60.615501
546.289934,222.260927,56.937077,62.191238
542.812733,223.502604,56.653809,61.813416
540.912676,225.778114,56.465916,60.559391
538.224176,225.205336,56.210072,61.533562
538.912394,221.639402,59.168201,60.719200
542.554132,214.546074,57.469379,60.966343
543.085392,205.541365,58.651337,59.628014
545.895397,198.822584,58.771652,59.657646
547.485188,193.727234,58.952576,59.042133
550.087788,192.090185,57.812012,57.981178
553.148626,192.345192,57.663021,57.683598
555.808405,194.061409,57.049213,57.705906
557.090275,199.921118,57.380249,57.133827
560.880289,206.992624,58.215595,56.877625
562.593285,215.540228,58.045830,59.666634
564.867748,221.234264,59.098190,58.246151
565.999596,220.212631,59.423882,57.566883
565.045883,212.210329,58.594795,58.599319
564.499252,205.461641,58.840889,56.532059
563.738119,200.004545,58.550930,57.427177
562.726376,196.907091,58.314377,57.728500
562.676081,197.313721,59.360126,58.391102
560.303755,198.921707,59.412792,58.724812
560.325754,203.663620,59.070576,57.847401
559.956285,210.263374,59.013920,59.264256
558.577103,219.329185,59.252724,61.126591
559.208950,223.205706,60.432358,59.963272
560.411448,221.557150,60.387806,59.114754
562.511444,215.182434,60.497139,60.518360
566.515373,212.375935,60.047997,59.285442
570.033163,210.146290,59.570187,59.066967
573.330324,212.297892,59.601902,60.080688
577.051874,216.194841,59.065754,60.026199
577.478395,222.943453,61.494022,59.807419
581.167894,232.062811,60.755863,60.837837
583.729898,243.386587,59.736134,62.906868
585.960669,255.348528,62.179317,65.054886
587.751337,271.460344,62.003193,61.035080
589.826151,283.193579,61.062977,65.081459
592.894739,299.383629,59.589008,59.916752
592.066370,310.547029,60.269611,62.386826
589.013210,322.642872,60.070816,61.774090
587.759048,333.429049,58.500099,61.278793
584.100182,344.612972,59.657036,61.082119
583.316923,352.625017,58.322613,61.831314
580.714933,363.472143,60.424847,64.698708
580.229664,372.700823,59.393890,62.191177
578.616026,380.484470,59.945873,63.606945
579.545664,388.233915,59.284992,64.902397
580.435524,395.018930,58.666893,63.228577
585.750172,400.092581,58.366119,62.617531
590.669060,403.845549,59.493706,63.103661
595.602142,407.929150,59.363289,59.359768
603.591843,400.893969,55.424843,64.001724
603.706373,394.049986,60.167980,65.638054
607.116627,377.002077,60.463043,66.547775
610.777641,358.708914,59.524162,62.072762
610.549376,331.233515,61.301861,66.330078
612.609144,313.579821,61.564800,66.978806
618.039743,295.419355,59.130817,64.542107
619.637159,281.290991,61.021221,62.828529
622.057629,269.093115,62.175613,65.328804
622.220591,261.415152,63.545673,64.303535
626.043255,254.586355,63.578903,64.604469
628.680611,252.010138,65.135155,64.122383
629.366199,250.697573,64.220978,64.324326
631.589443,250.610468,66.707870,66.584930
633.788624,254.398844,66.042236,67.168427
637.446301,262.246351,65.614944,66.168663
641.399250,273.939524,64.221924,65.716949
642.529461,287.002172,64.669296,70.409035
645.124535,301.045198,65.169884,74.092117
647.215977,323.389086,65.619446,73.160477
650.067745,346.338854,66.015610,71.791946
653.504116,365.357698,66.017960,76.010422
657.531704,388.394346,67.680191,75.022850
660.118969,410.878252,67.107071,68.747208
663.733047,427.887224,65.274025,71.406876
665.545128,440.993551,65.615868,69.239143
670.986885,450.826376,64.569084,68.456001
678.780163,457.641310,65.854813,70.446556
690.795448,462.495230,66.078117,66.412941
700.928486,463.786623,64.593079,67.137436
710.820274,464.418718,65.841423,68.408737
718.623272,466.176744,65.308395,66.888687
723.854122,467.507013,65.449783,67.092896
730.680496,467.791285,64.962776,67.060242
737.366138,466.796766,65.763580,67.633049
742.253117,465.302607,66.568390,66.536652
744.448284,463.560575,66.396713,67.359520
745.883179,461.614923,66.247871,67.548584
745.661129,460.709242,66.721207,67.832359
746.390705,460.546057,66.785583,67.317604
747.118866,460.027029,66.951973,67.574806
749.061127,459.414255,66.798836,68.150787
750.585129,459.526789,67.171608,68.263458
752.792789,459.094915,66.896515,68.348915
753.722576,457.408899,67.275833,68.503632
757.890636,448.403189,66.504929,68.569191
757.387360,430.188021,66.129860,64.125961
749.917789,398.837759,65.666870,70.136055
742.365337,371.257414,65.248306,65.889977
733.749928,348.797541,65.572540,66.684326
723.753708,325.137747,67.073372,68.390358
717.758625,306.991896,67.400238,72.276970
708.063271,287.823130,66.252129,69.510101
699.985264,275.639742,69.465942,69.526108
692.679638,267.373423,66.728958,67.435486
685.281574,257.837873,66.246826,67.500725
677.843914,254.734896,64.279251,65.742477
670.678240,253.128752,63.611637,64.987144
661.410233,254.265795,65.489540,65.260910
653.820728,258.629145,63.789825,65.569885
645.003193,267.200621,66.130005,65.541954
637.879169,275.960402,66.669220,67.222069
631.202089,288.492071,63.544621,67.982948
624.108154,305.135096,64.325569,68.018066
614.239201,320.993872,65.429382,67.546822
609.319454,344.431744,62.804428,63.876888
597.170113,368.848158,67.070427,63.609154
593.910892,389.837591,64.882996,67.365150
584.798517,421.951571,62.738880,67.225815
577.684036,451.071100,64.097145,67.839722
570.939157,485.439383,62.562366,67.597664
565.124874,519.872557,61.090775,67.673790
556.295303,556.007864,63.317268,77.867256
557.403656,551.787718,62.736794,66.024010
559.016087,523.207510,62.350220,66.594612
561.085693,493.146372,61.463112,66.079895
565.852783,471.080793,60.357033,62.803215
567.262724,447.861643,61.242535,64.890625
570.398928,430.868780,59.542942,61.775948
574.290821,411.732153,59.324249,62.879921
575.738394,398.217760,60.367336,62.109024
577.078056,387.490156,61.662102,61.321953
579.511719,381.355143,61.017982,60.331512
581.373652,374.546064,60.150715,60.687950
584.287821,372.878305,60.294514,59.814117
586.143305,372.231197,59.252094,59.599453
587.002289,373.299854,59.292671,60.466320
586.407473,377.287844,59.741001,58.653702
588.436169,383.004959,58.718277,58.309071
590.298885,392.369141,57.533035,57.954334
590.663818,402.769129,56.341835,59.430634
592.179506,418.222010,55.436924,59.093597
592.984983,438.723724,56.342297,52.881031
594.467390,452.222548,54.945904,57.117241
596.891859,473.224316,54.393261,56.352444
597.168043,495.216646,54.740337,57.587265
599.509457,518.118425,54.525803,64.502060
600.872866,512.277788,54.399143,56.516525
602.712402,494.171406,53.912392,53.774639
605.039513,474.010933,53.981438,55.273548
607.060259,455.363714,54.060886,56.705147
608.472778,443.734533,53.960121,54.120140
610.196030,433.981348,52.987343,52.630173
613.054796,426.554338,52.529423,51.170425
614.798079,418.274199,52.943493,54.046867
615.369284,415.420929,52.532650,52.360157
617.788715,413.789709,52.415588,52.250832
618.037521,413.817883,52.797462,52.564632
620.119995,415.420845,51.828926,53.056675
621.294006,420.324648,50.905128,53.262894
622.754740,428.876940,50.890186,51.244247
624.226479,439.810307,51.479271,48.941814
625.698175,447.519663,50.612247,51.306610
625.221489,459.976496,50.086479,51.135345
622.438881,474.719191,50.181862,51.336662
616.412750,490.440290,49.716866,58.635307
612.185711,485.583174,48.652695,51.256874
609.088423,470.290873,49.286922,51.708694
606.524738,457.048655,49.415024,51.774811
603.708927,447.377743,49.430069,50.127285
602.067635,438.822014,49.303047,48.858997
599.477522,433.934492,49.346615,47.783897
597.533392,430.225431,48.217480,46.996559
596.594278,427.476078,47.996479,47.429134
595.354074,425.288397,47.584660,48.042915
594.915115,427.648390,47.713203,47.733330
594.880867,431.115988,47.584541,47.267693
595.822355,436.140940,47.288616,47.512634
599.442314,445.122091,46.635887,46.224724
599.492598,453.218313,46.314510,47.623726
600.154013,464.048628,46.428478,51.584038
601.135511,461.588861,46.223339,50.828400
601.314568,451.457932,46.289604,46.154484
602.647943,442.615608,45.931019,46.212193
603.705273,436.612705,45.812714,45.911892
603.795828,431.063442,46.070980,46.035839
604.948231,429.122908,45.750473,44.420296
605.994038,427.358837,45.467819,46.368969
606.078447,428.200214,45.636402,45.382915
607.316990,430.639870,45.602936,46.061527
608.467484,433.434145,45.285118,47.589462
610.319324,440.633057,44.699646,46.815495
611.426201,449.723211,44.628487,46.087029
613.274889,456.629299,44.229664,45.552898
615.200298,448.512764,43.645721,42.695560
616.127563,438.739845,44.078514,45.094791
618.088078,434.258947,42.748291,44.214287
621.820196,432.024738,39.032131,43.487362
623.454559,433.020227,33.117470,40.361374
624.867771,434.062601,25.785889,36.790009
627.670345,434.519616,16.142685,31.253359
613.977157,426.143612,19.070711,40.098339
579.839306,382.705679,88.105812,96.137100
674.677979,353.884607,41.254639,57.409004
671.292681,359.684048,40.942593,45.987659
653.714827,360.974234,43.608173,48.136322
650.331419,435.069290,34.454548,38.736004
650.595261,430.861858,37.162567,41.424015
649.090532,430.978533,41.513790,41.889732
652.720207,432.387423,41.097122,42.690269
656.542654,434.528193,40.855320,47.047676
660.152576,437.347736,40.871605,44.423283
662.412151,432.844820,40.720146,43.025352
666.612633,431.690853,40.485031,40.905018
670.818655,430.337559,40.530643,40.375690
674.080160,429.391296,40.573399,41.492062
678.301226,430.965857,40.421810,43.127594
681.876793,432.759254,40.076126,43.950603
684.809860,430.062204,40.154022,43.057457
688.282562,427.420101,39.918594,40.740681
691.488073,427.110723,39.830814,41.647278
694.496256,427.634714,39.278240,41.700111
697.513700,428.667788,38.767124,42.132607
700.319313,426.844030,38.955154,41.687057
702.522285,424.249475,38.859879,41.459404
706.404604,424.849873,39.224804,42.784779
708.462868,424.329224,39.048553,42.158154
711.691095,421.960772,38.973980,42.879417
714.707077,420.503790,38.576080,42.839111
717.827511,420.041330,38.716240,42.702354
721.420572,418.922709,38.327343,42.583336
723.066093,415.732590,38.378174,42.424252
726.596918,414.821890,38.011913,40.724716
728.693026,410.234600,37.825649,41.618671
731.581087,406.679041,38.004910,41.358391
734.393419,405.456974,37.691738,40.134953
736.088881,402.505070,37.602512,40.791416
739.029949,398.738888,37.690361,40.488773
740.841320,394.697952,37.673927,40.712429
743.537514,391.284472,37.339508,40.729576
745.796591,388.545542,37.675968,40.545876
748.017857,385.913330,37.466560,40.245205
751.121424,383.395153,36.993603,39.909504
753.555008,382.132746,36.810562,39.476433
756.274683,381.305933,36.710491,38.879890
759.112804,378.940266,36.662819,39.382832
762.328669,377.218817,36.985470,39.635498
765.054279,376.531303,35.895500,39.439938
768.159620,375.385445,35.816685,39.211681
772.211731,374.952835,36.149628,39.140820
775.754845,374.960831,35.811966,38.614223
781.149912,374.846279,35.780499,38.611958
786.593704,375.504904,35.736633,38.374924
792.460602,375.558050,35.440201,38.243851
796.203299,375.801586,35.643116,37.958698
800.686943,375.255169,35.760574,38.157368
804.975210,375.049532,35.353794,38.486824
809.605915,375.058783,35.085472,38.558792
814.563604,376.491508,34.751347,37.766674
817.640024,375.786322,34.782803,37.493729
820.581333,375.282877,34.857063,37.421822
820.499109,375.145956,35.366177,38.009216
820.286259,373.379393,35.969246,37.800735
818.550337,371.830372,36.318928,36.956089
813.685394,370.231649,35.987808,36.456039
804.287079,367.321651,36.115845,34.847279
790.354652,356.992186,39.094986,38.029388
777.633400,341.226093,43.229294,42.726292
766.677370,319.072947,35.836483,44.740150
752.335352,296.763052,36.602642,41.176468
739.810946,272.606256,40.803570,45.409431
724.269514,255.291935,38.473682,38.507847
711.477364,233.455351,39.051758,42.393494
694.600502,221.612656,40.807175,38.532345
680.639341,207.115358,38.778538,41.641319
659.768320,194.605104,43.521023,37.575706
644.712215,180.163412,40.556053,43.313538
626.871422,169.470716,44.793869,45.396988
615.630415,163.823544,43.480289,44.213169
598.170668,158.784004,45.265522,43.021420
579.803354,156.559160,44.445644,39.128578
558.760515,153.330101,44.322781,39.643566
541.208025,152.296873,44.892864,41.114166
527.236103,152.405296,42.534157,40.087368
509.334932,156.355230,42.580288,38.124390
488.296715,159.594662,41.126648,42.429996
477.821896,160.198725,35.343163,38.714470
467.339823,157.782248,36.865795,35.288818
458.595978,158.819496,33.656921,30.076763
444.501520,163.765736,38.373867,41.183231
433.483562,175.067060,28.749092,35.060593
423.607260,178.896633,37.397251,43.237293
412.937031,192.477423,41.112434,41.292145
402.569382,207.121725,43.953613,39.916458
396.253309,225.050898,36.918217,35.237190
392.080856,243.641192,32.452087,31.046743
390.763803,260.654200,26.978865,34.284691
393.499689,270.085030,26.529186,41.268505
392.484417,278.285433,31.449425,42.876732
390.243504,282.804049,34.281563,39.148842
386.696909,282.497070,34.489635,40.015652
383.218077,279.907658,35.120533,40.603107
380.154520,276.669922,36.482449,41.170361
376.892673,275.529211,37.758507,39.307144
373.837214,274.793865,37.065380,38.239262
369.562792,273.251129,38.774273,38.800152
366.996359,273.175409,39.077839,38.168007
364.674337,271.870256,37.969776,40.578087
361.607981,271.810755,38.913647,40.565971
357.585642,272.513609,39.432018,40.926208
354.111025,276.753420,38.929623,37.904594
352.223652,275.524975,37.045464,38.431232
349.473455,273.636898,36.539249,39.468769
345.258980,272.177647,38.190094,40.549931
341.981165,271.445618,37.294735,39.929455
338.205050,271.792879,38.183605,37.766472
335.812624,271.182217,39.185436,38.302586
333.017115,270.309170,40.213284,40.080219
328.936064,270.332624,38.535114,39.718307
326.050158,270.250607,38.520580,40.469135
322.682793,271.150639,33.214844,39.422871
317.880400,272.102133,35.322727,39.604172
312.373975,272.849932,30.652929,34.723930
307.072959,273.985544,29.608049,32.921089
302.473999,274.529669,30.179794,33.177963
295.613338,273.910166,30.871744,33.023048
288.827284,273.450834,31.634953,33.693375
282.868931,272.531601,31.901573,34.547756
277.161893,271.974321,30.248037,32.461540
271.387537,271.001183,29.958050,32.763409
265.161030,269.457026,28.604652,32.229332
258.987385,268.269985,29.645760,30.878544
252.833283,268.960302,29.143614,29.823761
248.364143,268.677195,28.294266,29.637230
240.007349,268.723610,34.160137,33.286160
235.014997,269.112621,35.338642,36.536564
229.185190,268.342890,35.392483,39.485435
224.051329,266.335495,38.543171,41.118603
217.310450,267.369514,38.965313,40.987057
211.728966,267.481834,38.662018,40.202663
202.884274,266.004089,40.549278,39.698238
197.843523,265.552998,32.956478,35.649998
194.275099,264.613892,36.238209,37.392056
188.920668,262.606115,36.854176,37.350372
184.574551,262.608610,34.006325,38.084320
178.108397,260.016531,35.749332,38.239197
175.022674,259.717068,28.666826,30.038013
171.680742,259.412336,29.198772,31.838974
166.690161,258.642011,28.132664,30.520617
161.991943,260.647041,28.819275,30.680340
156.443317,259.150782,29.778877,33.178886
153.465177,261.637149,29.907583,31.506628
146.613432,264.241832,28.938297,30.506536
141.751484,263.840184,28.333382,30.111361
136.507409,264.135822,30.395857,33.547718
129.920298,263.698429,30.226223,32.075382
125.935243,262.565049,28.921949,31.990976
121.658038,262.532429,29.447016,32.694691
117.544131,260.778090,28.914148,31.694075
112.037038,259.068142,30.348669,32.061207
110.485004,257.968710,33.989494,35.964294
105.006857,257.005468,33.352100,34.227219
102.549746,256.107485,33.251690,35.476524
97.913427,255.127396,33.250889,37.451336
94.816010,255.159109,35.022629,37.306610
93.419909,255.113470,33.767040,38.074493
91.401814,254.341181,34.831322,39.068459
88.933886,258.064583,34.088467,36.512280
86.932117,266.729434,32.385963,27.612524
84.469469,267.661059,33.088131,26.860708
82.000340,264.543690,33.014290,30.613773
78.666307,255.969244,33.930065,38.370651
75.801378,253.014812,34.703274,39.550510
74.486523,253.367813,35.122429,39.177761
70.972113,252.809341,34.782871,38.569851
69.943802,252.936741,33.615112,37.512318
67.207066,254.496805,32.786674,35.398369
64.560398,253.459730,34.311623,35.801361
62.732098,256.775171,34.434212,33.747643
61.346283,255.550257,36.244766,34.790520
61.121370,254.324158,36.469112,37.315166
57.658176,254.792833,37.012001,37.887337
59.139332,254.634630,35.397026,38.939079
53.785851,258.100416,37.632721,38.402222
52.004152,260.560116,36.668377,36.667927
50.745338,259.147835,36.946960,39.167065
48.052763,260.600466,37.133961,37.958870
46.613295,258.876368,37.278400,39.756752
46.111031,260.806149,36.706680,38.549763
45.475534,256.954988,36.432003,41.226799
43.328257,261.044016,36.297421,37.563301
42.828386,259.864594,36.684368,37.024944
42.540558,259.465597,35.795197,35.115570
40.396048,258.120306,37.069172,38.902817
40.881544,256.805910,36.857288,38.514107
39.486624,256.711296,37.681995,38.621975
39.848387,256.320532,37.623722,39.510132
40.069736,257.621531,37.089684,36.598213
41.399908,258.275518,36.785175,36.879333
41.140966,258.518921,38.335194,36.570034
43.667358,258.402821,37.095749,35.271809
45.120867,257.033480,36.974453,36.618721
45.406401,256.844126,39.633106,37.603645
49.177898,255.383705,38.282997,37.458950
51.720016,255.077679,37.029572,35.989399
54.125559,253.224854,37.237331,36.201717
57.142855,253.157488,36.951550,36.075798
59.600784,251.516129,36.678909,35.866924
61.031094,250.571348,37.195717,35.989532
61.123844,248.894817,38.634621,35.772511
63.908642,247.944225,37.078026,34.790531
67.328321,246.551685,34.251957,35.463642
69.443172,245.475105,34.069298,34.424068
70.556366,244.370321,35.811539,34.857910
72.294420,244.428291,35.938900,34.557796
73.599998,244.177528,36.238037,34.367977
75.463129,243.753525,36.606564,34.059277
77.212004,244.449375,37.352757,33.683186
80.986128,245.060852,36.203220,34.450268
83.124222,245.107595,36.752274,34.868637
86.552271,245.491232,35.950359,34.563370
89.802320,246.461119,36.556339,34.846588
92.696505,247.135973,36.639584,34.792412
98.116089,247.770889,35.137131,34.192120
102.165388,247.879679,35.660038,33.942711
106.708042,248.764172,35.924080,34.353458
111.303961,249.841545,34.919437,34.493633
114.600163,249.675112,33.764244,34.325554
118.594709,250.202873,34.033710,34.234188
121.361250,250.004284,33.766132,34.321018
123.297424,249.668829,34.237747,34.121094
125.971867,250.445084,34.495125,34.398602
129.164148,250.800219,32.560772,34.437202
131.176960,251.447170,32.665657,34.083256
132.796770,252.656130,33.811596,34.945595
134.288822,254.328674,34.499809,34.035427
134.609474,255.163507,33.848862,33.793953
136.045361,255.579536,33.592552,33.290249
138.411562,256.484064,33.840145,33.784431
139.813925,257.392242,33.526218,33.708630
141.086702,257.581430,33.065624,33.593651
143.443844,258.641243,32.636436,33.993404
144.999945,259.383713,32.481647,34.443310
146.344175,260.091015,32.344608,34.498981
146.057219,261.379648,32.863590,34.336937
148.998932,261.653419,33.017517,33.981075
150.146429,261.982162,32.334644,34.085491
152.506237,262.022598,32.052940,33.734814
154.188570,262.082483,32.474194,33.386009
156.749672,261.055563,32.443008,33.498901
158.568466,260.269478,32.973984,33.679287
158.519629,259.209471,34.057972,34.070892
161.362307,259.466181,32.571102,34.223763
162.264080,259.916676,33.257759,34.558735
162.734375,260.026493,33.400742,34.850681
165.188707,260.208273,32.836239,34.486816
166.658484,259.992260,32.475254,34.523472
168.926928,260.732347,32.477596,34.255775
169.951286,260.654362,32.620956,34.581699
173.068703,260.451771,32.716980,35.289600
174.813225,261.063204,33.122452,35.533516
176.395000,261.380222,33.259300,34.955784
178.803637,262.787764,32.661709,35.578094
181.800877,263.738083,32.231712,34.399364
185.141735,264.924849,31.984474,34.418243
188.175143,265.208117,31.130548,34.003975
190.954594,264.296564,30.423988,34.469215
193.118349,264.281715,30.472576,33.931988
196.114522,263.823723,28.896994,34.229702
198.792653,264.336790,29.520849,34.403854
