0.001021
0.030664
0.030774
0.031245
0.030251
0.031035
0.030445
0.030778
0.030776
0.030620
0.031183
0.030758
0.030389
0.030262
0.031122
0.030322
0.030296
0.030514
0.031783
0.030358
0.030427
0.030660
0.030450
0.030427
0.030970
0.030572
0.030880
0.030593
0.030378
0.030262
0.031848
0.031828
0.030772
0.031582
0.030709
0.031440
0.030697
0.030674
0.031474
0.031674
0.030212
0.030529
0.030383
0.030273
0.030530
0.030303
0.030836
0.030444
0.030835
0.030531
0.030548
0.030506
0.030771
0.030648
0.030352
0.030994
0.030269
0.030176
0.031084
0.030798
0.030701
0.030820
0.031100
0.030297
0.030547
0.031027
0.030923
0.030780
0.030268
0.030655
0.030676
0.030689
0.031086
0.030391
0.030628
0.031866
0.030443
0.030607
0.031166
0.030704
0.030742
0.030919
0.031120
0.030647
0.030713
0.030577
0.030592
0.030404
0.030681
0.030471
0.030331
0.031076
0.030625
0.031114
0.030983
0.030995
0.030756
0.030705
0.030714
0.030835
0.030674
0.030865
0.031455
0.030657
0.031285
0.030578
0.030830
0.030687
0.030233
0.030215
0.030516
0.030105
0.030268
0.030498
0.030618
0.031018
0.030641
0.030163
0.030422
0.030475
0.030890
0.030875
0.030345
0.030587
0.030440
0.030411
0.030310
0.030117
0.030436
0.030366
0.030219
0.031232
0.030800
0.030359
0.030282
0.030226
0.030451
0.030953
0.030089
0.030425
0.030289
0.030311
0.030556
0.030435
0.030245
0.030228
0.030332
0.030305
0.030537
0.030864
0.030541
0.030279
0.030277
0.030672
0.030204
0.030209
0.030435
0.030726
0.030023
0.030272
0.030436
0.030543
0.030152
0.030267
0.030064
0.031433
0.030439
0.030130
0.030280
0.031685
0.030044
0.030600
0.030076
0.030259
0.030336
0.030832
0.030677
0.031144
0.030970
0.030386
0.030523
0.030427
0.030276
0.030179
0.030602
0.030271
0.030192
0.030192
0.030290
0.030266
0.030268
0.030149
0.030372
0.030265
0.030386
0.030319
0.030230
0.030273
0.030726
0.030190
0.030389
0.031016
0.030172
0.030525
0.031308
0.031259
0.030205
0.030287
0.030125
0.030765
0.030277
0.030297
0.030106
0.030189
0.030074
0.030260
0.030633
0.030107
0.030249
0.030124
0.030212
0.030074
0.030069
0.030205
0.030299
0.030574
0.030231
0.030209
0.030066
0.031621
0.030128
0.030335
0.030905
0.030489
0.030790
0.030076
0.030212
0.030108
0.030376
0.030699
0.030343
0.030310
0.030557
0.030488
0.030343
0.030330
0.030078
0.030153
0.030115
0.030060
0.030250
0.031128
0.030810
0.031287
0.030165
0.030289
0.030392
0.030562
0.030317
0.030305
0.031489
0.030861
0.030027
0.030260
0.030502
0.030157
0.030300
0.030319
0.030108
0.030099
0.030240
0.030581
0.030237
0.030486
0.030110
0.030250
0.030095
0.030912
0.030209
0.030107
0.030524
0.030294
0.030201
0.030154
0.030506
0.030344
0.030163
0.030289
0.030576
0.031379
0.031035
0.030240
0.030469
0.030335
0.030750
0.030230
0.031524
0.030296
0.030192
0.030431
0.031868
0.030334
0.030608
0.030534
0.030309
0.031017
0.030130
0.030226
0.030698
0.030201
0.030761
0.031570
0.030181
0.030703
0.030497
0.030319
0.031304
0.031734
0.030335
0.030403
0.031087
0.030490
0.030213
0.030112
0.029960
0.030341
0.030471
0.030269
0.030455
0.030437
0.030446
0.030656
0.030207
0.031379
0.030319
0.030397
0.030068
0.030103
0.030913
0.030567
0.030575
0.030758
0.030163
0.030632
0.031623
0.031011
0.030571
0.030367
0.030318
0.030079
0.030282
0.030000
0.030537
0.030190
0.030030
0.030196
0.030225
0.030356
0.030371
0.030682
0.030093
0.030764
0.031246
0.030305
0.030441
0.030226
0.030044
0.030278
0.030139
0.030254
0.030568
0.030434
0.030347
0.030536
0.030518
0.030301
0.030162
0.030558
0.030454
0.030003
0.030332
0.030040
0.030341
0.030986
0.030162
0.030355
0.030125
0.030953
0.030323
0.030046
0.030128
0.030173
0.029970
0.030026
0.030097
0.030786
0.031016
0.030113
0.031081
0.030689
0.030219
0.030374
0.030383
0.030328
0.030045
0.030167
0.030024
0.031987
0.030529
0.030543
0.031232
0.030196
0.030209
0.030109
0.030264
0.030483
0.030474
0.030173
0.030865
0.030146
0.030359
0.030347
0.030360
0.030235
0.030313
0.030229
0.030360
0.030365
0.030752
0.030257
0.030419
0.030355
0.030120
0.031352
0.030168
0.030039
0.030261
0.030593
0.030223
0.031082
0.029981
0.030081
0.030035
0.029868
0.029942
0.030180
0.030208
0.030015
0.031131
0.030140
0.031020
0.030633
0.030452
0.030306
0.031423
0.030574
0.031384
0.029767
0.030030
0.029799
0.029980
0.029862
0.029828
0.029795
0.031034
0.030155
0.029826
0.029941
0.030646
0.030071
0.029940
0.029887
0.029995
0.029870
0.030733
0.029760
0.030031
0.030703
0.030069
0.030292
0.031099
0.030588
0.029954
0.030305
0.030050
0.030412
0.029959
0.030377
0.030593
0.030114
0.029823
0.029886
0.029983
0.029902
0.029960
0.030203
0.029921
0.030504
0.030573
0.030011
0.029923
0.029975
0.029858
0.029969
0.030159
0.029872
0.030692
0.030024
0.030334
0.031843
0.029877
0.029879
0.029946
0.029822
0.030156
0.030746
0.029782
0.029938
0.029929
0.030045
0.031202
0.030078
0.030006
0.029880
0.029885
0.030091
0.029983
0.029976
0.030075
0.029806
0.030633
0.030038
0.030292
0.030574
0.030142
0.030366
0.030360
0.030046
0.030043
0.030043
0.030827
0.029964
0.030392
0.030305
0.030160
0.031059
0.029824
0.031378
0.030119
0.031374
0.030168
0.030083
0.030105
0.030013
0.030770
0.030314
0.029753
0.030045
0.029980
0.029827
0.030040
0.030181
0.030239
0.030024
0.031392
0.030118
0.029848
0.029892
0.029885
0.030434
0.029989
0.029955
0.031013
0.029927
0.030008
0.030297
0.030663
0.030006
0.029931
0.029969
0.030022
0.030043
0.030863
0.030264
0.030248
0.031302
0.029830
0.030747
0.030420
0.029998
0.029871
0.030178
0.031695
0.030069
0.030124
0.029973
0.030469
0.030230
0.030168
0.030912
0.030551
0.031507
0.030915
0.030740
0.030777
0.030705
0.030162
0.030410
0.030643
0.030788
0.031315
0.030519
0.031123
0.030909
0.031382
0.030707
0.031175
0.030537
0.030489
0.030982
0.030906
0.031333
0.030459
0.031055
0.030582
0.030493
0.030215
0.030302
0.030098
0.030085
0.030377
0.030544
0.031070
0.030966
0.030195
0.030301
0.030747
0.030479
0.030291
0.030278
0.030173
0.030329
0.030326
0.031372
0.030790
0.030224
0.030602
0.030105
0.030195
0.030336
0.030390
0.030894
0.030326
0.030308
0.030278
0.031082
0.030626
0.030557
0.030452
0.030230
0.030028
0.030466
0.030664
0.030462
0.030442
0.030220
0.030499
0.030233
0.030258
0.031370
0.030160
0.031293
0.030567
0.030716
0.030535
0.031091
0.030225
0.030219
0.031087
0.030316
0.030690
0.030339
0.030421
0.031182
0.030431
0.030450
0.030139
0.030647
0.030288
0.030308
0.030352
0.030171
0.030330
0.030783
0.030015
0.030190
0.031175
0.030173
0.030183
0.030082
0.030507
0.030246
0.030429
0.031079
0.030312
0.030552
0.030400
0.030068
0.030518
0.030231
0.030196
0.030290
0.030671
0.030851
0.031173
0.030467
0.030143
0.029918
0.030481
0.030256
0.030417
0.030772
0.030019
0.030921
0.030442
0.030184
0.030363
0.030126
0.030999
0.030779
0.030914
0.030087
0.030019
0.030120
0.029878
0.030019
0.030084
0.030322
0.030222
0.030114
0.030303
0.030081
0.030278
0.030169
0.030227
0.030257
0.030093
0.030203
0.031145
0.030448
0.030151
0.030469
0.030278
0.030579
0.030355
0.030086
0.030822
0.030495
0.030345
0.030204
0.030273
0.030286
0.030403
0.030253
0.030768
0.030378
0.030475
0.030429
0.030290
0.030667
0.030295
0.030211
0.030366
0.030070
0.030818
0.030455
0.030337
0.030247
0.030813
0.030029
0.030342
0.030817
0.029977
0.030146
0.030540
0.030271
0.030486
0.030306
0.030814
0.030569
0.030089
0.030246
0.030197
0.030768
0.029733
0.030424
0.030343
0.030776
0.030360
0.030163
0.029935
0.030109
0.031460
0.030074
0.030383
0.030377
0.030048
0.029857
0.030062
0.030149
0.030947
0.030046
0.030702
0.030174
0.030048
0.030294
0.030096
0.030191
0.031041
0.030186
0.030097
0.030117
0.029834
0.029967
0.029845
0.030580
0.031231
0.030212
0.030704
0.030163
0.031207
0.030168
0.030737
0.031408
0.030365
0.030374
0.030103
0.030316
0.030369
0.030595
0.030923
0.031132
0.030252
0.030597
0.029955
0.029997
0.030140
0.030021
0.030165
0.030109
0.030041
0.030092
0.030605
0.030295
0.029937
0.030084
0.030705
0.029979
0.030518
0.030572
0.030012
0.030133
0.030543
0.029969
0.030181
0.030009
0.030232
0.031665
0.030020
0.030071
0.030847
0.030833
0.030183
0.030131
0.029912
0.029988
0.030033
0.030179
0.030831
0.030250
0.030002
0.030416
0.029806
0.030782
0.029975
0.029914
0.030029
0.030149
0.030139
0.030838
0.029677
0.029876
0.030362
0.030869
0.030770
0.030123
0.030095
0.031373
0.030796
0.029966
0.029793
0.030071
0.029979
0.030544
0.030328
0.029783
0.029911
0.029997
0.030541
0.030209
0.031394
0.029981
0.030092
0.031056
0.030145
0.029892
0.030090
0.029986
0.030198
0.029911
0.030151
0.031309
0.030154
0.031305
0.030677
0.030140
0.030457
0.030809
0.029938
0.030065
0.030064
0.029889
0.029852
0.030957
0.030262
0.029860
0.029991
0.030223
0.029754
0.029935
0.030071
0.030395
0.029917
0.030386
0.030302
0.030027
0.030915
0.030405
0.030010
0.030320
0.030528
0.030683
0.030635
0.030733
0.031014
0.030625
0.030389
0.031082
0.030236
0.030529
0.030419
0.030213
0.030247
0.030931
0.030867
0.030212
0.030768
0.030063
0.031279
0.030005
0.030352
0.030533
0.030012
0.030144
0.030475
0.030283
0.030519
0.030047
0.030220
0.029869
0.030765
0.030087
0.030117
0.029950
0.030723
0.030671
0.030641
0.030458
0.030167
0.030168
0.029930
0.030018
0.029938
0.030020
0.031045
0.030063
0.030139
0.030347
0.030130
0.030335
0.031068
0.030095
0.030061
0.030619
0.030799
0.030252
0.029972
0.031261
0.030777
0.030237
0.030531
0.030197
0.030385
0.030030
0.030325
0.029961
0.031077
0.030122
0.030619
0.030187
0.030663
0.031002
0.029905
0.030048
0.031247
0.031457
0.030444
0.030071
0.030079
0.029808
0.031303
0.030606
0.030457
0.030023
0.029967
0.030470
0.029825
0.030367
0.030964
0.029871
0.030531
0.030288
0.031014
0.030712
0.029838
0.030034
0.029916
0.030131
0.030183
0.029969
0.030528
0.029758
0.030379
0.029978
0.030302
0.030288
0.030032
0.030628
0.030610
0.031137
0.029872
0.030597
0.030016
0.030236
0.030015
0.030262
0.029930
0.030369
0.030051
0.029815
0.030201
0.030332
0.030023
0.031366
0.029814
0.030197
0.030812
0.030753
0.029944
0.029963
0.030265
0.030553
0.030088
0.030504
0.030117
0.031351
0.031603
0.030281
0.031203
0.030173
0.029962
0.030802
0.030150
0.030005
0.030782
0.030936
0.030015
0.030034
0.030723
0.029948
0.029837
0.029901
0.030717
0.030676
0.029820
0.030615
0.030638
0.029883
0.030142
0.029967
0.029867
0.030351
0.030026
0.031542
0.029779
0.030073
0.029976
0.029991
0.030070
0.029787
0.029799
0.030247
0.030196
0.030171
0.029818
0.030193
0.029857
0.029971
0.030013
0.030215
0.029857
0.031271
0.030104
0.030037
0.030159
0.030114
0.030061
0.030368
0.030366
0.030189
0.031031
0.030297
0.030590
0.032204
0.030301
0.030397
0.030312
0.030298
0.030584
0.030543
0.030648
0.030367
0.030412
0.030635
0.030279
0.030251
0.030425
0.030277
0.030465
0.031413
0.030202
0.030393
0.030176
0.030208
0.030168
0.030192
0.030275
0.030135
0.030137
0.030968
0.031827
0.030366
0.030268
0.030275
0.030721
0.030754
0.030566
0.030339
0.030653
0.030801
0.030315
0.030255
0.030262
0.030855
0.031542
0.032034
0.030521
0.030463
0.030340
0.030493
0.030678
0.030178
0.030198
0.030664
0.031707
0.030950
0.030754
0.031005
0.030764
0.030878
0.031186
0.031510
0.031203
0.031775
0.031479
0.031211
0.031801
0.031536
0.031149
0.030988
0.030933
0.031473
0.031173
0.031312
0.031452
0.037218
0.031092
0.031195
0.031883
0.032427
0.031000
0.031385
0.031654
0.031236
0.031263
0.030992
0.030923
0.031017
0.031264
0.030659
0.030604
0.031525
0.030706
0.031123
0.032014
0.030571
0.030463
0.031454
0.031689
0.031082
0.030787
0.031274
0.031392
0.030628
0.031313
0.030798
0.030965
0.031560
0.032680
0.030874
0.031436
0.032853
0.031995
0.032258
0.032299
0.031120
0.031926
0.030967
0.031996
0.031169
0.032368
0.032044
0.032095
0.031698
0.031655
0.030854
0.031435
0.031227
0.031899
0.032061
0.032199
0.032691
0.032124
0.031778
0.032002
0.032408
0.031613
0.032409
0.031485
0.033032
0.032265
0.031714
0.032662
0.031709
0.031811
0.032169
0.033014
0.031594
0.031737
0.032157
0.031926
0.031510
0.031523
0.031883
0.031967
0.032037
0.031078
0.031111
0.031093
0.031422
0.031975
0.032636
0.032081
0.031081
0.031532
0.032816
0.031135
0.031085
0.031789
0.031166
0.031187
0.031179
0.031111
0.031747
0.032441
0.031357
0.031031
0.031493
0.031832
0.031738
0.031875
0.032814
0.031196
0.032289
0.031248
0.032315
0.030960
0.031842
0.031109
0.031506
0.031743
0.031464
0.031333
0.032247
0.031162
0.031903
0.031174
0.031189
0.031880
0.031790
0.032405
0.031006
0.030905
0.030821
0.030761
0.030953
0.031437
0.031490
0.030751
0.031593
0.032045
0.031436
0.031489
0.032787
0.032537
0.031521
0.032516
0.031287
0.031270
0.032481
0.032904
0.032035
0.030956
0.032238
0.031833
0.031297
0.031750
0.031787
0.031041
0.031949
0.031463
0.031448
0.031761
0.031771
0.032250
0.030435
0.030165
0.031129
0.031977
0.033422
0.031222
0.031351
0.032260
0.032295
0.031233
0.030808
0.031470
0.031260
0.030902
0.030634
0.031454
0.031682
0.030764
0.030594
0.029922
0.030491
0.030546
0.030910
0.032116
0.030509
0.030695
0.031802
0.030473
0.030650
0.030937
0.031499
0.030970
0.030334
0.029981
0.030113
0.031019
0.031361
0.030559
0.030246
0.030717
0.030268
0.031277
0.031934
0.030413
0.031187
0.030075
0.030808
0.030254
0.030288
0.031377
0.031470
0.030540
0.030473
0.030722
0.030416
0.030296
0.030395
0.031575
0.030951
0.031237
0.031259
0.030714
0.030941
0.030875
0.030539
0.031224
0.031124
0.031568
0.031301
0.031161
0.030302
0.032345
0.030153
0.030293
0.030231
0.029987
0.030408
0.030990
0.030704
0.030746
0.030223
0.030229
0.031299
0.030349
0.030284
0.031270
0.030670
0.029853
0.031061
0.031787
0.030169
0.030578
0.030417
0.030556
0.031160
0.031038
0.030215
0.029896
0.030112
0.030951
0.029907
0.031626
0.031663
0.031008
0.030548
0.031747
0.030581
0.030348
0.031217
0.031748
0.030439
0.030878
0.031906
0.031030
0.030216
0.031791
0.031420
0.031042
0.030848
0.031581
0.031517
0.030730
0.031097
0.030881
0.031626
0.030024
0.031574
0.030217
0.030965
0.030694
0.031597
0.031547
0.030503
0.031029
0.031285
0.031032
0.031611
0.030417
0.030713
0.031361
0.030658
0.032098
0.030393
0.030078
0.031402
0.030365
0.030649
0.030645
0.030883
0.030557
0.031371
0.030322
0.032003
0.031380
0.030394
0.031441
0.030073
0.031505
0.030672
0.030356
0.030455
0.030243
0.031103
0.030397
0.030735
0.030671
0.030758
0.030786
0.030257
0.030202
0.031680
0.030308
0.031344
0.031564
0.031597
0.031081
0.030609
0.030987
0.030246
0.030533
0.031014
0.030796
0.030249
0.031132
0.031048
0.030631
0.030094
0.032864
0.031418
0.030173
0.030220
0.030307
0.030273
0.030398
0.031172
0.030945
0.030640
0.031147
0.030192
0.030535
0.030970
0.030628
0.030358
0.030967
0.030619
0.030649
0.030146
0.032702
0.030834
0.031162
0.030503
0.030456
0.031219
0.031062
0.030310
0.030786
0.031449
0.030767
0.030279
0.031134
0.031440
0.030857
0.030091
0.030867
0.031067
0.030686
0.030456
0.031585
0.030980
0.030437
0.031756
0.030337
0.030422
0.031170
0.030221
0.030436
0.031162
0.030927
0.030814
0.030170
0.031782
0.030488
0.030591
0.031843
0.030491
0.030986
0.031073
0.031209
0.030547
0.030654
0.030929
0.031310
0.030919
0.031924
0.031599
0.030912
0.031107
0.031629
0.031425
0.030388
0.030373
0.030558
0.030134
0.030545
0.030138
0.031126
0.030959
0.031460
0.030787
0.031777
0.030780
0.030215
0.030610
0.030401
0.031451
0.031304
0.031037
0.030922
0.030374
0.030748
0.030325
0.031184
0.030859
0.031787
0.030367
0.030765
0.030568
0.030435
0.031337
0.030217
0.030355
0.031302
0.030992
0.030394
0.030733
0.031762
0.030494
0.031342
0.031254
0.030360
0.030780
0.030199
0.031259
0.031543
0.030582
0.031892
0.031513
0.031063
0.030707
0.031303
0.030777
0.030665
0.030623
0.030239
0.031170
0.031603
0.031747
0.030993
0.031539
0.030295
0.030799
0.031445
0.031443
0.030198
0.030531
0.031083
0.031079
0.031491
0.030942
0.031588
0.030351
0.030960
0.031416
0.030320
0.031870
0.030495
0.030902
0.031115
0.030724
0.030176
0.030782
0.030696
0.030288
0.031534
0.030582
0.030841
0.031097
0.032499
0.032151
0.031290
0.031098
0.031259
0.030670
0.031481
0.031487
0.032459
0.031053
0.031322
0.030846
0.031029
0.032275
0.031142
0.032065
0.031562
0.031149
0.032165
0.031308
0.030545
0.032068
0.031492
0.030374
0.031694
0.031086
0.030941
0.031145
0.032556
0.030614
0.031091
0.031429
0.031307
0.031668
0.031187
0.031470
0.032002
0.030698
0.031207
0.030658
0.031886
0.030958
0.031640
0.030913
0.032858
0.031564
0.032480
0.032956
0.032078
0.032400
0.031587
0.031354
0.031900
0.032923
0.031550
0.032946
0.031090
0.031270
0.031855
0.031694
0.032728
0.030912
0.032161
0.031492
0.032407
0.032062
0.033012
0.032300
0.032001
0.032615
0.032372
0.031325
0.031382
0.031930
0.032063
0.031169
0.031634
0.032017
0.031169
0.031963
0.031620
0.032041
0.032407
0.031991
0.031801
0.032739
0.031706
0.031521
0.032065
0.031836
0.031533
0.030524
0.030834
0.030340
0.031047
0.031752
0.031723
0.031865
0.031512
0.031687
0.031012
0.032706
0.031663
0.031479
0.031321
0.030025
0.031424
0.031122
0.031950
0.030953
0.031534
0.031259
0.032321
0.031350
0.032821
0.031873
0.031926
0.033004
0.031570
0.031417
0.031317
0.032109
0.032380
0.031536
0.033041
0.032154
0.031840
0.032554
0.031935
0.030915
0.031832
0.031348
0.031368
0.030504
0.031126
0.030802
0.030482
0.031170
0.030297
0.030877
0.030978
0.030999
0.030299
0.031402
0.030273
0.031325
0.030554
0.031813
0.031224
0.030141
0.030965
0.030906
0.030891
0.030659
0.031162
0.030674
0.031055
0.031075
0.030604
0.030138
0.031619
0.030224
0.030024
0.030274
0.031005
0.030055
0.031790
0.030032
0.030091
0.031520
0.030827
0.031649
0.031301
0.030299
0.029918
0.030686
0.031328
0.030811
0.031998
0.031382
0.030773
0.030407
0.030702
0.032037
0.030667
0.031902
0.031227
0.030331
0.031250
0.030713
0.030837
0.029866
0.030643
0.031429
0.030544
0.030993
0.030467
0.032823
0.031319
0.030412
0.030913
0.031257
0.030556
0.030306
0.030758
0.030670
0.031842
0.031348
0.030323
0.030867
0.031790
0.031958
0.030965
0.031379
0.031101
0.030943
0.031079
0.031916
0.031764
0.031540
0.031225
0.031000
0.031912
0.030828
0.030800
0.031490
0.030771
0.032326
0.030596
0.031208
0.031050
0.031094
0.031021
0.030643
0.030183
0.031062
0.031227
0.030977
0.030878
0.030233
0.030855
0.030942
0.031246
0.030357
0.030342
0.030536
0.030656
0.031641
0.031337
0.030178
0.030834
0.030378
0.030439
0.030201
0.030040
0.032208
0.030957
0.030101
0.030517
0.030310
0.030366
0.030699
0.030595
0.030256
0.030962
0.030822
0.030340
0.031026
0.031626
0.029988
0.032320
0.030171
0.030869
0.030347
0.030353
0.031249
0.031236
0.030310
0.030902
0.030298
0.030500
0.030892
0.030673
0.031051
0.031825
0.030384
0.030586
0.031972
0.030368
0.030379
0.030639
0.030191
0.030963
0.031374
0.031262
0.030485
0.030240
0.031923
0.030756
0.031477
0.031789
0.030382
0.030468
0.030563
0.031051
0.030078
0.030398
0.030911
0.030124
0.030395
0.031498
0.031049
0.031660
0.031159
0.030458
0.031151
0.031142
0.030942
0.031351
0.030820
0.030256
0.031176
0.030915
0.030792
0.030939
0.030821
0.031113
0.031538
0.032334
0.031033
0.031207
0.031361
0.031563
0.032359
0.031113
0.031704
0.031436
0.031187
0.031566
0.031971
0.031725
0.030658
0.030879
0.031853
0.031720
0.031251
0.030810
0.030912
0.030767
0.030608
0.031023
0.030273
0.030919
0.030470
0.030231
0.030159
0.030503
0.030985
0.030958
0.031457
0.030358
0.031707
0.031554
0.030917
0.031457
0.030339
0.030186
0.030541
0.030401
0.031563
0.030414
0.031575
0.031089
0.030400
0.030451
0.031030
0.031713
0.030024
0.030986
