347.000000,135.000000,19.000000,18.000000
346.731465,134.921304,19.713209,17.599333
346.291465,134.973602,19.781305,17.619370
346.930714,135.095667,19.715126,17.636845
346.831245,133.662049,20.512047,17.788404
347.348188,134.493662,21.213749,18.043873
347.726995,140.273894,21.644413,18.565699
346.801958,149.783954,26.163723,25.073496
347.288319,163.431257,25.596214,21.858799
346.546631,163.599244,25.655670,22.116407
347.283581,176.953889,23.793953,22.515791
346.307644,192.110518,22.835106,21.543962
345.812564,206.718829,22.095057,19.512888
342.342043,215.845654,22.469982,19.485649
340.738523,218.380753,22.272497,18.909225
340.349312,218.166880,22.301605,19.887112
339.145098,217.490016,22.672672,20.282419
339.815649,217.239082,22.491085,20.052704
338.444737,217.200737,22.408491,19.641045
339.436186,216.774590,22.288296,19.635221
339.806076,217.485594,21.402946,19.559193
338.815419,217.203571,22.924681,19.885399
338.752430,216.959881,21.235435,19.483551
338.236494,216.939461,21.195553,19.776451
337.333611,217.535706,21.182343,19.921303
337.129366,217.185291,21.443783,20.102982
336.635402,217.860671,20.918657,19.645731
335.751238,217.289375,22.199276,19.866394
336.469506,218.902538,20.908705,20.226784
336.546821,218.595279,21.349016,20.481020
336.022011,219.885929,21.126480,19.892899
336.550380,220.129086,20.490061,19.790131
337.578844,216.469030,21.106144,20.198017
337.582638,207.930086,23.382278,23.024075
340.709464,195.863979,21.382524,19.887405
340.494129,178.298832,25.066437,23.294563
340.315317,162.693995,25.707233,25.231798
341.563473,162.570555,25.792328,24.961880
338.953854,145.685642,26.686531,23.302956
340.400742,133.510498,24.086746,19.884308
339.679010,125.547538,21.264164,18.480883
337.581126,121.718739,20.815943,18.016884
336.364143,122.175779,20.844429,18.095043
335.558578,122.075130,20.876261,18.173935
335.535796,125.228918,20.098879,18.072865
334.984267,130.206539,19.308924,17.231026
334.163542,135.767671,19.680584,17.615454
334.421407,142.765121,19.389845,18.025803
334.074904,148.804939,19.743876,18.745605
334.280367,148.786553,20.128796,18.525869
333.362020,151.002019,19.948736,18.913336
333.643622,152.663099,19.802530,17.829479
332.742553,150.261549,19.739748,18.649700
332.524540,149.027826,19.720161,18.607067
332.372411,147.711143,19.864637,19.431465
331.629380,147.379362,20.169348,19.450115
331.093694,146.309239,19.556555,18.689474
330.440230,145.115847,19.748087,18.424465
330.260273,145.049057,19.817429,19.058609
329.405367,144.264696,19.973606,18.740437
328.960425,144.815800,19.830515,18.902809
329.408116,144.551628,19.835066,19.095047
328.453970,144.910808,20.242504,18.960802
327.459187,145.186672,19.767792,19.330643
327.760394,145.236517,19.960047,19.098713
327.092993,146.270892,19.977421,18.961718
327.183300,147.663343,20.219551,19.562038
327.347158,148.392129,20.294025,19.209448
326.535788,150.958308,20.994007,19.191576
326.289062,151.559346,21.187113,19.138952
327.383803,151.997821,21.431932,19.332468
326.777096,150.841385,22.106224,19.727219
327.481647,149.044308,22.131592,18.832054
327.087472,148.935704,22.309958,18.712164
328.284537,144.939502,21.646196,18.978174
329.748825,143.094239,21.818336,19.312590
331.123580,143.725327,22.026659,19.503775
332.499029,149.879220,24.336140,20.069014
332.375848,159.795446,27.110205,25.166111
332.735140,159.295328,26.188602,24.871365
333.136362,174.605314,24.237804,19.907383
331.203548,189.680089,24.365364,21.720922
329.158360,205.100462,22.972580,20.796452
324.089779,218.085606,22.692841,19.770653
321.558692,225.472065,21.194956,19.012550
320.129177,225.592889,21.570679,19.694532
318.343274,227.474877,21.721479,20.069647
316.234521,226.357231,21.494909,20.153404
315.948846,225.974751,21.284582,20.002693
314.830762,226.573113,21.566420,20.495543
315.759113,226.606767,21.654053,21.010458
316.319705,226.481379,21.539392,21.093655
316.361974,226.706417,21.752569,20.753990
317.291915,226.697702,22.097284,20.801601
318.279626,226.909842,22.072493,20.119907
318.451638,226.867765,21.187162,20.023731
317.797576,227.625060,21.450411,20.668215
317.911164,226.961198,21.269094,20.420630
319.517032,227.485946,21.508173,20.571909
320.454039,228.384347,21.404766,20.225409
320.200173,229.873173,21.751547,19.987373
321.148962,231.547218,21.223095,20.211029
320.019088,231.196163,21.368502,20.352715
321.024330,231.302317,21.285980,20.504025
318.704909,232.198977,22.562128,21.135996
319.118981,232.541249,21.870817,20.798689
318.434302,234.013365,22.226000,21.067936
319.494567,234.281425,22.208521,21.284515
319.853964,231.773994,23.016338,21.110527
319.639936,231.426444,22.972759,20.738810
321.468147,223.369341,22.843773,21.315891
322.862958,209.105544,24.207823,22.270716
324.004557,192.654666,23.037617,22.836550
322.151780,176.359385,26.957602,25.490437
320.931840,164.233523,28.903570,29.857821
322.294377,163.129035,27.946287,30.197870
323.964736,153.097017,27.198999,27.392971
325.588653,143.853765,22.868540,22.931379
324.470081,138.607018,22.601814,20.638456
324.530968,136.752723,21.936859,19.415194
324.829034,138.243562,21.651220,19.352476
324.382957,138.192334,21.809580,19.338697
323.523162,142.170089,21.362803,19.332644
323.590552,149.261293,21.074114,18.357357
321.751472,157.206204,21.869095,19.426863
322.052301,162.845951,22.103970,19.056519
322.071766,163.693605,21.661171,18.939541
322.488578,164.004208,21.630671,19.064873
323.384401,162.753736,20.638500,18.580107
322.038324,161.256804,20.873470,18.821451
321.817398,159.436534,21.066109,18.960344
320.990130,158.444807,21.154970,18.919079
320.616121,157.963722,20.848492,18.862740
320.533409,157.919215,20.848892,18.879160
320.249125,156.643257,21.069820,19.704002
320.670796,156.344539,20.807524,19.447702
320.140269,154.928708,20.945314,19.443953
320.752720,154.984836,20.830147,19.580530
320.079815,155.031726,21.203934,19.773211
320.815248,155.264858,20.878979,19.759605
320.875421,155.248534,21.315069,19.683878
320.424862,155.042877,21.654434,19.734688
321.041682,155.970191,21.252756,19.864420
321.129604,157.854579,21.842430,19.600649
321.404935,159.143387,21.573103,20.638969
321.564458,160.214595,21.420431,20.118959
321.468933,161.040993,22.411835,20.633942
321.738247,162.229326,22.173851,20.795605
321.508968,160.924625,22.555725,20.808914
321.576963,159.425339,22.898083,19.642204
321.678700,155.106599,22.814131,19.558493
322.237655,155.236471,22.803637,19.449017
323.695094,150.848704,22.394648,20.040812
325.198812,148.292020,22.847403,20.427954
326.406157,149.313395,23.707592,20.727283
326.802770,153.184081,24.654493,21.289103
325.391104,160.180680,28.924648,29.160513
326.134677,159.454215,28.153872,28.644709
331.862420,172.183638,24.978415,23.890392
332.150464,184.818291,24.127752,22.450706
330.315081,198.351394,24.382885,23.574060
330.101438,214.600803,22.640219,21.379471
327.079206,226.359318,23.962446,22.280579
327.426226,226.794468,24.081608,22.252502
324.967065,234.922327,23.126631,20.910053
320.969158,236.241318,23.378098,20.892334
320.116802,235.276378,22.930443,20.859629
317.940380,233.676934,22.641579,20.962004
317.426161,232.379742,22.686375,21.694374
317.955518,232.471399,22.660147,21.688862
317.910504,231.939891,22.688726,21.738337
318.578291,231.885790,22.637691,21.466503
319.736870,232.057411,22.712883,21.779846
318.997959,232.188941,22.842796,21.851175
319.965032,232.421962,22.806776,22.058176
319.155076,232.276613,22.544813,21.575161
319.489772,232.350306,22.595240,21.292965
319.998132,232.775730,22.170134,21.842361
319.859595,233.209613,22.163103,21.612703
320.478852,232.975807,22.512396,21.657135
320.054575,233.270429,22.959354,21.958075
320.309867,232.708604,22.944979,21.938795
320.292308,233.237223,23.052629,22.014851
320.686187,232.851870,23.128908,21.989880
320.165091,233.642200,22.795322,21.680910
320.008838,233.871795,23.022150,22.419100
319.726230,233.787784,22.984682,22.013193
320.397266,233.980181,22.614281,22.089558
320.027762,233.844363,22.564249,21.721231
320.197315,234.406363,22.525284,22.061052
320.734652,235.511383,22.606602,21.830170
320.267733,236.940416,22.754383,21.558666
319.648500,237.589945,23.280338,21.810398
319.119729,237.695004,23.470419,21.885626
319.515656,237.904840,23.327345,22.185635
320.428741,238.785812,22.709969,21.731110
319.630186,238.025357,23.490505,22.157507
319.893098,235.620461,23.987020,24.120359
322.038920,231.597602,23.010637,21.815294
321.171122,231.740592,23.497257,21.227701
321.849943,222.210170,24.145512,22.319750
325.002956,204.559772,24.542564,21.368814
326.900487,183.020371,24.042669,22.650648
327.260264,164.132007,26.444201,28.180696
326.875150,146.222938,24.566023,21.298548
326.930425,146.715938,24.342215,20.821177
325.287984,134.113850,23.998396,20.608505
325.070758,128.718213,23.313066,20.238722
324.257002,127.974235,21.916019,19.614267
322.704398,131.047318,20.985392,19.562721
321.826279,138.399871,21.289024,19.456102
322.409241,138.809971,21.163628,19.274544
321.274387,146.548317,21.489403,18.920288
319.501687,153.037577,21.990660,19.818287
320.248792,158.571937,22.125608,18.741747
319.883181,159.030870,22.720966,18.215771
319.549054,157.312569,22.634581,18.144112
319.195079,157.767605,22.481813,17.862701
319.231557,154.820208,21.820219,18.751850
319.126595,152.449137,21.573828,19.228123
318.453753,151.041986,21.120882,20.369482
318.806588,150.573902,21.178228,20.788902
318.209630,150.598018,21.414328,20.559053
318.907734,150.591180,21.428886,20.320501
318.934764,149.610104,21.112551,20.607468
318.651899,149.635954,21.581631,20.354588
318.930930,149.254209,21.459307,20.033621
318.917699,148.972833,21.642248,19.504530
319.737615,149.106615,21.699331,19.162624
319.001452,148.443915,21.827662,19.390368
319.950624,148.965285,22.311827,19.611986
319.697928,149.899433,22.505060,20.046135
321.234296,151.304217,22.295988,19.709108
321.241154,151.667307,22.145050,20.022587
322.156450,153.365654,22.127415,20.581139
321.451123,154.001567,22.153585,20.414980
321.818120,155.811767,22.449141,20.447756
322.235433,157.284380,22.844839,20.276028
321.643571,157.008381,23.335737,20.738831
324.004743,154.387021,22.833273,19.790442
324.489495,149.821485,23.751165,19.877836
324.441995,150.201021,23.713255,20.107250
326.914148,146.669965,22.723759,20.252691
328.851112,144.872667,22.999596,20.893353
330.186034,147.708490,23.609636,21.668476
330.864404,153.174929,24.035917,21.438023
332.060487,163.375265,27.943174,28.664227
331.244465,162.558025,28.455223,29.209198
332.711384,175.545134,26.061440,24.334896
331.495699,190.884834,24.286022,23.928596
330.735920,207.625577,24.107536,21.951994
328.467803,221.983788,23.678850,20.811256
325.635322,230.988404,23.621019,21.508795
325.527525,231.148705,23.693989,21.853270
324.909238,233.730314,22.132483,20.674709
324.889889,232.211625,22.515251,21.646040
323.450476,232.398274,22.973606,21.130537
324.499442,232.482153,22.260874,21.644413
323.285048,232.386478,22.376949,21.122963
323.802949,232.391404,22.401960,21.403204
322.939633,231.717118,23.050810,21.508123
323.312915,232.192466,23.452997,21.400484
322.889060,232.409563,22.822741,21.109219
324.482378,231.708817,22.218433,21.408356
323.699445,232.005308,22.654615,21.791531
324.137822,231.595552,22.924711,21.904415
323.582130,231.874821,23.352905,21.782684
323.545323,232.165060,23.161993,21.718510
322.868311,231.348623,23.522884,21.818287
324.102530,232.271269,22.799738,21.775585
323.876207,232.774231,22.345448,21.447838
324.421036,233.119299,22.454407,21.467884
323.232779,232.687225,22.793720,21.435875
323.672934,232.731343,22.934902,21.726347
324.098987,232.521890,22.553431,21.863928
324.456720,233.772012,22.608364,21.455526
324.480209,233.526793,22.672035,21.372362
324.539200,233.241396,22.682816,21.379337
324.745900,233.847985,23.043974,21.691832
324.975967,234.055708,23.474747,21.468563
326.193473,233.698746,23.770060,21.826958
330.183748,230.710864,23.483471,21.398516
332.861982,223.848236,24.486515,23.382431
332.845852,223.911911,24.026237,23.174896
336.457707,213.343069,24.602545,23.505573
343.060550,201.241310,22.595652,22.314880
345.362209,188.812935,22.129837,21.669891
345.031479,175.351881,23.807121,22.917751
343.551523,167.176962,23.118763,23.477154
343.020645,167.201334,23.326897,22.377941
341.659198,161.407013,22.243456,22.555237
339.420565,159.692259,21.469616,21.297337
336.820669,160.508204,21.477810,21.499905
334.343569,162.604310,22.243641,20.972975
335.100184,165.133485,21.438013,20.925474
333.614881,164.265765,22.395254,21.355257
334.173724,166.860373,22.308481,20.846064
336.616985,169.210426,23.052917,21.499702
342.010910,171.272249,22.035194,21.397533
346.618951,174.423166,21.920446,21.835186
348.727924,175.675947,22.011810,22.088978
349.504491,175.596183,21.527433,21.995714
349.028919,175.460010,21.918869,21.341677
349.186465,171.637618,21.866953,22.042475
347.952146,167.887796,21.601759,22.951557
346.804212,166.291484,22.541883,21.869173
346.114272,163.996017,22.987032,21.175110
345.901614,163.770766,22.966066,21.611101
344.846550,163.272161,23.020195,21.186529
342.766468,164.348392,22.432442,21.793953
342.147959,166.202656,22.892536,20.807083
342.589172,168.224736,22.605362,21.256231
345.570571,170.784202,22.703302,22.799166
346.110681,170.761756,22.258947,22.740030
349.274910,171.420980,22.655312,24.254589
350.759764,174.078191,22.261539,22.785749
351.283614,174.320385,22.260645,22.851364
350.193167,174.268314,21.469234,21.646935
348.663020,171.829167,21.322451,22.056509
348.657418,171.460170,21.268385,22.574930
347.359550,169.332578,21.715250,21.844877
345.668182,167.357489,22.662682,21.456074
345.217618,166.889501,23.233259,20.889593
343.313826,167.739400,22.492420,20.996367
342.249449,169.447293,22.813450,20.878485
341.655812,169.520284,22.667830,20.950621
343.621541,172.429417,22.698027,21.405815
346.455650,172.688486,22.735703,22.186855
350.645152,175.512504,21.452662,21.622057
352.796974,177.926328,21.991745,21.670668
352.456236,178.345136,21.844135,22.221334
352.665911,178.387027,21.821491,22.510492
352.368745,178.344752,21.907278,21.906778
352.421480,176.872612,21.622471,21.492554
350.888485,174.074217,21.795815,21.422375
349.799373,171.515240,21.772486,21.417908
347.862943,170.094434,21.674604,21.261518
348.270071,169.427011,21.677700,21.927832
346.067622,170.151555,23.252733,22.449476
345.964617,170.421288,22.807995,21.499168
344.941807,171.713651,24.290627,22.356565
350.430967,172.985677,21.678867,22.147688
353.930368,174.959272,23.120800,21.648571
354.597857,174.606514,22.951420,21.780647
354.060763,176.468883,22.918917,21.946283
352.985813,176.239800,22.576065,22.221701
351.841681,176.188835,22.769093,21.608032
349.787084,174.750793,21.917700,21.021715
348.112474,171.922929,21.879971,21.211058
348.327707,171.279284,21.877560,21.124577
346.196125,168.845632,22.914375,21.826292
343.950453,167.711408,23.434765,21.270567
342.211654,168.688942,22.663912,21.327393
341.284817,169.380980,22.338051,21.479275
341.702209,171.495154,21.857973,21.283602
340.608346,171.163366,22.202711,21.300800
341.868036,174.271445,21.528118,21.060152
342.850308,176.548334,21.496885,21.857418
343.945599,179.218400,22.357452,21.694410
345.347353,181.105561,21.542751,20.804327
347.351217,182.681897,20.408924,21.307821
347.016174,183.108680,20.645096,21.335428
347.039079,184.597758,20.465124,21.278131
346.388795,183.233320,20.530500,21.596081
344.667400,181.091451,21.635483,21.014631
342.821965,177.719189,22.704679,21.736000
342.024028,174.349912,22.242380,20.987722
341.352271,175.066945,22.275789,20.987944
340.559717,172.638511,22.297688,19.980433
339.031265,170.804771,22.472664,20.274277
338.232554,171.193866,22.547350,20.100061
338.316884,170.521867,22.800169,20.075903
338.352592,171.432071,24.498672,20.215158
336.573012,170.780856,25.411119,21.293108
342.192213,172.398540,22.606236,21.023781
347.043331,173.969995,22.433578,21.320210
349.480512,174.990023,21.939131,21.514790
350.362386,175.877151,21.675383,21.945505
351.232566,175.399209,20.924288,21.324614
349.989034,175.903873,21.662367,21.306190
349.845570,173.889808,21.658897,21.397234
348.776211,172.065196,22.105843,21.397020
348.860516,171.164868,22.499680,21.851858
347.248552,169.854367,22.348797,21.534033
347.258736,169.978914,22.759193,22.208675
346.682825,169.883295,23.092350,22.290119
347.581597,171.755457,22.314367,22.043278
347.570707,174.559064,22.606693,21.621878
349.751491,176.070767,21.869143,21.829466
350.892639,178.369798,22.308380,22.040823
352.516300,179.713031,21.851120,21.642633
352.870157,179.840536,22.034260,21.566441
353.258231,180.038553,22.225626,21.788509
351.769781,179.568757,22.537151,21.558867
350.446905,176.478655,22.538036,21.768864
350.256275,174.504780,21.632957,20.718498
348.374819,170.179107,22.123341,22.009752
348.252850,169.942262,22.182785,22.011053
345.964850,169.192231,22.923578,21.698301
344.872069,168.191557,23.460131,21.109020
343.787602,167.828977,23.172270,20.771322
344.898146,169.831128,21.967884,20.446692
345.926771,170.437552,21.976810,21.488771
346.448931,170.096109,22.019115,21.000675
349.559790,171.728235,21.387447,20.644489
352.387364,174.974055,23.193190,20.892595
355.027469,175.866510,22.250399,22.599491
355.177575,176.548404,22.274748,22.763140
355.366299,177.625335,22.375809,22.895342
354.697252,177.024854,22.715412,23.003752
353.915153,176.591285,22.473024,23.135515
352.985175,175.726087,22.294489,22.807631
351.890817,175.357278,22.550749,21.599752
351.132657,174.629475,22.292402,20.684753
351.005166,173.652376,21.744230,20.551975
350.523182,173.454783,21.511971,20.810854
349.783529,173.073835,21.603924,20.659771
347.387403,173.527528,22.250143,21.260839
347.625378,173.567278,22.029037,21.111263
346.364191,175.552780,22.536602,21.022850
348.088605,176.082573,21.616369,21.149582
348.325828,176.801399,21.646967,20.805992
349.356544,177.766290,21.638405,21.184958
351.872511,179.245740,22.689655,21.750898
354.828992,180.087628,22.067221,21.438017
356.031392,180.110773,21.173834,21.946125
354.148846,179.917778,22.112129,21.562439
355.078268,179.516009,21.623829,21.779581
354.701477,177.957469,21.252701,21.085192
352.898663,174.935935,21.978668,21.566401
351.537789,172.875082,22.073996,21.334896
349.698773,169.591665,21.582594,21.984707
346.968950,167.835708,22.128368,21.320604
346.458395,167.631432,22.696751,21.519257
345.353524,166.969100,22.832182,21.032251
342.851992,167.423428,22.618145,20.950432
341.964225,167.383373,21.113832,20.632011
342.365877,167.339024,20.611019,20.273758
342.994839,167.042463,20.170036,21.077259
342.826421,166.711731,20.346441,20.852684
343.394257,166.483281,20.299309,21.048384
342.434240,165.915158,20.652332,21.016600
342.862142,165.048589,20.560415,21.153608
342.560242,164.805161,19.987808,20.515656
341.995030,164.003917,20.024565,20.876337
342.169504,163.817221,19.822689,21.116001
342.684615,162.400306,20.031496,21.721727
343.568165,161.358348,20.098885,21.198191
342.802048,161.318936,20.997498,21.886297
343.784556,161.528470,20.879396,21.154669
344.414207,161.858629,20.992105,21.628872
344.370690,162.053187,21.379377,21.860048
345.153582,164.687035,21.280491,20.848473
347.012017,165.961185,21.195890,21.064478
348.113951,169.357089,21.152500,21.453806
349.805272,172.061932,22.053785,21.067322
350.052855,175.340496,21.597912,21.707504
350.338291,175.394875,21.835045,22.184868
349.208733,179.109768,22.066277,21.274361
347.885834,181.317314,21.913071,20.901588
345.036288,181.429704,22.386087,21.842451
340.857347,182.323397,23.017170,21.986515
337.127853,181.275211,22.769043,22.896385
337.288199,181.677255,22.857134,22.501509
334.323421,178.208812,21.977646,24.000635
331.595519,175.809487,22.568125,24.357260
328.209894,174.853689,23.341480,23.400242
326.332364,173.706050,23.575125,22.129595
323.192533,172.341062,24.259251,21.511007
323.553136,171.725214,24.422384,21.586750
320.136099,170.192538,23.765209,21.697237
318.481730,169.063217,22.537600,21.665352
316.471153,168.706553,22.115135,21.470461
314.330728,168.082973,20.811789,21.153917
311.586643,168.586686,21.624832,21.747160
311.296964,168.119678,22.639639,22.149879
308.511203,169.145431,20.146692,22.390810
303.703012,170.393177,21.488111,22.530968
302.567717,173.679541,20.193539,21.880642
300.704455,174.997138,20.640024,22.034128
300.813601,173.745514,19.821062,23.422447
300.974955,175.094343,19.587223,23.064106
300.372467,175.344811,19.823860,21.640059
298.440681,174.895513,22.713289,20.496092
302.917759,172.257157,20.031303,21.206999
307.278591,169.663661,21.702049,21.287088
309.541435,168.376060,20.748154,21.254717
310.000156,167.422244,20.742874,21.047693
310.840714,168.202534,20.516457,21.159004
311.540501,167.873857,19.300034,20.210804
310.540183,168.975781,19.632593,21.545156
306.421501,170.408189,25.669685,26.774191
306.446347,172.213509,20.766768,23.239799
305.860643,172.863833,20.838596,23.739992
305.599533,172.753543,20.919014,23.153116
305.207471,177.831687,20.640783,20.787310
305.492843,178.065342,20.550402,21.605370
306.497938,175.175686,20.716564,22.417038
306.331489,174.014187,21.173265,23.321892
306.205995,173.163703,21.162329,23.243822
308.998907,172.117777,23.523273,24.424732
316.647052,169.657509,23.212854,20.741310
318.620095,167.188441,22.000578,20.548990
317.860711,167.137343,22.628935,19.927950
316.045812,166.197146,23.731298,20.298128
316.927969,166.676862,22.964626,20.014372
316.517852,165.434532,23.888704,20.852875
316.588700,165.933026,23.614279,20.990088
316.211845,166.466667,23.406647,21.055199
317.110657,166.798066,22.189148,20.772825
319.107118,166.654423,21.812834,20.602463
317.997889,166.452637,22.443241,21.278824
320.353972,166.761482,21.403040,21.349358
319.682550,167.516695,21.556316,21.825939
319.872746,168.966516,20.339102,21.472235
315.287683,169.973330,21.741667,22.656773
307.330733,172.725684,25.424341,24.602816
307.875702,172.401445,25.455063,26.572094
308.977893,173.923907,24.133661,24.484598
310.126812,173.408228,24.303764,23.390789
310.667181,171.808599,24.604801,22.609730
316.395657,168.840915,20.209999,21.094164
317.131795,167.405825,20.216696,21.269932
317.767667,167.079171,21.054235,20.953955
318.573674,165.666189,21.727018,21.576786
317.407086,165.892260,22.148336,21.217403
317.514828,166.861425,22.165352,20.918232
315.419257,168.789908,21.038370,19.159540
313.738475,170.298542,20.970423,22.366646
313.534341,170.170180,21.057966,22.393389
310.969820,172.930435,20.092144,21.574539
310.204680,174.625671,20.762300,21.768456
311.243395,174.081264,19.488979,20.422579
312.269426,173.093581,19.446102,20.407122
314.009589,170.898520,20.685022,21.136112
313.792467,170.559278,19.934330,20.881054
315.625120,168.434047,19.963573,19.786852
316.667217,166.840104,20.316673,21.219740
318.660079,165.989779,20.373270,20.823307
319.453672,165.282543,20.925610,20.633606
318.022008,166.095759,20.676855,20.304399
318.406728,166.061510,20.759771,20.374393
318.280372,167.041583,20.567705,20.834520
315.196759,169.586259,20.438025,20.575689
313.265876,171.191457,21.345881,22.092657
309.845201,172.407374,22.510426,23.764551
310.564665,173.717092,20.188282,22.889494
310.293303,174.045160,19.499882,22.111271
310.723737,174.063240,20.033125,22.646622
311.462749,173.609406,19.960854,22.917639
312.384131,172.738789,19.445314,21.551559
313.436706,173.191123,19.535585,20.709047
314.027109,172.710714,19.133831,20.151096
314.535720,172.998735,19.144274,20.240795
314.925980,172.146998,19.788437,22.001009
316.301443,171.843716,19.266933,22.101181
314.992615,172.986979,19.355072,22.681200
313.079435,173.063131,21.336170,23.829845
309.583917,174.412391,24.077139,25.114412
309.765388,173.805244,24.093254,25.117432
309.385792,173.851053,22.596634,23.487789
309.349380,172.670616,21.968729,23.447891
309.058950,172.637679,21.782772,24.208590
308.381694,171.306357,22.308855,25.651423
310.524911,168.897783,20.887373,22.471249
313.292302,168.531994,19.529112,21.152657
313.535658,167.406651,19.572910,21.159246
313.117610,166.982676,19.318544,21.551540
311.385707,167.829797,20.714067,21.947767
310.166384,169.324043,20.420170,21.810791
310.733623,169.629402,20.569780,22.336700
310.396196,169.390354,20.377018,22.481529
311.494470,168.758982,20.074018,21.642811
314.189249,168.185162,19.866673,20.749252
316.679732,166.648336,20.170092,21.438015
317.410789,165.930223,19.909578,21.889502
317.434034,166.042971,20.660236,21.455357
317.069818,165.349079,20.733480,21.769760
318.006745,165.882251,20.422865,20.581621
317.050615,166.174332,21.090855,20.842369
318.022030,166.905275,19.102615,18.352306
313.310168,168.701239,21.142824,21.747715
311.861359,170.105486,20.559921,21.331028
312.006771,170.788282,21.230331,21.349590
311.236260,170.718949,20.284330,22.410795
311.531871,171.250334,19.402407,21.086231
311.903229,169.630134,20.535034,21.349825
314.046736,167.789246,19.395741,20.416809
315.271351,166.204103,19.166168,19.424376
315.747523,166.725028,20.591837,20.186861
317.503954,164.213694,19.898273,21.269833
318.506230,162.824735,19.801092,21.467299
319.165342,160.427170,19.768375,21.698494
317.571197,160.370658,21.020334,22.494341
316.607898,160.525991,20.626932,22.484402
317.591091,160.466055,19.914444,22.025272
315.353352,162.073836,20.862556,21.208910
313.278984,162.421132,21.464485,21.995810
311.255188,163.516861,24.236748,23.376266
311.827977,165.484622,21.503294,22.226007
301.587393,165.152460,22.838543,21.455692
300.762879,164.849581,25.839407,22.610126
312.045510,161.741145,20.472250,21.457972
310.727758,159.804158,18.448254,19.529715
314.459863,153.208015,22.124899,23.372314
309.875528,153.612979,22.412830,21.416788
312.843314,153.765073,20.778650,21.042189
313.401742,153.231579,19.775076,20.140625
310.490322,153.538668,22.985207,22.978283
309.288037,154.098802,21.783743,23.609182
308.461296,156.868225,21.403656,22.843742
305.825407,159.634551,21.605976,22.314653
307.512438,160.747602,21.744534,21.728338
307.999541,160.911416,21.986994,22.522612
307.837559,161.536453,21.701248,22.026970
307.598813,160.638471,20.893324,21.074446
309.248093,159.635638,21.071358,21.117083
309.877857,159.015841,21.086784,20.970768
310.516916,157.104852,20.746250,21.621656
309.936397,157.777112,20.765368,21.037802
308.800114,157.811403,20.114120,21.397869
309.352583,159.808761,19.874027,20.175447
302.289798,163.965408,24.321161,22.108673
305.837636,168.897856,23.648687,23.290409
307.581771,174.817869,22.847185,23.260761
307.753732,175.709544,22.905508,23.265215
309.269654,182.585822,23.538702,22.182093
311.352664,188.616540,23.944353,21.948149
316.706642,194.118229,24.726402,21.897926
320.257755,195.711320,25.142036,22.453466
323.191666,197.883458,24.668022,22.040426
323.023302,197.963383,24.414486,22.047165
322.982574,198.211784,25.569008,21.470779
326.779037,194.370585,23.314568,21.475412
329.047109,186.534500,24.650572,22.343933
329.303646,175.684207,25.015015,22.228403
329.124717,164.210145,25.786745,23.139471
328.936205,164.418614,25.862217,23.368605
330.638159,154.759996,26.896313,25.709927
330.440683,146.736069,27.117420,25.670876
330.548517,140.414306,27.659763,22.962831
330.615426,138.483240,27.201742,22.832996
330.471380,137.613745,27.258709,23.516094
329.930398,136.980456,27.738165,23.661539
332.540596,139.890692,25.950844,22.924885
332.070283,143.030252,25.244894,24.061886
332.065839,150.979873,25.124983,24.151186
329.099631,161.063223,26.922411,25.494282
329.748618,174.029136,25.941637,23.311556
330.092577,174.147604,26.309376,23.153957
328.115635,190.639570,26.860542,22.480007
330.872215,210.422667,23.512230,23.807507
332.104589,231.502987,21.023512,22.496582
332.089817,223.936630,22.353264,22.319298
334.113020,213.137735,22.004704,22.334347
332.947833,212.843491,22.204203,22.483223
334.403646,204.238407,22.231037,21.365135
335.245550,198.809014,22.213367,20.752760
335.805008,191.629702,23.007645,21.914639
336.064436,187.429612,23.231319,21.441366
336.215161,186.306769,23.005033,21.752176
336.359841,186.353723,22.756872,21.809057
338.007649,190.008500,22.925550,21.895124
338.786326,193.994040,23.044168,22.145000
339.042937,196.137859,22.320154,21.394028
339.429660,198.221018,23.154093,22.267803
339.377298,199.002420,23.667835,22.458202
339.596696,198.863728,23.679594,22.654160
339.217486,197.950913,24.222445,23.250097
337.678286,195.302647,24.557514,23.515320
338.592533,190.583867,24.067474,22.882292
338.008790,185.649006,23.629492,22.063805
337.210631,178.092525,24.950472,23.975336
336.957572,177.721554,25.147501,23.675919
336.532449,169.516734,25.501432,23.356287
336.483483,160.201851,25.359861,23.778938
335.378584,153.021732,24.176975,24.681259
334.986016,142.901908,25.475386,25.083467
334.652006,133.453073,25.041935,25.662382
334.165933,132.933843,25.171751,25.525747
335.666148,127.308268,23.416239,24.818340
332.571466,120.281498,26.229671,25.518860
330.579240,118.283210,28.267958,24.106867
332.668921,116.862764,26.260670,24.658360
331.917100,119.433851,26.173208,24.314098
331.494246,119.466718,26.365940,24.205084
329.339300,123.017586,28.049007,24.257233
329.566780,127.840197,25.778206,26.990612
329.347589,142.059203,25.870182,26.102251
328.640913,157.366888,26.012447,23.837864
330.935749,177.748294,23.662689,23.558466
331.302678,177.786996,23.311872,23.831022
329.840899,198.852096,25.911371,24.840502
329.603439,221.326467,23.524399,24.028189
330.314186,215.126073,23.138023,23.554609
331.976077,203.510375,24.243265,23.908648
331.595505,192.500832,23.915764,24.234268
332.220276,192.679453,23.847137,24.362217
332.445555,183.868598,24.054699,23.516665
333.793562,177.009641,22.719769,23.558714
334.295179,171.330224,23.866085,24.216719
333.447649,169.154163,24.960934,24.516205
334.542309,169.480601,24.192879,24.673059
334.408431,169.679499,24.733507,24.656574
334.329363,170.051943,24.337467,24.365650
335.078235,170.508955,25.111574,24.568623
335.255335,171.596616,23.886021,22.549192
333.817090,169.495360,24.917776,23.419512
333.056338,166.465947,25.801683,23.100363
333.007467,166.428311,26.364193,23.298361
331.740012,164.383698,25.763445,23.410048
331.151422,161.658623,25.423285,23.387108
329.799629,160.184280,25.040199,23.797928
330.783233,158.182059,24.369997,22.727823
331.344114,156.573585,24.659206,23.365877
331.315741,157.053452,24.484852,23.177414
331.856360,156.159714,23.754404,23.929192
333.432610,156.003479,23.610802,24.859245
332.645943,154.985401,24.881271,25.785431
331.462804,153.757356,23.538130,24.108099
332.240704,151.442924,22.338730,22.950615
332.321471,151.406179,23.459177,23.313366
331.113226,149.638918,24.083363,25.242031
331.514779,147.482920,24.041563,25.912106
331.424499,145.818105,24.159586,25.251410
330.280132,143.879964,23.931366,25.515745
331.812580,142.244614,23.482155,25.744949
331.423518,142.138957,23.036692,24.887247
331.472805,141.264803,23.020554,25.353168
332.009572,141.609104,23.379713,26.044998
331.404197,141.544040,23.592470,25.643015
330.709404,141.099462,24.091698,27.105619
330.350717,142.247833,23.864859,27.265114
331.128323,141.693125,23.992188,27.618176
329.690131,144.094317,25.001955,27.713037
329.341212,145.998015,24.786249,27.969881
328.641174,149.717478,24.090683,26.994625
326.442913,152.353046,24.586227,27.335091
324.828451,154.708779,25.473064,26.870680
325.061481,153.446691,25.204165,27.228659
322.289838,157.688592,23.927595,26.537169
322.062799,161.819914,24.408344,26.171619
320.693927,164.243445,24.137934,24.007982
320.756454,162.298484,24.378992,26.364656
320.243273,160.021962,25.171879,27.952337
320.719564,161.873432,24.664669,26.264030
321.594041,159.189203,23.948156,25.904240
320.522964,157.630823,24.983255,26.229702
321.040753,158.166005,24.359449,25.506292
322.127091,160.469211,23.398542,25.043955
321.136590,162.579112,24.143301,25.500277
321.349545,162.505055,23.958435,25.681684
320.351843,164.865987,24.734180,25.426146
319.259611,167.098128,24.665005,25.822901
320.183309,169.098174,24.178175,25.285227
320.065248,167.192307,24.096294,26.579351
319.507820,164.408544,24.394699,25.728018
319.225689,164.350966,24.557594,25.947435
321.599043,161.638798,23.470112,24.467781
320.827780,156.804808,24.612385,25.455807
321.217894,152.784179,23.591763,24.828951
321.553722,150.119843,22.972046,22.829742
320.030409,147.853506,24.347233,24.391483
321.202957,147.763347,24.103638,24.999491
319.275167,146.362239,24.138212,24.550730
320.142910,148.398458,23.853172,23.277042
319.088741,151.259951,24.331940,25.156872
319.251059,152.783310,23.970753,24.034210
317.445527,153.643261,25.117887,23.771881
317.788624,152.853127,24.864685,24.485077
318.884597,151.987003,24.423777,24.672844
320.118124,148.398771,23.582920,23.582905
320.449967,144.877803,24.179747,24.837114
321.381095,141.474721,24.578516,24.842718
321.214399,140.667872,23.693249,25.028841
322.287692,141.326138,23.091906,24.127691
322.235161,141.125997,23.328674,23.854490
321.116536,141.301502,24.378302,24.421669
321.186077,140.959966,24.570023,25.596930
319.643413,141.732349,24.198084,23.916542
318.617148,146.214053,24.819506,24.292734
317.945708,145.676365,24.808947,24.729385
319.956695,152.361509,24.668131,24.521069
319.403096,154.577104,24.558065,25.683477
317.051312,153.184436,26.474630,25.379534
318.538088,151.341469,25.350384,25.854897
317.355515,147.949642,26.182190,24.926392
318.152586,149.219215,25.982182,24.179878
316.139564,145.955930,26.689203,26.753195
315.396020,145.644462,26.342199,26.617998
314.168898,145.974934,27.078106,26.102669
314.966616,146.958606,25.907337,24.990610
315.181036,149.232750,25.254482,24.887115
314.519789,148.911721,25.612431,25.194571
314.166828,150.229620,25.265427,25.129360
312.382097,152.303587,26.234653,26.278271
313.057242,155.086238,25.731211,25.398531
311.858884,157.428685,25.259855,24.304792
311.899000,158.791875,25.157848,24.736731
310.603180,158.997244,25.855286,24.844288
311.154574,161.390688,25.994150,26.519421
311.933757,163.567082,25.334101,25.947271
311.742611,168.273319,27.277611,25.681938
311.174108,168.608048,27.263601,24.615400
312.143839,168.778834,26.810528,24.591242
312.488804,168.631355,26.576118,24.370514
313.631551,168.354272,25.337652,23.753805
313.858130,166.351224,26.615168,24.019850
314.306621,165.931465,27.077837,24.977150
315.027919,166.915096,27.354036,25.907974
315.431637,167.919202,27.126892,27.272596
315.926957,167.879750,26.565649,27.081160
316.469170,167.894582,25.939568,24.515303
317.135143,161.730297,25.609741,24.063057
318.989307,154.724211,26.033005,22.170048
316.556973,139.564552,28.957962,26.863258
318.303652,127.561844,27.091496,26.185295
317.886059,127.274831,27.383148,25.986036
317.404138,118.514459,26.777533,25.547293
317.322702,112.641603,26.154484,25.481199
317.605876,111.355746,26.321733,26.428614
316.688765,111.035251,26.349346,25.876307
317.441855,116.260958,24.694422,26.305218
317.123975,116.023384,24.334997,26.032623
316.367113,122.074757,25.086147,26.062767
314.553698,133.242115,27.103466,26.826012
313.088105,148.260828,28.926588,28.132275
314.706694,168.154400,27.263844,24.372688
316.340650,189.396735,25.262243,21.549883
316.818006,189.046892,24.899000,21.951061
316.323520,213.557122,24.639978,23.382750
316.951383,220.663228,23.861158,23.519125
317.342240,207.255046,24.208052,22.305323
317.948579,195.343277,24.758474,22.905014
319.058619,184.888688,22.820452,22.080481
317.747561,185.142393,23.847635,22.615650
319.814374,177.584035,22.580580,23.483923
319.404414,172.389840,23.408319,24.333761
317.398179,167.599893,26.691992,25.094625
317.315103,168.220469,26.705923,25.074709
318.241400,168.436340,26.337933,24.827126
318.716084,168.398698,26.680403,24.986486
318.462159,169.754781,26.785681,23.698805
317.126332,170.199267,27.546797,24.262384
317.818238,171.833611,26.453466,24.186628
316.441518,174.344462,26.410276,24.997599
316.661431,177.881093,26.232092,23.804327
317.093568,177.509813,25.954176,24.252346
316.721649,179.221801,25.239136,24.038866
316.033690,180.625884,25.565012,23.512194
316.072784,176.818537,25.865944,25.787708
316.160911,168.273929,25.103815,24.115091
316.260454,159.466877,26.300297,22.019882
316.028212,158.703584,26.605747,22.228064
315.406620,143.659427,27.800156,26.267740
317.561072,134.729793,25.621668,24.717920
317.461316,125.579843,26.055166,23.530424
316.433818,117.209448,26.823053,26.191959
316.263144,115.220136,26.824755,25.372915
315.625719,115.710312,27.139965,25.436737
316.483330,115.668916,25.863052,26.060423
316.743604,117.825066,26.009314,24.995560
315.304146,124.332631,26.414742,25.817923
315.453851,135.126070,26.046408,25.100445
316.580796,149.151957,25.677588,26.291805
315.966739,148.913746,27.010805,26.537193
315.745574,167.404304,27.501108,25.090990
315.843479,189.214795,25.601639,24.576468
314.835634,214.049665,24.335064,22.941929
315.035325,219.168443,23.389837,23.109770
315.403519,206.515951,24.404861,22.587429
314.826961,205.707234,24.979601,22.854597
315.548711,195.142786,24.568052,22.703602
316.104281,184.496605,22.997545,22.291283
314.361114,176.072437,23.690241,23.789017
315.510068,172.119465,22.310072,24.650383
314.619536,167.789213,23.640368,22.991787
315.032936,167.212244,23.384216,23.035595
313.858168,167.273410,24.219189,22.850748
312.357404,166.575478,24.487585,23.059647
311.614476,166.372314,26.077085,23.438171
310.326083,166.310782,26.095613,23.044603
312.123988,165.673950,25.490183,23.001190
311.642270,165.551048,25.499136,22.947144
311.394984,164.040200,27.186686,23.293104
313.052437,163.978346,25.658333,23.374538
314.002069,165.914742,24.408825,23.156700
313.210943,166.519589,25.682186,23.902563
313.120358,169.145616,26.565504,23.178587
313.230083,169.187802,26.085924,22.943640
313.911342,169.765297,25.688623,23.205246
314.622206,169.717653,25.313725,24.182270
313.735652,169.360322,26.830774,24.784994
312.772376,168.614253,27.206507,24.827158
314.948879,166.708395,25.310318,22.886761
314.586325,166.560975,25.580517,23.368361
315.492665,163.461390,24.620237,23.879284
315.515101,160.803240,24.299891,23.953175
316.005293,158.301414,24.788158,23.331423
316.756646,155.391045,23.681051,22.464828
316.672921,152.067358,23.585905,23.501759
317.475937,151.745150,23.605400,23.671673
316.810350,151.176618,23.541576,24.185675
317.864220,151.851499,22.113358,23.221197
318.474218,151.148163,22.458385,24.769989
318.471643,147.382374,22.362469,24.576172
318.174503,143.076065,23.209084,25.018219
318.890165,143.404400,23.020634,24.931213
320.742956,141.253170,22.267742,24.566284
321.223415,138.690655,23.804543,25.895439
321.047988,139.742987,23.840715,24.972340
320.786856,140.327155,24.033916,25.249941
320.029737,140.557793,24.802341,26.140831
321.037964,140.134775,24.557037,26.283741
320.780279,142.379045,24.194691,26.436405
318.099661,143.012487,24.262135,25.696758
318.263407,150.169354,24.332485,24.588881
317.044254,150.797211,24.881721,26.018761
317.179306,153.322844,24.411774,22.555386
316.788103,152.420088,24.482319,23.431957
315.535299,150.656707,24.813625,24.459269
315.286070,147.884589,24.653286,23.787424
314.401834,145.634280,25.444715,24.429186
314.105261,144.554146,25.853779,25.723991
315.098342,144.905363,26.247972,25.904400
315.383935,145.274066,26.143690,25.951540
315.961076,145.841847,26.227339,25.984602
316.764645,148.292034,25.685860,25.568451
318.128072,148.879677,25.224249,24.809578
317.739244,150.998528,26.538792,25.764990
319.088493,153.011905,25.678429,25.974306
319.566941,152.401068,25.366919,25.703197
318.617060,154.416612,27.189312,26.586401
318.327199,156.456961,26.784079,25.097393
318.430053,158.363345,26.707796,25.108995
317.847526,160.505478,26.456621,24.867851
317.235655,162.022841,26.775074,24.987497
317.182634,161.290685,26.361233,24.655622
317.316316,161.353491,26.738554,25.003307
316.800484,159.643724,25.679909,24.824093
316.072811,156.035341,26.276672,24.467159
318.200770,153.158197,23.376680,23.419552
320.499741,150.393914,21.680397,21.293493
319.978971,149.452605,22.209133,21.491564
320.208790,146.782833,22.309532,22.074707
320.910278,144.359328,23.381538,23.769876
320.448905,143.838161,23.456041,23.409227
322.408527,143.486609,22.352844,24.224789
322.086178,144.121777,22.740044,22.840195
322.503715,142.843151,22.666628,23.451576
321.551498,143.779289,23.045326,22.500229
322.606470,144.266072,22.369801,22.394812
321.973373,144.925819,22.748962,22.146439
321.434138,144.267881,23.017565,21.879910
321.907269,143.087630,23.054321,22.008867
321.672001,143.290469,23.103142,22.164293
321.072429,145.153190,25.116320,25.753428
318.867096,145.270752,25.132721,26.841881
318.788402,145.953900,24.454294,26.237532
316.460825,147.383990,24.891193,27.214449
317.682425,152.617872,24.385403,24.355251
317.628428,152.197643,24.240604,25.045876
317.373548,152.389532,24.894781,25.698200
318.048330,149.569673,24.937061,25.076414
318.114445,148.365983,24.702782,26.339231
318.551018,146.016972,25.395096,24.385910
317.848561,143.882858,26.070112,26.001831
318.729283,145.236573,25.879530,25.692991
316.955661,140.841591,26.790636,26.436035
318.615128,142.266178,25.434624,27.288658
318.411385,144.085100,26.595467,27.519863
319.701396,146.177561,25.067461,25.248760
318.905438,146.743900,26.845488,26.487602
319.755740,147.319747,26.219271,26.110659
319.992112,147.178684,26.184835,25.896950
321.426513,145.875582,25.195719,26.501919
320.944904,143.775229,26.370895,27.194445
320.191079,143.687308,26.925909,26.751360
321.442357,142.277893,26.144590,26.959946
321.482153,142.771143,26.396664,26.905300
320.845320,142.738639,26.047497,26.031267
319.256481,143.201813,26.487137,26.463882
318.234494,144.087664,26.485868,26.259380
320.106857,147.658866,24.679054,25.754290
319.454411,149.661922,25.076195,26.614252
319.853168,150.243982,24.499445,25.756191
319.266541,151.841035,25.676727,28.136000
322.115328,153.061254,23.853664,26.946142
323.356493,152.237961,23.980755,27.164497
324.716950,151.921171,24.413221,27.242100
325.837475,150.739710,25.694374,28.130871
326.451804,151.685011,26.033419,28.359715
328.293899,149.022510,25.781115,29.764536
328.295775,148.182516,26.788424,28.076588
329.179559,144.024402,26.454756,26.469355
333.071590,142.212962,23.486794,26.069529
334.899699,140.355864,23.275583,23.825977
334.174212,140.340590,24.172298,23.419054
336.089589,136.905193,24.138006,24.024696
339.065493,134.667498,22.935436,22.074589
340.452647,130.614919,22.863184,23.002554
340.464820,126.636249,23.009790,22.360865
338.383974,122.124230,23.301304,22.424780
337.879313,122.069940,23.500910,23.089369
335.712873,118.011086,23.096052,22.479910
330.441359,114.388792,22.971798,22.513744
326.477068,112.786691,22.551579,22.288191
326.103912,112.890820,20.716377,21.736427
321.688865,112.962100,23.644045,22.243494
323.822144,112.041367,22.310539,22.872238
316.025371,114.598954,28.665400,22.276251
314.719111,116.700639,24.593447,21.352224
310.995932,116.573916,27.242085,24.390497
306.490600,116.629386,30.969851,24.804094
302.512937,114.822316,23.304770,22.351126
301.812878,115.792237,22.708176,23.115721
299.059351,115.307384,23.760250,27.720026
299.206767,115.489735,23.216013,21.860664
314.932611,115.210658,25.546217,23.204699
314.335682,113.687092,24.788231,25.216896
293.121259,115.688065,22.524862,21.580994
293.307838,115.664644,22.459564,21.437862
291.817248,117.821427,22.346056,21.599958
291.772065,118.519476,22.339178,22.863789
291.512910,120.793051,22.566595,23.902142
290.342650,122.541939,23.878382,23.462936
290.928073,124.104448,22.711626,23.292278
291.706984,124.045251,22.309101,23.704748
292.362077,126.546953,22.328825,23.593723
293.118801,128.254927,22.520973,23.863468
295.468130,129.735375,22.921955,24.241400
295.059719,133.134082,27.716171,23.823267
300.239988,134.841495,24.797573,25.896723
300.076498,135.166847,24.372677,25.891647
302.015377,137.142372,25.041138,25.669159
304.090354,137.979097,24.027338,24.354733
306.088857,137.146710,23.491446,24.220152
309.122744,138.071376,23.846951,23.904192
311.841669,138.447648,25.266628,24.083387
312.484524,139.034605,25.190178,23.721691
314.847347,137.826771,24.343620,24.714417
316.991200,137.320236,25.331594,23.857948
322.595244,137.272939,23.212328,25.040052
325.328565,137.783983,23.512663,24.575336
327.849968,135.613919,23.965500,24.835226
328.232524,136.018343,23.783838,23.963444
330.878895,134.547400,24.198326,22.923868
334.818735,131.866819,23.491734,22.741596
337.891523,128.255680,22.508465,22.634743
338.162786,124.517514,23.339680,23.656538
339.216416,120.376978,22.422224,23.223995
339.209932,120.684805,22.715733,23.415173
339.082513,116.557473,22.285925,22.400763
336.589223,113.261765,24.035391,22.384941
333.268738,113.125674,24.948128,22.157320
332.605639,113.413416,25.246838,23.828213
331.344988,115.204124,24.244007,24.800377
330.886371,115.816101,24.751963,26.348152
311.488367,118.246473,34.316708,27.905102
312.708580,119.081147,30.253784,26.179403
316.081847,119.696138,28.130022,25.654621
315.314542,121.192180,27.240179,24.628771
303.152378,120.366013,25.410339,23.705696
303.950179,121.372389,23.407854,23.524029
301.461379,122.179766,23.539080,23.338543
299.803463,121.108430,21.848495,22.694723
298.042486,122.280987,21.143597,18.965614
297.344612,121.962293,23.477760,20.962408
294.486722,121.996651,22.956053,22.125481
295.373384,121.351815,23.303524,22.521132
291.649378,122.411350,25.121510,23.462769
292.689621,122.978297,24.772682,23.608812
290.428386,123.350433,25.730936,24.281441
290.778175,124.127748,25.873634,24.461470
290.423869,125.260918,25.394464,24.549149
291.180769,125.152466,24.493961,24.476410
291.634235,124.859404,24.850563,25.131886
291.410472,125.157266,26.055750,25.127447
295.264917,125.100157,25.236111,25.774288
298.169521,125.342985,23.763512,25.780697
300.874260,126.850938,23.498795,25.698072
301.196533,126.998229,23.229675,25.456392
302.850726,129.115934,26.699793,25.825031
306.395801,131.676321,26.847818,25.072086
308.260465,132.499543,27.501196,26.061384
311.352674,133.263148,25.476887,25.778360
314.001987,133.825005,24.811106,25.772797
314.127963,134.781887,25.158274,25.285240
