0.004650
0.054755
0.057165
0.055998
0.055926
0.056264
0.056571
0.055262
0.055488
0.055223
0.055966
0.054367
0.054222
0.054455
0.054787
0.054030
0.054409
0.056531
0.057903
0.051444
0.054410
0.055003
0.054231
0.054468
0.054812
0.057286
0.054990
0.056050
0.055685
0.055954
0.055740
0.055851
0.055924
0.056447
0.055627
0.056444
0.057565
0.056208
0.056859
0.057196
0.057274
0.057384
0.057778
0.058207
0.057714
0.058539
0.057635
0.059280
0.058424
0.059228
0.058730
0.059132
0.053363
0.057984
0.058994
0.059626
0.058084
0.058256
0.058833
0.058788
0.057590
0.058540
0.058121
0.060036
0.059323
0.058349
0.059338
0.058046
0.060036
0.059045
0.058279
0.058568
0.059947
0.058427
0.059039
0.059384
0.059123
0.058692
0.059081
0.060057
0.058800
0.058957
0.059703
0.058865
0.060956
0.059302
0.059772
0.061557
0.060753
0.062199
0.063152
0.061149
0.062357
0.060847
0.059578
0.060091
0.061067
0.059744
0.061042
0.061354
0.059651
0.058814
0.060194
0.060166
0.060835
0.060613
0.059639
0.061904
0.060338
0.061298
0.060638
0.060348
0.061439
0.059942
0.060728
0.060170
0.059744
0.058024
0.058492
0.055746
0.052722
0.051079
0.050044
0.049136
0.049850
0.051192
0.049088
0.049997
0.050341
0.050733
0.050965
0.048507
0.048780
0.050036
0.048791
0.049544
0.048784
0.049586
0.050150
0.048914
0.048618
0.048957
0.047894
0.048476
0.047970
0.048269
0.048161
0.048070
0.049444
0.049760
0.048741
0.049607
0.049377
0.049776
0.048723
0.050953
0.050020
0.049832
0.051107
0.049479
0.050162
0.049488
0.050654
0.051689
0.051145
0.051370
0.053417
0.051195
0.051464
0.050551
0.051289
0.050888
0.050802
0.051322
0.050893
0.050540
0.050737
0.050577
0.050949
0.052043
0.051210
0.051519
0.050299
0.052155
0.050856
0.050136
0.049652
0.050510
0.049699
0.048744
0.048753
0.048385
0.048624
0.049656
0.049259
0.050794
0.049890
0.048947
0.048815
0.049078
0.048479
0.048480
0.049004
0.049179
0.050026
0.049316
0.049279
0.049512
0.051671
0.050103
0.049624
0.050851
0.050046
0.049810
0.051178
0.050154
0.051777
0.051659
0.051550
0.049895
0.051789
0.052907
0.051090
0.051277
0.052156
0.051288
0.051528
0.051678
0.051514
0.052001
0.057015
0.054378
0.052944
0.052985
0.053233
0.054930
0.054251
0.055341
0.053291
0.053244
0.054333
0.052096
0.053664
0.056292
0.052888
0.054538
0.055978
0.056525
0.054489
0.053458
0.053950
0.055267
0.057033
0.057050
0.056246
0.054819
0.055898
0.058393
0.057186
0.056374
0.055955
0.057071
0.058512
0.058315
0.056581
0.058758
0.056487
0.058221
0.056136
0.057693
0.057497
0.056207
0.058092
0.057206
0.058942
0.056221
0.057638
0.059836
0.058756
0.056298
0.059871
0.062286
0.062254
0.060719
0.066358
0.065710
0.064868
0.065863
0.066118
0.062533
0.067830
0.063509
0.065277
0.063141
0.065502
0.066238
0.063799
0.066732
0.064903
0.065757
0.063000
0.066074
0.062602
0.062307
0.065371
0.066029
0.065770
0.063919
0.067452
0.062471
0.068986
0.065553
0.067109
0.068372
0.070726
0.069461
0.070161
0.069510
0.070783
0.065449
0.070471
0.070371
0.066574
0.071759
0.072511
0.073808
0.075815
0.069278
0.074701
0.073108
0.069939
0.071952
0.071989
0.074319
0.065143
0.072174
0.072596
0.070538
0.070855
0.071381
0.066250
0.070886
0.072010
0.069372
0.069067
0.068789
0.069149
0.064846
0.064503
0.067122
0.064058
0.067759
0.063671
0.064639
0.065346
0.060162
0.063495
0.059009
0.063170
0.064272
0.060936
0.061689
0.061572
0.062624
0.062197
0.060074
0.059896
0.060404
0.058990
0.057968
0.062436
0.060334
0.060029
0.065181
0.059801
0.059981
0.062209
0.061751
0.058065
0.065730
0.064310
0.063014
0.061245
0.058656
0.064317
0.058172
0.062872
0.063175
0.059615
0.063198
0.063786
0.064008
0.061677
0.064729
0.061410
0.059633
0.060440
0.059840
0.061418
0.057357
0.060380
0.062660
0.054113
0.058635
0.059542
0.055041
0.057955
0.062344
0.057357
0.060874
0.060360
0.060493
0.062154
0.062747
0.063438
0.056450
0.062958
0.057987
0.062279
0.062796
0.063885
0.062655
0.059171
0.064060
0.064936
0.061432
0.064200
0.065199
0.065187
0.062496
0.056731
0.058082
0.064704
0.061035
0.059850
0.060334
0.056114
0.056337
0.054300
0.056612
0.053411
0.054298
0.054343
0.052780
0.054054
0.053472
0.053740
0.052671
0.054245
0.053247
0.063062
0.053479
0.052340
0.052363
0.053919
0.053326
0.054239
0.052653
0.053768
0.053516
0.052813
0.052706
0.052997
0.053137
0.053961
0.053273
0.054252
0.053300
0.056910
0.056325
0.055081
0.056153
0.053675
0.054224
0.056003
0.054545
0.053297
0.054930
0.056301
0.055477
0.056110
0.055979
0.054252
0.054442
0.055095
0.054564
0.055288
0.056358
0.054254
0.054865
0.058152
0.053903
0.055210
0.056156
0.056566
0.055582
0.054613
0.054561
0.054689
0.056372
0.055256
0.055701
0.057549
0.053439
0.055382
0.056301
0.057579
0.056515
0.054483
0.055008
0.056294
0.055304
0.056057
0.058972
0.056983
0.057540
0.057288
0.058297
0.056244
0.056862
0.058659
0.056865
0.057441
0.063425
0.057296
0.057871
0.057003
0.059124
0.058296
0.058125
0.059436
0.059439
0.058642
0.059524
0.060043
0.060579
0.059383
0.059491
0.061154
0.061133
0.057478
0.061625
0.059979
0.059565
0.061145
0.064430
0.062850
0.062832
0.064605
0.061262
0.059471
0.060219
0.064944
0.063921
0.063198
0.064931
0.065041
0.064215
0.063909
0.063722
0.062302
0.062696
0.058094
0.064444
0.059999
0.062848
0.062792
0.063292
0.063817
0.057613
0.063175
0.061754
0.063045
0.059025
0.058777
0.063812
0.063599
0.059930
0.060089
0.064274
0.064005
0.062824
0.064071
0.066134
0.063256
0.060964
0.068193
0.067884
0.066129
0.065108
0.069836
0.067931
0.064424
0.069621
0.067010
0.068803
0.068972
0.062997
0.061566
0.066648
0.061982
0.061749
0.064214
0.064635
0.063711
0.062460
0.063699
0.062554
0.060795
0.060408
0.059427
0.058886
0.059106
0.058011
0.059059
0.057465
0.057665
0.057465
0.057244
0.057006
0.056556
0.057041
0.057200
0.056772
0.057397
0.056923
0.057237
0.056721
0.056832
0.055951
0.058498
0.055377
0.058133
0.055250
0.055461
0.054362
0.053084
0.054837
0.054299
0.054508
0.052819
0.052900
0.053170
0.053437
0.056303
0.053728
0.055895
0.053689
0.053803
0.052748
0.054500
0.053103
0.053399
0.052621
0.052783
0.053044
0.052871
0.052863
0.052894
0.053141
0.053713
0.054558
0.053571
0.056615
0.054382
0.054559
0.054499
0.054780
0.054167
0.054780
0.055916
0.055346
0.055577
0.055525
0.054822
0.054652
0.056534
0.057832
0.055818
0.056421
0.056190
0.054462
0.055333
0.056717
0.058907
0.056961
0.056432
0.056487
0.056445
0.054663
0.057154
0.056532
0.059538
0.058189
0.056030
0.057213
0.056459
0.056855
0.057484
0.056200
0.057117
0.057629
0.059034
0.057619
0.056842
0.056366
0.056719
0.057444
0.056756
0.056266
0.057293
0.055029
0.054944
0.055354
0.055777
0.055792
0.055561
0.056672
0.057604
0.055770
0.055863
0.055464
0.055508
0.056152
0.055507
0.054933
0.057223
0.056964
0.057505
0.056235
0.055723
0.056219
0.055589
0.057014
0.056320
0.057891
0.056281
0.056800
0.057421
0.056688
0.058212
0.060599
0.057750
0.057763
0.057388
0.059905
0.057778
0.058636
0.058633
0.058586
0.059306
0.060202
0.059053
0.061769
0.059210
0.058618
0.058633
0.059573
0.060195
0.062341
0.059009
0.062847
0.060474
0.059810
0.060342
0.060744
0.061548
0.059787
0.060152
0.062488
0.060381
0.061118
0.063342
0.060237
0.060920
0.060124
0.061539
0.061568
0.061306
0.062441
0.062412
0.061436
0.061472
0.060803
0.061439
0.064698
0.062883
0.062054
0.061467
0.062129
0.061665
0.061066
0.062063
0.059765
0.062468
0.061319
0.060073
0.062227
0.060442
0.061379
0.061843
0.063246
0.062634
0.062278
0.066322
0.061276
0.062049
0.061393
0.063564
0.064590
0.061699
0.064035
0.061496
0.062401
0.066101
0.062510
0.060700
0.062054
0.062318
0.062536
0.063603
0.068434
0.064029
0.062354
0.061391
0.060637
0.061417
0.059610
0.059478
0.061304
0.058945
0.060448
0.062239
0.063691
0.058942
0.060208
0.061371
0.058841
0.059546
0.057711
0.060979
0.058664
0.057964
0.060492
0.058910
0.057657
0.058711
0.059660
0.060257
0.063079
0.061681
0.061731
0.061589
0.061236
0.061927
0.061547
0.059836
0.060074
0.062329
0.063343
0.063266
0.059677
0.061509
0.059331
0.060092
0.061032
0.060114
0.060877
0.061532
0.061126
0.059359
0.059916
0.060445
0.060022
0.059799
0.060334
0.059866
0.058396
0.058130
0.057414
0.057466
0.057893
0.058007
0.058051
0.060121
0.057312
0.058720
0.058281
0.058404
0.058700
0.058657
0.058876
0.060119
0.058729
0.060603
0.058472
0.058208
0.058599
0.059117
0.059058
0.060102
0.059446
0.059035
0.059353
0.058609
0.058715
0.059825
0.058185
0.058439
0.058004
0.058643
0.057595
0.056763
0.058407
0.057508
0.056710
0.055594
0.055832
0.055105
0.055509
0.055985
0.057829
0.055155
0.055300
0.054838
0.055193
0.056761
0.055187
0.054506
0.053900
0.054321
0.053423
0.054070
0.052633
0.052926
0.052664
0.052375
0.053582
0.053048
0.053150
0.052646
0.053514
0.054346
0.052548
0.055056
0.053918
0.053668
0.052846
0.052424
0.052447
0.053172
0.052991
0.053333
0.053544
0.054238
0.052466
0.052597
0.053480
0.055322
0.054680
0.055476
0.054514
0.053704
0.053059
0.053270
0.052717
0.052583
0.053293
0.053801
0.054515
0.053397
0.053196
0.052973
0.053165
0.055801
0.052993
0.053513
0.052920
0.054030
0.052652
0.052841
0.055571
0.053125
0.052420
0.051463
0.052430
0.053048
0.052418
0.054107
0.051923
0.051855
0.053776
0.052104
0.052282
0.052652
0.052447
0.056236
0.053080
0.053798
0.052854
0.051318
0.052267
0.051734
0.049716
0.051463
0.051827
0.052930
0.050378
0.050738
0.051955
0.052234
0.051343
0.050062
0.050500
0.049831
0.053705
0.053607
0.052240
0.052879
0.051108
0.050653
0.055045
0.051786
0.053427
0.051937
0.052850
0.050916
0.052972
0.052922
0.051949
0.050509
0.051965
0.053824
0.054543
0.053511
0.052787
0.052822
0.053567
0.052642
0.054673
0.055155
0.056559
0.055724
0.054443
0.053437
0.056735
0.053927
0.055934
0.056955
0.055899
0.057122
0.053079
0.055230
0.057405
0.054638
0.055189
0.053344
0.053960
0.052934
0.053045
0.053035
0.052808
0.053957
0.053356
0.054773
0.056411
0.054421
0.054393
0.054773
0.055335
0.053330
0.055448
0.053242
0.053121
0.054594
0.054351
0.055572
0.054797
0.054464
0.054711
0.053975
0.054597
0.053414
0.053011
0.053081
0.054544
0.055136
0.055297
0.053048
0.055663
0.055186
0.057025
0.055453
0.054240
0.054342
0.053860
0.055075
0.052660
0.053720
0.055143
0.055766
0.056802
0.053715
0.054993
0.055852
0.056152
0.053951
0.056711
0.055379
0.055682
0.058354
0.058118
0.059586
0.058272
0.058819
0.060121
0.060189
0.061654
0.058494
0.056112
0.057123
0.058291
0.057014
0.056865
0.057155
0.056657
0.056791
0.057912
0.061827
0.058256
0.060722
0.060520
0.062459
0.061659
0.062877
0.063013
0.062040
0.063600
0.063643
0.063031
0.064649
0.066372
0.067510
0.065249
0.064989
0.067683
0.069206
0.063543
0.064835
0.067789
0.066905
0.068089
0.066775
0.065941
0.066586
0.067461
0.065552
0.064822
0.066394
0.061132
0.062029
0.065548
0.065466
0.066603
0.067549
0.064540
0.065499
0.066229
0.066950
0.064975
0.065910
0.064672
0.063108
0.066918
0.066306
0.063291
0.062234
0.063829
0.062196
0.065994
0.066281
0.065194
0.068773
0.062850
0.068061
0.062089
0.061983
0.065042
0.064733
0.063398
0.064091
0.064780
0.061525
0.062404
0.063298
0.059288
0.064323
0.062373
0.067738
0.064616
0.061342
0.059053
0.059121
0.062263
0.060306
0.064816
0.063111
0.066154
0.066115
0.065425
0.062345
0.062846
0.062313
0.064095
0.060236
0.060667
0.057573
0.061448
0.061139
0.059962
0.062321
0.058528
0.062826
0.061936
0.063102
0.059403
0.059268
0.059874
0.065520
0.063213
0.062638
0.063396
0.064282
0.061105
0.058959
0.057321
0.057737
0.059400
0.060455
0.061885
0.061577
0.063603
0.062289
0.063515
0.060495
0.062755
0.063208
0.066137
0.064478
0.062986
0.065631
0.067045
0.063121
0.066950
0.067653
0.066996
0.062867
0.067041
0.069576
0.068577
0.062515
0.069497
0.072050
0.067497
0.070440
0.069637
0.069043
0.070608
0.071050
0.069377
0.069718
0.071470
0.067180
0.077088
0.075655
0.075991
0.073436
0.072651
0.071657
0.073212
0.072441
0.071697
0.071894
0.067772
0.068694
0.066949
0.065839
0.067718
0.074624
0.066280
0.067032
0.064273
0.064749
0.062602
0.062941
0.060676
0.062711
0.064721
0.066524
0.062655
0.062928
0.063174
0.063164
0.063423
0.065867
0.066806
0.066905
0.062454
0.064601
0.063057
0.071122
0.064734
0.065332
0.064331
0.063800
0.075560
0.064657
0.066023
0.064159
0.065492
0.064094
0.066272
0.063108
0.064752
0.065218
0.063330
0.062903
0.064617
0.064409
0.063424
0.062798
0.063606
0.063631
0.063635
0.066065
0.065099
0.066291
0.064408
0.062182
0.063268
0.063176
0.064685
0.063997
0.063879
0.065079
0.064637
0.063279
0.064078
0.063664
0.065722
0.064902
0.064878
0.063822
0.059363
0.064932
0.066841
0.065369
0.064389
0.063395
0.063044
0.064432
0.063296
0.064923
0.064913
0.065567
0.063629
0.063329
0.064031
0.066809
0.064969
0.064162
0.065978
0.066584
0.065470
0.065830
0.067773
0.067131
0.065231
0.066814
0.066718
0.066812
0.066556
0.065539
0.065473
0.065706
0.066842
0.064186
0.068325
0.067713
0.065885
0.066305
0.066955
0.067867
0.067462
0.067901
0.067430
0.064748
0.068439
0.067662
0.070087
0.070801
0.069068
0.068994
0.067873
0.063026
0.065066
0.066545
0.064864
0.066295
0.066629
0.065417
0.066860
0.067623
0.067582
0.071301
0.066082
0.067037
0.068249
0.067136
0.066726
0.066067
0.066530
0.065604
0.066795
0.065967
0.065840
0.066179
0.064973
0.067886
0.063549
0.066798
0.069898
0.067119
0.065760
0.068165
0.076643
0.065890
0.068645
0.066606
0.066562
0.067086
0.066428
0.066539
0.065799
0.066946
0.066321
0.063481
0.065873
0.065080
0.066784
0.065815
0.067030
0.073959
0.065458
0.065355
0.063471
0.065605
0.065244
0.064428
0.064204
0.062178
0.064157
0.066487
0.062888
0.063782
0.063918
0.063272
0.065039
0.065969
0.063069
0.065219
0.067274
0.066274
0.067034
0.066189
0.069053
0.069674
0.064220
0.066243
0.069895
0.069724
0.064104
0.064512
0.064716
0.064266
0.066500
0.065968
0.065231
0.065430
0.065188
0.064157
0.065893
0.066090
0.065326
0.064312
0.067317
0.066818
0.066731
0.065259
0.066460
0.067393
0.066182
0.069040
0.064728
0.066794
0.066473
0.066368
0.066500
0.066474
0.067136
0.067295
0.065456
0.063958
0.067490
0.066263
0.066276
0.064811
0.065387
0.065542
0.066145
0.066496
0.065449
0.065270
0.066398
0.066955
0.065911
0.068101
0.066236
0.065399
0.065614
0.065775
0.066320
0.064743
0.066138
0.065946
0.073027
0.067442
0.065224
0.061986
0.064749
0.064598
0.063530
0.062597
0.063933
0.063467
0.064096
0.065369
0.065914
0.066430
0.067504
0.069039
0.068652
0.068603
0.068302
0.070842
0.070771
0.070097
0.067379
0.076161
0.073692
0.077276
0.072904
0.070412
0.070953
0.070434
0.067547
0.070005
0.070333
0.068806
0.069854
0.066127
0.067024
0.067622
0.067199
0.066219
0.067814
0.066512
0.067834
0.066909
0.066653
0.067100
0.066281
0.067013
0.067022
0.068149
0.066608
0.068282
0.068240
0.066359
0.066490
0.066308
0.066885
0.066477
0.067019
0.066092
0.067204
0.065626
0.066466
0.066649
0.065026
0.068894
0.070613
0.067318
0.067551
0.066752
0.066593
0.067581
0.067639
0.064568
0.063742
0.061378
0.059130
0.056496
0.055724
0.055916
0.059533
0.056972
0.054407
0.051650
0.052100
0.053869
0.055314
0.055746
0.056558
0.058082
0.057019
0.057774
0.059336
0.057446
0.058053
0.056429
0.056194
0.056178
0.056711
0.057211
0.058405
0.057031
0.057044
0.057484
0.057974
0.059469
0.058194
0.058817
0.058073
0.058488
0.058559
0.058783
0.058180
0.057231
0.058420
0.058195
0.060227
0.058228
0.056983
0.056997
0.056545
0.057649
0.058031
0.056534
0.056877
0.057394
0.055766
0.058939
0.056386
0.056546
0.057261
0.056403
0.056162
0.057800
0.056222
0.056186
0.056732
0.056850
0.059807
0.055972
0.056004
0.058335
0.056889
0.056521
0.057104
0.057900
0.058622
0.057114
0.059761
0.057357
0.059380
0.058261
0.058526
0.057571
0.058354
0.058001
0.059289
0.057613
0.057838
0.057380
0.058873
0.057568
0.057329
0.058331
0.057377
0.059836
0.058019
0.059261
0.059739
0.058055
0.057788
0.058759
0.058400
0.058654
0.059626
0.058658
0.060301
0.061211
0.060215
0.060089
0.060310
0.060833
0.059357
0.059506
0.058973
0.058688
0.058619
0.060764
0.058569
0.059638
0.058148
0.058310
0.059722
0.058270
0.059685
0.058854
0.059941
0.058546
0.059733
0.058123
0.058949
0.058065
0.057769
0.060662
0.059453
0.057777
0.058774
0.057512
0.059660
0.059129
0.058745
0.059923
0.057502
0.058390
0.057705
0.057740
0.057833
0.058418
0.058429
0.058143
0.058462
0.057311
0.058845
0.058735
0.057925
0.057735
0.058764
0.057679
0.057016
0.057267
0.057729
0.058751
0.057485
0.059565
0.058142
0.058351
0.060307
0.060387
0.061093
0.060228
0.058625
0.060345
0.059826
0.059368
0.060991
0.059307
0.059456
0.058907
0.057931
0.059049
0.059036
0.059742
0.061107
0.059196
0.058762
0.059582
0.059934
0.058976
0.058573
0.057877
0.059233
0.057932
0.057821
0.058575
0.058079
0.057227
0.058438
0.058105
0.057122
0.057017
0.057164
0.057661
0.057507
0.056841
0.057082
0.058097
0.059132
0.057345
0.057739
0.057123
0.057718
0.058432
0.058063
0.057074
0.056863
0.057367
0.057919
0.058138
0.063768
0.058805
0.058167
0.059567
0.059784
0.059454
0.058845
0.059218
0.058393
0.058469
0.059438
0.058107
0.058945
0.057575
0.058725
0.057301
0.058990
0.057662
0.058063
0.059492
0.058281
0.058505
0.058821
0.059602
0.058470
0.058796
0.058259
0.060003
0.057645
0.058310
0.057588
0.058187
0.056440
0.058539
0.056404
0.059165
0.055976
0.055967
0.056638
0.057001
0.056533
0.056511
0.058412
0.057066
0.057019
0.057051
0.056532
0.057450
0.057968
0.058121
0.058598
0.055528
0.056653
0.056282
0.057363
0.057055
0.057813
0.057558
0.057561
0.057106
0.057958
0.057978
0.058057
0.057935
0.056736
0.058113
0.056487
0.057617
0.056881
0.057628
0.058347
0.057247
0.057200
0.056704
0.059559
0.057063
0.056614
0.055858
0.056500
0.055980
0.056665
0.055700
0.055147
0.056356
0.057321
0.056596
0.056142
0.055985
0.058462
0.056663
0.056763
0.057234
0.057328
0.056763
0.056368
0.057626
0.056627
0.058294
0.057113
0.057345
0.057534
0.058345
0.058766
0.058928
0.058626
0.060649
0.060234
0.058994
0.060480
0.060267
0.060138
0.059363
0.060933
0.059213
0.061479
0.060593
0.060935
0.059865
0.061122
0.060311
0.060166
0.060720
0.060283
0.060536
0.061078
0.060728
0.060452
0.060179
0.059462
0.061693
0.060642
0.059541
0.059986
0.059448
0.058831
0.059600
0.059002
0.060951
0.060315
0.060645
0.060238
0.059387
0.060657
0.059198
0.059118
0.060412
0.059623
0.061457
0.060653
0.059049
0.059269
0.060013
0.060212
0.058869
0.060178
0.059427
0.058997
0.058305
0.066794
0.058438
0.060477
0.058328
0.058847
0.059734
0.059046
0.059003
0.059036
0.059158
0.058717
0.059722
0.058927
0.058596
0.058991
0.059244
0.059030
0.058575
0.059579
0.060030
0.059661
0.058619
0.060004
0.058950
0.060482
0.060846
0.058461
0.059696
0.059896
0.060504
0.058928
0.058231
0.058668
0.058405
0.058527
0.057961
0.059315
0.060692
0.058972
0.058176
0.059466
0.060285
0.057472
0.059855
0.058511
0.058652
0.058015
0.058644
0.058157
0.058107
0.058767
0.059601
0.058528
0.059969
0.057900
0.057350
0.057713
0.058218
0.057516
0.057814
0.056720
0.057386
0.058320
0.058084
0.056766
0.057550
0.057815
0.056960
0.058302
0.058800
0.057656
0.058000
0.057357
0.058211
0.057954
0.060091
0.059216
0.057511
0.059254
0.057699
0.059147
0.059165
0.060013
0.058103
0.059274
0.059151
0.059321
0.058812
0.060492
0.058857
0.058519
0.058591
0.058208
0.058066
0.058944
0.060540
0.058273
0.058602
0.058950
0.059988
0.060400
0.061291
0.059328
0.060438
0.061605
0.062932
0.060412
0.061168
0.060923
0.060606
0.062241
0.062112
0.061421
0.062915
0.061692
0.060844
0.060103
0.059223
0.060413
0.060083
0.060836
0.057603
0.059159
0.060603
0.058278
0.057612
0.059267
0.059693
0.059021
0.059516
0.057721
0.057692
0.059284
0.057566
0.058160
0.056994
0.056984
0.057821
0.057775
0.056742
0.057012
0.058103
0.056445
0.058407
0.056473
0.056333
0.057540
0.058292
0.057189
0.058655
0.060435
0.060831
0.062093
0.062406
0.061939
0.062383
0.062342
0.062332
0.063361
0.062908
0.061219
0.061650
0.062669
0.062836
0.063084
0.062654
0.063670
0.063176
0.062612
0.063217
0.062506
0.062653
0.064223
0.061719
0.062256
0.061782
0.061669
0.061076
0.061706
0.061397
0.062261
0.060686
0.061036
0.061700
0.062303
0.060914
0.061274
0.061762
0.060684
0.062547
0.062704
0.062819
0.061837
0.062656
0.062851
0.063281
0.063339
0.065125
0.062809
0.062577
0.062956
0.062403
0.062456
0.062129
0.062062
0.063555
0.063516
0.064648
0.061267
0.061439
0.062543
0.062145
0.061835
0.061832
0.063626
0.059922
0.059988
0.058799
0.057987
0.056737
0.057104
0.058069
0.057076
0.057816
0.056327
0.061235
0.056474
0.057141
0.056062
0.056477
0.055973
0.056168
0.056236
0.057479
0.054191
0.054529
0.055117
0.054320
0.056357
0.053135
0.054800
0.054801
0.053318
0.053753
0.054690
0.054676
0.053344
0.054206
0.054183
0.053175
0.053362
0.053627
0.055068
0.052443
0.052761
0.053645
0.052291
0.051518
0.050815
0.050897
0.052287
0.051388
0.049802
0.049691
0.050717
0.049718
0.048875
0.049273
0.051433
0.049328
0.051273
0.049171
0.049979
0.053555
0.050742
0.052157
0.052701
0.052424
0.052275
0.052542
0.052197
0.054549
0.053385
0.054146
0.055932
0.054375
0.054904
0.057630
0.056347
0.056532
0.058763
0.057656
0.057062
0.059047
0.057790
0.057599
0.058171
0.058385
0.059544
0.059737
0.059462
0.060065
0.060961
0.059680
0.060747
0.060396
0.059807
0.060274
0.062185
0.061323
0.062467
0.063082
0.063876
0.062291
0.062008
0.061859
0.062807
0.062610
0.062083
0.061110
0.061540
0.063706
0.060774
0.060077
0.060312
0.059103
0.057475
0.062576
0.057707
0.058449
0.056985
0.057471
0.058385
0.056271
0.057350
0.056734
0.056656
0.057867
0.057759
0.056737
0.058598
0.060761
0.057585
0.054606
0.053653
0.053086
0.052933
0.052319
0.052863
0.051771
0.052766
0.054004
0.054848
0.052614
0.051879
0.052923
0.053079
0.053900
0.054336
0.056571
0.058537
0.058937
0.058452
0.059538
0.058540
0.058581
0.057798
0.057679
0.056105
0.056727
0.055339
0.054758
0.053749
0.052285
0.052806
0.051261
0.050786
0.049972
0.051412
0.049537
0.049930
0.050938
0.050697
0.051048
0.050137
0.050122
0.048943
0.050450
0.049662
0.049005
0.049526
0.049012
0.049300
0.049049
0.048439
0.049397
0.048991
0.048329
0.048914
0.049144
0.049301
0.049190
0.048081
0.048036
0.048829
0.050116
0.049910
0.049525
0.049085
0.050222
0.048646
0.050790
0.050445
0.048671
0.048732
0.050406
0.048074
0.048387
0.048897
0.049904
0.047146
0.047403
0.048266
0.047629
0.047073
0.046859
0.047744
0.046972
0.047987
0.046981
0.047483
0.047067
0.045890
0.047000
0.044705
0.045274
0.047334
0.046518
0.047171
0.046346
0.046713
0.045744
0.045627
0.047883
0.053097
0.047713
0.048340
0.047040
0.047508
0.046666
0.046296
0.046051
0.045850
0.045564
0.045378
0.046648
0.046418
0.046676
0.045712
0.046017
0.046231
0.045737
0.045680
0.045156
0.045479
0.045627
0.046380
0.045220
0.044805
0.045015
0.044788
0.047525
0.048241
0.045556
0.049140
0.047501
0.048679
0.045494
0.048323
0.047232
0.047136
0.046730
0.048018
0.046117
0.047976
0.046467
0.047516
0.047080
0.047799
0.047129
0.047306
0.048259
0.048125
0.050569
0.046587
0.047182
0.047808
0.048781
0.047566
0.048786
0.046518
0.047233
0.049733
0.048904
0.047600
0.048562
0.047248
0.050317
0.047157
0.047315
0.047027
0.047974
0.049170
0.046806
0.047040
0.048685
0.047483
0.047684
0.049309
0.047539
0.047036
0.047163
0.046965
0.047811
0.047241
0.046644
0.047505
0.046545
0.046884
0.046184
0.045555
0.044361
0.044017
0.042692
0.043212
0.043776
0.044046
0.045505
0.044074
0.045289
0.046016
0.046201
0.046117
0.046778
0.049321
0.047736
0.047078
0.047421
0.047051
0.048369
0.047684
0.047614
0.047888
0.048688
0.047583
0.047133
0.047091
0.047286
0.048127
0.046532
0.046808
0.046826
0.047879
0.046988
0.051720
0.047369
0.047039
0.046706
0.048281
0.046445
0.047334
0.048341
0.046777
0.047084
0.049610
0.047059
0.046792
0.047594
0.048859
0.048418
0.046689
0.047262
0.046374
0.046409
0.047479
0.048735
0.047081
0.047486
0.046922
0.047232
0.047111
0.046420
0.046784
0.046923
0.047409
0.046369
0.048025
0.048077
0.047506
0.047999
0.046734
0.046825
0.046868
0.047435
0.046940
0.047099
0.047973
0.048115
0.047145
0.047730
0.047365
0.047034
0.047488
0.047551
0.048341
0.046913
0.047468
0.046710
0.048406
0.047256
0.047283
0.047502
0.049173
0.046988
0.047860
0.046754
0.048553
0.047101
0.047183
0.047478
0.048322
0.048587
0.048497
0.048664
0.048549
0.048107
0.048145
0.047745
0.047248
0.047421
0.047306
0.046481
0.047543
0.046658
0.047065
0.047262
0.047928
0.048383
0.047280
0.047290
0.046660
0.047163
0.046806
0.047592
0.047362
0.047741
0.047099
0.047393
0.047301
0.047298
0.046717
0.047045
0.046829
0.047643
0.048583
0.047460
0.047163
0.048985
0.047243
0.047060
0.047656
0.047550
0.047661
0.047110
0.046645
0.047268
0.047863
0.049301
0.047901
0.046967
0.046259
0.048758
0.047973
0.047010
0.047085
0.046853
0.046189
0.045743
0.045847
0.048032
0.046217
0.047224
0.045690
0.047513
0.045933
0.046050
0.045929
0.047637
0.046760
0.046342
0.046887
0.046977
0.046783
0.046353
0.047832
0.046474
0.046913
0.048216
0.046803
0.047093
0.048044
0.047102
0.048768
0.048918
0.047585
0.047313
0.047507
0.046968
0.048705
0.046759
0.047363
0.046974
0.047808
0.046913
0.047201
0.046601
0.047677
0.048263
0.047689
0.047512
0.047088
0.048570
0.048535
0.048350
0.049044
0.048592
0.048266
0.047962
0.047137
0.048589
0.048581
0.048567
0.047884
0.048837
0.047854
0.049289
0.048041
0.047303
0.047251
0.048118
0.049853
0.047782
0.049146
0.047853
0.047370
0.046835
0.047184
0.046510
0.047064
0.046740
0.047384
0.046967
0.047572
0.047846
0.047920
0.047344
0.046995
0.047298
0.048090
0.048268
0.047926
0.047199
0.046591
0.047207
0.046959
0.047113
0.047320
0.048059
0.047691
0.049106
0.046668
0.046856
0.046819
0.047317
0.047723
0.047559
0.047528
0.048468
0.048757
0.047596
0.048035
0.047390
0.047122
0.048545
0.047756
0.046969
0.047856
0.046411
0.047891
0.047945
0.047349
0.047484
0.046938
0.050629
0.048814
0.047484
0.047998
0.047014
0.046591
0.046328
0.046699
0.046933
0.048278
0.046323
0.046387
0.046834
0.046887
0.046696
0.047680
0.047686
0.047069
0.048350
0.049334
0.047825
0.048381
0.046891
0.046897
0.048934
0.047565
0.047832
0.048033
0.047426
0.046375
0.046706
0.048221
0.046525
0.048110
0.047555
0.047983
0.047209
0.049751
0.047746
0.049468
0.046980
0.047839
0.046765
0.047332
0.046854
0.047479
0.046524
0.046454
0.046678
0.047530
0.046775
0.047216
0.048067
0.048691
0.046850
0.047329
0.046772
0.046525
0.047247
0.047646
0.047265
0.048601
0.047070
0.047235
0.046782
0.047032
0.047931
0.047284
0.048211
0.048213
0.048630
0.046731
0.048074
0.047278
0.047642
0.046411
0.047488
0.047847
0.047073
0.046926
0.046943
0.046813
0.047369
0.046735
0.047975
0.047068
0.048361
0.048248
0.048273
0.048240
0.048195
0.047685
0.048149
0.047822
0.048318
0.048987
0.048277
0.048232
0.047835
0.048125
0.047497
0.047419
0.047767
0.048412
0.047280
0.046665
0.047177
0.047281
0.046907
0.046272
0.046036
0.046663
0.048055
0.046176
0.046858
0.047028
0.046692
0.046395
0.046289
0.047475
0.047303
0.047739
0.046563
0.047542
0.047440
0.047040
0.046919
0.047722
0.046967
0.047522
0.047397
0.048011
0.048484
0.048560
0.048430
0.047835
0.047993
0.049093
0.048785
0.047726
0.048735
0.047894
0.048517
0.048468
0.048462
0.049335
0.049719
0.050107
0.049212
0.048153
0.048901
0.049187
0.048365
0.048616
0.048257
0.048588
0.049565
0.048165
0.047398
0.046823
0.046958
0.046965
0.047708
0.048797
0.049186
0.048910
0.048590
0.049117
0.047741
0.049604
0.048807
0.050601
0.051491
0.050583
0.047809
0.049043
0.049909
0.049135
0.048560
0.049470
0.047958
0.047794
0.048611
0.048117
0.048143
0.048464
0.048396
0.047837
0.048287
0.048276
0.047510
0.046928
0.047433
0.047790
0.048361
0.047501
0.047477
0.047289
0.047238
0.046152
0.047733
0.046482
0.045673
0.045373
0.045164
0.045313
0.045176
0.044695
0.045672
0.044604
0.044143
0.044472
0.044659
0.044660
0.044390
0.044471
0.045132
0.045363
0.044965
0.045309
0.045257
0.045865
0.044721
0.045521
0.045128
0.045335
0.044970
0.045226
0.045037
0.045774
0.045043
0.045382
0.045206
0.045076
0.045391
0.045245
0.045667
0.044823
0.045554
0.045704
0.045877
0.045710
0.046276
0.045606
0.046625
0.045552
0.045538
0.045012
0.045022
0.046276
0.045983
0.045723
0.045328
0.045525
0.045387
0.045734
0.045007
0.045147
0.045122
0.045242
0.046326
0.047176
0.047887
0.046294
0.046001
0.046032
0.045241
0.045904
0.046162
0.045437
0.045071
0.045080
0.045341
0.045467
0.045412
0.044684
0.045427
0.044904
0.044954
0.045279
0.044890
0.045245
0.044326
0.044745
0.044929
0.044322
0.044062
0.044489
0.045041
0.044510
0.044450
0.045648
0.045043
0.045104
0.044595
0.046269
0.044871
0.045279
0.045510
0.044464
0.044651
0.045706
0.045108
0.044817
0.044505
0.045415
0.045185
0.046976
0.045381
0.044718
0.045366
0.045010
0.045533
0.044918
0.044916
0.046232
0.045515
0.045776
0.045774
0.045787
0.044864
0.046825
0.045534
0.046324
0.044926
0.045071
0.045865
0.044947
0.045033
0.045774
0.046930
0.045192
0.046972
0.047737
0.045483
0.046679
0.047331
0.045773
0.045584
0.046154
0.046436
0.044786
0.046067
0.045275
0.045145
0.044714
0.045043
0.044960
0.045173
0.045235
0.045003
0.044304
0.045942
0.045099
0.044681
0.044502
0.044237
0.045059
0.044929
0.044360
0.044288
0.044344
0.044150
0.044020
0.044838
0.044717
0.044823
0.044562
0.045426
0.044859
0.046326
0.042732
0.043297
0.041802
0.040907
0.040520
0.040178
0.041173
0.041035
0.040133
0.041352
0.041851
0.041863
0.041836
0.040636
0.040309
0.036680
0.036197
0.034637
0.033826
0.034095
0.033220
0.033389
0.034927
0.034734
0.034682
0.035110
0.035450
0.035904
0.036531
0.036926
0.037247
0.038012
0.038050
0.037466
0.038976
0.039331
0.040986
0.041916
0.043570
0.043802
0.045746
0.046717
0.045748
0.045607
0.045309
0.044697
0.044608
0.044701
0.044403
0.044321
0.044382
0.045674
0.044529
0.045896
0.044579
0.044595
0.047711
0.045464
0.045620
0.046309
0.045448
0.044755
0.045059
0.045288
0.045508
0.045213
0.044290
0.044222
0.044358
0.044664
0.044498
0.044727
0.044991
0.044788
0.046460
0.045903
0.046789
0.045718
0.045232
0.045774
0.045230
0.045570
0.045747
0.045575
0.045080
0.044860
0.043877
0.044675
0.044776
0.044274
0.044482
0.044482
0.045951
0.044681
0.044886
0.044705
0.044122
0.045726
0.045342
0.044941
0.044409
0.044558
0.044427
0.044141
0.044077
0.043817
0.044948
0.044075
0.044446
0.043624
0.044362
0.044051
0.044315
0.044596
0.043696
0.044425
0.044549
0.044429
0.044654
0.043913
0.044404
0.044810
0.045057
0.044507
0.044501
0.048033
0.043864
0.044907
0.044330
0.046824
0.044398
0.044335
0.044399
0.043736
0.044230
0.047339
0.044088
0.044708
0.044666
0.046116
0.044665
0.044294
0.044899
0.046569
0.044510
0.044660
0.045606
0.045559
0.044879
0.044732
0.045330
0.044876
0.044844
0.045613
0.045279
0.045864
0.044946
0.048107
0.044648
0.045084
0.044763
0.044877
0.044542
0.044351
0.045696
0.045799
0.044180
0.044823
0.045173
0.043643
0.043933
0.044281
0.044098
0.043647
0.044089
0.044273
0.044504
0.044794
0.044424
0.046023
0.044139
0.043893
0.043967
0.044537
0.042878
0.043372
0.044589
0.044623
0.044787
0.043676
0.044789
0.043585
0.045814
0.044069
0.044051
0.045394
0.044363
0.044984
0.044746
0.044857
0.045881
0.045541
0.044760
0.045238
0.043441
0.043961
0.044897
0.045472
0.044414
0.043909
0.044860
0.043666
0.045118
0.044377
0.044808
0.043699
0.044604
0.044779
0.045193
0.045639
0.047609
0.046342
0.045030
0.046886
0.046615
0.046363
0.045871
0.046140
0.045064
0.045070
0.046095
0.046404
0.045931
0.045332
0.045944
0.044972
0.044776
0.045276
0.045247
0.045359
0.045221
0.045502
0.045224
0.044884
0.044686
0.044547
0.045067
0.045536
0.045489
0.044578
0.045150
0.045440
0.044850
0.045030
0.044967
0.045949
0.045604
0.045587
0.044736
0.045336
0.045159
0.044741
0.045088
0.045182
0.046755
0.045176
0.045111
0.046155
0.045539
0.045832
0.045736
0.045003
0.045956
0.046842
0.046728
0.045368
0.044576
0.044248
0.044975
0.053289
0.045821
0.045305
0.046548
0.045641
0.046832
0.045436
0.046047
0.045654
0.045157
0.045353
0.046030
0.045371
0.045075
0.044965
0.045671
0.045649
0.044776
0.044949
0.045981
0.044961
0.046329
0.045409
0.044574
0.045422
0.045729
0.046871
0.045142
0.045520
0.045756
0.045959
0.046047
0.045389
0.045254
0.046040
0.046701
0.046056
0.044955
0.045026
0.045631
0.044776
0.045050
0.045514
0.045020
0.045864
0.045157
0.045383
0.044896
0.046758
0.045165
0.045218
0.044804
0.046855
0.044868
0.044856
0.044795
0.044646
0.044729
0.044699
0.044650
0.046360
0.044556
0.046735
0.045503
0.044994
0.045649
0.045203
0.045604
0.044754
0.046567
0.046712
0.044530
0.044748
0.044399
0.045467
0.044410
0.045136
0.043942
0.044466
0.045213
0.045614
0.044119
0.045280
0.045918
0.045302
0.046026
0.044750
0.045529
0.045670
0.044860
0.049533
0.044637
0.044392
0.044226
0.046200
0.045369
0.044239
0.043846
0.044305
0.045000
0.044898
0.043897
0.046883
0.044521
0.045506
0.045064
0.045729
0.045986
0.044800
0.044846
0.044784
0.044722
0.044649
0.045565
0.045054
0.044621
0.044072
0.043885
0.043854
0.045295
0.044046
0.043956
0.044491
0.043535
0.044369
0.042972
0.042918
0.043088
0.043695
0.043604
0.044647
0.043654
0.043209
0.044078
0.043806
0.042425
0.043752
0.043316
0.044449
0.043184
0.042647
0.043132
0.042330
0.044006
0.042867
0.042985
0.043656
0.042291
0.042291
0.048538
0.043848
0.043011
0.043172
0.043209
0.042783
0.043081
0.042706
0.043577
0.043162
0.043046
0.043877
0.046158
0.043858
0.043553
0.044044
0.043911
0.044095
0.044946
0.044775
0.045585
0.043885
0.046336
0.045038
0.043959
0.044435
0.045957
0.044897
0.044613
0.044645
0.045292
0.044860
0.044228
0.044469
0.045235
0.044632
0.045376
0.046953
0.046948
0.047898
0.046161
0.048691
0.047961
0.048305
0.048586
0.048493
0.049118
0.051166
0.049553
0.050059
0.050181
0.049534
0.051806
0.050642
0.053335
0.051982
0.052541
0.051449
0.051408
0.051122
0.052166
0.052049
0.051485
0.055143
0.053260
0.052744
0.051753
0.052898
0.053372
0.054488
0.052616
0.053678
0.054681
0.054222
0.053119
0.052379
0.053871
0.051869
0.051686
0.052295
0.052510
0.053383
0.052593
0.052830
0.053765
0.055222
0.054265
0.052881
0.055898
0.053621
0.055294
0.056807
0.059476
0.058020
0.061135
0.059857
0.057677
0.057082
0.057129
0.058911
0.055404
0.053524
0.050819
0.049757
0.049197
0.048265
0.049546
0.050771
0.048222
0.047640
0.047039
0.048034
0.047859
0.048259
0.049960
0.050802
0.051144
0.050531
0.050620
0.049271
0.048799
0.049055
0.048655
0.048205
0.050551
0.048775
0.048426
0.050685
0.049661
0.049153
0.048679
0.049583
0.049044
0.049142
0.050688
0.049822
0.051388
0.050834
0.049785
0.050542
0.052326
0.052349
0.052232
0.056021
0.055870
0.056353
0.054874
0.055102
0.054470
0.055598
0.055533
0.056323
0.057579
0.056819
0.055454
0.055838
0.059295
0.055638
0.056313
0.057395
0.056372
0.055664
0.055950
0.055272
0.056784
0.059326
0.054711
0.055694
0.055043
0.057346
0.054084
0.058313
0.054231
0.052889
0.054614
0.054638
0.054985
0.053917
0.054009
0.054653
0.057182
0.057247
0.054819
0.056408
0.056024
0.057450
0.058081
0.057937
0.055808
0.056166
0.056821
0.057959
0.056636
0.059500
0.059658
0.060967
0.061442
0.057727
0.058887
0.061890
0.057745
0.060578
0.061037
0.058397
0.059468
0.061400
0.060208
0.060305
0.062058
0.057640
0.061002
0.063111
0.063049
0.061156
0.061593
0.059844
0.062048
0.058370
0.063315
0.058832
0.061435
0.060878
0.059640
0.060169
0.056038
0.057914
0.059080
0.058305
0.058656
0.056947
0.057941
0.056039
0.059681
0.058522
0.057965
0.056554
0.057341
0.060585
0.059010
0.058303
0.059271
0.058578
0.058168
0.059311
0.059409
0.062309
0.058621
0.059802
0.055155
0.057814
0.058297
0.055882
0.058693
0.059367
0.058852
0.058900
0.058955
0.058804
0.058400
0.062853
0.057518
0.058539
0.059143
0.058810
0.060245
0.056550
0.057429
0.056199
0.059711
0.059080
0.059411
0.057941
0.058997
0.059137
0.059429
0.056841
0.057259
0.056447
0.055181
0.056929
0.056707
0.056945
0.057230
0.056902
0.057180
0.057048
0.055413
0.058471
0.054517
0.056396
0.054882
0.054211
0.054610
0.055609
0.054417
0.053098
0.052444
0.054509
0.053555
0.052542
0.055934
0.053498
0.053514
0.052549
0.055274
0.054487
0.053865
0.053372
0.055761
0.054979
0.057635
0.053515
0.053246
0.052931
0.055809
0.056753
0.054569
0.054310
0.051256
0.052117
0.054709
0.050690
0.049057
0.049269
0.050900
0.049357
0.048761
0.049824
0.049044
0.048255
0.049253
0.048899
0.047695
0.048271
0.047568
0.048007
0.048643
0.049735
0.048734
0.048045
0.047433
0.047518
0.048134
0.048111
0.048143
0.048905
0.048844
0.049367
0.053817
0.051749
0.053729
0.051665
0.052871
0.055318
0.055390
0.053069
0.052744
0.053554
0.054694
0.052697
0.054897
0.054048
0.052837
0.054339
0.054804
0.055171
0.055740
0.056266
0.056803
0.056258
0.057718
0.057755
0.056113
0.056754
0.056308
0.058196
0.059776
0.058475
0.059200
0.056734
0.055772
0.060340
0.061241
0.059126
0.060218
0.062602
0.060404
0.060453
0.060984
0.058204
0.059435
0.060633
0.059613
0.062839
0.058473
0.058585
0.057282
0.060290
0.058786
0.059739
0.060284
0.059900
0.060689
0.058189
0.057808
0.063084
0.063060
0.058305
0.061102
0.060963
0.061490
0.061377
0.059341
0.055531
0.061138
0.061412
0.061299
0.059388
0.058801
0.058428
0.057087
0.056042
0.057691
0.058340
0.057707
0.057598
0.056445
0.057426
0.057594
0.057029
0.056087
0.056243
0.056076
0.056713
0.056463
0.056222
0.057842
0.056866
0.056038
0.056381
0.055124
0.056881
0.052046
0.054700
0.058489
0.057115
0.055133
0.055836
0.055389
0.055315
0.055062
0.055807
0.056337
0.055691
0.057702
0.057747
0.057920
0.057282
0.057541
0.055507
0.057546
0.058074
0.057155
0.054866
0.054157
0.052899
0.058342
0.053336
0.056511
0.057977
0.055895
0.056246
0.054363
0.057767
0.055423
0.059078
0.058676
0.056086
0.056057
0.057951
0.058515
0.059353
0.057466
0.055869
0.059256
0.059265
0.059419
0.060001
0.059592
0.059657
0.058822
0.061527
0.059545
0.059473
0.060229
0.060970
0.061001
0.059715
0.061329
0.061525
0.063091
0.062112
0.063375
0.057139
0.056347
0.062456
0.060394
0.061131
0.057087
0.059390
0.060756
0.055102
0.056370
0.058695
0.058199
0.056837
0.060265
0.061666
0.060120
0.060818
0.060159
0.058526
0.059755
0.055944
0.057662
0.059896
0.058824
0.058970
0.059852
0.060376
0.059492
0.054573
0.055170
0.056680
0.059102
0.060182
0.057969
0.060650
0.062022
0.059368
0.058788
0.062816
0.060716
0.059073
0.064508
0.063016
0.061613
0.063898
0.061175
0.058267
0.056740
0.057340
0.061435
0.056763
0.054758
0.056070
0.055223
0.056499
0.057920
0.055987
0.056654
0.055144
0.055436
0.056657
0.054010
0.056089
0.054563
0.055214
0.056698
0.057386
0.058048
0.057881
0.055645
0.054817
0.058589
0.056832
0.055910
0.055324
0.056509
0.055245
0.054425
0.054895
0.054636
0.055679
0.054895
0.054819
0.057449
0.055981
0.055674
0.056575
0.055636
0.055905
0.054941
0.054817
0.055422
0.054136
0.054357
0.055824
0.055287
0.054029
0.057230
0.054870
0.056290
0.057264
0.055497
0.056623
0.054428
0.056899
0.056515
0.056060
0.055513
0.054727
0.056408
0.054980
0.056133
0.055818
0.058613
0.055035
0.055264
0.054928
0.055343
0.055827
0.054858
0.056260
0.058676
0.055085
0.057841
0.056536
0.058013
0.057458
0.055863
0.058309
0.056413
0.059650
0.054973
0.056796
0.058591
0.056716
0.059392
0.055607
0.059224
0.059017
0.058254
0.058967
0.060607
0.060447
0.060950
0.058243
0.060407
0.058966
0.060987
0.063085
0.061728
0.062376
0.063187
0.060615
0.064142
0.064080
0.062962
0.062460
0.064419
0.066210
0.060561
0.060992
0.063688
0.063806
0.065841
0.062465
0.062864
0.062612
0.063072
0.059304
0.060495
0.062799
0.061729
0.061153
0.057217
0.060872
0.061826
0.058704
0.062435
0.061069
0.058936
0.057798
0.058014
0.059884
0.058894
0.061837
0.062308
0.060108
0.060250
0.058513
0.062069
0.060359
0.060810
0.059909
0.064025
0.060299
0.062886
0.063095
0.064452
0.064199
0.062915
0.064876
0.063138
0.062544
0.062802
0.063278
0.063756
0.065025
0.063036
0.063533
0.065863
0.063845
0.064739
0.063533
0.061092
0.061571
0.060060
0.063052
0.064321
0.063927
0.066255
0.063784
0.063657
0.063467
0.061111
0.061145
0.064423
0.059787
0.064599
0.059447
0.063202
0.060314
0.061804
0.057470
0.060216
0.059432
0.060124
0.064195
0.059723
0.058090
0.055016
0.058849
0.059947
0.062651
0.061460
0.058077
0.058914
0.058183
0.058635
0.055720
0.056647
0.058161
0.059325
0.063389
0.057839
0.057758
0.056517
0.058384
0.059677
0.059811
0.063909
0.061038
0.057834
0.058155
0.060369
0.059219
0.059259
0.055361
0.057356
0.059319
0.057830
0.055816
0.056883
0.054875
0.052638
0.053510
0.051747
0.051284
0.051017
0.052295
0.050492
0.051771
0.051585
0.051132
0.051268
0.052839
0.052826
0.053291
0.051414
0.051999
0.049339
0.049538
0.051707
0.051719
0.050120
0.049907
0.049797
0.049869
0.049657
0.049620
0.048649
0.047451
0.047947
0.047054
0.047623
0.046877
0.046896
0.046127
0.046767
0.046222
0.046007
0.050550
0.045778
0.046205
0.045283
0.045229
0.046067
0.047571
0.047263
0.045942
0.044969
0.048293
0.048545
0.047231
0.046224
0.046143
0.045354
0.045830
0.046628
0.045726
0.046361
0.046118
0.045790
0.046068
0.046790
0.048976
0.049109
0.049116
0.048517
0.051362
0.051743
0.052169
0.050229
0.051807
0.053728
0.052935
0.050737
0.050520
0.050205
0.050041
0.050052
0.048641
0.050599
0.051183
0.050936
0.053396
0.052904
0.050815
0.052552
0.052951
0.053857
0.052706
0.054933
0.051581
0.051556
0.053158
0.051335
0.052071
0.053457
0.055540
0.056257
0.056136
0.052781
0.051895
0.052586
0.053823
0.055136
0.053754
0.055216
0.053674
0.053347
0.055031
0.054292
0.054982
0.054629
0.058108
0.055630
0.058176
0.054060
0.056911
0.058207
0.058297
0.059300
0.059657
0.055788
0.060974
0.060159
0.059123
0.059968
0.059532
0.058759
0.056386
0.058687
0.056260
0.058439
0.055514
0.058589
0.054902
0.056939
0.057517
0.058498
0.058375
0.054540
0.055419
0.055183
0.055547
0.054842
0.051845
0.055079
0.053745
0.057171
0.059006
0.057444
0.056021
0.057708
0.058677
0.056841
0.054527
0.057147
0.056646
0.056736
0.058614
0.053778
0.055557
0.056194
0.057353
0.057793
0.058499
0.059202
0.059094
0.060440
0.058859
0.060408
0.056295
0.059011
0.060901
0.056455
0.058730
0.058424
0.060693
0.059252
0.062448
0.060211
0.058595
0.059902
0.055599
0.058084
0.059983
0.059174
0.059889
0.061754
0.056643
0.055170
0.059868
0.059082
0.060360
0.059345
0.059228
0.059672
0.060762
0.060699
0.058308
0.058279
0.059876
0.054840
0.057478
0.056759
0.055216
0.057348
0.059291
0.059732
0.055661
0.060567
0.058933
0.056868
0.059051
0.059508
0.061597
0.059695
0.061089
0.055073
0.059907
0.061619
0.062102
0.061418
0.058303
0.054663
0.058965
0.059908
0.055426
0.057715
0.061222
0.060622
0.063088
0.060216
0.056325
0.058831
0.056415
0.060248
0.057633
0.061051
0.056614
0.059829
0.059381
0.058801
0.058397
0.060446
0.059211
0.059666
0.058345
0.056895
0.058399
0.061205
0.060455
0.059546
0.059286
0.057120
0.055906
0.054406
0.057198
0.057984
0.056095
0.058885
0.057671
0.054294
0.057448
0.055948
0.056848
0.060797
0.060654
0.058937
0.060171
0.059200
0.059641
0.060708
0.062641
0.062288
0.057823
0.059876
0.063080
0.066663
0.065970
0.066452
0.064386
0.062287
0.063618
0.059992
0.059811
0.058807
0.057628
0.058065
0.057401
0.056569
0.057512
0.056257
0.056011
0.057257
0.055351
0.055128
0.057004
0.054596
0.054346
0.056024
0.055433
0.055435
0.054529
0.055710
0.054579
0.054791
0.054384
0.055530
0.057172
0.054192
0.056005
0.053714
0.053528
0.052879
0.052662
0.052251
0.053664
0.052375
0.053358
0.051706
0.051840
0.052120
0.053306
0.052448
0.052410
0.052027
0.053293
0.052705
0.052471
0.052227
0.054915
0.052415
0.051918
0.051500
0.053198
0.051777
0.051410
0.051625
0.051381
0.050623
0.050643
0.050783
0.050470
0.050826
0.050710
0.049681
0.049729
0.052740
0.051717
0.049736
0.052359
0.051827
0.050200
0.050321
0.050873
0.049958
0.049791
0.049921
0.050493
0.049087
0.050422
0.049409
0.049757
0.049357
0.048997
0.049867
0.050113
0.050045
0.048834
0.049656
0.051214
0.051177
0.049284
0.051359
0.050292
0.050364
0.050520
0.050132
0.050864
0.051486
0.051828
0.053686
0.052579
0.052118
0.052557
0.051482
0.052863
0.052955
0.056410
0.055500
0.052698
0.051647
0.054501
0.053047
0.051381
0.051491
0.051926
0.051847
0.052275
0.053927
0.054731
0.054322
0.053946
0.051817
0.053064
0.052609
0.057141
0.055338
0.054966
0.055108
0.055554
0.056929
0.057985
0.054766
0.058475
0.056143
0.056087
0.056512
0.054975
0.055415
0.054821
0.054978
0.056368
0.054989
0.056537
0.056341
0.057124
0.057748
0.057693
0.058425
0.058891
0.059382
0.057425
0.060295
0.057017
0.055389
0.059085
0.057745
0.056093
0.058864
0.058586
0.059200
0.055060
0.055905
0.059690
0.054945
0.056403
0.057574
0.054925
0.053443
0.055713
0.055751
0.054458
0.055018
0.055074
0.055338
0.054830
0.055565
0.057574
0.059120
0.058820
0.059179
0.062989
0.058439
0.062669
0.062024
0.061709
0.059876
0.062359
0.061549
0.057544
0.059304
0.061414
0.060577
0.061366
0.065203
0.065013
0.063237
0.063340
0.066358
0.066082
0.061803
0.065149
0.060951
0.065807
0.067168
0.063348
0.065491
0.065270
0.064740
0.065580
0.068326
0.063131
0.061627
0.059255
0.061929
0.066340
0.063924
0.066964
0.060700
0.066562
0.064530
0.064180
0.068299
0.070280
0.066033
0.067775
0.065821
0.063910
0.064174
0.066227
0.068652
0.060291
0.062520
0.063659
0.061154
0.064579
0.060591
0.058940
0.060204
0.061617
0.058881
0.059036
0.057327
0.057704
0.056196
0.057950
0.059606
0.058054
0.058704
0.056687
0.057583
0.057886
0.057461
0.058458
0.056754
0.060467
0.057480
0.056632
0.057486
0.057759
0.060107
0.059408
0.058807
0.057383
0.057117
0.057837
0.058419
0.058739
0.058963
0.062292
0.057727
0.056855
0.056182
0.055896
0.055394
0.054961
0.055610
0.054848
0.055153
0.056123
0.056484
0.057984
0.057884
0.056906
0.056192
0.057188
0.056159
0.055502
0.055039
0.055936
0.056453
0.058193
0.054424
0.054264
0.055737
0.054402
0.055851
0.054928
0.054879
0.054660
0.055222
0.054882
0.054337
0.054279
0.056253
0.056880
0.055880
0.056150
0.056401
0.055494
0.057060
0.055454
0.055840
0.055984
0.056486
0.057775
0.057112
0.058260
0.057206
0.060060
0.057064
0.056959
0.058316
0.057222
0.057256
0.058284
0.058296
0.058399
0.056899
0.057379
0.056900
0.057837
0.056883
0.056092
0.057394
0.056905
0.055775
0.056131
0.055929
0.056445
0.054473
0.057171
0.057207
0.056937
0.057335
0.058014
0.057490
0.056949
0.056542
0.056838
0.055152
0.055828
0.054185
0.055454
0.056350
0.054468
0.056978
0.054835
0.054076
0.055596
0.055170
0.054878
0.054989
0.055984
0.058995
0.056185
0.055907
0.057412
0.058102
0.059339
0.058248
0.058964
0.059135
0.058461
0.058552
0.061708
0.062948
0.064704
0.064470
0.064537
0.065624
0.066437
0.064298
0.061333
0.063151
0.067514
0.064244
0.059812
0.061475
0.060228
0.059790
0.059592
0.057808
0.059701
0.057373
0.059537
0.060164
0.062255
0.061595
0.057520
0.057026
0.057111
0.056707
0.058249
0.056441
0.058847
0.058064
0.059775
0.056356
0.055313
0.055997
0.057813
0.056674
0.056951
0.056265
0.056432
0.054247
0.055602
0.055052
0.057826
0.060422
0.063833
0.059388
0.059072
0.058311
0.059296
0.061623
0.060940
0.060434
0.060676
0.059175
0.057559
0.058790
0.059257
0.058752
0.058761
0.059970
0.058783
0.058916
0.058220
0.057432
0.062193
0.061058
0.058300
0.060946
0.059065
0.060474
0.059199
0.058827
0.060438
0.061111
0.059496
0.059925
0.059477
0.058024
0.057468
0.059088
0.058031
0.059742
0.057820
0.057545
0.059394
0.057972
0.057148
0.056180
0.061828
0.057157
0.058695
0.060033
0.061028
0.062341
0.060678
0.059008
0.061058
0.061612
0.059921
0.062154
0.061016
0.060109
0.065134
0.062339
0.062249
0.059258
0.061088
0.061733
0.060558
0.058715
0.058147
0.058442
0.058861
0.059088
0.060129
0.058319
0.061601
0.062487
0.059212
0.063372
0.062794
0.061619
0.061565
0.061764
0.062700
0.061540
0.063479
0.060721
0.058004
0.059986
0.063957
0.062211
0.058581
0.062382
0.058789
0.059182
0.060361
0.058838
0.061274
0.060590
0.060924
0.059694
0.059039
0.062153
0.066307
0.060491
0.059334
0.060167
0.062390
0.061967
0.061765
0.059926
0.060133
0.059775
0.061758
0.060198
0.060565
0.061094
0.063045
0.059001
0.058479
0.058586
0.062349
0.060678
0.060389
0.062256
0.059320
0.057786
0.061224
0.058774
0.060798
0.061102
0.061421
0.060505
0.061481
0.062519
0.062319
0.063942
0.065685
0.063588
0.063421
0.064700
0.064477
0.061953
0.062269
0.062919
0.070438
0.064362
0.060511
0.066788
0.064407
0.062908
0.064170
0.062235
0.060553
0.060654
0.063568
0.062115
0.064474
0.061653
0.062980
0.061527
0.061742
0.061450
0.061313
0.063613
0.064550
0.063822
0.060972
0.058132
0.060574
0.059278
0.058568
0.060493
0.060178
0.060075
0.064122
0.060651
0.063182
0.061739
0.066030
0.064957
0.063677
0.063213
0.060970
0.063572
0.061565
0.059542
0.062987
0.060009
0.060480
0.063194
0.065374
0.063506
0.061512
0.062908
0.061347
0.063029
0.060166
0.064741
0.062274
0.057276
0.053888
0.047461
0.044733
0.043744
0.044422
0.046293
0.051125
0.051726
0.054740
0.054803
0.054357
0.054656
0.054624
0.054798
0.051828
0.055038
0.054168
0.053689
0.054677
0.052555
0.052382
0.054946
0.054452
0.053950
0.058362
0.055290
0.053346
0.055845
0.054998
0.055083
0.056278
0.055206
0.055938
0.057554
0.056726
0.058138
0.057380
0.060801
0.058149
0.057662
0.058379
0.058623
0.060712
0.059066
0.061606
0.059619
0.063787
0.064070
0.061813
0.063892
0.060703
0.063536
0.065520
0.066397
0.065934
0.063913
0.064723
0.063006
0.065980
0.068271
0.062521
0.065411
0.065561
0.063210
0.066197
0.065140
0.067688
0.068345
0.067625
0.068722
0.062857
0.067099
0.066192
0.069685
0.065376
0.065701
0.064723
0.061748
0.064887
0.065246
0.066161
0.065351
0.062638
0.061507
0.066865
0.064279
0.061813
0.064533
0.065353
0.061067
0.064915
0.067863
0.066413
0.060163
0.065893
0.065110
0.062879
0.065638
0.063130
0.062452
0.061961
0.062890
0.059678
0.059430
0.059012
0.058239
0.057682
0.058393
0.059006
0.058328
0.057641
0.057436
0.057465
0.059242
0.056944
0.057945
0.057137
0.055859
0.056480
0.054334
0.056163
0.054426
0.055393
0.054583
0.054550
0.054618
0.055442
0.054791
0.055779
0.057124
0.054574
0.054981
0.054256
0.054337
0.054222
0.055921
0.056739
0.055069
0.055049
0.055118
0.055197
0.054656
0.054874
0.054211
0.055836
0.056093
0.057189
0.057018
0.057193
0.056862
0.055877
0.055517
0.056693
0.057511
0.056444
0.055898
0.056160
0.056954
0.056512
0.058101
0.056031
0.055934
0.058918
0.057829
0.059178
0.056733
0.056382
0.062222
0.058173
0.056900
0.056732
0.066185
0.056736
0.057671
0.056760
0.057125
0.056273
0.056783
0.056708
0.058141
0.055028
0.056030
0.056120
0.054497
0.056146
0.059139
0.057361
0.055073
0.055041
0.053027
0.055515
0.055077
0.054590
0.054411
0.052468
0.053054
0.053418
0.053972
0.051758
0.053056
0.054046
0.056136
0.056495
0.059019
0.054778
0.053783
0.057996
0.060472
0.061024
0.056036
0.058982
0.059113
0.058498
0.059743
0.061839
0.057576
0.061079
0.056602
0.060804
0.057003
0.056082
0.057191
0.052994
0.061855
0.055574
0.056208
0.056045
0.057549
0.058263
0.053984
0.055890
0.055939
0.054930
0.054655
0.058378
0.053658
0.058219
0.058263
0.054293
0.058562
0.052577
0.051421
0.053469
0.054059
0.057727
0.056262
0.058337
0.058353
0.058277
0.058311
0.057795
0.061792
0.063307
0.063423
0.065513
0.063600
0.060984
0.063246
0.058454
0.059583
0.059058
0.058332
0.060764
0.061656
0.061023
0.060207
0.058391
0.060148
0.057067
0.057264
0.055234
0.055380
0.054852
0.057158
0.054958
0.056392
0.057235
0.055301
0.057307
0.056962
0.057425
0.056556
0.057162
0.056041
0.056750
0.056851
0.056889
0.056009
0.056547
0.058929
0.056688
0.059401
0.056911
0.055516
0.054929
0.055229
0.055371
0.055265
0.056339
0.055582
0.056332
0.055771
0.055653
0.056332
0.056380
0.056240
0.059054
0.056488
0.056318
0.056286
0.057267
0.056288
0.056776
0.060810
0.059244
0.058168
0.058493
0.056892
0.057298
0.058166
0.059826
0.062808
0.057491
0.058790
0.058602
0.057297
0.057931
0.058029
0.058773
0.057854
0.057680
0.061108
0.057445
0.057930
0.060768
0.064406
0.059300
0.057743
0.059032
0.056646
0.056801
0.056393
0.056875
0.056879
0.058553
0.055634
0.056624
0.057497
0.056175
0.054984
0.057517
0.055682
0.055299
0.054981
0.055118
0.054406
0.054703
0.054598
0.054407
0.054702
0.054706
0.057215
0.054526
0.055684
0.057155
0.055368
0.055577
0.055610
0.057326
0.055789
0.055461
0.054846
0.056056
0.057894
0.055633
0.057492
0.056758
0.055526
0.055165
0.055240
0.055604
0.055422
0.054876
0.054801
0.056802
0.056015
0.055321
0.056736
0.058019
0.055315
0.056216
0.056116
0.065121
0.055252
0.056129
0.054832
0.055162
0.056081
0.055718
0.059291
0.056517
0.055539
0.055116
0.055841
0.057831
0.055305
0.056323
0.055717
0.055842
0.056672
0.056474
0.057783
0.055644
0.056903
0.055721
0.055433
0.054925
0.056171
0.056970
0.055707
0.055434
0.055036
0.055395
0.055383
0.056019
0.056432
0.056158
0.057412
0.056120
0.054470
0.055578
0.055888
0.057728
0.055145
0.054325
0.054724
0.055828
0.055149
0.055263
0.056294
0.055830
0.057993
0.055513
0.054536
0.054765
0.055120
0.055136
0.055699
0.055610
0.056877
0.057505
0.055777
0.055012
0.055679
0.056315
0.055979
0.057845
0.055219
0.056069
0.055133
0.057665
0.056878
0.055347
0.055402
0.055839
0.053312
0.054344
0.053830
0.052792
0.052899
0.053386
0.053807
0.054272
0.052596
0.052919
0.057118
0.052659
0.054469
0.053242
0.055837
0.054162
0.054030
0.054762
0.055492
0.055813
0.054831
0.054861
0.058852
0.058668
0.055873
0.056124
0.055399
0.055360
0.055768
0.053727
0.054789
0.054187
0.056006
0.054969
0.053866
0.053947
0.053817
0.055643
0.054873
0.053823
0.056897
0.054579
0.054953
0.059328
0.053995
0.055023
0.057600
0.055097
0.054227
0.054631
0.054208
0.053948
0.055960
0.054648
0.054764
0.053820
0.055721
0.053300
0.053620
0.053877
0.053019
0.053230
0.056075
0.056188
0.056128
0.060790
0.056907
0.053877
0.056479
0.055186
0.054085
0.053926
0.056450
0.053342
0.055794
0.052749
0.051990
0.052482
0.051812
0.051006
0.050449
0.050672
0.049280
0.051350
0.051843
0.051453
0.052339
0.050125
0.054163
0.050086
0.049809
0.049408
0.049239
0.048234
0.047703
0.049350
0.047983
0.047737
0.048479
0.048653
0.049206
0.049910
0.048567
0.047973
0.048484
0.048834
0.048410
0.048745
0.050331
0.048410
0.047854
0.048151
0.045932
0.046189
0.046497
0.047392
0.044915
0.045144
0.046059
0.045186
0.045240
0.044678
0.046153
0.045742
0.046111
0.046918
0.046044
0.046154
0.046052
0.044367
0.045808
0.044347
0.045185
0.043790
0.042752
0.042577
0.044192
0.044177
0.043741
0.043709
0.044166
0.044745
0.045130
0.044599
0.045063
0.046375
0.046911
0.043765
0.043858
0.045023
0.043769
0.043271
0.044443
0.042458
0.043139
0.043268
0.043006
0.041490
0.042036
0.042070
0.041736
0.041119
0.042099
0.041279
0.041112
0.042181
0.041243
0.041418
0.040959
0.041210
0.042119
0.042506
0.040956
0.041956
0.041262
0.041358
0.041221
0.040643
0.040528
0.040628
0.040855
0.040964
0.039944
0.039963
0.039308
0.039779
0.040118
0.039402
0.039689
0.040513
0.040913
0.038926
0.038904
0.039904
0.040080
0.038748
0.039492
0.039155
0.040170
0.038492
0.038779
0.038972
0.039166
0.039531
0.038754
0.039832
0.038549
0.038505
0.039826
0.042537
0.039125
0.039386
0.038919
0.039392
0.039497
0.038892
0.039172
0.038917
0.039681
0.039682
0.039326
0.039285
0.038802
0.038461
0.038860
0.038694
0.039344
0.038635
0.039688
0.038844
0.038948
0.038718
0.040056
0.039707
0.039601
0.038978
0.039031
0.038995
0.039143
0.039551
0.039466
0.040704
0.039415
0.039435
0.039419
0.039155
0.039303
0.039746
0.039709
0.038986
0.039473
0.039389
0.039480
0.040352
0.039933
0.040350
0.040562
0.039741
0.039821
0.041312
0.040820
0.040759
0.039702
0.039882
0.039788
0.039830
0.039749
0.039899
0.040532
0.039758
0.040039
0.040715
0.041457
0.039740
0.040352
0.039642
0.039761
0.039846
0.040731
0.040158
0.040490
0.041775
0.040639
0.041486
0.041003
0.041167
0.042486
0.043030
0.042110
0.042863
0.041837
0.042042
0.042560
0.043453
0.041039
0.041089
0.041532
0.041327
0.041635
0.040558
0.040691
0.040234
0.040707
0.041398
0.039481
0.040047
0.040533
0.041859
0.039607
0.039376
0.039657
0.041687
0.039715
0.039575
0.039074
0.038812
0.040540
0.039626
0.040043
0.040523
0.040111
0.040841
0.039948
0.040334
0.039944
0.040288
0.040418
0.041323
0.041414
0.040935
0.041010
0.042481
0.042599
0.040690
0.041607
0.041867
0.041215
0.041381
0.040977
0.041709
0.045605
0.041962
0.042215
0.042549
0.042368
0.041543
0.042269
0.041876
0.042167
0.043005
0.042190
0.042134
0.043360
0.041786
0.041635
0.042581
0.042465
0.043506
0.043169
0.045313
0.045032
0.043837
0.044879
0.044496
0.045078
0.045820
0.045367
0.046384
0.046389
0.044125
0.045452
0.045319
0.047202
0.043782
0.044349
0.045282
0.044888
0.045066
0.046433
0.044175
0.046394
0.046001
0.045218
0.044378
0.045530
0.044330
0.044289
0.043764
0.043637
0.043895
0.044078
0.043553
0.043789
0.044988
0.042871
0.043064
0.044263
0.043333
0.043514
0.042577
0.043256
0.043517
0.044636
0.042252
0.044421
0.043408
0.043751
0.041474
0.042944
0.041788
0.042603
0.041876
0.044366
0.042148
0.043002
0.043954
0.042877
0.043005
0.043557
0.043901
0.043052
0.043655
0.042923
0.043895
0.044302
0.042812
0.045570
0.043321
0.043325
0.041786
0.042971
0.042675
0.042573
0.043495
0.044134
0.042359
0.043068
0.043260
0.044080
0.043737
0.043930
0.043849
0.045626
0.043861
0.044919
0.047582
0.049162
0.046458
0.046320
0.048091
0.047351
0.047437
0.045019
0.046677
0.046434
0.047908
0.047647
0.047780
0.047229
0.050628
0.046771
0.046379
0.047566
0.048785
0.048053
0.049301
0.046870
0.045345
0.047458
0.045927
0.047424
0.046122
0.046807
0.047312
0.047551
0.045211
0.046625
0.047436
0.047870
0.046575
0.044826
0.045860
0.047139
0.045003
0.045933
0.044081
0.044511
0.047838
0.047135
0.045922
0.043937
0.046381
0.044343
0.046386
0.046074
0.046157
0.045861
0.045201
0.046911
0.046524
0.045234
0.046004
0.045896
0.047883
0.048324
0.046929
0.045052
0.046547
0.045115
0.047071
0.044966
0.046299
0.046865
0.048555
0.048291
0.048230
0.047325
0.049330
0.050612
0.051148
0.050672
0.052271
0.049768
0.053287
0.053068
0.052139
0.053152
0.054651
0.054628
0.053877
0.052857
0.053247
0.051239
0.051058
0.055190
0.054670
0.054487
0.053684
0.053510
0.051555
0.053856
0.054618
0.056041
0.052451
0.054004
0.052537
0.051354
0.051887
0.050700
0.049771
0.048307
0.051263
0.048779
0.054460
0.055120
0.057081
0.060683
0.060300
0.059026
0.053652
0.048950
0.041617
0.037452
0.035119
0.033796
0.033312
0.036542
0.038300
0.039448
0.041212
0.040097
0.041709
0.040229
0.041239
0.042837
0.041498
0.042601
0.042616
0.044240
0.043992
0.045758
0.040993
0.040333
0.041040
0.040138
0.040330
0.041291
0.042472
0.040900
0.040719
0.040496
0.041771
0.042588
0.042940
0.042355
0.043020
0.044051
0.044320
0.045059
0.042963
0.042555
0.042008
0.042452
0.042789
0.043416
0.043237
0.042309
0.042727
0.042182
0.042310
0.041025
0.040994
0.041410
0.041557
0.042621
0.043411
0.042983
0.041383
0.042081
0.041436
0.041667
0.039846
0.040468
0.038958
0.038238
0.038152
0.039781
0.038411
0.037561
0.038644
0.038185
0.037159
0.036966
0.038861
0.038369
0.037781
0.037871
0.039050
0.037958
0.037449
0.037071
0.037321
0.037456
0.037538
0.038479
0.037708
0.039377
0.037672
0.037922
0.038266
0.039591
0.038932
0.038004
0.040073
0.039337
0.040863
0.041678
0.041663
0.040810
0.040276
0.040757
0.040754
0.041333
0.041589
0.041280
0.041531
0.040207
0.040070
0.040710
0.039440
0.041670
0.040766
0.041114
0.040511
0.039886
0.039709
0.041979
0.040425
0.040293
0.041197
0.040402
0.039876
0.040757
0.041493
0.041380
0.041594
0.041987
0.041765
0.041019
0.040611
0.041878
0.041424
0.041302
0.041646
0.041532
0.044196
0.043437
0.042389
0.042729
0.042768
0.042535
0.042477
0.042166
0.041661
0.042234
0.042118
0.041231
0.040184
0.041996
0.041851
0.043381
0.042596
0.044376
0.043781
0.042181
0.041273
0.040554
0.041654
0.041261
0.041035
0.041575
0.041063
0.040873
0.041065
0.041367
0.040791
0.040607
0.041347
0.041391
0.040468
0.039628
0.040398
0.040314
0.040156
0.041373
0.040570
0.040303
0.040729
0.040847
0.040360
0.040327
0.040493
0.040882
0.040418
0.040855
0.041056
0.041239
0.041032
0.041193
0.040878
0.041934
0.042254
0.043016
0.041829
0.041518
0.041534
0.041038
0.041324
0.041702
0.041392
0.040945
0.040973
0.041046
0.040708
0.038992
0.038193
0.039682
0.039492
0.039143
0.038732
0.038992
0.038916
0.038962
0.039490
0.038655
0.038078
0.038497
0.038796
0.038385
0.037925
0.038075
0.039180
0.038062
0.038504
0.038368
0.038256
0.039018
0.038417
0.038375
0.038206
0.039155
0.038781
0.038579
0.038488
0.039957
0.038486
0.039451
0.038596
0.038286
0.038697
0.038919
0.038990
0.039372
0.037603
0.037574
0.036844
0.037883
0.037714
0.037494
0.037642
0.037939
0.037440
0.039689
0.039257
0.039479
0.038646
0.039330
0.037722
0.037199
0.037401
0.037127
0.036872
0.037489
0.036970
0.036756
0.037332
0.037030
0.036302
0.036048
0.035903
0.036531
0.036030
0.036414
0.036387
0.036918
0.036204
0.036141
0.035850
0.035920
0.035857
0.036862
0.035706
0.035773
0.035949
0.035939
0.035777
0.035847
0.035633
0.037369
0.035589
0.035543
0.035439
0.035437
0.036166
0.035845
0.035898
0.035527
0.035884
0.036305
0.035836
0.035590
0.035554
0.035721
0.035545
0.035827
0.035535
0.035558
0.034937
0.034996
0.036052
0.036287
0.036018
0.036070
0.035731
0.036172
0.036597
0.037162
0.036097
0.035706
0.036529
0.036618
0.036350
0.035740
0.036176
0.036176
0.036151
0.036042
0.036160
0.036411
0.035704
0.037390
0.037082
0.036841
0.037441
0.037088
0.037298
0.037385
0.037317
0.037671
0.037148
0.038385
0.037206
0.037484
0.037636
0.037389
0.037312
0.037480
0.037378
0.037678
0.037758
0.037691
0.038186
0.038313
0.037889
0.039106
0.039057
0.038661
0.039245
0.039022
0.038941
0.039497
0.040052
0.038987
0.038992
0.039483
0.039051
0.039092
0.039366
0.039099
0.039428
0.039185
0.039589
0.039408
0.040124
0.040085
0.041222
0.040727
0.041861
0.041205
0.039660
0.039608
0.041588
0.040660
0.040543
0.040812
0.041056
0.040059
0.039879
0.040047
0.040768
0.040177
0.040218
0.039367
0.039987
0.039993
0.040305
0.039993
0.040590
0.039296
0.039640
0.040356
0.039284
0.039015
0.040067
0.039774
0.038245
0.037910
0.038077
0.038686
0.038536
0.037699
0.038685
0.037319
0.037629
0.037369
0.037505
0.037875
0.037771
0.037481
0.037235
0.037243
0.037647
0.038080
0.037396
0.037333
0.037343
0.037136
0.036585
0.037108
0.036579
0.038142
0.037094
0.036741
0.037427
0.036525
0.037319
0.037236
0.037856
0.039919
0.039910
0.037762
0.040118
0.040317
0.039762
0.039666
0.039750
0.040581
0.041587
0.041452
0.039634
0.040651
0.040716
0.040579
0.042382
0.041091
0.041056
0.041770
0.040991
0.042131
0.040263
0.039913
0.039136
0.038218
0.037852
0.038612
0.038096
0.038851
0.038178
0.038515
0.037619
0.038397
0.039051
0.037985
0.038637
0.037677
0.037507
0.037632
0.037173
0.036282
0.036521
0.035845
0.035262
0.035709
0.036311
0.036546
0.036231
0.035989
0.036346
0.036858
0.036312
0.036069
0.036372
0.036637
0.036470
0.037171
0.036900
0.036997
0.037309
0.037528
0.037111
0.036751
0.037464
0.036654
0.036774
0.037028
0.038943
0.036037
0.036942
0.036209
0.036216
0.035875
0.035435
0.036688
0.035856
0.036266
0.035861
0.036939
