0.001058
0.031762
0.033122
0.031606
0.032557
0.031116
0.031450
0.032637
0.031704
0.032645
0.032173
0.031994
0.031382
0.032475
0.033299
0.031486
0.031881
0.031304
0.031240
0.031380
0.032139
0.031554
0.031528
0.032433
0.031298
0.031318
0.031484
0.031473
0.032169
0.031765
0.031952
0.031610
0.032767
0.032583
0.033294
0.032426
0.032747
0.032676
0.031737
0.032049
0.031966
0.032406
0.032697
0.032052
0.032341
0.031768
0.032007
0.031602
0.031407
0.032142
0.032390
0.031945
0.031365
0.032883
0.032046
0.031862
0.032334
0.032425
0.032385
0.032461
0.031610
0.032777
0.032988
0.031964
0.031561
0.031494
0.032343
0.033487
0.031664
0.032679
0.031816
0.031639
0.032512
0.032260
0.032948
0.031824
0.031750
0.031969
0.033188
0.032161
0.032589
0.033175
0.032245
0.033135
0.033026
0.032485
0.032645
0.032028
0.032196
0.032450
0.033545
0.031909
0.032818
0.032050
0.032091
0.032497
0.032454
0.031599
0.031350
0.031205
0.032457
0.030637
0.030961
0.031580
0.032693
0.030845
0.030727
0.030397
0.030529
0.030596
0.030554
0.031193
0.030374
0.030406
0.030475
0.030387
0.030040
0.031218
0.030048
0.030141
0.030291
0.031988
0.030682
0.031545
0.032178
0.032531
0.032646
0.031920
0.034873
0.033302
0.032827
0.033102
0.032221
0.032707
0.032436
0.032652
0.032562
0.033443
0.032309
0.032808
0.033330
0.033682
0.033574
0.033334
0.033231
0.032642
0.032707
0.033321
0.033974
0.032276
0.032916
0.032573
0.032595
0.032493
0.032310
0.031673
0.031672
0.031783
0.032058
0.032982
0.032793
0.031935
0.032759
0.032929
0.031811
0.033018
0.032271
0.032779
0.031922
0.032658
0.031771
0.031873
0.033021
0.031816
0.032139
0.033334
0.032221
0.032728
0.031873
0.031803
0.032295
0.032663
0.032398
0.031389
0.032868
0.032968
0.032282
0.031903
0.033598
0.033071
0.032075
0.031990
0.032971
0.033056
0.032018
0.031610
0.031602
0.032600
0.033051
0.031863
0.032740
0.032267
0.031610
0.032978
0.032321
0.032478
0.033035
0.032103
0.031860
0.032888
0.032221
0.032057
0.033065
0.033137
0.032018
0.032324
0.032490
0.032927
0.032868
0.032452
0.032484
0.033467
0.033001
0.032019
0.032245
0.031878
0.032654
0.033046
0.031700
0.032399
0.033466
0.032476
0.032619
0.032941
0.032622
0.032289
0.031876
0.032637
0.032665
0.031535
0.031935
0.031866
0.031568
0.031575
0.032309
0.032333
0.031853
0.032925
0.032124
0.031862
0.032587
0.032039
0.032776
0.032019
0.033324
0.031936
0.032544
0.031984
0.031965
0.031938
0.032874
0.032744
0.032481
0.033173
0.032016
0.032195
0.032902
0.031562
0.032691
0.032301
0.033010
0.031966
0.032801
0.031673
0.032127
0.032629
0.032516
0.032389
0.033134
0.032395
0.033249
0.032296
0.032865
0.032261
0.031829
0.031995
0.032524
0.033184
0.031997
0.031885
0.032201
0.032311
0.032631
0.032687
0.032727
0.033175
0.032008
0.032911
0.032804
0.032864
0.031857
0.031939
0.033106
0.032014
0.032200
0.031690
0.032062
0.031925
0.031812
0.031847
0.033494
0.032206
0.032830
0.031992
0.032987
0.032611
0.032830
0.032966
0.032782
0.033175
0.033727
0.032319
0.032300
0.032763
0.032034
0.032692
0.033269
0.032013
0.034059
0.032217
0.032009
0.032792
0.033136
0.032062
0.033289
0.032060
0.033191
0.032733
0.032215
0.033288
0.033734
0.032768
0.032083
0.032464
0.032165
0.033089
0.033623
0.032434
0.032578
0.032707
0.032776
0.033970
0.032584
0.033533
0.032410
0.033079
0.032823
0.033824
0.032949
0.032907
0.033144
0.033290
0.032357
0.032614
0.032393
0.033980
0.032410
0.032736
0.033318
0.032816
0.033444
0.034383
0.032746
0.032896
0.033685
0.033924
0.032394
0.033558
0.032040
0.032535
0.031935
0.031699
0.031745
0.033148
0.034092
0.033903
0.032646
0.033655
0.033040
0.032924
0.033635
0.034256
0.033018
0.033663
0.032926
0.032795
0.032780
0.033172
0.033399
0.032523
0.032938
0.032504
0.032279
0.032282
0.033228
0.032455
0.033220
0.033263
0.032534
0.032435
0.032802
0.032417
0.032154
0.033728
0.033504
0.032076
0.032062
0.033582
0.032310
0.032028
0.032063
0.031938
0.031982
0.031965
0.032235
0.031993
0.031806
0.032124
0.032541
0.032617
0.032932
0.033373
0.033334
0.033202
0.032342
0.032365
0.032565
0.031997
0.032137
0.031899
0.033064
0.032531
0.032557
0.033098
0.033529
0.033633
0.033818
0.033019
0.032717
0.032792
0.032856
0.032697
0.034124
0.033327
0.032457
0.032685
0.033356
0.032246
0.032627
0.033741
0.033215
0.032912
0.032381
0.032697
0.033021
0.033921
0.033621
0.032553
0.032696
0.032929
0.032486
0.033470
0.033732
0.032876
0.033276
0.033657
0.033595
0.033793
0.032952
0.033005
0.033237
0.033212
0.034192
0.034528
0.033037
0.034024
0.032898
0.034250
0.032858
0.033063
0.033994
0.032498
0.033276
0.033940
0.032458
0.033570
0.032874
0.032816
0.032917
0.033183
0.034084
0.033315
0.032789
0.032664
0.032717
0.032214
0.033098
0.033610
0.032525
0.033802
0.032653
0.033024
0.033885
0.033000
0.032763
0.033195
0.033002
0.033124
0.033361
0.033227
0.033679
0.033504
0.034766
0.034337
0.033061
0.033717
0.034175
0.032929
0.033029
0.033252
0.033661
0.033372
0.033860
0.033213
0.033831
0.034373
0.032970
0.033457
0.033314
0.033569
0.033927
0.033918
0.033659
0.033292
0.034240
0.034707
0.036425
0.034554
0.033584
0.034447
0.033893
0.034426
0.033652
0.034626
0.034240
0.034778
0.034264
0.035413
0.034156
0.033880
0.033402
0.034341
0.033530
0.033856
0.033671
0.033612
0.033471
0.034069
0.033039
0.032537
0.032145
0.034369
0.032641
0.032663
0.033492
0.032276
0.032849
0.032338
0.032519
0.032121
0.032335
0.032522
0.032149
0.031780
0.032019
0.031925
0.032412
0.032257
0.033168
0.031928
0.032610
0.032763
0.033161
0.031862
0.032540
0.031756
0.033135
0.031714
0.031866
0.033136
0.032102
0.031841
0.031768
0.032104
0.031738
0.032013
0.032261
0.031641
0.031960
0.031636
0.031809
0.031795
0.032972
0.031879
0.033154
0.032457
0.033009
0.031490
0.032337
0.031720
0.032125
0.032504
0.031808
0.032033
0.031858
0.031801
0.032275
0.032713
0.032322
0.031998
0.032447
0.032021
0.032214
0.031842
0.031671
0.031739
0.032149
0.033414
0.032386
0.031933
0.032417
0.031647
0.031937
0.031779
0.032143
0.031902
0.032286
0.031846
0.032397
0.032045
0.031988
0.033212
0.032999
0.031676
0.031751
0.031933
0.032119
0.032449
0.031935
0.031724
0.031628
0.032767
0.032544
0.031886
0.031603
0.032157
0.031919
0.033044
0.033032
0.032108
0.033141
0.032007
0.032958
0.032167
0.033123
0.031821
0.031776
0.031750
0.033285
0.031715
0.031930
0.031553
0.032812
0.032269
0.031862
0.032244
0.032396
0.032317
0.031767
0.032104
0.032062
0.031831
0.032122
0.031777
0.031833
0.032311
0.032240
0.032684
0.031883
0.032065
0.031862
0.033383
0.031502
0.031537
0.032287
0.031918
0.032288
0.032113
0.032289
0.032669
0.031783
0.031471
0.031657
0.031647
0.033099
0.031638
0.031409
0.031884
0.031661
0.032788
0.031859
0.031937
0.031825
0.031723
0.031488
0.032113
0.032455
0.031483
0.031959
0.031365
0.031396
0.031495
0.033423
0.032458
0.033053
0.032070
0.031716
0.031624
0.031754
0.031513
0.031741
0.031525
0.032507
0.031478
0.031300
0.031798
0.031724
0.032170
0.032363
0.032684
0.032346
0.031718
0.032100
0.031586
0.031389
0.031938
0.032336
0.033100
0.031417
0.031667
0.031862
0.032607
0.031769
0.031538
0.031837
0.032452
0.032145
0.031802
0.031678
0.033314
0.032579
0.033207
0.031548
0.031352
0.031965
0.031647
0.032629
0.032131
0.031428
0.032197
0.031889
0.032072
0.031799
0.031791
0.031651
0.032610
0.031335
0.031426
0.031953
0.031570
0.032717
0.032242
0.032536
0.032700
0.031952
0.031801
0.031496
0.032805
0.032282
0.031431
0.031602
0.031550
0.031408
0.032443
0.032231
0.031647
0.031496
0.032247
0.031589
0.032703
0.031663
0.031503
0.032341
0.031859
0.031777
0.032290
0.032004
0.032503
0.032724
0.033282
0.032959
0.033085
0.031994
0.032201
0.032422
0.032591
0.032249
0.032210
0.032118
0.031895
0.031724
0.031811
0.031603
0.031786
0.032433
0.032292
0.032649
0.031809
0.031508
0.031746
0.034176
0.032224
0.032286
0.031634
0.032109
0.031349
0.031814
0.032441
0.031599
0.031581
0.031685
0.031515
0.031715
0.031848
0.031656
0.031713
0.032633
0.032022
0.031687
0.031632
0.031551
0.031557
0.032151
0.031424
0.031490
0.031380
0.031565
0.031135
0.031673
0.031167
0.031484
0.031656
0.031315
0.031820
0.031756
0.031714
0.031396
0.031327
0.032034
0.031292
0.031611
0.031300
0.031294
0.031238
0.031310
0.032567
0.031749
0.031397
0.031114
0.031252
0.031316
0.031708
0.031338
0.031190
0.031313
0.031391
0.031499
0.031098
0.031122
0.032462
0.031857
0.031536
0.031282
0.031168
0.031616
0.031214
0.031265
0.031220
0.031212
0.031418
0.031251
0.031478
0.031271
0.031533
0.031221
0.031439
0.031344
0.031499
0.031345
0.031262
0.030999
0.031020
0.031076
0.032537
0.032310
0.031437
0.031302
0.031263
0.031712
0.032520
0.031411
0.031440
0.031721
0.031227
0.032324
0.031222
0.031346
0.031653
0.031424
0.031327
0.031630
0.031289
0.031485
0.031564
0.031300
0.031568
0.031259
0.032175
0.031787
0.031112
0.031031
0.031192
0.031095
0.031272
0.031475
0.031328
0.031457
0.031486
0.031387
0.031650
0.031504
0.031614
0.031120
0.031543
0.031629
0.032294
0.031397
0.031403
0.032595
0.031886
0.031258
0.031244
0.032602
0.032250
0.031515
0.031728
0.031080
0.032453
0.030880
0.031204
0.032026
0.031325
0.031466
0.031217
0.031287
0.031427
0.032544
0.031050
0.031077
0.032266
0.031407
0.031035
0.031255
0.031419
0.031446
0.032319
0.031856
0.031836
0.031275
0.031534
0.031141
0.031264
0.031671
0.031709
0.032200
0.031136
0.031085
0.031263
0.032136
0.031313
0.032257
0.032558
0.031735
0.031215
0.031241
0.032017
0.031076
0.031006
0.031558
0.031523
0.032337
0.032856
0.031112
0.031379
0.031930
0.031264
0.032386
0.031778
0.031328
0.031533
0.032490
0.031111
0.031379
0.033190
0.031929
0.032685
0.031648
0.032019
0.031667
0.030898
0.030751
0.030889
0.031216
0.031504
0.031431
0.032084
0.032251
0.032190
0.033516
0.030947
0.031676
0.031983
0.031660
0.032184
0.032852
0.032387
0.032001
0.031089
0.031259
0.031022
0.031303
0.031228
0.031509
0.031100
0.031707
0.032607
0.031234
0.031299
0.032306
0.031794
0.031473
0.031432
0.031378
0.031374
0.032033
0.030938
0.031700
0.031021
0.032341
0.031439
0.031075
0.030927
0.031546
0.031645
0.031279
0.032373
0.031888
0.031066
0.031102
0.031693
0.030919
0.031195
0.031036
0.033504
0.032517
0.031501
0.031675
0.031736
0.031639
0.031365
0.031983
0.031288
0.031722
0.031555
0.031048
0.031327
0.030960
0.031536
0.031349
0.031577
0.032752
0.030976
0.030870
0.031485
0.031240
0.031712
0.031107
0.032111
0.031620
0.031360
0.032880
0.031131
0.032033
0.031019
0.031073
0.031502
0.032603
0.030794
0.031055
0.031126
0.031004
0.030998
0.031070
0.031778
0.031803
0.031348
0.031208
0.031838
0.031306
0.031951
0.030936
0.031244
0.031639
0.031441
0.031123
0.031384
0.031347
0.032134
0.031158
0.031964
0.031545
0.031396
0.031095
0.031533
0.030984
0.030950
0.032403
0.031191
0.031587
0.031335
0.031526
0.031189
0.031205
0.031149
0.032582
0.031111
0.031750
0.031500
0.030943
0.030850
0.030747
0.031523
0.031803
0.031046
0.031260
0.031025
0.031443
0.030936
0.030843
0.031959
0.032000
0.031777
0.031399
0.032972
0.030998
0.031801
0.031083
0.031020
0.031096
0.031179
0.031629
0.032563
0.031213
0.031294
0.030960
0.031890
0.031282
0.031533
0.031082
0.031142
0.031540
0.031283
0.031207
0.031165
0.032073
0.030919
0.031131
0.030968
0.030752
0.030621
0.030666
0.030417
0.030511
0.030885
0.031205
0.032350
0.032987
0.031170
0.031385
0.031148
0.031006
0.031164
0.031950
0.031144
0.031329
0.031993
0.031997
0.033482
0.032006
0.032140
0.032126
0.031903
0.031865
0.031857
0.032386
0.031767
0.031786
0.031896
0.031656
0.032119
0.032676
0.032922
0.031547
0.031958
0.031600
0.032651
0.031720
0.031648
0.031607
0.031827
0.032606
0.032197
0.031851
0.032528
0.032979
0.031876
0.032657
0.032263
0.032884
0.031978
0.031965
0.032538
0.032316
0.033276
0.033443
0.033138
0.032702
0.032385
0.032562
0.032806
0.033073
0.032003
0.033438
0.032967
0.033995
0.032103
0.032430
0.032818
0.032906
0.032186
0.031921
0.032294
0.032241
0.032107
0.032305
0.032498
0.033035
0.032710
0.032374
0.033003
0.033115
0.032343
0.032565
0.032622
0.032018
0.033182
0.032059
0.032002
0.032414
0.031829
0.031780
0.032273
0.034202
0.032539
0.031939
0.031783
0.031836
0.031574
0.032118
0.032107
0.033687
0.032986
0.032308
0.032173
0.032612
0.032066
0.032042
0.032007
0.032037
0.032223
0.031997
0.033143
0.032020
0.031869
0.032059
0.031759
0.031573
0.032959
0.032061
0.032440
0.032240
0.031535
0.031734
0.031737
0.032094
0.032545
0.032102
0.032157
0.032067
0.030986
0.032179
0.030922
0.031641
0.031178
0.031108
0.031063
0.031100
0.031818
0.031010
0.031464
0.032046
0.032352
0.031857
0.032804
0.030910
0.030654
0.031086
0.031478
0.031606
0.030941
0.030978
0.031108
0.030941
0.030963
0.030848
0.032144
0.030943
0.030891
0.031075
0.031708
0.031301
0.031406
0.030581
0.031172
0.030675
0.030627
0.031369
0.031191
0.031394
0.030821
0.030852
0.031733
0.032298
0.030514
0.030605
0.030174
0.030798
0.030887
0.030993
0.030700
0.031964
0.031048
0.030987
0.031424
0.030888
0.031228
0.030925
0.030840
0.030862
0.030401
0.030864
0.030360
0.031423
0.030417
0.030369
0.030898
0.031087
0.031986
0.031080
0.030993
0.031412
0.030850
0.031228
0.030746
0.030695
0.029984
0.031463
0.029869
0.029959
0.030186
0.030448
0.031030
0.030512
0.031558
0.030885
0.031780
0.031192
0.030619
0.030625
0.030722
0.031601
0.030368
0.030792
0.030914
0.030369
0.030791
0.030767
0.030877
0.030567
0.030485
0.030729
0.031934
0.031549
0.030948
0.030729
0.031210
0.031350
0.031834
0.031871
0.030961
0.030978
0.030631
0.030616
0.030607
0.031222
0.031585
0.030920
0.030746
0.030709
0.030354
0.030779
0.030582
0.031519
0.030756
0.030465
0.030580
0.030579
0.030666
0.030717
0.031058
0.030506
0.030508
0.031856
0.030612
0.030824
0.030802
0.030594
0.030785
0.031123
0.031790
0.031945
0.032418
0.030468
0.030464
0.031513
0.030882
0.031475
0.030846
0.031785
0.030780
0.030738
0.032003
0.030636
0.031608
0.030939
0.031011
0.031240
0.030967
0.031155
0.031332
0.031209
0.030879
0.031960
0.031561
0.030955
0.030979
0.031562
0.031219
0.031018
0.032065
0.030876
0.030489
0.030648
0.032192
0.032229
0.031515
0.031091
0.030786
0.030617
0.030878
0.030668
0.030500
0.030988
0.030957
0.030803
0.030196
0.031139
0.031658
0.031363
0.030482
0.030937
0.030949
0.031368
0.031069
0.030520
0.031663
0.031104
0.030395
0.030534
0.031656
0.031219
0.031085
0.032107
0.030659
0.030756
0.030605
0.031494
0.032274
0.030836
0.031608
0.031478
0.032027
0.032587
0.031184
0.031158
0.030993
0.031182
0.032097
0.030949
0.030461
0.030642
0.030973
0.031345
0.030976
0.030456
0.030672
0.030770
0.032218
0.031688
0.031314
0.030900
0.030747
0.031785
0.030554
0.031025
0.031922
0.032713
0.030639
0.030869
0.030685
0.031532
0.030552
0.030392
0.031000
0.030914
0.031291
0.031799
0.030976
0.031811
0.030850
0.031129
0.031730
0.030661
0.030895
0.030470
0.030451
0.030843
0.030498
0.031319
0.031535
0.031502
0.031249
0.030527
0.031034
0.031951
0.030935
0.030969
0.030627
0.030855
0.030843
0.030881
0.031083
0.032001
0.030805
0.031499
0.030705
0.031229
0.030508
0.032382
0.030846
0.030718
0.031244
0.031848
0.030998
0.030930
0.030977
0.031861
0.031833
0.031535
0.030657
0.030765
0.030821
0.030772
0.030809
0.030645
0.031614
0.030699
0.030564
0.030524
0.030995
0.030697
0.031994
0.030608
0.031106
0.031413
0.031218
0.031484
0.030923
0.030420
0.031360
0.031619
0.031112
0.030865
0.031383
0.030785
0.030937
0.030307
0.030868
0.031080
0.030655
0.030501
0.031160
0.032080
0.030881
0.030733
0.030790
0.030859
0.030862
0.031565
0.031129
0.030693
