0.000836
0.030478
0.031265
0.030269
0.031199
0.031392
0.030145
0.030436
0.031496
0.030284
0.030276
0.030660
0.030816
0.030365
0.030196
0.030284
0.030721
0.031506
0.031284
0.031243
0.030788
0.030881
0.030587
0.031401
0.031303
0.030504
0.030694
0.031001
0.031070
0.031907
0.030941
0.031944
0.030980
0.032111
0.030875
0.031043
0.031832
0.030257
0.030987
0.030362
0.030850
0.030805
0.030667
0.030557
0.032406
0.030620
0.030653
0.030810
0.030428
0.030299
0.030418
0.031887
0.030724
0.030237
0.030965
0.031147
0.030427
0.030880
0.031953
0.031558
0.031766
0.031987
0.030746
0.030657
0.031118
0.030740
0.030386
0.031104
0.030499
0.030482
0.031181
0.030408
0.030649
0.031418
0.031294
0.031234
0.031478
0.030416
0.031265
0.030547
0.031191
0.030364
0.030764
0.031353
0.031046
0.031173
0.031203
0.030537
0.030886
0.031620
0.031013
0.030549
0.031003
0.031351
0.030368
0.031085
0.030510
0.031102
0.030441
0.030429
0.032213
0.030539
0.030429
0.031714
0.030377
0.031205
0.030873
0.030598
0.030516
0.030403
0.031581
0.030423
0.031390
0.030334
0.030726
0.030617
0.030314
0.030459
0.030748
0.030429
0.030973
0.030066
0.030383
0.030563
0.030268
0.030381
0.030647
0.030394
0.030316
0.031001
0.030946
0.030374
0.030451
0.030309
0.031644
0.030324
0.030791
0.030653
0.030725
0.030737
0.032578
0.031103
0.030428
0.030649
0.030772
0.030638
0.030424
0.030870
0.030421
0.030525
0.030904
0.030406
0.030907
0.031402
0.031079
0.030638
0.031392
0.030904
0.030763
0.030633
0.030757
0.031267
0.030980
0.030946
0.031050
0.030833
0.031380
0.031056
0.030818
0.031798
0.030758
0.031493
0.030572
0.030972
0.031143
0.031694
0.030646
0.030967
0.031783
0.031275
0.031696
0.030685
0.030965
0.030572
0.030979
0.030469
0.031095
0.030809
0.030851
0.030549
0.031472
0.031574
0.031528
0.031159
0.031019
0.031849
0.031093
0.030651
0.031143
0.030472
0.030690
0.031355
0.031187
0.031060
0.031177
0.031504
0.031018
0.030735
0.031257
0.030984
0.031475
0.030743
0.031201
0.030854
0.030777
0.030872
0.030727
0.030782
0.031218
0.030765
0.032232
0.031535
0.031204
0.030915
0.031445
0.031276
0.031085
0.031671
0.031621
0.031022
0.030738
0.031228
0.031588
0.032335
0.031007
0.031191
0.031051
0.031252
0.030713
0.031527
0.030883
0.030895
0.032194
0.031243
0.031250
0.030831
0.031469
0.032005
0.030922
0.031430
0.032190
0.031664
0.031180
0.031165
0.031325
0.030871
0.031368
0.031095
0.030806
0.031398
0.031758
0.031469
0.031503
0.031120
0.032052
0.031022
0.030904
0.030917
0.031755
0.031635
0.031564
0.031605
0.030847
0.031001
0.031650
0.030705
0.030968
0.032716
0.031670
0.030927
0.031309
0.031723
0.030878
0.031108
0.030933
0.031155
0.030909
0.031250
0.031452
0.031447
0.030948
0.031059
0.030935
0.030842
0.031376
0.031004
0.031226
0.031253
0.031186
0.031135
0.031025
0.030822
0.030958
0.030760
0.032127
0.031354
0.031328
0.031588
0.030934
0.031720
0.030940
0.031351
0.031074
0.031282
0.031134
0.030718
0.031425
0.031266
0.030975
0.031699
0.030788
0.030816
0.030790
0.032164
0.030617
0.031134
0.030895
0.031427
0.031360
0.031611
0.030872
0.031137
0.031287
0.031410
0.030804
0.031077
0.030619
0.030957
0.031984
0.031160
0.032180
0.031082
0.030983
0.031327
0.031218
0.030971
0.030710
0.030783
0.030543
0.030918
0.031249
0.031663
0.030756
0.031290
0.031375
0.031105
0.031529
0.031000
0.031414
0.032235
0.031285
0.031008
0.030773
0.030968
0.030838
0.032277
0.032224
0.031229
0.030842
0.030997
0.031446
0.030957
0.031299
0.031785
0.031169
0.031658
0.031084
0.031051
0.031040
0.030766
0.031808
0.031038
0.031332
0.031002
0.031029
0.032710
0.031548
0.031330
0.030639
0.030857
0.031244
0.031636
0.031962
0.031141
0.030977
0.031018
0.031217
0.031293
0.031039
0.030877
0.030820
0.030654
0.031428
0.030860
0.031358
0.031333
0.031093
0.031040
0.031352
0.031495
0.030830
0.031121
0.031445
0.031297
0.031326
0.031082
0.030979
0.030968
0.030681
0.030809
0.031236
0.031340
0.030915
0.030856
0.030853
0.030772
0.031506
0.031276
0.032156
0.031154
0.032744
0.030915
0.031053
0.030934
0.031195
0.031864
0.032046
0.031691
0.031643
0.031453
0.032831
0.031921
0.031705
0.031053
0.030768
0.032378
0.030702
0.030893
0.030828
0.031004
0.031927
0.031149
0.031410
0.030776
0.030971
0.030983
0.030845
0.031943
0.031738
0.031139
0.032193
0.031653
0.031184
0.031956
0.031074
0.031015
0.032830
0.031630
0.031473
0.031014
0.031519
0.031907
0.031123
0.032176
0.030987
0.030765
0.031060
0.031608
0.030822
0.030851
0.031302
0.030863
0.031669
0.031617
0.030761
0.030593
0.031356
0.031232
0.030793
0.031209
0.030730
0.032109
0.031092
0.031239
0.031888
0.032020
0.031041
0.030948
0.031182
0.030954
0.032357
0.031719
0.030850
0.030941
0.031768
0.031533
0.030716
0.031628
0.032115
0.030846
0.031630
0.031158
0.031583
0.030919
0.031096
0.031549
0.031016
0.031818
0.031108
0.031410
0.031998
0.032038
0.032141
0.031236
0.030862
0.031514
0.031217
0.031158
0.031621
0.031322
0.031359
0.031171
0.031928
0.031482
0.030909
0.030876
0.030983
0.030929
0.031164
0.031438
0.031080
0.030955
0.031136
0.031392
0.031492
0.031075
0.032486
0.031165
0.031674
0.032366
0.031088
0.031769
0.031457
0.030725
0.031690
0.031646
0.030799
0.030717
0.031737
0.031780
0.031307
0.030465
0.031443
0.030686
0.030606
0.031861
0.030613
0.030731
0.030433
0.030767
0.031127
0.030960
0.031106
0.030714
0.031460
0.031151
0.031342
0.031471
0.031335
0.031076
0.031524
0.030596
0.030500
0.031118
0.030763
0.030392
0.030637
0.030996
0.030318
0.030851
0.031716
0.031619
0.031327
0.030712
0.030613
0.031025
0.030588
0.031092
0.030816
0.031260
0.030458
0.030591
0.031362
0.031083
0.031704
0.030420
0.030556
0.031794
0.030466
0.030449
0.030415
0.030903
0.031312
0.030695
0.031722
0.030905
0.030570
0.031454
0.030538
0.031027
0.030726
0.031732
0.030661
0.031429
0.030502
0.031152
0.030292
0.030691
0.030839
0.031696
0.033269
0.031039
0.031117
0.030506
0.030375
0.030480
0.030560
0.030371
0.030796
0.030656
0.031010
0.030755
0.030673
0.030556
0.030500
0.030552
0.030678
0.031158
0.030468
0.031551
0.030379
0.030242
0.030215
0.031325
0.031335
0.030962
0.030847
0.030940
0.030943
0.032061
0.030591
0.031356
0.030362
0.030909
0.030351
0.030653
0.030504
0.031187
0.030678
0.030997
0.030969
0.030396
0.031285
0.030326
0.030306
0.031116
0.031627
0.031071
0.031262
0.031131
0.030392
0.031305
0.030565
0.031572
0.031357
0.032963
0.030788
0.030522
0.030722
0.030552
0.031419
0.030814
0.030275
0.030657
0.031298
0.031871
0.030962
0.030682
0.030835
0.031445
0.030543
0.031810
0.030913
0.030627
0.030580
0.031314
0.030370
0.030585
0.030704
0.031121
0.030482
0.031857
0.031255
0.030646
0.030589
0.030452
0.031306
0.031374
0.030394
0.031512
0.030434
0.031161
0.030511
0.030388
0.030838
0.030532
0.031503
0.030618
0.031624
0.030585
0.031432
0.031477
0.030553
0.030978
0.030241
0.030382
0.031502
0.030177
0.031260
0.031139
0.031132
0.030519
0.030980
0.030414
0.030345
0.030570
0.030086
0.030278
0.030657
0.030891
0.030625
0.031241
0.030364
0.030538
0.030224
0.030656
0.030305
0.030212
0.030901
0.030979
0.030839
0.030975
0.030648
0.030132
0.030104
0.030571
0.030172
0.031394
0.030708
0.030588
0.031002
0.030693
0.030308
0.030330
0.030299
0.031673
0.030834
0.030065
0.034082
0.031334
0.030906
0.030378
0.031892
0.030957
0.030738
0.030216
0.031284
0.030795
0.030684
0.030657
0.030461
0.030282
0.031188
0.030446
0.030424
0.030890
0.030887
0.030811
0.030717
0.030487
0.030406
0.030635
0.030707
0.030601
0.031866
0.030604
0.031676
0.030587
0.030490
0.031530
0.030676
0.030733
0.031402
0.031418
0.031078
0.031319
0.030783
0.030614
0.031284
0.030598
0.030648
0.030636
0.031214
0.031160
0.030899
0.030581
0.030942
0.031769
0.030902
0.030774
0.031740
0.031261
0.030968
0.030624
0.031263
0.032075
0.031022
0.032039
0.031029
0.030971
0.031307
0.031198
0.031163
0.031436
0.031559
0.030822
0.031289
0.030877
0.031088
0.031577
0.031745
0.032671
0.031130
0.030869
0.031711
0.031002
0.030974
0.031008
0.030969
0.031182
0.031262
0.030961
0.031397
0.032240
0.030815
0.031962
0.031411
0.031710
0.030958
0.030990
0.031321
0.031079
0.030936
0.031285
0.031626
0.032165
0.031926
0.032091
0.031627
0.031079
0.030878
0.030954
0.032306
0.031724
0.031911
0.031514
0.031349
0.031136
0.030797
0.030920
0.031069
0.031117
0.031408
0.031601
0.031444
0.031049
0.032280
0.031086
0.031836
0.031047
0.030911
0.031353
0.031835
0.031227
0.032019
0.031566
0.031894
0.031334
0.030823
0.031091
0.031943
0.031802
0.030740
0.030761
0.031086
0.030553
0.031788
0.030820
0.030906
0.031448
0.030974
0.030967
0.031436
0.030909
0.030964
0.031704
0.031811
0.030875
0.031525
0.031268
0.031500
0.031488
0.030839
0.030861
0.031412
0.032102
0.031093
0.031958
0.031575
0.031044
0.032083
0.030902
0.031917
0.031110
0.031038
0.031480
0.031205
0.031681
0.031599
0.031033
0.030887
0.031602
0.031809
0.031092
0.031117
0.032113
0.031392
0.031546
0.031613
0.032347
0.031435
0.032237
0.031221
0.031756
0.031363
0.031584
0.031052
0.030678
0.030820
0.031255
0.032150
0.032300
0.031264
0.032108
0.032909
0.031351
0.030862
0.030835
0.031755
0.031717
0.030976
0.031816
0.030480
0.031543
0.031357
0.031903
0.031706
0.030523
0.031150
0.030700
0.030414
0.031900
0.030503
0.030515
0.031182
0.031079
0.030643
0.030939
0.032124
0.030863
0.030977
0.031635
0.031478
0.030327
0.031698
0.031543
0.030274
0.030344
0.030602
0.030781
0.031060
0.031137
0.031593
0.030934
0.031247
0.031578
0.030540
0.031295
0.030825
0.030688
0.030687
0.031146
0.031377
0.031426
0.031505
0.030839
0.030689
0.030921
0.030371
0.031164
0.030389
0.031666
0.030738
0.030534
0.030104
0.031011
0.030428
0.030410
0.030837
0.031737
0.031959
0.031106
0.030318
0.030815
0.030250
0.030396
0.030231
0.031066
0.030150
0.030457
0.030196
0.031264
0.030475
0.031556
0.030370
0.030224
0.031731
0.030755
0.030159
0.030140
0.030481
0.030318
0.030172
0.030801
0.029982
0.030575
0.031077
0.031056
0.030765
0.030904
0.030395
0.030054
0.031598
0.031320
0.031230
0.030416
0.030897
0.030068
0.030161
0.031095
0.031375
0.030165
0.030694
0.030447
0.030203
0.030778
0.030418
0.030888
0.030867
0.031314
0.030069
0.029882
0.031019
0.031036
0.031069
0.030081
0.030574
0.031255
0.031276
0.030142
0.031180
0.030861
0.030901
0.030546
0.030391
0.031782
0.030030
0.031629
0.030577
0.030273
0.030018
0.031500
0.030423
0.031044
0.030603
0.030880
0.030378
0.031103
0.030100
0.030059
0.030690
0.031029
0.030780
0.030938
0.030772
0.030557
0.031010
0.030292
0.030304
0.030193
0.030426
0.030247
0.030083
0.030311
0.030172
0.030425
0.031150
0.030242
0.031134
0.030792
0.031155
0.030629
0.030255
0.030214
0.030115
0.030547
0.030145
0.030237
0.030409
0.030823
0.032036
0.030594
0.030446
0.030156
0.031243
0.030285
0.030226
0.030411
0.030476
0.030505
0.031221
0.030337
0.031331
0.030790
0.031704
0.030503
0.032173
0.030383
0.030635
0.030662
0.030542
0.031423
0.030784
0.031065
0.030637
0.031513
0.031515
0.031262
0.031782
0.030834
0.031059
0.031077
0.031408
0.031754
0.032166
0.030916
0.031274
0.031022
0.031316
0.031639
0.030788
0.032175
0.031215
0.031550
0.031817
0.031317
0.031404
0.031364
0.032183
0.031185
0.031229
0.031251
0.031099
0.031011
0.032487
0.031395
0.031165
0.030988
0.031529
0.031314
0.032219
0.031115
0.031253
0.031440
0.030944
0.031257
0.031674
0.030941
0.031355
0.031027
0.031741
0.031121
0.031923
0.031296
0.031383
0.031245
0.031122
0.031276
0.032210
0.032119
0.031922
0.032376
0.031832
0.031278
0.032263
0.032203
0.031506
0.031401
0.032464
0.031124
0.031900
0.031866
0.031762
0.031818
0.031639
0.031170
0.030815
0.032236
0.031084
0.031095
0.032399
0.031822
0.031400
0.032237
0.031848
0.031559
0.031426
0.031882
0.031778
0.032335
0.031164
0.030841
0.031524
0.031997
0.031039
0.030988
0.030899
0.031399
0.032047
0.031314
0.031247
0.031932
0.031378
0.031217
0.031803
0.031730
0.032039
0.031379
0.032289
0.031361
0.032201
0.032644
0.031249
0.031208
0.032179
0.032480
0.031946
0.031224
0.032112
0.031414
0.031810
0.032405
0.032005
0.031628
0.032239
0.032127
0.031416
0.031165
0.031172
0.030763
0.031505
0.031131
0.031504
0.032225
0.031148
0.031249
0.031903
0.032360
0.032239
0.032369
0.031115
0.032954
0.031334
0.032272
0.031041
0.030908
0.031030
0.030898
0.032095
0.032260
0.030878
0.031029
0.032287
0.032325
0.031248
0.032108
0.032034
0.031267
0.031782
0.030995
0.032319
0.032494
0.032312
0.031575
0.031009
0.032035
0.031834
0.031312
0.032087
0.031458
0.031124
0.031153
0.031455
0.031920
0.031003
0.032374
0.032364
0.031743
0.032306
0.031747
0.032755
0.031655
0.031505
0.031391
0.031179
0.031374
0.032234
0.031662
0.031187
0.031213
0.030982
0.031110
0.031454
0.031535
0.031290
0.031700
0.032179
0.031688
0.031391
0.031276
0.031426
0.031460
0.032059
0.031091
0.031679
0.031185
0.031725
0.031968
0.031188
0.030914
0.031921
0.030924
0.031149
0.030952
0.030918
0.032614
0.032049
0.031809
0.032048
0.032296
0.031603
0.031813
0.031345
0.031600
0.030994
0.030927
0.031275
0.031064
0.031136
0.031026
0.031394
0.031054
0.031111
0.031739
0.032399
0.031706
0.030841
0.031327
0.032728
0.031774
0.031673
0.031676
0.032194
0.031351
0.032178
0.031197
0.032371
0.030907
0.031726
0.032220
0.031183
0.031708
0.031114
0.031572
0.031061
0.031033
0.030932
0.031576
0.031518
0.032137
0.031308
0.032363
0.031390
0.031078
0.031105
0.032447
0.030853
0.031024
0.031898
0.031021
0.030910
0.031219
0.031016
0.031290
0.031367
0.030864
0.031496
0.032299
0.031225
0.030973
0.031219
0.031576
0.031200
0.030988
0.030968
0.031128
0.031146
0.031044
0.031056
0.031066
0.031108
0.031100
0.032020
0.033725
0.031091
0.031133
0.032580
0.030722
0.031658
0.032454
0.032012
0.031180
0.032138
0.031808
0.031152
0.030976
0.031506
0.031243
0.031045
0.031175
0.030834
0.032115
0.031071
0.030903
0.031035
0.031936
0.031123
0.030895
0.031338
0.030896
0.031046
0.031216
0.031666
0.030952
0.031005
0.030942
0.030789
0.031343
0.031504
0.031410
0.031178
0.031172
0.031046
0.032177
0.030875
0.030625
0.030854
0.030830
0.030840
0.030764
0.031093
0.030996
0.031315
0.030847
0.031029
0.030802
0.031499
0.030853
0.032229
0.032131
0.032552
0.030926
0.030739
0.031039
0.032374
0.032992
0.031658
0.031763
0.030896
0.030994
0.030947
0.030868
0.030816
0.030781
0.030970
0.030749
0.030987
0.031361
0.031205
0.030973
0.031044
0.030968
0.030950
0.030831
0.030850
0.031397
0.030809
0.031041
0.031208
0.031772
0.031123
0.032573
0.031387
0.031007
0.031044
0.030892
0.031109
0.031055
0.030999
0.031175
0.032176
0.032055
0.031022
0.030874
0.030824
0.031083
0.031618
0.031377
0.032123
0.031503
0.030977
0.031433
0.031808
0.031767
0.031984
0.031052
0.031612
0.031849
0.032137
0.032043
0.030997
0.032186
0.032298
0.031561
0.032203
0.031084
0.030834
0.030962
0.032161
0.031635
0.030940
0.032333
0.032597
0.031422
0.032302
0.032012
0.031669
0.030981
0.031106
0.031170
0.032128
0.031672
0.031862
0.031572
0.031719
0.031379
0.031695
0.032010
0.031042
0.031291
0.030943
0.030909
0.031225
0.032170
0.031536
0.031035
0.031045
0.031748
0.032375
0.032145
0.031292
0.031609
0.031783
0.032375
0.031061
0.031271
0.031795
0.032156
0.031022
0.032813
0.031820
0.031850
0.033280
0.030918
0.032001
0.030867
0.031875
0.031502
0.031668
0.032197
0.031817
0.031664
0.031987
0.030932
0.032129
0.032045
0.032459
0.030980
0.032656
0.030804
0.032554
0.032428
0.030987
0.031002
0.032062
0.031082
0.031967
0.031948
0.032879
0.031620
0.030932
0.031283
0.030964
0.030891
0.031207
0.031217
0.031386
0.031793
0.030996
0.031975
0.031512
0.031618
0.031189
0.031876
0.030999
0.031731
0.031044
0.031546
0.031027
0.030943
0.032383
0.031097
0.031475
0.031572
0.032701
0.031291
0.031096
0.031463
0.031963
0.032069
0.031511
0.031824
0.031986
0.031448
0.031921
0.031905
0.030827
0.031564
0.032391
0.030760
0.031687
0.031127
0.031923
0.030657
0.030887
0.031371
0.031906
0.031827
0.031857
0.032477
0.032553
0.031770
0.031914
0.031122
0.030868
0.031186
0.030878
0.030929
0.031699
0.030937
0.030819
0.031356
0.030889
0.030938
0.031435
0.030945
0.031620
0.032173
0.031057
0.032159
0.031506
0.032092
0.031605
0.032451
0.031412
0.031428
0.031489
0.031706
0.032500
0.031005
0.030759
0.031535
0.031541
0.031959
0.031015
0.032196
0.031258
0.031456
0.030706
0.031718
0.030979
0.031794
0.031338
0.031369
0.030605
0.031505
0.032355
0.031604
0.030793
0.031218
0.030739
0.031402
0.030863
0.031662
0.032329
0.031169
0.030791
0.030860
0.030806
0.030915
0.030743
0.030748
0.030569
0.030525
0.030941
0.031281
0.030637
0.031303
0.031649
0.030425
0.030700
0.031862
0.030693
0.030678
0.030592
0.031859
0.030540
0.030592
0.030469
0.030441
0.031322
0.031064
0.031096
0.031366
0.031389
0.030753
0.030748
0.030609
0.030567
0.031402
0.030806
0.031673
0.030569
0.030676
0.031399
0.031400
0.031776
0.031578
0.031104
0.030516
0.031639
0.030773
0.030806
0.030550
0.030578
0.030309
0.031576
0.031528
0.030443
0.031283
0.030902
0.031027
0.030924
0.030590
0.031021
0.030609
0.030423
0.030454
0.030594
0.030339
0.030252
0.030275
0.031284
0.030337
0.030525
0.031045
0.031055
0.030360
0.031351
0.031006
0.030851
0.030857
0.030120
0.030239
0.030571
0.031372
0.030335
0.030952
0.032361
0.031304
0.030508
0.030836
0.030393
0.030689
0.030383
0.031444
0.030248
0.031207
0.031471
0.031311
0.031391
0.031603
0.031314
0.031251
0.031493
0.031152
0.031596
0.031767
0.030923
0.030831
0.031528
0.031616
0.030834
0.031963
0.031358
0.032070
0.032392
0.031706
0.030887
0.030833
0.031449
0.032137
0.031056
0.031367
0.031531
0.030905
0.031228
0.031816
0.031826
0.031846
0.031173
0.031617
0.031280
0.030866
0.030970
0.030957
0.031159
0.030727
0.031902
0.031011
0.031437
0.031425
0.031420
0.032704
0.031082
0.031556
0.031400
0.031002
0.030943
0.031493
0.031371
0.031653
0.032373
0.031772
0.031494
0.031677
0.032259
0.031799
0.032316
0.032584
0.032097
0.031951
0.032512
0.032428
0.032297
0.031512
0.032349
0.031703
0.032394
0.033282
0.030955
0.032071
0.031034
0.031397
0.030900
0.032008
0.032297
0.031461
0.031404
0.031883
0.032105
0.032023
0.032012
0.032417
0.031508
0.032705
0.032355
0.032158
0.031011
0.031693
0.031197
0.031338
0.031293
0.031979
0.031201
0.032305
0.032289
0.032384
0.032501
0.031630
0.031082
0.030901
0.030903
0.031750
0.032207
0.031169
0.032158
0.032574
0.031811
0.031019
0.031526
0.032061
0.030933
0.031773
0.031150
0.031995
0.032155
0.030777
0.031017
0.031191
0.030822
0.031260
0.031274
0.030970
0.030918
0.030958
0.031949
0.031638
0.031914
0.031012
0.031368
0.030688
0.031625
0.031798
0.032284
0.032169
0.031066
0.031855
0.031834
0.032138
0.032092
0.030972
0.031947
0.032067
0.032493
0.030919
0.031420
0.031256
0.031557
0.031673
0.032265
0.031058
0.030733
0.031284
0.030989
0.030873
0.030909
0.032339
0.032342
0.031941
0.032039
0.031041
0.031192
0.031330
0.031834
0.031464
0.031657
0.032419
0.031287
0.031463
0.030843
0.031248
0.030644
0.031453
0.031905
0.032241
0.031358
0.030785
0.030923
0.031023
0.032103
0.030741
0.031328
0.032259
0.030762
0.031170
0.030906
0.032134
0.032821
0.031545
0.030899
0.031103
0.030930
0.031503
0.031145
0.030894
0.030877
0.030992
0.031477
0.031649
0.030702
0.031791
0.031034
0.031932
0.030853
0.030945
0.030725
0.030981
0.031527
0.030847
0.030761
0.030901
0.031140
0.031713
0.031925
0.030856
0.030654
0.031035
0.030735
0.031894
0.031424
0.031542
0.032177
0.030791
0.031094
0.031061
0.030969
0.030916
0.031749
0.033979
0.031826
0.032164
0.030936
0.031983
0.031982
0.031025
0.031008
0.032312
0.031566
0.031231
0.031013
0.030975
0.032043
0.031260
0.031936
0.031559
0.030854
0.032130
0.031908
0.032164
0.031237
0.032653
0.031357
0.032007
0.030869
0.031453
0.031429
0.032436
0.031991
0.032299
0.031302
0.030860
0.031371
0.031813
0.031009
0.031508
0.031540
0.032056
0.030952
0.031210
0.031149
0.031147
0.031369
0.030756
0.031047
0.031570
0.031419
0.031123
0.031230
0.030973
0.030688
0.031376
0.031550
0.032727
0.032174
0.031101
0.031272
0.032138
0.031265
0.031552
0.031112
0.030874
0.031849
0.031245
0.031074
0.031417
0.031544
0.031472
0.031246
0.032079
0.031183
0.031870
0.030828
0.031789
0.031159
0.030990
0.031430
0.031330
0.031634
0.031809
0.032426
0.031474
0.030974
0.031549
0.031218
0.031171
0.031559
0.030805
0.031620
0.031020
0.031413
0.031526
0.031251
0.031307
0.031686
0.030797
0.031102
0.030995
0.031229
0.031669
0.032260
0.031348
0.031113
0.031195
0.031869
0.031413
0.031196
0.032091
0.032104
0.030883
0.030963
0.030891
0.030996
0.031302
0.030819
0.031329
0.030890
0.030907
0.031186
0.032203
0.031240
0.031449
0.030952
0.032582
0.032302
0.031223
0.031214
0.031013
0.032069
0.032628
0.031160
0.030922
0.032391
0.032316
0.032160
0.031908
0.030972
0.031110
0.031187
0.031098
0.031057
0.031020
0.031663
0.030951
0.032243
0.031232
0.031452
0.030870
0.031873
0.030833
0.031397
0.031087
0.031027
0.031091
0.032022
0.032182
0.031930
0.031880
0.032216
0.031037
0.032190
0.032567
0.031374
0.031159
0.031102
0.031055
0.031808
0.031125
0.031462
0.031026
0.030885
0.031272
0.032147
0.031385
0.031312
0.031862
0.032120
0.030931
0.031783
0.032182
0.031268
0.031526
0.030912
0.031088
0.030942
0.031144
0.031032
0.032373
0.031818
0.031137
0.030836
0.031258
0.031118
0.030977
0.032064
0.030972
0.031165
0.032388
0.031841
0.030927
0.031856
0.031091
0.030950
0.031835
0.031959
0.030957
0.031018
0.030957
0.031309
0.030877
0.031644
0.030833
0.031506
0.031067
0.031106
0.031518
0.031037
0.030885
0.031759
0.030927
0.031356
0.031347
0.032084
0.031515
0.030965
0.030878
0.031315
0.031233
0.031860
0.030973
0.030992
0.030827
0.031468
0.031294
0.031025
0.030997
0.031261
0.031670
0.031745
0.030890
0.031794
0.032118
0.031551
0.030885
0.031002
0.031070
0.031425
0.031894
0.031950
0.032234
0.030962
0.031557
0.030926
0.031033
0.031262
0.030898
0.031448
0.032245
0.031692
0.030996
0.031309
0.030856
0.032287
0.031309
0.032186
0.032279
0.032357
0.031553
0.031578
0.032624
0.032181
0.031731
0.030850
0.030915
0.032137
0.031026
0.031228
0.032075
0.030967
0.030849
0.031142
0.031054
0.031593
0.031054
0.032191
0.031110
0.030955
0.031114
0.031914
0.031883
0.031104
0.031987
0.031133
0.031708
0.032063
0.031319
0.031514
0.031239
0.030792
0.031205
0.031184
0.030978
0.032395
0.031174
0.031073
0.031213
0.030863
0.031004
0.031052
0.031864
0.030917
0.030975
0.031408
0.031379
0.030921
0.032335
0.031367
0.031136
0.031861
0.032336
0.031130
0.030937
0.031059
