214.000000,192.000000,86.000000,74.000000
212.490818,189.779217,85.991081,73.369453
216.144951,188.965664,84.759720,71.662910
214.404762,187.940811,86.635635,72.694763
216.249195,189.225822,85.843590,72.071609
215.300415,189.072456,86.382233,72.361526
216.221817,189.048138,85.830200,71.910225
213.599377,188.952316,85.676643,72.778931
216.201515,189.395878,83.752029,72.218712
213.447666,190.072529,84.583275,72.726646
214.683155,192.084934,83.109337,72.627800
211.504303,192.508324,83.343201,72.363235
213.977539,190.759647,81.210327,71.336327
214.482296,190.469193,80.703041,71.552368
212.900364,191.306126,80.339958,72.287193
215.009041,190.041386,78.981949,72.180107
215.737408,186.972675,77.637947,70.806602
214.674496,185.739971,77.335487,72.611885
214.015278,186.465473,75.617424,73.897331
214.500599,185.963745,74.448204,74.401794
214.682056,183.369957,73.391167,74.450699
213.417309,184.129776,72.732216,74.074219
211.779171,186.988297,72.866158,74.901550
211.041370,188.573177,72.119896,75.641975
210.165722,189.137840,72.147926,74.377304
208.700962,189.052181,72.794365,74.651802
207.984818,189.562878,73.051117,75.712410
209.968739,191.372940,72.800468,72.968506
211.788849,191.698029,72.878052,72.375000
210.661377,190.284580,73.700562,74.236198
210.318081,189.637188,73.318916,74.380165
210.447437,190.591797,73.512657,74.715820
209.572033,192.006077,73.537666,74.460472
210.656063,190.696064,72.911415,74.521507
209.688618,191.128944,73.165154,75.326187
210.846233,190.574696,72.795906,74.845573
213.840313,190.216755,71.275124,74.688194
214.236885,190.478428,70.172073,73.881065
214.676296,190.375427,68.467934,73.985229
216.508923,190.532986,66.283119,75.579536
217.046574,190.592251,65.010826,74.618141
218.444698,190.564407,63.461830,75.005249
218.350025,190.512688,62.198540,75.255051
218.428026,190.283382,61.568630,75.170815
218.061306,189.530704,61.013741,75.869621
218.066900,186.543335,61.709003,78.114990
217.320419,189.174744,61.568939,77.711456
217.267756,190.500336,62.364361,76.899811
217.364340,188.254234,62.189381,79.490921
216.836468,186.831093,62.142250,79.473801
215.705708,186.171196,62.528374,79.259842
215.675753,187.918365,62.789516,76.924530
216.388203,188.974445,64.641808,77.660118
216.827045,189.725014,68.250542,76.883377
217.881088,187.060108,69.609589,78.220451
217.878700,186.673317,64.136795,78.226791
218.191086,187.135151,67.677795,78.428978
217.713783,185.574902,65.512985,78.071327
217.601191,183.506207,62.559582,78.116371
214.539314,181.976540,66.195541,77.128159
211.208580,180.435326,70.543533,77.808670
210.582798,180.627766,72.934166,80.002831
210.870350,182.508987,72.680565,77.999268
210.508053,183.436619,72.648018,77.682884
211.499081,184.068806,71.855659,76.731926
210.611668,183.687611,73.481377,79.241020
211.175709,184.618042,73.433098,81.062469
211.501404,186.860104,73.342987,78.303993
211.997654,185.086399,72.763969,80.183403
212.960155,185.340981,73.156685,78.403702
213.822079,182.934258,72.616096,80.661179
212.999538,181.859802,73.364967,80.930756
211.000347,185.198151,74.586769,78.310303
211.476665,184.168941,73.571266,78.513557
210.848263,183.219505,74.259071,81.565109
211.916203,185.604347,73.820335,77.153397
212.019901,185.865013,74.160484,76.285751
211.890129,188.611416,73.438828,71.920448
213.845524,188.940090,71.605644,69.700233
212.224197,191.267685,72.859100,71.933105
211.630463,191.085911,72.163818,74.366631
212.147614,189.806641,72.367126,73.381165
211.767567,190.128693,72.622398,72.932343
210.326813,189.913120,73.388916,74.075279
210.076889,190.361423,72.709076,72.764458
209.472176,187.691505,72.698776,73.885300
208.987476,188.799175,72.965508,73.158424
211.141994,187.285309,71.823311,72.817261
210.795254,185.835625,72.344215,73.667465
209.527790,186.550003,73.304375,74.179016
207.235596,184.521816,73.560669,75.793953
208.412960,186.931980,72.554298,73.386070
208.876026,186.443764,72.374657,73.697922
208.233486,186.246387,72.809822,74.577629
208.407169,184.638424,72.005333,73.432564
208.292187,181.476376,72.233772,74.683296
206.857819,180.236332,72.739990,74.436790
205.427113,183.029232,72.282860,77.140236
205.135517,182.405464,72.759239,75.910202
205.119713,180.937634,72.968063,77.129311
204.712708,179.201618,73.192749,75.710014
205.210579,180.408691,72.948959,75.729095
204.804214,181.789440,73.463623,77.013191
205.882496,182.861351,72.612511,75.566238
206.358921,183.026875,72.530540,74.276146
206.366711,184.445454,71.835060,74.943718
205.735016,185.727798,72.313934,73.765961
204.899078,185.400730,72.703003,73.537132
204.962299,184.807022,72.688103,75.044403
204.378487,184.404060,72.583664,75.183151
203.386158,184.193687,72.738304,75.259048
204.230801,183.897881,72.223305,76.398209
204.435780,186.180588,72.193474,76.470825
202.705395,184.846596,72.949318,75.181625
202.758171,185.347198,72.734818,72.895325
203.385841,187.739956,71.836288,70.824715
203.644943,187.535660,71.793610,69.326752
206.516598,186.224297,70.420937,69.080032
203.378113,186.728287,72.538330,73.252502
203.874496,186.050541,72.199768,71.501457
204.854755,186.729034,71.080833,69.367615
205.145744,188.739330,71.104752,69.952797
204.753216,186.907825,70.780220,71.656761
204.293369,185.556934,70.891350,72.844536
200.847858,184.678078,71.833580,74.403030
201.512363,182.889168,71.096733,76.347702
202.479988,181.484810,70.477737,76.431778
203.077679,179.853611,70.570869,77.801872
201.921543,180.717880,71.225883,77.366058
201.480194,180.827854,70.779510,77.225883
201.906418,182.443172,70.758575,76.564674
200.617226,183.385300,71.357071,75.738007
200.715919,184.217171,71.373398,74.278854
200.720158,180.744743,71.022850,75.440079
200.634781,180.694416,70.823639,76.427635
200.366425,183.016087,71.178986,76.208672
201.191471,183.588947,70.997856,76.287010
200.334618,184.867649,71.075821,74.369987
200.633003,185.447029,70.810287,73.240433
200.335209,184.949955,70.726799,75.474144
201.368683,184.724991,70.980255,74.246765
203.187412,183.001728,70.649101,76.169121
201.574257,185.590416,71.803574,75.812119
202.152309,186.600933,71.254280,75.962379
202.869934,186.036900,71.263000,73.037254
202.417118,184.014130,71.415550,75.409088
199.839977,185.141148,72.201942,77.216087
200.799881,186.854805,71.747131,74.474686
201.199173,186.624447,71.985168,74.183205
199.460144,187.809574,72.813873,75.276817
199.972187,187.395386,72.069847,73.092224
199.663513,184.855816,72.047211,74.039406
199.900047,184.272953,71.532181,74.773003
199.797295,184.014820,71.565201,74.817833
196.831665,184.086903,72.230865,78.991539
197.854469,187.471348,71.598404,74.344353
198.327221,188.736061,70.932503,73.526779
198.974152,189.037163,70.893829,73.684464
199.525204,188.795864,71.336891,73.042000
199.147709,188.558994,71.643028,74.212273
200.962181,187.906895,71.673111,74.555931
200.626194,187.824947,72.526543,73.094429
200.661068,188.570602,72.221992,74.661865
200.429226,189.517475,72.590096,72.393059
202.308235,189.070187,71.864548,74.629463
201.448849,189.604893,72.458015,73.556175
201.984406,188.909801,72.276642,73.563118
201.675304,189.271278,72.337715,72.936600
201.952965,188.206661,71.988754,73.956978
201.928997,187.839325,72.154976,74.826202
202.331886,188.180527,71.803207,74.651978
200.201488,189.744511,72.926399,75.558708
199.676788,190.836826,72.509613,73.307365
201.644409,190.317661,71.965240,74.161034
200.897171,190.756229,72.413055,74.335258
201.149021,191.381817,71.945061,73.646889
203.041550,190.154957,71.303650,73.057182
203.473049,187.025665,71.794106,74.415222
203.460918,187.851147,71.416267,74.646339
203.080219,187.870300,71.781517,74.308624
203.993935,187.049458,70.906815,74.266533
203.403419,186.791382,71.285141,73.163177
202.865803,186.736492,70.872765,75.127174
202.785839,186.280895,70.552589,74.032967
203.371288,186.215637,70.253609,76.006561
204.978367,186.143150,70.318047,75.613083
205.172211,184.049297,69.446777,75.266670
205.758339,183.893791,69.316177,74.476700
205.703865,183.466484,69.064072,75.566422
205.014378,183.519711,68.788841,78.752693
205.305016,184.745747,69.492691,76.394188
206.007343,184.011883,69.048149,76.382851
205.749908,183.936153,68.871063,75.768929
205.811596,183.405521,68.412971,77.520134
206.294773,183.668720,68.766258,77.724998
207.480427,182.169220,68.836967,79.036285
207.483356,185.591568,68.157463,75.295654
207.093372,185.398277,67.890038,74.637589
206.635128,186.530064,67.942726,75.747551
206.789200,187.890320,67.694733,74.262115
206.151127,185.803162,68.428551,76.570435
205.873798,187.564957,68.409904,77.231140
206.744076,185.711304,68.859261,79.479919
208.717197,187.372803,68.555931,77.239075
209.239243,183.242439,68.865936,78.602585
208.519264,182.526012,68.520126,77.894173
208.023701,183.615704,68.260979,79.383522
207.317951,185.146793,69.125420,77.846886
208.181541,187.229458,68.962479,75.245094
207.890163,186.878052,69.281319,76.107574
210.125706,181.899460,68.668571,78.380493
210.081459,182.867653,69.164597,76.087540
208.866653,183.080677,69.742493,77.930229
209.059402,183.285149,70.163635,76.035049
209.175610,183.130383,70.203499,77.731819
209.501740,184.625042,70.359161,77.859657
210.087330,184.511185,70.759026,78.350433
209.825577,185.171055,70.866486,79.352654
210.237125,185.960640,71.260826,77.163773
210.877625,186.107433,71.636230,78.323677
210.726856,188.213577,71.490685,77.199188
211.724728,188.094429,71.597633,75.706314
212.632927,187.712959,70.944839,74.332901
212.294838,186.868320,71.272476,73.940849
212.887905,185.286835,70.452461,76.058136
212.424374,185.931553,70.495155,77.737755
213.441051,187.289730,71.278084,76.336372
213.498768,187.135395,70.254143,76.263756
213.051609,187.436043,70.389183,77.151260
213.471611,188.839794,70.703262,78.902199
213.498993,191.188683,70.814972,78.490768
214.434006,190.691154,70.800140,78.691635
215.285088,191.702423,70.481308,80.491302
216.619473,193.087906,69.851692,80.586639
216.206268,194.267555,69.684296,81.234604
217.884594,195.012207,69.359169,80.732208
220.772392,194.589367,68.943588,79.286781
220.846867,195.977848,69.271935,78.405113
220.686390,196.206924,69.454521,78.703583
220.851860,196.595181,69.705521,78.275337
222.111645,193.070660,69.392097,78.285835
222.393059,193.097763,69.706711,76.822144
220.969788,194.630272,70.399445,78.815598
222.336498,195.419174,70.466530,79.934296
224.789997,193.802647,70.063255,80.086662
226.807880,193.441231,69.907494,78.894791
227.779140,194.059658,70.236885,77.586189
228.800140,193.766155,70.189697,77.531990
230.919437,192.173191,69.525017,78.361473
230.053547,189.060452,69.516747,81.580696
229.914055,189.998566,69.983047,79.977173
230.406441,190.073315,69.681747,81.475899
229.773602,189.299583,69.478432,83.165665
230.052841,188.440636,69.339081,83.595627
230.157944,187.853291,69.444366,83.575188
230.412525,189.172394,68.740135,83.634003
230.535572,189.784386,68.704338,83.029678
232.789181,188.444897,67.813332,82.727669
232.874260,188.558586,67.679703,83.005234
232.770390,188.586262,67.419212,83.755486
234.073589,189.798031,67.121559,83.874031
234.155369,189.670170,67.344994,83.718163
235.945206,190.429752,67.211700,81.086754
235.909286,190.377018,67.046814,81.636528
238.209793,193.864594,66.753326,79.019165
237.642143,192.707775,66.788406,82.134773
238.692513,194.066151,66.695053,79.909477
238.289829,194.387260,67.032188,79.308029
237.755867,194.956535,67.096237,79.619553
237.456276,194.848972,67.320267,79.965019
236.917290,195.373161,67.362503,80.943832
236.612156,196.063435,67.510765,80.606865
237.740288,196.387585,67.680374,79.607277
238.602520,196.392632,68.068214,81.060928
239.832645,196.680012,67.786339,80.415733
240.752316,196.995564,67.493568,79.355614
242.211468,196.664352,67.582832,79.216187
241.281704,194.496174,67.540901,83.095055
238.735161,193.764252,68.144608,84.610260
238.905087,195.844585,67.684700,83.315926
240.093437,194.752174,67.716324,82.743393
240.847015,195.588787,67.548737,80.748421
240.086269,194.344761,67.130257,83.516350
240.948803,195.657726,67.282631,81.138039
239.907330,195.397163,67.164894,81.049637
239.646168,195.830387,67.592094,80.762932
239.829037,195.143803,67.519203,82.600182
239.480785,194.519367,67.568764,83.648308
240.965862,196.874020,67.334969,81.368752
241.148151,198.363457,67.266136,81.015274
240.398197,197.251541,67.438530,84.324585
240.870605,197.745056,67.166992,84.316711
242.312706,198.520195,67.123123,81.695084
242.027630,195.290867,67.001869,84.876091
240.574722,194.699165,67.051697,86.063492
241.488087,195.277870,66.252464,84.354294
240.896645,192.910458,66.301620,86.437080
239.014217,193.803417,66.729530,86.457771
239.598450,196.276443,65.925964,84.819977
239.604580,197.232742,65.370613,82.576843
240.333569,196.795376,65.377663,82.716042
238.665195,194.631065,66.094688,86.861679
238.654999,192.790428,66.216034,87.990860
236.889946,197.809933,66.222305,84.060402
237.390644,197.952171,66.169945,84.661484
238.132973,198.702801,66.036331,84.606880
237.228374,198.285042,66.496559,86.731003
237.891262,198.885582,66.448616,84.927444
236.340763,199.167675,66.824333,86.419380
236.027180,199.615269,66.574760,85.769676
237.683994,199.969028,66.526909,82.884850
237.042175,200.443428,66.683594,84.312393
236.319916,202.426052,67.099457,81.487404
236.112423,201.018692,66.567757,82.135345
235.705048,200.212563,67.144073,82.501694
235.102165,200.216743,67.133804,82.777023
234.215363,202.157864,67.510834,82.795906
235.131012,202.597824,67.154510,81.041901
235.801979,200.995506,66.260941,81.375717
235.113300,201.060581,67.024345,82.253746
234.024937,201.743607,67.286095,83.068909
234.071568,201.652462,67.668571,81.239265
233.689312,201.442242,67.680611,80.543617
231.128162,199.833618,68.415215,83.336792
232.051842,202.084759,68.539658,80.980293
231.763069,202.524406,68.981979,80.763901
231.679546,202.170841,68.912758,80.124840
229.806187,201.778278,69.665337,82.476616
229.794651,205.132229,69.991570,80.026588
233.001984,202.932056,68.789001,79.954826
232.162006,202.774517,69.777763,81.253212
230.674740,201.946999,69.413399,81.307541
232.000607,201.078033,69.424049,80.036713
230.854427,200.618382,69.872688,81.395348
230.062931,203.199409,69.808372,81.215408
232.883911,202.447239,68.726990,79.352440
232.891674,201.728359,69.411812,80.249336
231.112663,200.893162,69.651321,82.517723
230.916058,204.194710,69.455299,80.457748
230.641800,203.726620,69.331421,80.589729
232.499046,203.489063,68.906723,80.299797
232.273304,204.631699,69.248924,79.466278
232.767647,204.516747,69.012222,79.453354
231.760059,203.854496,68.782951,79.838066
231.127609,204.287918,69.314301,80.270447
231.733597,204.624691,69.300049,79.722847
231.795456,205.610165,69.378998,78.689491
231.689648,206.982857,69.730385,76.868393
233.342915,205.435184,68.751427,76.961510
232.433140,204.152439,69.322197,77.424156
232.000893,204.923851,69.787521,76.756760
232.097038,203.803085,69.842117,77.514496
231.789150,204.605591,70.269905,76.654358
231.964005,204.782333,70.314728,78.682892
232.067398,205.434479,70.114685,76.500092
231.043396,204.118118,69.643829,77.845398
230.887936,203.674854,69.867653,79.628716
230.899117,204.327057,69.480240,77.128448
231.565838,202.891731,69.518806,77.185898
230.443775,201.897408,69.522118,79.126144
230.159519,202.046162,69.815422,79.148247
230.847942,202.041710,69.714149,80.466599
232.040390,202.465961,69.128723,78.918602
231.949230,203.090790,68.794502,78.114502
233.075512,203.053719,68.236366,78.777237
233.579563,205.170628,68.098534,76.668083
233.932240,203.104538,67.762383,77.871826
234.241207,203.104862,68.110329,77.980034
234.031296,203.443138,67.822571,77.120163
234.211735,203.672615,67.656151,77.966354
234.441811,204.553741,67.716507,78.031708
236.077030,201.312382,67.147118,79.255943
236.077888,203.666378,66.838211,77.759712
236.927326,201.813267,65.969566,79.842400
237.132011,201.747284,65.962265,79.367432
236.370125,200.939148,66.307602,81.024689
235.860279,201.566650,66.782616,80.473969
237.178677,200.566422,65.937538,80.681488
237.434849,202.438286,65.932671,79.137009
238.355194,201.265636,65.898224,80.286812
237.946594,201.248558,66.271576,80.375015
236.890228,201.542603,66.038452,80.967896
236.528416,201.476475,66.431969,81.135765
236.731987,202.094513,66.789658,79.371857
236.264397,200.704399,66.886581,81.792496
236.960796,200.697239,66.640968,79.951591
235.731609,199.526260,67.115639,80.427094
235.113720,197.992050,67.835091,82.228119
234.430553,196.760220,67.773018,83.254311
234.450439,194.885815,68.157867,84.868935
234.838604,195.570610,68.145393,83.285019
235.121773,196.709248,68.010574,82.151970
234.237484,195.044559,68.415535,84.174461
235.125546,194.625256,67.817390,85.244392
234.350227,194.485298,68.107895,85.276993
235.500393,196.285713,67.580452,83.368088
235.325657,194.175434,67.682915,86.085899
234.390148,197.702126,68.277382,83.631973
234.403023,197.759048,67.668930,82.629028
234.590389,197.179394,67.614937,83.726875
236.257675,196.802101,67.191803,82.437057
236.069527,195.213249,67.714432,84.125259
234.821243,194.932941,67.906860,85.221886
235.045246,195.249859,67.763817,85.053413
234.638699,196.023499,67.712227,83.349640
234.519833,195.249485,68.095436,84.260216
233.189857,195.348980,68.536911,84.990242
233.501919,200.004986,68.301888,81.098152
234.569798,198.963722,68.078758,80.583878
234.419731,198.738068,68.162949,80.297546
233.853611,197.558414,67.833519,82.909294
233.471958,198.356647,68.202324,80.681541
232.298462,195.753284,68.166138,84.347923
232.090340,197.985977,68.431412,82.548523
231.403828,198.529301,68.473015,83.823235
232.481583,198.256870,68.373077,82.051384
233.546543,199.577370,67.776360,80.877884
232.520607,197.957577,67.739212,84.468941
231.952236,197.041035,67.679146,84.255699
231.677036,199.744240,67.981133,82.352768
232.665154,201.763172,67.542923,81.524345
234.237766,201.027351,67.247978,80.147446
233.414867,199.297226,67.360115,84.341980
233.036415,199.908501,67.599533,83.653061
233.650963,200.169334,67.491653,81.514450
234.327038,200.660110,67.597572,81.387268
234.970360,200.596352,67.609512,81.956528
234.580666,200.219917,67.748947,83.918320
234.654224,199.505192,67.674706,83.469048
235.319550,200.081196,67.748718,83.712914
234.548721,200.556091,68.218475,84.183472
235.909081,200.436382,68.226730,82.503853
235.836487,200.321663,69.162964,81.257797
235.592171,204.084892,69.150589,80.152267
236.378883,203.673103,69.485977,79.488480
235.632153,204.489292,69.883400,80.564110
234.431057,203.547256,69.915810,81.083252
234.709843,204.973251,70.330132,79.659058
235.770496,205.531075,70.248283,79.267410
235.093243,203.898090,70.406532,80.947136
235.604343,206.414406,70.287682,78.954056
235.418312,205.894062,70.227432,79.278404
236.662876,203.680721,69.994560,78.306221
236.218105,202.944626,70.535927,78.920532
235.018944,203.023438,70.389450,80.692535
234.667393,204.757420,70.441490,79.682762
235.781311,205.560986,70.626556,78.401405
235.699753,206.014866,70.321198,78.451012
236.866791,206.913124,70.347107,79.248642
238.189064,205.782372,70.590134,78.437485
238.664368,204.977917,70.113647,76.700905
238.269768,203.911057,70.295914,78.114380
236.823605,203.578297,70.284950,80.664604
237.587639,205.391556,70.340622,77.674164
238.011593,203.804310,69.823158,77.485100
236.540920,203.590782,70.727882,79.013596
235.836166,202.984421,69.956757,79.788239
235.614616,202.538864,70.004868,80.109100
236.314777,204.126060,69.936211,76.922623
235.838585,202.652893,70.058365,79.333954
235.995735,201.792282,69.836655,79.030548
233.894436,202.107620,70.645271,79.138245
233.907730,203.134010,70.177551,79.039413
235.318604,204.913074,69.344482,76.901512
236.036827,205.228786,69.027359,77.264137
236.775707,204.783611,68.963203,76.858925
236.532192,205.686008,68.931068,76.908897
237.226048,207.051048,68.885429,76.124191
237.364365,208.111092,69.669861,74.519363
234.794903,207.273342,70.438271,79.520882
235.334446,207.627914,69.826805,79.461700
236.316528,206.369423,69.908875,80.253342
237.330750,207.741596,69.157959,78.501579
237.416718,206.897499,68.912384,79.380722
235.935379,207.877625,69.417969,78.816559
235.888969,207.318066,69.225845,78.961555
235.262115,206.925140,69.684662,78.985260
236.602451,206.025429,67.517387,81.311417
234.965034,206.084610,69.686325,80.907776
233.751797,202.115322,70.321754,83.925667
235.208874,202.817909,69.368843,82.961075
236.647083,205.383881,67.473534,80.495056
240.814884,206.742088,64.742332,77.241196
236.311954,206.523525,69.734612,79.128822
237.564610,206.999802,69.066765,77.253235
233.951622,208.129616,70.728714,79.886612
235.001663,207.925701,69.995239,81.129860
235.310135,208.772945,69.907227,79.834358
236.311760,210.425602,69.520737,75.062462
235.576797,209.749966,70.305878,77.001015
235.700050,209.143948,70.094559,77.983315
237.502518,210.375267,68.847534,73.439957
235.675285,207.084610,69.342545,78.157623
235.190094,206.918343,68.505737,79.455002
235.444206,208.675682,67.503860,79.030777
236.073643,208.847694,67.173820,77.954819
235.804165,209.551292,65.796181,77.945877
234.454586,211.138649,65.670723,77.023605
234.483002,211.246552,65.891968,76.567230
234.518959,209.841736,65.896713,78.047241
233.636436,209.568039,66.108597,78.147278
231.998276,209.743465,66.296204,77.686195
231.963543,209.408546,65.936501,78.025742
232.074661,208.797401,66.622681,78.143997
230.941101,205.426456,66.108795,83.402580
230.108761,203.710770,67.377815,86.708313
231.615204,202.098206,67.040741,87.641937
230.057823,201.383907,66.423782,88.560158
229.864937,202.853352,67.156265,88.379845
230.990711,210.869308,67.443169,81.405304
232.141014,210.676064,66.538284,79.615158
232.840874,212.273327,65.766342,79.186501
233.504414,217.551926,66.003258,75.475433
234.379875,218.452534,65.430008,72.707909
235.035751,216.996166,64.540070,73.579903
234.833176,215.286766,64.599457,75.685959
234.595734,213.359009,64.146484,76.904297
234.058041,212.125225,64.137856,77.646889
232.955112,214.633736,64.341881,77.296005
233.180470,213.220528,65.161919,78.178055
233.282211,212.848328,65.616364,77.944611
233.019131,212.724983,65.714363,79.669205
233.047985,211.866161,66.637489,80.478065
232.765648,210.915176,66.972794,80.285278
231.018276,209.017017,67.680611,82.537651
231.943794,207.564365,67.369705,83.207512
231.140923,207.402802,67.789963,82.800873
228.016251,207.340984,68.999481,84.951607
231.267723,209.935703,67.769699,81.584923
230.117561,209.502460,67.433975,81.253777
229.669495,202.801411,67.282776,89.066948
229.941181,204.992702,67.321678,86.459267
228.866734,203.035713,67.162254,88.663010
228.195896,204.080051,67.185417,86.859184
226.607800,202.915012,67.157661,87.957695
226.052044,205.058620,67.196663,86.425941
226.856052,206.393196,66.744041,84.763504
227.023926,210.554470,68.120026,80.396370
227.803806,209.316307,67.186607,82.098221
228.578541,212.308281,67.893913,79.213058
229.569225,210.974037,66.848335,79.410721
229.861198,207.736801,66.860672,81.940277
228.390610,209.056190,67.162903,81.634018
228.907066,208.431774,67.934280,81.807259
229.852570,207.816025,67.433258,80.458557
227.678612,202.949265,66.833817,85.777222
226.518757,206.349060,66.297386,82.658264
227.168854,208.487770,66.510925,80.756088
225.407236,205.179432,61.435802,81.841270
225.648024,203.610405,57.953312,80.131943
225.270130,202.393284,53.710442,82.407005
222.659592,195.742012,51.391907,91.900558
224.428133,202.658184,47.741848,84.459389
225.221676,198.451836,41.989876,89.652695
224.522673,192.127033,41.436588,96.544518
221.335009,192.770859,46.788357,97.735626
217.629631,194.536114,52.040024,96.518715
211.684341,198.383816,62.322174,91.218056
207.301411,203.500332,70.735374,88.758430
201.421566,203.608063,82.780342,89.631836
194.438217,204.551701,93.853638,89.147728
188.036663,202.766933,103.323677,91.356117
186.924881,203.113369,103.383850,90.743996
175.306721,201.423355,113.932121,92.838959
172.036980,205.263859,119.344162,89.711235
169.229786,206.201012,120.937798,88.472122
169.689911,205.272156,120.408966,89.846313
171.550770,205.575245,119.302238,88.274376
172.705250,205.329952,117.692131,87.661385
176.106781,207.314331,114.977325,85.651794
183.212337,202.381893,108.055733,90.258003
190.042397,196.445271,100.055679,95.283165
197.006794,201.489643,91.103661,92.994621
206.821148,205.209187,80.059975,92.764397
214.058365,204.178284,72.399658,95.594360
220.751629,200.601028,67.798042,100.955872
223.695513,199.147308,62.788448,105.486359
224.056162,198.132477,63.077404,105.970337
226.581953,200.571518,58.036228,105.735626
226.874689,202.780487,58.534039,104.249725
225.036867,207.866608,60.477016,101.109283
221.637791,203.003513,64.917870,103.798790
218.552887,203.777367,63.606323,104.377762
219.391762,199.521137,64.795151,108.429008
213.721760,197.471695,66.847832,110.684387
211.363731,195.420990,69.874100,113.493408
204.962170,192.272434,75.714943,115.042686
204.193413,195.400589,75.498917,112.372467
202.565475,190.963867,82.483856,117.778534
201.182522,189.147133,82.557106,121.377029
201.216255,190.541412,85.923935,121.040375
199.502304,188.457207,94.081573,123.255630
199.943420,187.457245,95.118896,123.808716
198.168201,188.030609,103.437279,123.055664
198.248207,191.018356,109.350510,121.532623
196.455212,195.962029,103.688271,116.737625
195.914040,192.303028,107.687363,120.495628
196.583191,187.810707,119.287720,124.304733
200.012356,194.593861,121.572701,116.796776
200.633934,193.986462,120.450089,117.886757
203.438465,196.709103,113.188988,116.809700
207.365856,200.921124,101.839211,115.329567
212.316757,216.732925,85.744354,113.093353
215.543716,220.907383,68.777039,123.323906
215.505070,221.159100,70.379906,125.934120
217.005630,223.403881,75.835571,127.121162
219.940605,223.744118,75.540085,133.022354
218.324829,223.945160,69.179504,130.253967
229.326988,222.284615,69.908371,134.425980
236.991436,222.072243,71.503456,137.053940
243.343334,220.224930,80.729286,139.775070
245.142426,230.975937,84.872253,129.024063
248.642696,236.237358,91.240974,123.762642
255.627899,242.622795,99.500366,117.377205
258.068851,238.695282,111.887688,121.291130
263.230957,241.478580,121.929199,117.803146
270.533218,244.882565,133.913300,114.985046
276.949028,248.904636,143.124222,110.334885
283.971779,246.842175,153.972153,111.513092
293.540070,242.006523,165.139038,116.194771
301.442467,244.173569,172.547867,115.253563
309.301361,249.909691,168.438171,108.837410
309.274834,246.871910,170.112564,112.137032
321.112503,260.884113,157.403961,99.115887
330.903694,260.270159,149.096306,98.549179
333.953396,263.363394,145.597916,95.360146
335.639019,271.907301,143.335129,86.831291
336.476185,262.658770,143.523815,96.391525
334.413652,261.640219,145.026199,98.359781
335.712725,252.138637,144.235184,107.109406
338.054827,248.754920,141.867874,111.245080
341.148088,235.944961,138.851912,122.547310
343.001000,244.594154,136.549652,114.284081
345.025979,241.829441,134.739197,116.875092
345.747857,242.110267,134.204987,116.762901
342.289575,239.723873,137.257111,119.272446
328.880052,222.077152,150.914658,135.900787
329.034883,225.013973,150.205948,132.012497
304.972596,210.948932,153.539444,139.570068
294.107324,206.610904,143.295319,141.874908
285.478601,208.454868,133.392487,144.035553
276.357606,206.056430,130.208817,150.409698
270.773721,222.963672,123.014709,134.064392
264.464551,225.957378,112.996452,133.183792
255.951562,232.906429,114.894562,126.771042
252.189080,246.362014,148.190033,113.206367
252.864915,229.269817,115.017319,129.435196
266.141526,240.957431,139.903061,119.042569
263.928987,258.810938,179.339005,101.189062
275.486459,265.296815,156.504150,94.703185
287.914861,233.070870,127.438789,126.929130
291.072423,237.234196,127.032539,120.502625
293.938996,228.119297,138.386185,129.219299
282.558721,208.239048,118.591316,127.002136
259.629632,176.431843,81.689362,76.809509
254.524282,170.430790,53.648079,64.303009
252.328940,173.867417,51.110813,60.599312
247.475844,165.347141,53.546223,65.270325
245.179257,169.094212,66.583488,65.181976
248.143649,182.825690,57.936169,55.592342
245.173757,176.743038,54.712105,62.230881
249.300412,177.586899,66.382896,64.004860
261.561664,177.430378,62.847942,90.169983
269.637971,178.616482,72.111893,96.081741
260.147866,177.818508,79.541290,102.792282
253.258908,171.498677,81.042351,113.682678
256.390363,189.276844,78.344353,105.018066
260.662438,186.066052,79.318787,108.201248
259.871652,189.962673,80.195190,111.621262
256.929936,184.444618,93.646828,115.142693
257.836736,181.116989,95.538734,114.910011
256.071683,182.362076,85.717369,114.450111
252.195046,186.548481,85.176575,107.851868
248.279214,184.481175,87.612457,110.543274
242.610169,184.497811,87.402267,111.473656
240.037408,191.852234,88.348602,102.342903
235.187955,193.570702,87.260216,101.762688
230.035657,195.204205,86.913322,99.350174
226.263036,195.842964,86.172554,96.759270
226.097608,197.831028,84.286430,93.310577
224.789365,195.899105,83.513420,94.513290
221.887235,194.175034,83.436180,93.952309
221.703012,192.666985,83.261810,95.135338
218.816014,189.903736,81.774300,96.408966
218.060521,189.809452,79.702431,93.598969
219.133374,185.130043,78.735222,94.710686
221.908513,184.401970,77.761360,92.940819
222.263257,179.264878,78.643120,94.565620
217.859551,177.412895,79.313873,99.019920
217.386533,180.730393,78.865105,93.407234
219.712411,174.442524,78.072693,93.975464
218.552484,175.296387,78.266907,88.919930
215.908059,172.388943,77.142761,92.093307
219.148881,180.521980,75.183762,84.582268
217.036126,166.293671,73.706482,98.496040
214.600911,182.323715,70.508125,82.710121
212.833123,176.629875,69.497437,89.054802
212.911595,177.226551,69.241127,89.327545
208.248754,173.042755,64.353249,88.576637
204.575091,172.892452,62.355236,88.502396
204.815633,180.811985,57.681099,82.065460
207.192611,184.284737,52.468128,77.564171
207.057782,181.709686,50.717979,80.367744
212.144645,183.377068,45.660984,78.286034
214.882285,179.990299,42.549747,78.862579
211.495778,177.253659,42.026253,81.455917
213.057631,176.685127,40.034718,77.834953
207.128028,172.604710,42.530399,81.421509
207.374181,178.122124,38.683907,73.874596
207.714841,178.010975,38.660271,70.552551
204.558133,171.837261,42.630028,77.011734
204.866319,175.018234,41.568802,73.255898
210.691070,177.010544,35.987110,71.511635
210.004188,174.947529,35.519047,70.555176
214.411643,182.003750,32.077610,62.262985
210.875667,178.959719,35.184643,63.126820
208.657447,169.215416,40.592869,63.559227
213.550466,170.518303,38.636299,59.746925
216.965922,171.556519,37.701473,60.908470
220.446818,173.094746,33.624020,60.245346
216.400060,177.720898,36.659035,56.027039
214.500899,175.642191,37.021732,59.420582
205.480357,173.675455,42.135113,60.188969
202.773349,172.805927,41.626034,59.761810
204.421222,176.499953,37.413677,57.755230
195.135188,178.173071,43.264492,59.493221
199.520530,181.687300,38.838261,55.719219
197.873376,181.577000,39.769012,55.424500
195.647672,181.627306,39.298149,53.101810
191.028766,182.328995,40.563229,51.088127
189.149104,181.422884,40.448559,50.849293
184.915618,179.500988,42.519245,51.916458
183.376931,174.157990,43.196411,53.203255
183.478333,172.328804,42.870544,51.994560
180.985948,168.800266,43.435532,53.246323
180.291926,171.350203,43.737652,51.224468
175.012473,166.222725,46.995213,57.790291
178.267571,166.236305,45.793671,55.546730
176.037435,167.884073,47.462654,54.003056
177.434611,171.551438,46.313488,54.578636
172.750247,168.551357,50.485271,58.477509
174.436664,171.306042,48.577953,52.557831
173.595077,168.919188,49.163029,55.814785
174.681359,166.299692,49.900070,53.635883
178.958701,165.656424,50.970753,53.488033
184.544963,172.164187,51.252972,49.071140
188.694495,168.489222,51.939747,50.689747
201.726930,163.878197,52.935852,47.164299
214.579570,154.321785,53.895306,47.534309
221.747535,150.483742,55.320972,46.941063
227.122149,146.553744,59.009518,49.186359
232.637685,141.368519,60.062584,50.055161
237.975430,144.017430,59.725227,48.500351
235.983262,150.321045,61.125671,46.449821
230.829717,155.256201,62.588066,47.014233
223.721318,161.335228,64.858543,45.243874
216.979508,161.839585,66.498840,47.252739
217.674829,162.333927,65.535416,46.221359
206.653478,162.583187,69.330803,49.254028
199.609468,161.057476,71.401947,50.172974
195.188828,162.875796,73.485992,52.708912
194.960446,164.928484,72.229103,53.038654
196.688939,168.522967,71.707420,50.226795
196.863233,168.583840,71.643715,50.459114
195.891301,168.286555,72.537010,51.420170
195.700471,168.457037,72.387268,50.555584
194.211743,168.345349,73.627846,47.813324
193.361497,165.549902,72.977081,47.747356
192.440335,166.746828,73.028999,48.110279
191.679799,169.435400,73.239586,48.635387
192.748769,175.831383,74.117760,47.649361
194.859250,178.194203,75.065529,47.510635
194.915025,178.754202,74.995483,47.761578
197.587449,186.233383,74.339417,46.783653
198.549031,190.598570,73.695763,46.601528
199.362531,190.974938,73.734840,49.418495
197.184220,198.697470,74.788635,48.069042
195.377843,198.552704,74.692558,50.452782
193.832673,195.807432,74.640137,50.367458
191.343251,191.676647,74.546318,49.573364
188.254666,191.339684,74.120918,49.762062
181.977101,191.497114,74.428947,52.425014
177.876615,192.238922,74.003487,52.012383
177.132058,192.894457,72.951645,51.487232
170.547059,192.511593,73.486816,53.036682
163.604402,189.102102,73.419159,54.597790
158.336907,190.147618,71.851639,54.144730
152.815969,190.326328,70.913048,56.169601
147.571538,192.553927,70.756828,58.400196
143.006974,190.005161,69.987946,60.506729
137.140477,187.569132,69.839256,63.701389
130.877156,184.894947,68.459435,68.742752
125.471326,194.884794,66.995796,60.899380
120.455270,199.352379,66.892441,58.788185
117.857858,199.002562,64.842209,61.243160
116.352866,197.224032,62.983173,63.115528
114.629830,194.496536,61.623947,65.720512
111.447932,192.243405,61.897930,69.462036
111.613700,197.875408,59.314320,66.924377
111.179843,197.037079,57.443844,65.810570
113.123916,197.256565,55.734562,64.095108
112.152402,199.467949,53.356941,63.993294
109.013862,195.855450,52.042896,67.884949
107.136327,193.274178,50.616447,68.821571
106.875514,195.514191,51.474163,66.200706
105.226792,193.186783,49.429382,68.430229
104.093926,198.155071,46.475937,63.647797
106.043485,200.288008,42.725502,60.823086
104.657111,192.726879,45.143177,66.400177
98.426583,191.343708,44.520248,69.695663
101.692483,192.501000,45.879501,70.205666
101.893130,194.283890,45.256588,68.835960
101.659694,192.326554,43.939342,70.017967
101.917434,189.413120,44.111179,71.286453
101.730847,189.252083,42.828804,72.645180
97.934232,192.032921,46.309090,75.620125
95.714187,192.785618,49.583408,76.416611
93.542504,193.406105,50.096786,74.726570
92.488536,196.558380,50.816082,71.412743
91.142007,195.666382,51.838333,75.307274
85.323016,193.640160,56.420040,78.669258
84.197970,192.913483,57.876797,80.481804
80.240489,193.933251,57.672039,79.991341
76.997102,191.797806,56.595093,81.486626
75.463571,195.878918,55.218857,80.395599
72.355432,194.293259,56.462265,83.186394
68.396533,190.135151,57.734585,86.813217
64.122012,186.353710,58.769436,93.645691
58.667409,196.653786,57.829704,84.288857
53.672524,198.225121,61.521347,84.764656
48.712859,202.013466,62.093113,87.527260
41.193555,203.081764,68.677681,89.085335
37.090749,201.044277,68.352348,90.447083
32.831342,203.372833,71.111549,91.298912
25.229249,209.985531,72.756531,86.203827
17.681104,213.966877,76.447029,85.664902
11.429372,215.950257,82.414391,90.957481
4.170815,220.808403,66.964767,89.353737
0.000000,218.423023,68.312482,96.873520
0.000000,221.561222,61.865584,94.915726
0.000000,226.999668,62.095361,89.874954
0.000000,231.063832,54.794432,88.069229
0.000000,242.140431,39.585672,71.757034
0.000000,246.505161,46.767163,66.884903
0.000000,250.185097,44.905592,64.446053
0.000000,236.799683,43.930308,82.856590
0.000000,228.398670,41.833929,97.277542
0.000000,226.494183,46.775643,100.328247
0.000000,223.543457,45.458281,106.921623
0.000000,217.767189,47.800166,109.342079
0.000000,211.087147,66.862249,100.723312
0.000000,207.849476,56.336865,100.535049
1.362288,208.525772,85.900650,79.512047
0.000000,208.270279,56.102309,77.181236
8.537517,204.769825,67.630943,74.907089
5.059219,205.456833,66.561081,73.950188
0.896880,208.341526,63.788773,73.882065
3.838077,197.273571,76.266518,78.992767
2.965045,198.673577,67.607704,80.051460
0.000000,200.365753,65.820743,78.789818
2.476293,200.947827,80.143700,75.788208
0.383955,203.215019,89.257057,79.787331
0.000000,194.959679,59.858438,82.114845
1.914017,199.034138,77.767860,78.092819
0.000000,193.523850,62.420905,84.163322
0.394117,195.136971,62.072796,82.401711
0.000000,198.310173,61.865447,78.239662
0.000000,196.262284,53.114137,78.033043
0.000000,202.560852,52.721263,75.962395
0.000000,208.075699,52.448371,73.239769
0.000000,209.299046,53.136717,74.040237
0.000000,209.325306,46.447978,70.885056
0.000000,209.571804,48.067264,70.117645
0.000000,205.009049,48.572757,73.652702
0.000000,206.474209,47.324423,68.015411
0.000000,203.403954,68.352363,71.315987
0.000000,203.666897,44.842500,72.023895
0.000000,207.211231,52.011826,67.335159
0.000000,201.841160,52.755595,72.648819
0.000000,201.800907,49.633596,73.745529
0.000000,200.932327,45.860770,74.516747
0.000000,203.050938,57.100211,70.193375
0.000000,197.559456,61.598755,81.355751
0.000000,198.205075,65.378628,91.479004
6.258627,192.457115,87.464462,82.150459
0.000000,215.807614,62.514723,138.201965
2.295688,230.237972,70.769447,129.383240
0.000000,307.783350,75.465945,52.216650
2.473691,318.516358,77.033058,41.483642
3.638925,320.278821,100.866165,39.721179
21.517061,318.370867,99.243713,41.629133
41.794500,316.142852,98.914177,43.857148
63.335966,315.218948,99.586739,44.781052
92.164674,314.390726,92.331390,45.609274
101.064451,310.526561,105.539680,49.473439
117.279233,311.123119,108.506996,48.876881
133.584138,301.896301,119.287109,58.103699
134.385866,305.850853,142.191406,54.149147
114.179513,306.754391,193.274765,53.245609
137.177400,298.584869,199.307068,61.415131
161.861833,287.819412,198.242157,72.180588
185.610437,275.800045,200.736343,84.199955
200.156938,270.601995,212.212128,89.398005
218.358697,263.187785,209.089981,95.259689
234.805643,255.076468,215.277756,104.923532
252.249475,246.741844,224.044083,113.060677
259.878015,247.220314,218.276566,112.779686
270.093767,242.751125,208.286591,117.248875
282.467782,244.423723,196.852646,115.576277
294.398111,243.200997,183.660080,116.799003
309.263887,241.220860,168.159668,117.585571
341.962022,235.209706,135.635101,123.942596
314.990571,233.100266,162.787231,126.899734
249.770418,223.575798,228.045288,136.424202
255.939470,219.999729,222.460968,140.000271
252.790536,218.068171,223.505661,141.931829
397.461851,208.800946,82.538149,149.320282
420.343470,207.486882,59.656530,151.743698
427.130109,204.213254,52.869891,154.740265
433.361033,202.727696,46.638967,156.647659
433.540540,204.873151,46.459460,153.942657
438.096726,201.294522,41.903274,156.861420
441.635123,199.587491,38.364877,159.442474
442.896733,193.917439,37.103267,163.585159
441.095841,183.795461,38.904159,169.011673
435.019816,179.842320,44.980184,172.108505
432.857612,182.620137,47.142388,159.974869
426.188934,181.664304,53.811066,155.679749
422.002933,193.259282,57.997067,140.276321
422.406874,210.856729,56.586494,122.831154
416.028623,195.253537,62.139442,128.627502
395.348478,190.984830,78.604439,134.040527
388.509581,192.174813,81.108376,127.071785
376.594301,179.232724,88.764038,134.637665
371.368936,177.997342,89.533127,134.330963
359.161905,174.514951,97.031052,133.250946
361.584932,172.456456,94.682678,135.875381
346.897406,183.869138,97.756218,123.492584
339.865526,186.299905,101.654327,116.550667
333.798349,180.010636,104.456772,120.398918
323.371939,177.474340,107.032066,118.348343
315.596857,170.361848,109.381363,124.090660
305.531404,173.979142,112.653381,119.395195
298.919901,171.117608,114.208054,119.954323
291.637133,171.859311,116.492706,116.784821
284.014761,167.772141,117.886436,119.117241
277.094744,168.623944,120.013947,116.711060
271.393698,169.006459,120.617638,116.442673
265.438101,168.184026,121.982628,113.565628
259.750116,161.266324,122.114090,120.614960
255.348673,168.342301,123.129745,113.063652
254.111135,163.882840,123.489464,117.630463
245.870523,170.887872,123.473801,108.445778
243.753233,169.894849,123.965401,105.949768
244.998281,170.981561,124.562645,105.162636
247.410929,174.990716,124.102829,101.348915
249.487596,175.124776,123.872467,103.472702
248.051340,176.509114,122.766159,102.308823
245.566641,171.905149,122.165916,108.437103
241.008226,177.247933,121.497894,103.324471
237.071970,181.476254,121.280441,101.543854
232.757810,180.703851,120.975533,100.024330
228.231985,172.520024,120.074608,106.080887
226.114656,178.306638,118.144836,100.430695
220.758016,177.399434,117.918297,102.669846
221.179350,177.198632,118.568977,102.661842
214.962717,184.008721,116.223373,101.495216
212.496790,179.770665,114.847488,101.874100
210.566961,179.613469,114.207634,102.049698
206.176752,181.922746,113.485794,101.103752
204.737127,182.317891,112.389275,98.997849
203.884455,182.756467,110.677322,96.978058
202.602335,187.255162,109.054062,93.401443
200.457159,187.676003,107.692223,94.351479
199.607939,190.588807,106.647621,90.926659
200.778082,186.669965,104.695915,91.006989
199.476843,194.733815,102.634544,83.170242
198.710062,195.047963,99.697128,85.031876
200.093534,194.321168,94.938728,85.931236
202.207323,192.287091,89.151367,88.175873
201.983618,190.942868,88.938988,89.393951
200.243414,195.850675,85.839561,84.907013
194.641245,193.822465,87.148544,88.311180
189.817163,192.654901,89.517044,89.215309
184.495203,193.613805,92.396347,87.024857
181.037741,202.250482,94.008568,79.863899
178.656607,203.617204,95.992149,79.987511
176.289781,199.640523,96.816620,82.014755
172.942552,200.392377,97.108643,80.824677
170.297163,200.742684,95.689369,81.451607
165.581800,201.293958,97.146278,82.659424
163.196726,193.619920,93.978806,90.374321
157.383062,191.082730,95.088249,90.387390
157.783934,195.744416,89.557716,85.179710
153.528433,195.614881,88.453453,86.125977
154.256800,198.042153,87.605972,83.171333
149.794969,192.384912,82.518433,86.962318
146.953165,196.531068,80.542221,83.264366
147.314451,195.792359,74.073586,83.026512
144.355245,195.583894,70.900566,80.668785
141.245264,191.942296,67.449936,85.126633
142.514343,190.422372,62.963474,85.492928
138.934944,191.633981,59.823536,83.700417
143.056742,186.281720,53.233414,88.201904
145.135578,182.860345,46.883419,89.272530
149.695818,180.597577,41.926788,89.244690
152.383097,181.520726,44.497696,86.964249
155.494678,181.049981,44.676205,87.351997
158.687857,181.539208,45.065880,86.272194
162.989332,181.169469,42.781013,84.570633
162.723465,181.476331,42.851048,83.710876
156.621212,185.352777,58.906139,79.791481
152.193743,187.179627,68.227722,76.440514
150.911959,185.255647,76.053467,74.915977
147.051031,190.322919,84.375145,68.658936
145.739614,191.274556,90.646812,68.062546
148.197763,190.029828,95.424576,67.430511
152.215032,190.935239,97.912895,66.125824
156.538057,192.433335,96.270020,64.157433
164.601606,191.509828,91.315285,63.173241
173.655561,190.386601,81.522438,65.106644
183.403944,188.512998,72.316750,67.562805
193.397001,186.916951,63.844276,67.467239
192.566557,178.460774,66.043770,75.538620
212.567970,184.933164,47.377399,69.399200
211.154306,185.346425,48.521652,68.369247
221.967630,184.395776,41.000229,69.856850
225.548513,186.779973,50.022484,66.377792
227.420570,188.329038,59.389637,61.640045
228.134619,185.611020,66.246788,66.403870
229.721468,183.474156,71.969391,68.947647
230.704622,181.272950,78.149078,70.481041
232.089857,179.897222,81.973122,71.373062
233.473974,182.668134,83.498253,69.168304
235.206163,185.450334,84.828949,68.948448
236.591368,183.217198,85.227608,71.231644
238.441618,184.125470,84.644173,67.761169
237.143389,188.808633,86.215302,64.641457
239.189207,187.202245,84.795448,66.645767
239.827692,188.613378,84.650650,66.609604
240.269842,188.251794,84.845940,67.096199
241.603403,190.537587,84.664352,64.782639
242.960787,191.779338,83.693268,62.756809
240.593996,190.713460,84.700104,65.002426
239.638407,189.974637,85.479843,67.154053
240.263414,189.023973,85.656342,66.277061
239.479177,187.069970,85.865685,67.318001
239.258242,189.704228,86.778931,66.321274
239.688269,185.178075,86.643852,68.106247
239.644983,183.343938,86.229874,68.734085
240.243029,184.209180,85.805115,69.161957
239.759535,185.759839,85.890175,66.575592
240.095652,182.780396,85.116074,68.861961
239.675852,186.213849,84.985611,66.422180
238.777647,187.113164,84.922676,65.478317
238.569651,186.246198,84.679977,66.300598
238.689665,187.710715,85.720070,63.517529
238.371073,186.647988,85.573196,64.878365
237.419634,186.785996,86.190308,64.377953
238.092264,186.596879,86.069992,65.216240
237.065359,183.612947,86.578270,64.796684
237.048643,183.506616,85.476814,64.470436
235.649877,186.614148,86.746605,63.583252
233.719843,187.673333,87.674301,64.591438
233.432207,187.812020,87.580780,63.640541
232.951208,186.634711,88.240562,63.206921
231.188932,187.248366,89.877083,63.498470
230.736448,186.145181,89.617256,63.104134
229.321196,185.734689,90.244209,64.518532
228.566477,185.652043,90.915939,63.445999
228.035227,185.921903,91.064957,63.803894
226.270147,187.489602,91.138847,64.792976
228.265112,187.755841,90.218285,62.921021
226.996118,185.473380,90.521622,63.841290
225.300012,184.574132,90.705948,66.881821
223.554743,187.403604,91.313644,66.113350
220.022341,188.249192,92.700104,65.262321
215.504618,189.981637,97.185989,64.190315
218.063806,189.037824,92.680801,64.296600
217.046652,189.525929,93.264061,64.311264
218.230570,188.689923,90.269119,64.564392
218.682138,189.156640,89.105972,65.807625
217.269289,188.862699,87.867767,66.330566
217.072714,188.684007,87.145683,66.411156
216.674082,190.405618,85.771530,66.909554
216.042051,191.188542,86.378090,66.122147
214.837381,191.848748,86.395004,66.221962
214.166613,193.480439,84.414062,67.604912
213.979284,194.913304,84.760918,66.637680
214.900774,195.268189,84.079803,66.138451
215.404455,195.650113,83.313377,65.945557
213.967996,196.058053,82.440384,67.108559
215.757406,195.942483,80.721062,67.282906
215.428293,196.052011,80.132095,66.577553
218.091818,195.126760,77.905205,68.585098
218.439703,197.440217,76.133659,66.470177
218.574087,196.922292,74.160454,64.681931
219.204054,195.523862,71.643715,66.141998
216.383917,195.340196,71.325920,69.004875
217.240782,196.229459,68.812477,68.611603
217.304739,196.584729,68.820030,67.100128
217.791765,195.967690,67.609161,68.982857
217.599089,196.529927,67.708809,69.702713
218.174379,195.977002,68.930695,69.246033
217.489927,194.878804,68.969124,69.791489
217.419207,193.747724,69.008789,72.508911
217.011400,193.571298,69.699554,72.068794
217.825468,194.470563,69.369545,70.693695
217.517755,194.003373,68.493362,71.486687
216.258303,194.301843,68.759674,70.368050
216.056265,193.932172,69.194389,72.362061
216.157854,194.256864,69.045898,71.936340
216.962511,194.542913,68.341309,70.697220
217.334177,195.526231,67.405746,70.854546
218.638224,196.728135,65.946732,68.799126
219.516760,197.188275,65.417015,66.462219
221.280268,194.575330,62.653061,69.766479
224.666942,194.935918,58.274578,68.007675
222.514131,196.205316,59.874146,69.614143
220.877397,194.750318,60.667358,72.388855
220.927690,191.958703,60.173004,76.706032
221.705240,191.910443,58.859116,76.395050
223.558721,192.226140,58.049828,74.573685
223.844648,187.120976,56.360573,80.496292
224.246054,187.762723,54.958794,79.893646
225.370098,189.869245,55.194195,77.182770
223.383659,188.445821,57.652210,79.770737
225.166357,189.773236,55.656548,79.221313
226.396219,188.531640,56.323746,78.496925
225.007709,186.560575,57.002499,79.975372
224.761913,185.733167,56.506176,79.785156
225.702509,188.827199,55.743210,77.914444
224.856289,187.557870,56.477032,76.604439
223.925884,186.176808,56.867046,78.699081
223.541523,187.628415,55.697598,77.634552
223.715315,184.521146,56.430397,79.960144
223.372150,184.634336,55.235073,80.188843
224.584871,183.433877,54.907959,82.180397
223.064567,181.490548,55.408680,82.084969
223.963575,181.927194,54.760780,82.201363
224.279251,182.654092,53.582310,83.141121
224.180300,181.006608,54.735229,82.778252
224.744163,179.674279,51.838306,83.476967
225.345264,179.635484,51.110134,85.701439
225.841345,178.958749,51.920677,85.885475
225.994667,181.620938,50.264423,83.738403
225.904266,181.199475,50.480869,84.895233
228.377106,181.977735,53.778934,82.377686
229.045660,179.428365,56.066704,84.566910
231.671579,182.763093,51.860519,83.988335
233.261904,182.591325,52.905762,83.888908
233.740744,180.102197,50.775322,85.378365
232.699467,175.168515,47.094387,89.130798
230.170664,179.158391,46.662888,88.089981
230.643843,179.662698,47.370461,86.512550
231.773270,181.147157,48.866062,83.921654
233.439348,178.342752,54.446777,85.082466
234.716970,179.722470,68.146080,88.037567
233.566809,181.416867,66.343712,85.436462
235.693098,179.573991,68.720589,85.231865
233.664467,176.144925,56.857502,89.019104
235.764734,173.530904,64.000168,90.737411
232.614836,177.305085,60.516853,87.991051
226.588920,178.364213,53.331013,89.021049
223.229944,176.492330,52.438278,93.154800
222.017551,177.558282,55.752224,91.050880
226.938562,176.954675,55.747635,91.244698
229.435572,175.849988,54.871475,94.997864
228.373175,176.768552,57.047874,95.101776
210.727270,173.563119,70.745323,96.069313
219.269094,169.840150,62.763390,98.819847
231.537123,173.303365,59.914772,96.063065
230.030352,171.448163,52.747711,97.489471
231.833261,173.831529,57.120224,94.579826
230.253710,175.366769,54.743988,93.529518
231.353821,178.026528,52.735355,91.234596
232.254032,176.662721,54.219296,90.841667
231.731747,172.480676,50.798473,93.430214
231.362860,175.212773,57.346153,91.449020
227.459125,180.684552,49.674526,87.440857
231.407106,179.047151,47.676422,88.540733
231.986940,181.209638,45.918945,86.600739
232.222753,175.867951,46.976646,92.103661
233.037786,177.687966,45.693504,90.423592
233.118088,177.234754,46.684605,91.317627
232.203016,178.494359,47.550117,89.164566
233.459898,180.654901,49.247993,85.281929
230.911476,179.741658,58.086414,85.606033
231.774488,171.185266,66.893166,93.975410
230.174913,166.685205,72.412994,98.353065
229.862455,169.763925,78.147499,94.936226
231.655020,172.422914,65.113396,93.310051
231.540743,175.388532,75.357422,90.535156
232.556530,170.449254,60.863598,95.583206
230.495382,178.203095,69.406059,87.278252
230.821024,179.514085,62.358414,86.795891
229.060850,174.910806,81.310280,90.818001
230.056137,167.478337,56.065891,97.761215
229.540174,169.775106,57.641396,94.687485
229.195898,175.884038,107.225395,89.801895
227.842653,175.141244,72.313995,88.792488
229.445927,176.436769,50.448421,87.943871
229.188949,180.536042,45.470524,84.634056
229.628424,184.127530,44.465843,81.689636
229.873003,181.435754,44.658264,83.594704
229.839966,184.933923,44.590183,80.758919
228.390451,183.301938,47.357803,82.487610
226.970386,183.602910,49.778744,81.830795
226.142231,183.221562,53.284664,82.554672
225.251200,181.474542,52.747757,85.287544
225.085337,177.910852,55.301285,87.483894
222.969236,174.728906,50.988167,90.495857
224.099764,177.972131,56.057617,88.424782
221.228929,175.325639,53.699524,89.872826
223.829323,180.241155,47.515369,84.770737
222.119265,182.751390,50.591278,81.823174
221.968866,185.944539,44.967972,79.042404
221.853742,187.092526,44.017921,78.390045
219.679178,189.722219,43.023117,77.541519
218.658592,187.086129,43.494190,80.459084
218.522526,181.874864,43.930111,85.703239
217.949253,181.788697,44.362118,83.870201
216.928898,180.712476,44.634823,85.952148
217.351360,178.937051,45.612743,85.998726
217.847540,177.030828,44.679283,85.907639
216.719154,178.312497,47.417561,86.029510
216.384367,177.557942,45.924385,88.731461
213.178175,178.621244,53.727669,86.046906
209.050861,178.502126,52.761745,85.728867
209.734428,178.661485,54.366108,85.602440
211.133568,177.878942,51.346210,85.861160
206.573498,178.745809,53.283794,85.925766
206.461090,183.422608,51.846867,82.837273
208.357429,181.105134,51.596607,82.187218
209.886209,182.981629,48.875809,82.876549
205.967701,182.109410,52.116634,83.349808
210.042066,181.834317,49.498665,82.200653
210.630943,181.325921,48.772236,82.198067
206.151169,180.676465,50.470890,84.770569
206.867977,182.841702,50.005199,83.549072
207.033001,182.821355,49.410473,82.593246
205.507879,181.764291,50.377678,82.412544
209.334171,182.203542,46.274319,83.240829
208.513079,183.184625,45.740631,80.951302
204.938379,180.072408,48.260452,84.247910
207.891554,180.522626,46.295235,83.927124
207.153925,180.050344,52.504196,84.251205
206.524597,181.377934,45.205173,81.565659
207.224180,180.365693,51.422493,83.784111
205.923878,179.769731,50.303555,83.456383
206.754448,179.896802,51.906086,83.785767
203.038860,184.202161,48.442272,79.968384
204.465183,180.354405,46.837154,82.806778
203.724638,178.367833,50.498268,83.253983
205.049156,177.845086,54.718891,86.023201
211.377909,180.416802,100.030075,83.655342
203.229225,183.373151,49.969013,82.278870
204.458069,181.021691,52.962559,85.169594
207.219425,182.415021,55.658962,83.815613
202.837633,181.824876,52.341827,84.711418
206.985515,179.441564,55.619091,85.481949
206.887394,179.287766,48.100491,86.712547
209.795097,179.020741,55.789936,87.596634
208.954153,178.721124,54.827934,87.534035
209.172817,177.711957,53.752300,86.969940
210.091543,178.347226,49.882774,85.887146
209.191589,182.102498,45.248844,82.976242
209.177114,180.992192,44.427849,82.640732
208.901323,177.685807,43.630890,83.800774
207.326193,179.353642,53.353081,84.539993
206.708486,180.397141,46.228722,84.874565
206.539766,179.108605,44.931152,83.814461
202.833712,177.907281,47.877594,85.417305
206.216980,174.457116,45.763401,89.081734
208.394638,172.819486,46.236179,90.485504
207.985863,168.618627,51.335957,93.790207
209.298231,178.753068,46.366676,84.248833
208.369257,179.288014,44.626633,84.743759
207.113428,175.038072,44.908188,86.717735
207.646877,173.941548,48.385448,87.855942
207.259506,176.271390,44.369602,85.683746
206.963816,175.014688,45.980728,86.987007
208.553902,178.318795,46.071949,83.124367
208.985138,175.544313,44.933903,84.468803
207.882210,179.671090,44.059071,84.132301
207.052429,182.410462,46.198032,82.212120
208.087860,180.463880,45.164982,83.133636
208.360924,179.568166,46.955463,83.937241
209.019663,178.006513,47.042953,84.518890
209.677509,180.023362,46.737423,83.289726
208.697586,178.360559,47.472294,84.672768
208.730436,174.971803,47.303108,87.713341
208.560289,177.330575,47.716339,84.972023
207.922832,176.563592,48.517071,85.253059
208.817402,176.935658,45.707088,85.783310
208.046186,174.018270,45.288765,87.969925
208.303663,176.366395,46.012459,85.965904
206.693840,170.770276,46.103077,89.707520
207.293627,174.913983,48.117462,86.930634
208.157463,175.050248,47.619648,87.287743
208.631336,173.123090,47.071133,87.570221
208.931190,172.691422,44.031300,87.887901
208.053154,176.973680,44.995136,86.775993
207.371206,172.770284,44.456810,90.068405
207.392191,174.103353,45.680222,86.387070
207.336851,173.055886,47.216164,88.044685
208.376415,174.090371,43.549053,89.511391
207.723724,172.400540,43.699528,89.665985
208.111895,170.002332,44.928009,90.809631
206.271503,175.013898,45.680935,88.067596
206.126840,178.123330,45.124954,85.370125
205.858522,175.796289,45.796173,87.787666
204.959350,175.723424,43.952000,88.060471
199.118994,170.929727,48.133629,90.639259
198.794441,180.387353,47.884510,80.796181
199.142071,179.443536,46.737255,83.741280
193.620262,178.642922,52.008533,84.688850
197.083528,172.728311,49.680450,89.639565
195.554209,181.388528,51.112259,82.098427
199.044443,183.762883,48.827591,81.205154
197.742992,181.674687,49.913158,80.967392
197.659489,182.354798,50.382320,80.087761
194.013901,180.909112,52.101200,82.052040
195.907450,179.482156,50.841934,83.457344
200.834280,182.617333,46.513939,80.524635
194.285053,181.927114,51.358517,80.856339
192.641977,181.531388,53.716385,80.665977
197.711666,187.609944,48.206524,77.770004
200.355307,184.141881,47.572166,79.582504
200.340103,186.268334,48.003178,77.461006
190.637480,188.770535,58.771217,76.606934
200.666479,187.902886,49.412895,77.468056
204.143511,187.077542,46.419434,76.806183
205.169395,187.537271,44.452290,75.604836
205.282364,186.082105,45.055820,79.011414
206.847254,187.494126,44.384140,77.923332
208.727432,179.255631,44.564304,84.457756
210.832949,180.794057,43.199432,82.305649
210.164160,185.588235,40.302788,79.697212
213.773840,182.996667,40.492455,80.821877
214.374020,180.631951,41.698101,82.387581
213.590113,180.727609,41.046921,81.892097
213.197130,184.149739,45.477875,79.714401
212.101135,180.953507,41.102940,83.230125
212.145264,180.724832,39.803013,83.258827
213.694466,181.281823,38.041096,82.853737
212.270977,181.463006,37.474194,83.681618
212.247995,185.446233,36.037704,80.315353
212.196279,184.254823,37.926048,81.313072
214.336719,180.329053,37.600948,82.895508
215.708338,180.275441,36.220749,81.313156
216.386656,176.308343,40.806892,84.920509
218.358412,174.020227,39.874855,86.977272
220.158092,175.040853,39.372662,82.837814
219.702293,173.294450,39.480061,81.517174
219.676048,172.640496,45.758900,81.202797
219.515991,175.293366,43.647038,78.100975
218.344726,173.847005,57.883366,76.777023
216.415804,171.616059,64.733398,79.919090
214.931234,172.543477,71.376060,79.011032
213.502893,174.028993,77.719589,77.867973
213.595430,174.016278,81.532043,77.042023
212.763727,172.572408,85.525955,79.363235
212.104223,173.633901,88.934776,78.180222
213.705336,173.114209,90.071754,80.017548
214.671575,175.736203,91.173058,77.898315
216.298376,176.608285,90.628075,75.676338
217.780085,175.794961,91.027817,74.274696
217.848047,174.836343,91.474472,75.714424
217.331175,178.426587,91.276985,74.643860
218.341703,177.941773,91.433846,74.413322
218.490263,177.568761,90.687477,74.197403
220.101454,178.614137,90.495827,75.059929
222.049612,176.324403,89.341637,76.180138
222.753015,173.994370,88.590622,79.126030
224.100393,174.573964,86.956444,80.189468
226.886598,177.001412,85.536621,77.950905
230.589716,180.629655,84.467361,74.530388
234.331732,176.145776,82.310478,78.108986
236.271921,177.476659,81.221359,78.546585
239.193201,179.401116,79.805038,77.953346
241.680780,175.183370,77.977615,81.530045
243.769312,177.351430,77.263901,80.146225
245.607645,173.307553,76.232620,84.103668
245.947996,177.289441,75.686256,79.201385
246.209982,172.389119,75.061211,83.667038
246.460314,174.614793,75.018066,80.575066
245.274286,175.926900,73.501572,81.469650
244.759359,175.825395,72.411949,83.218102
244.944586,175.257470,72.044884,84.770210
243.586306,175.574147,72.871765,84.391342
242.139295,174.670117,73.465370,84.390717
241.745874,173.369500,74.183304,85.391029
241.772676,175.784345,74.700348,83.009949
242.164656,174.609124,76.173103,85.665413
242.261465,176.753919,78.589928,83.561249
242.920324,177.321866,80.587029,80.665131
245.748243,176.524415,82.865364,82.779686
247.968416,176.888516,84.778290,82.342651
250.264196,175.357713,86.855827,84.494621
252.321165,178.434857,89.243324,82.464447
252.557054,178.014325,88.494904,82.941559
257.111067,177.515843,93.098640,81.986526
259.147516,174.419801,93.995316,84.317650
259.066831,175.995187,95.273323,82.219246
260.599672,179.353925,94.639191,79.929840
261.278894,180.610753,94.502823,78.965317
260.589151,178.694524,94.317429,81.874100
261.020597,181.701448,95.501869,78.681084
261.845480,181.314046,95.962914,79.885513
262.481512,184.518926,96.994102,77.853409
264.613890,176.240026,98.759499,84.615677
265.785490,182.064778,99.735146,79.342117
267.053015,181.929040,100.812157,80.425697
268.384432,175.178617,102.225311,84.311066
268.967245,166.199197,103.475548,90.178444
268.976950,169.977483,104.212639,87.362289
268.117155,176.951879,106.643501,79.560318
266.641836,176.202035,107.198692,79.528297
264.861837,175.156167,108.089836,80.369301
264.932726,175.612645,108.325287,79.934250
263.650000,173.651494,107.847069,81.663376
259.637899,176.892293,109.066368,78.525925
255.761263,176.804166,109.978088,78.008148
251.138361,172.574189,108.331619,82.819725
245.797205,173.046403,108.203659,83.977959
241.167025,174.743348,108.906250,80.979271
236.958399,173.189214,108.447922,82.409683
234.405966,177.559602,108.012352,78.903893
231.198404,179.447061,108.578873,77.898262
226.920389,174.618920,107.925461,79.837685
226.125578,177.962110,108.215614,76.206360
216.953852,171.659364,108.467148,79.841484
213.864767,168.569440,108.041618,80.771912
210.769915,168.241673,107.803192,80.572189
210.317118,170.524911,106.301804,79.247902
209.353655,169.985124,106.400909,80.407585
208.281603,172.084386,106.790649,78.231674
207.970812,172.036164,107.380371,78.093895
210.994825,167.413816,107.160561,81.241882
212.658514,170.911508,107.835808,76.623940
213.522207,173.610219,107.944145,75.383408
214.587717,178.527020,107.281326,74.539062
214.324640,178.601380,108.176285,75.166557
212.235811,179.147065,108.986145,75.902702
211.093046,177.100209,108.938362,77.803940
210.835123,180.039067,109.327530,75.675583
207.235346,182.546144,108.071701,76.296135
203.796224,183.445134,108.456718,77.771896
200.639429,177.717721,109.106430,80.079201
197.446642,179.962995,109.390747,77.698395
194.718752,178.284215,108.477264,79.720261
193.695520,175.372891,108.366043,79.958771
192.792593,176.921079,107.475945,80.407593
188.753328,176.434228,108.745758,82.686378
185.846804,192.154672,109.106384,74.378242
184.900030,190.628427,109.916344,78.942329
183.914598,191.687745,108.887482,77.073540
182.801706,186.848241,109.354996,79.054153
182.402941,186.275544,108.532104,78.640343
180.560942,188.862508,108.737709,77.499527
181.545942,187.878850,108.639046,78.867752
175.908880,187.004216,108.372520,81.156693
172.566030,193.385602,110.008110,73.987396
174.965483,188.218217,108.766487,77.017601
174.660013,186.383206,109.356247,78.968109
173.812742,187.179585,109.170479,78.605423
176.216890,187.842336,109.585602,79.301682
172.860830,191.373876,109.946556,77.579453
171.078604,183.819699,109.023949,82.185028
172.564196,180.625066,108.107971,81.112289
173.417642,181.238381,109.329208,79.432411
172.738432,183.461625,108.377174,79.488029
172.052481,186.362824,108.328758,79.696281
170.521105,187.112264,109.078094,78.849136
169.382776,188.472589,109.321182,78.624062
169.106329,188.860295,109.698570,78.739609
168.119383,191.847856,109.476204,75.678337
170.048628,188.707311,109.472115,78.728256
170.676172,190.138433,109.470749,78.093002
171.813822,190.398099,109.799484,78.491333
173.757872,186.486890,109.665382,79.664398
175.476271,185.038339,109.936378,77.353065
179.636473,182.794904,109.675270,79.612579
180.997602,184.640439,109.741493,79.495300
181.881479,179.825631,109.300522,80.114021
182.137121,175.635682,109.795250,79.500938
181.677042,179.573133,109.551071,77.937317
180.322039,178.235955,109.314209,78.828316
179.045156,172.245969,109.469414,82.087524
176.786978,171.966447,108.997124,82.134758
176.631727,169.888833,109.517159,84.446846
175.399153,168.190686,110.331245,82.900330
175.999143,170.405171,109.989998,80.242111
176.338011,166.123651,110.148384,82.589241
175.529333,168.766511,109.955894,80.395561
174.689600,171.045594,109.759445,79.540581
173.657495,169.726918,110.341934,80.230759
174.532194,175.139882,109.187691,78.966324
173.194887,172.646207,110.333984,80.201935
174.539797,170.972005,110.692017,80.675552
176.144544,176.280049,109.907326,76.945847
175.818365,173.625024,110.280418,78.780769
177.834089,171.709500,110.171547,80.581024
176.183138,178.726899,110.233032,74.132133
177.108480,173.993585,110.336357,79.009285
176.045168,177.023583,110.267090,76.446083
178.099916,172.895604,109.788696,82.040207
177.535078,182.668672,109.811012,73.464256
179.437544,181.115422,110.527748,74.092178
181.069548,178.835580,110.437202,73.875893
180.405485,176.252816,110.844276,75.493996
181.856771,177.445920,110.081383,76.342194
185.908178,176.247224,110.457878,77.563469
186.265280,178.642297,109.575798,75.191902
189.690939,173.597535,110.033501,79.515648
192.718340,176.218263,110.146729,77.999413
196.349699,177.426747,109.535866,78.474289
200.320867,178.259423,110.269920,76.201302
204.300325,175.842328,109.447510,76.731018
206.981428,181.373307,108.986092,73.551323
207.932043,177.180833,109.273766,77.674492
214.651026,171.371381,109.454086,80.931580
217.543749,173.215829,108.776825,82.560646
221.269647,171.829015,108.526138,83.577377
224.306394,174.318952,106.706886,80.014221
227.300920,181.892213,104.516479,74.115318
226.688024,178.621259,102.867729,76.832092
225.903761,171.974927,100.066902,77.306488
229.728418,169.238122,97.448288,80.270668
233.033304,171.929704,95.140915,82.533623
237.498571,174.688287,92.070885,80.469460
243.375727,172.152612,87.054367,81.657112
248.901358,175.029111,82.218254,78.368866
254.962603,173.803880,78.673828,79.074150
261.814321,172.764573,74.524681,77.133873
262.407835,175.223702,73.953194,75.598183
273.733255,172.702901,64.652512,77.101242
278.789745,169.865350,59.999096,78.100716
281.201843,170.995782,52.112339,74.970680
280.632511,173.925141,44.434597,73.704094
285.267879,173.841531,44.363689,73.343391
280.830618,177.974000,44.408775,68.298485
279.267944,178.301660,41.229984,65.887184
273.417515,179.748803,45.826900,65.552559
267.342577,173.729836,52.166138,69.719429
273.158083,173.768537,50.507385,67.143890
277.957163,170.714025,48.638931,67.373886
276.782755,169.063661,49.676498,67.097527
275.805136,167.324365,52.685234,67.234840
276.852751,166.390321,51.430702,67.308067
276.746649,166.819436,51.123405,66.278175
275.726166,166.139194,54.695896,62.989552
273.633079,164.277587,56.685444,61.621487
270.775682,158.762456,60.169464,65.503860
269.604526,155.345063,59.327480,67.587395
267.395716,165.340909,59.834885,55.781525
266.597429,166.770581,59.004974,55.471191
266.160869,170.156535,58.367168,55.831333
267.992262,171.852393,55.132576,55.572704
268.532143,169.913995,52.853413,56.396004
265.577291,162.270486,54.805473,61.072975
264.015753,163.235055,54.565147,62.787300
269.449819,175.947316,48.094841,55.577560
267.281364,176.663749,48.119083,57.042553
267.007927,178.912450,48.510349,57.246933
268.292635,176.292979,47.083908,59.824009
269.094755,185.971139,44.682976,52.394142
260.220840,172.827149,53.752155,64.096855
266.630615,179.082130,47.538990,57.946911
266.735338,182.892621,45.327713,55.581573
263.404499,180.272006,48.473843,56.862797
262.319895,174.670886,50.759354,59.017994
267.465483,184.649100,43.303566,49.644512
262.139666,183.031905,45.338837,52.139904
260.586107,182.573403,45.436661,53.741066
256.839838,183.574704,46.661118,52.136765
253.122785,183.592902,46.145241,51.303082
250.351215,182.353576,46.213055,50.965389
242.929548,180.852986,49.630257,52.181854
234.650616,182.507375,54.048046,53.384491
236.626692,186.893292,52.002693,49.063339
224.082783,186.500369,56.998638,47.071903
216.168093,178.452750,58.526794,52.702724
208.097866,180.412416,63.467480,49.343422
199.598638,182.620875,66.526512,47.518085
194.463461,185.446057,67.464684,49.594315
191.323683,187.830289,69.038277,50.268875
189.221510,186.102328,69.102486,53.179203
184.421732,191.256475,69.860977,48.583832
182.275984,192.838616,70.528633,48.813805
182.140814,194.668590,71.788567,46.624653
187.760397,196.120074,71.654320,47.307072
189.558866,192.035419,72.590431,52.236912
190.707079,191.678098,72.412964,53.219742
192.715937,193.665807,74.002457,52.056122
193.071562,194.128938,72.646614,51.517464
192.333540,192.735539,73.671425,51.849335
189.521276,193.970416,73.328972,50.916019
187.488291,192.960460,74.274460,52.019611
186.413233,190.928659,74.192917,52.237816
184.639036,190.259549,74.380562,52.117203
181.607244,190.919055,74.187065,51.417210
175.917311,188.272101,76.052773,54.431179
172.284342,186.845574,74.551773,55.771873
167.656446,188.369031,76.057747,55.727036
164.568487,188.182138,75.288658,58.754570
162.715746,193.571500,74.057373,52.194534
162.777403,191.062036,73.227089,52.191582
160.457891,189.178161,72.723076,53.383526
157.411238,188.707574,71.938179,53.730278
157.130392,190.552352,70.666771,50.891796
155.164995,186.238011,71.476227,54.530365
154.526285,188.641307,70.567429,54.821278
152.554125,191.110433,69.387299,55.627808
150.360857,193.823875,69.621460,52.528347
150.063982,193.683089,68.483429,50.969891
150.069528,193.875970,67.241562,52.021477
146.683386,192.259032,69.277122,53.095501
144.707136,194.631503,68.351601,50.815769
139.808424,196.620267,66.502968,50.231827
134.825472,189.867963,65.465820,57.814774
131.344667,188.571198,64.655884,55.426247
127.367662,187.515044,64.380249,57.784374
125.186445,190.573136,65.854225,58.774300
123.203913,190.384378,63.308517,58.804405
120.075472,188.108462,63.624146,59.144932
118.531696,185.826716,63.315426,61.481312
113.882828,189.094468,55.990025,61.251747
110.298855,188.234157,60.621990,62.526508
106.175503,185.337686,55.866863,64.909081
104.283119,186.557946,58.517719,64.308586
100.707556,184.618730,58.082878,67.791420
97.785646,188.339253,58.878143,66.098755
95.033945,189.141828,60.554306,65.183517
94.537254,187.322370,57.858570,65.916824
91.912210,181.825418,59.430191,71.943199
89.696480,181.825646,57.496723,73.523857
86.961409,182.909570,57.388161,74.075829
85.930561,187.694516,59.215908,70.658401
83.420496,181.919770,59.092239,73.931038
81.132870,185.138406,58.469036,71.872154
78.400410,185.218099,60.922329,74.500183
77.875078,186.422856,61.819092,74.654694
75.607210,184.752225,62.674652,75.743546
72.506887,189.458661,63.528252,71.462875
66.689634,190.199189,66.400337,69.796913
64.458525,188.856813,68.125221,70.961281
61.309439,188.062493,68.372520,72.417656
61.851076,191.827836,69.711914,70.903847
58.549440,190.302854,71.150604,73.779160
56.741007,192.201173,72.104172,71.672798
55.481714,193.464421,71.885544,70.197479
55.462984,194.710458,72.442352,67.085381
55.740347,190.185353,74.382469,72.603149
54.988317,191.718423,74.903099,73.311852
57.249582,189.797700,77.891159,72.971992
63.133016,189.851453,75.421043,72.282364
70.681173,191.923677,74.997917,68.199379
75.466085,192.893918,73.911156,66.993820
83.725084,186.608418,72.426422,73.141296
90.395609,185.198430,70.013840,72.404022
98.022699,177.708417,70.681931,79.438736
101.922529,176.031060,66.486702,81.336906
104.749197,173.452676,65.569176,84.048302
105.153711,172.748883,65.366898,84.320541
107.176092,166.059464,64.204521,86.748848
107.966856,160.476098,60.861824,92.733360
109.975246,159.378125,60.332256,94.208115
107.284000,159.210671,63.874111,96.397667
111.511509,177.364099,57.616787,83.914421
112.062788,174.082528,56.915688,88.027519
114.004160,170.703412,53.738541,91.358383
112.348301,171.122994,56.776485,92.796257
115.632440,175.848310,54.210464,91.287704
112.779507,174.267327,59.964489,92.582451
114.766186,174.774800,56.795696,92.458496
111.168629,171.950479,58.088314,94.305595
108.186312,173.486787,66.031219,97.194679
101.807169,170.278684,71.271744,101.885849
100.859800,166.499887,67.292946,100.917168
100.841909,163.255670,69.222527,103.789238
96.552297,165.434350,75.417503,106.828087
98.015879,165.585416,74.295303,111.219193
94.511263,167.301690,73.181824,113.329948
97.020456,169.155175,76.352219,114.192131
93.281378,168.040620,82.141960,120.335060
90.777269,171.101766,74.712555,121.699005
93.508928,177.449170,65.436554,119.612991
95.157514,176.445802,72.193153,121.244392
99.070150,177.218770,76.537315,124.783478
102.695421,176.627545,70.603821,129.365128
104.972120,186.036954,66.062111,124.830185
105.726156,189.666722,78.567986,122.122498
108.466585,190.188375,85.211212,122.073700
110.877455,189.674531,89.603279,125.003242
108.603815,183.662564,101.659470,132.181778
112.751749,181.397969,110.225601,133.653961
113.801592,180.387464,121.441223,136.268295
115.034868,180.231267,132.789001,134.132568
118.510416,175.690984,141.729385,133.736389
117.225168,167.513242,151.341629,136.306290
118.635485,159.135930,159.084106,141.158447
118.764879,156.603238,165.680969,139.776260
122.821169,166.847730,170.259186,130.492599
129.565554,169.710629,173.086456,128.121353
138.098986,162.879209,174.836182,131.565445
145.890985,165.212232,176.083542,129.831039
154.088961,159.753888,176.388885,134.174667
163.190874,155.820272,177.425293,139.820831
170.593225,166.341092,176.389023,130.364090
179.800882,168.020581,174.280045,125.661911
186.396471,157.373395,172.949768,131.491745
195.142687,155.435315,171.905701,134.980026
204.044001,161.599393,169.890427,131.764786
213.721270,162.358060,168.105774,131.205215
223.226030,160.207387,165.329224,131.796295
233.124903,158.862790,162.409775,132.815628
241.357340,157.493482,159.530960,133.472214
248.562204,159.529103,155.621292,132.614777
251.148378,156.983396,151.613617,132.651199
257.047121,149.822927,147.149445,134.045868
262.229082,151.416020,143.934570,131.401123
268.785585,155.323880,140.266388,129.370987
274.146234,157.693219,136.712021,129.062424
279.076334,158.783311,132.281815,126.920448
282.497087,152.277745,127.789246,128.993469
290.050531,149.367826,122.981186,128.470535
296.057650,151.041055,118.592010,124.108940
302.315813,148.091058,113.160156,123.177818
305.562456,150.407327,110.570251,120.695061
308.738871,147.857453,106.132278,121.466621
310.195757,148.714398,103.209167,120.594406
311.982794,150.836301,99.696800,115.306107
311.730467,146.944913,97.279457,119.719681
310.106623,147.658090,94.479050,117.381950
309.196398,149.315084,89.853577,116.605255
309.189577,150.178990,84.874420,115.673950
309.140268,140.140965,79.778091,124.111877
308.221258,142.707379,79.002068,116.495956
310.088575,138.493474,71.447792,117.027008
314.975006,137.717839,62.965427,114.552856
311.390760,140.309163,61.122536,107.626160
313.258890,136.966195,57.078690,101.059196
315.720217,129.000455,57.094147,103.038345
319.973322,129.223287,58.491074,99.343842
323.350016,128.808381,59.430222,96.553810
323.392519,129.913327,64.647461,90.695053
325.209330,130.791421,72.517868,87.773674
326.801603,127.939363,81.646156,84.672707
324.619291,126.700242,89.624214,93.135231
321.168287,124.998532,94.538063,94.035751
318.453680,123.278615,99.425560,92.661987
314.972135,120.989125,101.652138,89.155792
312.488947,122.175679,101.036240,91.310913
309.846243,128.421372,98.847710,87.954292
308.246176,127.326016,94.178764,87.736252
311.714483,126.952039,83.556786,83.766617
308.317854,128.763619,76.699623,84.309929
306.601122,134.870408,63.662842,77.506752
306.833776,139.937776,52.268242,73.191078
299.491297,143.495832,44.095505,71.226120
299.130274,142.765584,37.100662,71.034180
289.979961,144.924436,37.022594,65.705353
278.090397,133.420114,45.848202,76.940025
267.766918,126.731359,52.181499,83.011658
254.603897,126.302579,63.538303,85.872208
245.608908,136.316518,71.214958,77.306335
229.789705,130.682076,82.218964,81.921715
220.912477,139.945138,88.894287,73.261620
211.579054,139.827790,95.104622,72.884834
201.687654,138.244187,99.613190,75.755714
194.471056,141.785745,102.963989,74.249809
188.905298,147.540277,104.313858,70.970451
183.654421,146.438832,105.983704,72.503174
181.004976,149.572858,106.219482,69.502548
176.586164,150.981206,106.106270,69.063385
172.251707,150.748399,106.068947,69.081734
169.559408,147.264230,105.112297,68.881157
164.671907,142.623185,105.392975,74.468330
159.111139,144.289563,104.689621,73.143906
154.940386,139.298142,104.283844,76.176826
151.200754,139.967690,102.479965,76.135124
149.647280,136.226926,100.688477,81.229752
146.756040,137.353650,99.181374,81.083084
142.914312,135.731835,97.707115,83.694359
140.691240,135.409829,95.810059,85.581810
137.854208,135.373647,93.313866,85.459229
134.755129,136.220822,91.015656,83.988052
133.143743,139.537385,88.610985,82.520119
130.554747,145.094583,85.162392,79.131950
127.597124,144.172654,81.692291,81.499855
127.137224,148.431787,78.331970,75.824150
124.618887,144.777360,73.999016,82.289833
123.336542,148.598062,69.800003,80.119530
123.621874,143.692994,63.973999,85.165291
121.238108,144.137361,60.688095,87.845192
118.691154,142.124417,57.834095,90.223038
118.789680,142.167291,51.300922,90.667809
118.967617,142.559819,47.040417,91.259583
115.678329,144.370034,44.849979,91.871117
111.391443,141.894132,44.568863,94.975571
110.275633,140.785077,43.873756,96.516129
109.903257,145.750245,43.507332,93.966713
107.730945,148.477040,40.607815,92.673584
103.825268,143.488767,43.211040,98.096207
102.449968,141.242150,46.005585,99.226799
98.131933,143.799542,47.732903,99.602768
95.679657,142.893300,53.026493,101.553741
93.497234,140.034471,59.021526,104.720619
90.671942,147.505357,61.997826,99.220863
93.111868,148.119042,63.519829,97.251671
85.853132,147.672006,75.030586,99.050621
95.275019,148.635213,70.613235,97.074768
92.776438,145.399335,76.957626,98.874344
93.369261,146.904550,80.985298,97.524712
90.623506,149.227742,89.039581,98.391174
92.195909,147.550874,93.430298,100.597511
97.971201,154.473664,96.099136,95.089211
96.549482,150.745038,104.266609,98.712082
100.302320,150.293172,108.995857,99.957520
105.677465,153.282762,110.997826,98.299751
110.326013,156.111676,112.883041,93.833450
112.762278,159.079503,118.038773,89.779022
114.937673,161.036675,122.591972,88.863762
116.179685,161.096623,125.666237,93.839874
118.482408,161.409707,128.349304,93.848473
122.898073,161.435506,130.654694,93.944397
126.910234,160.475320,131.850830,95.850548
130.691103,160.899884,132.624603,95.867508
134.158846,161.509221,132.298615,98.180145
137.174776,169.700059,132.565887,93.893257
143.150110,170.558339,131.096603,93.691284
149.362642,170.922448,129.470245,90.681450
155.842756,168.749089,127.282417,93.164093
159.708914,171.157113,125.718132,92.235680
166.281969,164.397210,122.865784,100.048088
172.358427,164.986100,120.290077,97.538338
177.126425,160.509881,116.577995,100.004448
181.487108,161.103200,114.812622,99.879517
184.661253,160.336244,113.211342,99.616066
189.891558,158.240705,110.835327,100.705154
194.094881,161.421094,109.937469,96.576553
198.921121,160.883992,107.793167,96.713440
203.600061,158.266301,105.570541,98.435974
207.902807,158.021920,103.097984,96.641045
211.537954,156.397618,101.554527,97.225891
214.771681,159.033311,99.730080,95.486244
221.792826,159.012010,96.349442,94.431526
227.192663,157.845113,94.243340,93.527435
229.031275,156.082120,93.641556,93.113815
231.968538,156.057553,91.911621,93.636276
235.083238,158.909055,90.590393,91.569412
236.403784,158.930833,90.705223,90.183113
231.963697,160.408757,96.939247,87.090759
234.127931,157.852544,97.571350,88.192383
235.478273,155.701207,98.567200,88.172577
241.528940,153.808915,96.651077,90.401711
244.114477,150.990354,95.103081,91.544815
247.253454,153.375211,95.479362,87.136642
249.748941,154.121091,93.523270,85.078079
249.744978,155.370477,91.737282,80.452599
251.154680,154.107041,89.674469,84.892372
251.739935,153.777551,88.376457,86.791588
249.645498,152.388272,88.554558,91.338943
250.972193,155.534486,87.022873,88.632881
251.132055,156.489671,86.703087,86.103706
251.433267,156.177197,85.425247,82.475754
250.612383,156.251752,85.351074,81.577530
247.659510,155.110059,86.771713,84.289627
245.743803,154.073003,87.357124,85.256073
245.285189,153.103539,88.019135,86.941185
244.877134,153.838357,87.240303,87.585075
242.972246,154.046968,87.035828,87.883034
240.277456,153.403657,87.182457,87.221138
239.152212,155.516625,87.838371,85.658928
238.717440,157.493951,87.162720,84.261406
238.530199,156.151975,86.364502,85.259354
239.473696,155.507340,84.622528,89.032448
239.918856,154.361386,83.526184,92.674088
241.603285,151.307740,81.501808,93.417427
243.917284,149.066045,79.124573,95.221985
245.433317,148.897954,76.939827,97.113983
248.493109,148.836976,74.310936,96.370552
250.623526,146.528768,72.458183,98.507538
252.722597,150.940667,71.194092,93.321526
252.872549,151.905431,72.230064,91.228088
252.714506,150.795720,71.714729,92.598846
252.595117,147.308732,70.419479,96.086739
254.705194,144.176534,69.302689,99.727417
256.563688,144.278070,70.266396,100.482872
257.808676,143.862054,70.745781,101.825005
256.132891,147.968118,71.686646,97.100456
257.121557,142.758100,71.270409,102.504623
256.820066,144.816621,70.297737,101.597206
258.575910,155.736981,70.484261,92.976944
257.763113,155.406114,73.019341,92.912422
256.839762,153.692563,72.100235,94.893661
256.019155,153.580087,72.309532,94.533775
256.117571,153.511128,73.816833,92.776428
255.748670,153.738954,72.101112,93.042305
254.515131,142.361905,69.520187,106.216049
257.799795,150.793019,67.284966,97.552673
259.371836,145.954129,64.043198,101.921524
262.768232,146.766545,65.257393,100.223663
263.979402,144.837960,67.742096,103.563225
267.071112,151.492669,68.666527,97.808250
272.204645,141.546857,69.936234,106.439651
277.790304,142.480168,68.569481,104.502991
279.530634,151.331685,68.493423,95.154877
279.897188,148.271100,64.417999,98.243851
281.213632,153.314279,66.739883,94.946983
283.037828,155.218514,62.942810,93.848930
285.861151,151.009576,63.028038,96.407005
285.258428,152.633992,64.586205,95.776398
289.151546,150.756948,60.200268,96.697266
290.240108,152.075669,61.014355,95.233620
288.053347,147.354096,61.813995,100.579689
292.272705,150.579610,60.087345,100.049744
289.584232,150.696340,62.022243,98.698303
290.294041,150.482743,63.179897,99.885353
293.490101,150.613694,60.653530,100.155861
294.614801,147.741262,58.905685,101.871674
293.216352,148.020886,60.083961,101.787460
294.229910,147.733121,58.984795,101.590225
290.003101,148.074807,61.652004,101.626549
292.768274,153.330297,58.154495,99.314087
292.938583,151.639005,58.246281,101.047287
292.044573,148.032949,60.551666,104.440796
294.139679,154.042306,59.848759,100.386223
293.447283,153.896909,59.083252,99.226273
292.079878,156.773988,62.054207,99.218544
291.716061,156.810098,61.404095,99.244591
292.176790,157.043984,61.209564,97.632957
298.066799,158.136792,57.551617,98.383682
296.252441,160.502370,59.314060,95.476440
299.437147,160.316052,57.004585,96.108841
300.879454,159.018861,56.907143,99.561897
300.547674,173.836442,61.038414,91.489143
300.666456,169.014276,57.763832,95.086266
302.911257,163.136136,57.366882,100.045425
302.928505,158.468522,58.105732,104.375710
302.185894,150.963845,60.048992,114.323662
297.950687,155.641782,57.508297,110.175980
295.902338,173.318955,56.030014,94.477913
295.016617,169.859429,56.965763,102.275566
295.628918,168.184011,56.304089,105.762543
288.110346,165.753919,60.337234,106.082535
284.022838,173.358415,58.965008,98.994881
283.742254,174.556012,58.272240,101.515244
281.175392,179.189160,59.537403,90.661087
276.688642,169.321923,63.028542,92.649712
272.390100,170.082421,65.489487,88.285454
278.887680,156.716420,61.170383,103.499390
275.243496,166.365171,63.934643,94.744278
276.653808,182.034478,59.986668,95.418602
277.977913,199.207757,58.627949,99.388298
280.460979,214.028134,58.932293,90.777756
281.192551,191.737954,62.903965,98.163811
276.440798,166.904931,62.341431,103.417503
284.900293,153.346955,59.783737,99.404335
292.300018,127.675527,62.950321,116.217041
279.694279,159.564031,57.282070,102.729431
285.220789,181.556535,57.519608,103.410713
278.282862,178.516866,59.845535,105.392914
262.993652,184.207952,56.443363,114.615540
266.064527,201.184354,58.602943,114.481339
273.945047,203.196744,58.669205,103.709488
273.577932,202.948979,56.379662,102.695374
275.578218,187.564382,57.373779,90.409027
279.982717,158.436994,57.693748,95.960495
272.625009,146.745683,58.711807,97.732216
272.171984,160.513276,60.789886,89.887856
277.790947,147.171498,61.461933,104.680542
272.148477,154.134858,64.383194,96.846260
264.279360,162.813550,70.880066,93.982773
270.758085,152.667291,68.730385,105.435814
265.359293,163.425500,78.286179,94.849968
265.586279,175.820088,77.643425,90.438751
264.417509,184.941888,83.311165,87.909233
266.125059,199.603070,80.922218,84.921249
262.739668,205.792275,83.486305,87.830711
261.241190,210.017930,86.789413,85.778847
260.154924,210.861554,87.418701,84.610092
257.185282,203.735936,90.197678,83.480316
254.514845,206.557435,89.906502,85.727333
252.692446,213.171414,89.313660,87.190323
254.680590,218.820233,89.361725,87.193832
256.046961,215.636704,88.253220,86.446449
251.952959,213.225907,89.553375,87.979469
251.045473,214.009942,92.702698,88.485710
253.205770,216.267434,93.544823,88.397911
252.297571,216.899777,99.255569,88.184860
247.899542,213.963517,101.039116,86.649330
247.383100,213.183744,105.013924,86.849472
249.818628,216.447892,105.512466,87.031441
248.991373,220.890729,108.236069,86.875778
247.556627,221.942781,109.015472,84.486702
248.092955,222.967938,108.859871,84.058243
248.174375,220.912381,112.281471,83.697647
243.556551,223.753812,112.736511,84.975327
240.875444,228.051145,112.833954,86.380783
242.868013,229.000623,113.928741,85.256546
243.690416,229.241010,111.631531,84.167770
240.083036,227.762315,111.665443,84.332283
237.059099,228.132939,112.006104,83.938995
233.738184,230.799161,113.056931,84.475510
235.646879,233.350404,111.971504,83.450172
233.399012,226.467694,111.168472,83.457626
232.120279,216.083447,112.385971,84.350510
234.944315,208.636312,113.746506,87.118805
235.906351,210.648053,112.146255,84.734146
233.742769,213.850041,113.303894,84.268311
233.873247,213.843675,113.170471,84.481178
234.414957,218.567494,114.835464,87.600769
232.285002,216.617574,115.583382,86.848999
228.747988,218.315457,117.141541,83.849075
226.118578,218.140916,117.393402,86.350807
222.318449,224.548673,118.105812,86.097488
222.025797,232.240758,118.645920,87.055542
219.029405,240.321115,118.717346,86.983025
216.781996,247.969049,117.187508,86.633751
215.632521,251.477273,118.906868,87.223869
212.619322,258.478913,117.099648,85.854866
210.593443,260.224702,117.961586,88.007179
212.701818,252.582051,114.719170,90.673462
214.610483,249.915051,110.588943,88.210983
213.884752,241.727498,110.885742,88.926910
213.561457,244.226224,110.072708,85.257309
218.479029,251.019181,111.371506,88.488838
216.364241,257.981252,112.778633,86.878265
221.443277,262.492990,114.262955,85.642387
225.350283,265.688882,109.540436,85.651726
224.214086,266.805707,108.966148,87.875290
225.926210,266.567918,109.735687,88.640114
223.260580,266.301797,110.037956,90.991844
221.092321,271.443105,110.168571,87.101288
222.876402,272.433106,109.397591,85.421852
227.278242,266.056104,111.583260,90.011276
234.453474,262.510816,111.395332,87.837418
234.560781,260.801751,109.191887,87.323448
232.074098,265.176869,109.263794,88.918945
233.304983,270.918633,111.144768,86.662437
234.425745,271.498353,109.393173,86.426491
237.556970,272.195165,109.456070,85.552032
240.486261,273.928338,107.872269,84.449577
238.272787,272.738946,108.102898,85.835106
236.568407,270.787263,106.835663,86.742805
238.962107,276.203897,106.641861,82.058128
244.486998,261.144971,107.938271,84.560471
244.904924,253.216931,103.309540,83.971176
237.240129,256.730004,102.592133,84.457024
238.296625,263.476602,101.394241,81.970573
242.250372,262.797280,98.417686,84.189171
237.056360,261.123048,96.139694,85.690926
239.297804,254.892114,92.589516,89.153313
242.855944,244.113065,89.192322,89.034622
239.418119,244.645692,87.796425,85.312141
238.877539,241.791371,87.632072,88.573242
234.816221,261.410901,82.401466,85.490616
232.584192,255.806523,80.536209,87.088440
230.496096,241.241529,79.985840,91.183273
231.341253,239.648450,79.108818,87.394791
227.073740,241.826840,80.256271,86.562271
223.677313,243.202447,79.516289,84.357079
224.385641,240.522168,79.718681,86.950668
224.379640,238.369527,80.169434,89.468964
224.907518,238.538423,80.243500,91.148384
227.576620,246.527352,79.741234,87.053154
230.199316,243.850163,79.487236,84.192291
229.144392,236.668309,78.684395,86.786407
229.815508,236.553418,77.916504,87.230881
232.320181,232.617433,77.864250,92.802010
232.819170,232.925717,77.559875,93.017868
232.380777,235.634534,74.902054,89.995438
232.421358,240.130387,72.797302,90.879768
233.158247,240.457055,70.407600,90.741142
236.150679,241.587914,67.190529,91.118645
239.565220,243.485730,63.590267,89.265976
240.162678,239.940343,60.866756,89.344727
245.605274,233.117139,57.942837,91.169846
255.916876,222.958772,53.634666,92.790596
269.210363,219.661534,48.357262,89.769806
270.667148,219.022809,48.486721,88.485489
267.465845,218.765821,46.654678,89.547928
265.310791,222.434651,47.308567,85.664703
267.770275,219.533639,50.090160,86.832207
266.290457,208.902116,47.781334,87.155190
270.295463,211.443120,43.429066,85.325409
272.766041,200.420354,43.501644,88.817230
269.869125,193.048390,47.102390,93.788666
271.106611,199.887609,46.066109,90.764557
273.782038,207.819974,46.819504,85.804672
270.013143,203.128392,48.565575,87.004272
268.099052,198.511972,53.036213,86.144524
270.265558,196.292707,56.197739,82.787247
272.477045,189.060143,58.461136,88.101830
271.237167,188.943852,63.111088,92.652130
275.567222,200.804570,63.104176,87.883362
279.898758,201.316827,62.639286,91.122978
278.077764,202.106843,65.401360,90.293587
280.874411,205.539353,66.132561,87.259621
283.234075,206.978776,69.521996,86.849739
286.091123,208.738606,68.236519,85.054474
293.650225,210.658021,67.949341,80.241554
303.101984,198.348428,66.504684,85.568260
307.334001,190.013413,67.765900,83.977791
305.720316,187.821927,71.312820,84.179031
306.885374,202.582006,70.848824,76.825562
307.096353,199.680291,69.902451,82.560173
308.173677,201.090337,70.247498,78.379242
309.764868,198.620255,71.106987,76.594368
306.812853,194.412351,76.449860,80.431625
311.627439,195.164750,71.597633,83.192818
312.643698,195.729615,71.989250,85.370461
313.810480,202.126382,73.251755,82.735863
317.407698,200.518312,71.572792,84.100044
318.942778,196.718354,70.901619,83.680672
319.767469,195.596601,71.050056,84.751053
324.359930,206.134461,72.305840,78.963387
326.292250,200.048665,70.598427,82.628906
329.476553,196.399274,71.163994,84.151047
332.253878,190.244706,70.968353,88.631538
335.091917,185.437150,72.072090,88.219734
337.332128,188.607839,72.499626,83.096863
342.041387,185.777631,73.687553,86.306076
346.206423,189.651273,74.815674,83.670273
344.293939,190.565312,77.035172,85.838409
343.264692,191.903306,77.878548,86.110023
340.094606,188.788198,79.279022,85.476105
338.315462,185.494634,80.792633,85.268890
336.745912,185.946855,82.936920,85.006630
333.521818,191.244267,85.660561,84.356293
333.130644,190.587232,84.304848,84.342972
329.354105,190.447591,87.635300,83.476959
324.736025,191.668031,90.351379,80.619057
324.307611,193.890283,90.946274,78.460930
322.696649,193.327683,92.635941,76.594948
320.791765,192.848191,93.126190,77.680519
317.803755,193.437371,93.489235,77.530815
316.037798,190.435452,93.843414,78.864090
316.096163,191.831437,93.520905,74.816017
311.314596,182.543897,94.260643,79.802414
311.757593,180.240342,93.456467,77.196388
309.033472,176.484899,94.609543,74.742767
306.722334,171.455739,94.431831,73.630280
306.481958,165.969487,94.439804,75.475952
301.567823,161.694505,96.395729,77.516853
302.861059,163.826379,94.792168,74.812340
302.905149,164.881093,94.125771,76.267639
304.159929,164.368253,93.755859,74.850052
301.897360,160.966466,95.204674,76.696472
300.886961,159.868978,93.610603,76.144043
299.399637,157.642873,93.915268,75.270172
299.632727,158.026624,92.609673,74.141098
300.115278,156.829877,91.812080,74.864792
298.287153,154.010297,91.385292,79.192490
297.442518,155.715447,91.734047,76.493065
295.974241,155.295732,94.105721,76.877632
293.479834,154.877080,96.734917,75.707581
289.822950,155.483846,101.513802,75.486237
284.766512,155.638898,105.076080,76.417465
281.877214,157.814183,107.912415,76.853760
280.699289,155.702539,108.986526,79.188072
274.426462,160.429257,109.503220,76.666000
270.301508,162.620530,107.483231,78.024696
266.805242,166.762692,101.598656,76.418472
264.014078,166.640676,95.275681,77.959534
261.716349,165.181542,87.977768,77.860985
255.320185,161.469934,83.551102,80.807213
242.048963,163.108388,84.922523,77.911591
241.675268,159.778504,77.588097,77.641243
248.310944,162.161401,63.943882,75.017754
250.703016,165.056939,53.084846,74.422020
249.881233,160.538518,52.295002,81.952576
251.074686,160.694306,41.158859,82.271614
250.233230,162.863519,32.416660,79.190483
245.829527,159.170804,37.429192,83.903793
244.167164,156.326425,40.527905,85.576775
245.914993,157.701077,38.886158,83.100723
230.043077,155.117867,54.450790,86.776360
