0.000861
0.030354
0.030919
0.031684
0.030169
0.030597
0.030909
0.030385
0.031844
0.031795
0.031332
0.030643
0.030816
0.030054
0.031991
0.030360
0.030822
0.030957
0.031084
0.031819
0.030152
0.031127
0.030767
0.030272
0.030893
0.030100
0.031033
0.031074
0.031621
0.031409
0.031016
0.031505
0.030946
0.031164
0.031130
0.030680
0.031070
0.031266
0.030249
0.029956
0.029993
0.030891
0.031142
0.030084
0.029939
0.030157
0.030682
0.030751
0.029869
0.030046
0.030892
0.030059
0.030511
0.030079
0.030882
0.030459
0.030613
0.031473
0.030463
0.030015
0.029904
0.030166
0.030946
0.031475
0.030415
0.038984
0.032292
0.031786
0.031340
0.030854
0.030707
0.030937
0.030313
0.031041
0.030348
0.030876
0.030903
0.030202
0.031235
0.031542
0.031243
0.030096
0.030379
0.031680
0.030916
0.030868
0.030680
0.030683
0.030932
0.030947
0.031050
0.030404
0.031710
0.031013
0.031360
0.030586
0.031635
0.030572
0.030718
0.031155
0.030164
0.031005
0.031076
0.031498
0.030273
0.031226
0.030185
0.030250
0.030151
0.030130
0.030567
0.031449
0.030715
0.030386
0.030317
0.030228
0.030035
0.030052
0.030333
0.030719
0.031222
0.030076
0.030863
0.031159
0.030516
0.030835
0.030123
0.030163
0.030977
0.030227
0.030344
0.030277
0.030343
0.030166
0.030409
0.030194
0.030471
0.032095
0.030667
0.031460
0.031788
0.030236
0.031952
0.030201
0.031187
0.030626
0.030784
0.031574
0.031796
0.030431
0.031823
0.030223
0.030435
0.030901
0.030038
0.031075
0.030395
0.031335
0.030247
0.030295
0.031122
0.030795
0.031329
0.030793
0.030455
0.030575
0.030609
0.030711
0.030473
0.031187
0.031157
0.030885
0.030802
0.030169
0.031210
0.031204
0.030177
0.030310
0.030506
0.030833
0.030251
0.030931
0.031778
0.029983
0.030111
0.030157
0.030920
0.030232
0.031518
0.031623
0.030290
0.031623
0.030942
0.030451
0.030236
0.030823
0.030620
0.031022
0.031179
0.030217
0.030439
0.031049
0.030205
0.030356
0.030932
0.031027
0.029878
0.029954
0.031397
0.030106
0.030553
0.031271
0.030484
0.030597
0.030179
0.031353
0.030192
0.030257
0.032041
0.030652
0.031483
0.031810
0.030085
0.031110
0.031713
0.030237
0.030213
0.030411
0.030142
0.030376
0.030972
0.031480
0.031104
0.030494
0.030909
0.031059
0.030156
0.030633
0.031761
0.030247
0.030522
0.030892
0.030042
0.031227
0.030289
0.030434
0.030857
0.030278
0.031705
0.030964
0.030185
0.030627
0.030100
0.030536
0.032055
0.030876
0.030393
0.030290
0.031134
0.031815
0.030127
0.031279
0.031084
0.030081
0.030680
0.030175
0.030732
0.030494
0.031344
0.030305
0.030353
0.031454
0.031149
0.030489
0.031351
0.030550
0.030724
0.030141
0.030851
0.030872
0.030288
0.031392
0.030384
0.030351
0.030542
0.030271
0.032198
0.031241
0.031642
0.031326
0.030653
0.030839
0.031012
0.030983
0.030364
0.030411
0.030289
0.030123
0.030188
0.030480
0.030349
0.030123
0.030787
0.030785
0.030156
0.030606
0.029989
0.030127
0.030265
0.030352
0.030912
0.031090
0.030710
0.030077
0.031191
0.030381
0.030087
0.030050
0.030419
0.031206
0.030293
0.030088
0.031568
0.030896
0.030986
0.030221
0.030208
0.030118
0.030403
0.031567
0.031964
0.030789
0.031056
0.030348
0.030079
0.030126
0.030328
0.030156
0.031003
0.030238
0.030157
0.030279
0.030964
0.030441
0.030639
0.030465
0.030362
0.030085
0.030153
0.031514
0.030236
0.030184
0.031200
0.030971
0.030838
0.030189
0.030945
0.030400
0.031544
0.030998
0.030862
0.030324
0.030714
0.030494
0.031595
0.030278
0.030541
0.030239
0.030774
0.030282
0.031089
0.031833
0.030165
0.030031
0.030953
0.030445
0.030107
0.031224
0.030212
0.030539
0.030843
0.030108
0.030286
0.030395
0.031503
0.031311
0.030807
0.030312
0.030272
0.031203
0.030599
0.030532
0.031534
0.030861
0.030298
0.030135
0.030268
0.030509
0.030195
0.030143
0.030275
0.030147
0.030858
0.030866
0.030453
0.030855
0.030060
0.031275
0.030201
0.030230
0.030371
0.031124
0.030835
0.031170
0.030120
0.030073
0.030187
0.031042
0.030474
0.030227
0.030356
0.030140
0.030620
0.030027
0.030853
0.030496
0.030623
0.030154
0.030026
0.031333
0.030866
0.030269
0.030343
0.030691
0.030886
0.031201
0.031176
0.030269
0.030869
0.030295
0.032098
0.031151
0.030272
0.031080
0.030208
0.031434
0.030561
0.030243
0.030571
0.031256
0.031286
0.030429
0.030186
0.031453
0.030437
0.030055
0.030174
0.030095
0.030162
0.030965
0.030490
0.031188
0.030229
0.030066
0.029988
0.030187
0.030222
0.031383
0.030878
0.031718
0.030160
0.030318
0.030253
0.031160
0.030877
0.030068
0.030503
0.030131
0.030439
0.030769
0.031659
0.031339
0.030533
0.030596
0.031025
0.031371
0.031196
0.030374
0.030204
0.030685
0.029965
0.030161
0.030822
0.030177
0.030925
0.030694
0.030877
0.030140
0.030733
0.029935
0.030098
0.030020
0.030687
0.030063
0.030318
0.029994
0.030344
0.030966
0.030396
0.031456
0.031396
0.030265
0.030277
0.029955
0.029961
0.029838
0.030770
0.030055
0.029906
0.030311
0.031232
0.031457
0.030526
0.030473
0.031560
0.030373
0.030027
0.030102
0.031089
0.031736
0.030379
0.030230
0.031468
0.030078
0.030215
0.030594
0.031451
0.030197
0.030974
0.031235
0.030171
0.030935
0.030517
0.031133
0.030541
0.031639
0.031260
0.030303
0.030628
0.031802
0.031106
0.030934
0.031324
0.029942
0.030622
0.030564
0.030805
0.031267
0.030255
0.030993
0.030259
0.030430
0.030595
0.030583
0.031445
0.031334
0.030393
0.030479
0.030983
0.031924
0.031158
0.031158
0.030398
0.030181
0.030723
0.031393
0.031332
0.030202
0.031144
0.030736
0.031971
0.030324
0.030171
0.031278
0.031499
0.031573
0.031116
0.030637
0.030279
0.030270
0.030604
0.030549
0.031337
0.031355
0.030518
0.030866
0.030756
0.030693
0.030973
0.030783
0.031567
0.030657
0.030381
0.031482
0.030340
0.031304
0.031130
0.031132
0.030334
0.030307
0.030367
0.030504
0.031844
0.031190
0.031969
0.031894
0.030815
0.031177
0.031610
0.031592
0.031903
0.032591
0.030868
0.031124
0.031238
0.031306
0.031908
0.030558
0.031622
0.031418
0.032471
0.031474
0.031242
0.031251
0.031820
0.031633
0.031934
0.032458
0.031441
0.032653
0.031587
0.031944
0.031577
0.032258
0.031291
0.031640
0.031435
0.030575
0.031163
0.031048
0.030824
0.032448
0.031050
0.031066
0.030944
0.031367
0.031297
0.030173
0.029967
0.029914
0.030386
0.030376
0.029986
0.030311
0.030468
0.030246
0.032060
0.030941
0.030326
0.030996
0.030841
0.030583
0.030368
0.030369
0.030984
0.031521
0.030323
0.030225
0.031438
0.030499
0.030472
0.030624
0.031433
0.030900
0.030531
0.030301
0.031221
0.032031
0.031062
0.030540
0.030495
0.031171
0.031115
0.030362
0.031043
0.030341
0.030281
0.030883
0.030410
0.031505
0.030193
0.030372
0.031276
0.030354
0.030025
0.030264
0.031114
0.030543
0.030048
0.030583
0.030743
0.030520
0.030279
0.029763
0.031791
0.030753
0.030656
0.030489
0.030202
0.030942
0.030153
0.031048
0.030115
0.031076
0.030081
0.029980
0.030460
0.029902
0.029811
0.029778
0.030487
0.030353
0.029795
0.030145
0.030454
0.030957
0.030977
0.030453
0.030699
0.030428
0.030946
0.029910
0.030230
0.030143
0.030987
0.030640
0.029985
0.030486
0.031159
0.029976
0.029978
0.030216
0.029938
0.030265
0.030000
0.030101
0.029812
0.030810
0.031008
0.031140
0.030340
0.031046
0.030599
0.030633
0.029924
0.030432
0.030706
0.029833
0.030268
0.029982
0.030744
0.030756
0.031765
0.030979
0.030219
0.029884
0.030366
0.030713
0.030864
0.030595
0.030275
0.031594
0.030407
0.030119
0.029859
0.030027
0.030485
0.030112
0.031212
0.030024
0.030061
0.030731
0.030039
0.030439
0.030671
0.030093
0.030634
0.031115
0.030977
0.031480
0.030439
0.029973
0.029933
0.031189
0.030960
0.029905
0.029983
0.031306
0.030026
0.030291
0.030287
0.030140
0.030616
0.031099
0.030091
0.029961
0.029858
0.030208
0.030620
0.030710
0.029856
0.030606
0.030219
0.029837
0.030260
0.029993
0.030016
0.030451
0.031286
0.029965
0.030095
0.029952
0.030617
0.031411
0.030473
0.030354
0.030740
0.030424
0.030104
0.030640
0.030101
0.030157
0.030227
0.030793
0.030303
0.030828
0.030444
0.030174
0.030507
0.029918
0.030028
0.030608
0.030595
0.030862
0.030901
0.031210
0.029987
0.030237
0.030490
0.030805
0.030869
0.031378
0.030279
0.030164
0.030114
0.030944
0.030439
0.030523
0.031535
0.031185
0.030074
0.031248
0.030928
0.029868
0.029965
0.029760
0.029931
0.030309
0.030067
0.030244
0.030708
0.031413
0.030914
0.029998
0.030473
0.030461
0.030802
0.030445
0.030070
0.030186
0.030018
0.030005
0.029954
0.029946
0.029874
0.030143
0.030317
0.030124
0.030407
0.030695
0.030361
0.030671
0.031029
0.030945
0.031091
0.031362
0.031720
0.031641
0.032647
0.033241
0.031293
0.030919
0.031242
0.031953
0.032604
0.031809
0.032315
0.030815
0.031449
0.030500
0.030315
0.030251
0.030069
0.030151
0.030213
0.031346
0.031052
0.031553
0.030676
0.030186
0.030446
0.030278
0.030837
0.030303
0.031536
0.031290
0.031073
0.030922
0.030405
0.030726
0.030498
0.030518
0.032251
0.031562
0.030780
0.030975
0.032058
0.031855
0.030689
0.030821
0.030908
0.031555
0.030934
0.030602
0.030749
0.030911
0.030362
0.030678
0.030431
0.030579
0.031703
0.031302
0.031791
0.030619
0.030660
0.031557
0.030580
0.031426
0.031239
0.030485
0.030510
0.031643
0.031145
0.030320
0.030354
0.030420
0.031082
0.031566
0.030392
0.030568
0.030364
0.031354
0.031312
0.030764
0.030636
0.030802
0.030184
0.030602
0.030354
0.030893
0.030580
0.031539
0.031052
0.031615
0.030247
0.030646
0.030212
0.030565
0.030245
0.031155
0.030329
0.031228
0.030151
0.030185
0.030548
0.030815
0.030090
0.030840
0.031415
0.030626
0.031350
0.031103
0.030580
0.030126
0.031165
0.030111
0.030506
0.031313
0.030170
0.030247
0.030184
0.031138
0.030042
0.031261
0.030996
0.030296
0.029824
0.030694
0.031205
0.030020
0.031250
0.030533
0.030202
0.030960
0.030513
0.031164
0.030233
0.031559
0.030518
0.030339
0.030841
0.030135
0.030516
0.031411
0.030465
0.031190
0.030551
0.030562
0.030517
0.030060
0.030879
0.031217
0.030388
0.030160
0.030109
0.030361
0.030261
0.030539
0.030087
0.030714
0.030722
0.030642
0.030090
0.030160
0.030131
0.030529
0.030825
0.031371
0.030922
0.030601
0.030713
0.031194
0.031321
0.030620
0.030667
0.030617
0.030350
0.030209
0.031630
0.030039
0.030012
0.031323
0.030265
0.031208
0.030377
0.030159
0.030273
0.031422
0.031264
0.031358
0.031387
0.030037
0.030306
0.030325
0.031534
0.031192
0.029909
0.031223
0.030570
0.031378
0.031731
0.031171
0.030603
0.030288
0.029948
0.031196
0.030704
0.030382
0.031253
0.031452
0.030311
0.030466
0.031498
0.031119
0.030812
0.030299
0.031069
0.030720
0.029946
0.030947
0.031194
0.031682
0.031177
0.030764
0.031134
0.030514
0.031434
0.030362
0.031012
0.030467
0.029934
0.029844
0.031228
0.030363
0.031199
0.029771
0.031182
0.030242
0.029926
0.030360
0.029897
0.031112
0.030000
0.030020
0.030204
0.030471
0.031106
0.030268
0.030083
0.030823
0.029841
0.031053
0.030488
0.030884
0.030414
0.030261
0.031311
0.031063
0.030100
0.030649
0.030024
0.030480
0.030373
0.030559
0.030769
0.030251
0.031089
0.030055
0.030213
0.030579
0.030167
0.030510
0.030326
0.030050
0.031260
0.030179
0.029995
0.031006
0.030687
0.030388
0.030008
0.030177
0.029923
0.031333
0.030241
0.030474
0.030112
0.030098
0.030261
0.030270
0.030350
0.031616
0.030998
0.030177
0.030265
0.030234
0.030437
0.030565
0.030974
0.030339
0.031652
0.031520
0.030880
0.030109
0.030389
0.031176
0.031556
0.030004
0.030327
0.030101
0.029922
0.031514
0.030557
0.030774
0.030163
0.030032
0.029836
0.030192
0.029878
0.030794
0.030124
0.032530
0.031237
0.030771
0.030709
0.030623
0.030130
0.029965
0.030008
0.030737
0.029927
0.030286
0.030764
0.030110
0.029986
0.029993
0.029996
0.030999
0.030666
0.030313
0.030843
0.030386
0.029915
0.030093
0.030967
0.031139
0.030550
0.031207
0.030199
0.031484
0.030756
0.030354
0.029980
0.029815
0.029977
0.030903
0.030361
0.030860
0.030598
0.031338
0.029925
0.030118
0.030182
0.030020
0.030102
0.030883
0.030418
0.030839
0.030439
0.030343
0.031364
0.031106
0.030298
0.030701
0.030536
0.031167
0.030262
0.030584
0.031285
0.030032
0.030074
0.030177
0.029911
0.030235
0.030664
0.029928
0.030427
0.030913
0.030114
0.029915
0.030359
0.030170
0.029938
0.030074
0.030231
0.030369
0.031158
0.030276
0.030609
0.030447
0.030887
0.030873
0.030605
0.030084
0.029978
0.030448
0.030095
0.030302
0.030441
0.030761
0.030074
0.029828
0.029915
0.030381
0.029817
0.030009
0.029929
0.030564
0.031053
0.030929
0.030723
0.029956
0.030266
0.031193
0.030574
0.029930
0.029925
0.029963
0.029824
0.030130
0.030245
0.030503
0.030108
0.030882
0.030278
0.031181
0.030307
0.030048
0.029776
0.030023
0.030227
0.030541
0.029738
0.030319
0.029991
0.030126
0.030627
0.030175
0.029958
0.029939
0.030362
0.030441
0.029921
0.030163
0.029858
0.030781
0.030277
0.030204
0.031078
0.030048
0.030163
0.030237
0.030239
0.030498
0.030449
0.030954
0.030474
0.030432
0.030547
0.030325
0.030730
0.030504
0.030286
0.031312
0.030223
0.030636
0.030661
0.031228
0.030447
0.031180
0.030751
0.030376
0.030452
0.030046
0.030233
0.031137
0.030177
0.030376
0.030675
0.030136
0.030230
0.030341
0.030196
0.030698
0.030800
0.030179
0.030465
0.030705
0.030540
0.030329
0.030583
0.030477
0.030168
0.030858
0.031131
0.030301
0.031162
0.030782
0.031612
0.030613
0.031017
0.031054
0.031364
0.030106
0.030532
0.030380
0.030422
0.030494
0.030272
0.031096
0.030369
0.030411
0.030414
0.031620
0.030338
0.030376
0.030328
0.030697
0.030612
0.030691
0.030365
0.031384
0.030458
0.030423
0.031593
0.030553
0.030721
0.030515
0.030332
0.030637
0.031181
0.030441
0.030490
0.030502
0.030719
0.030929
0.030410
0.031165
0.030307
0.031380
0.030720
0.030442
0.030397
0.031018
0.030393
0.030526
0.030761
0.030492
0.030278
0.030355
0.030632
0.031448
0.030738
0.031354
0.030853
0.030385
0.030330
0.030460
0.030370
0.030456
0.030869
0.030387
0.030422
0.030508
0.030531
0.031011
0.031553
0.030342
0.030630
0.030721
0.030332
0.030553
0.030823
0.030376
0.030359
0.031087
0.030248
0.030400
0.030343
0.030361
0.031225
0.031615
0.030539
0.030457
0.030996
0.030375
0.030418
0.031129
0.030390
0.030350
0.030280
0.030597
0.031145
0.030587
0.031192
0.030232
0.030411
0.030495
0.031290
0.030842
0.031009
0.030396
0.030382
0.030398
0.030335
0.030221
0.030305
0.030839
0.030823
0.030486
0.031718
0.030400
0.030495
0.030535
0.030438
0.030446
0.030706
0.030972
0.030368
0.030254
0.031102
0.030238
0.030245
0.030308
0.030699
0.030298
0.031188
0.030398
0.030123
0.031052
0.029957
0.029961
0.029885
0.029911
0.030467
0.030398
0.030187
0.030855
0.030756
0.030092
0.029877
0.029949
0.030046
0.030059
0.030009
0.030325
0.029996
0.029766
0.030435
0.030741
0.029953
0.030955
0.030175
0.029973
0.029979
0.029866
0.030613
0.030668
0.030156
0.030015
0.031430
0.029926
0.030068
0.029935
0.031207
0.030522
0.030187
0.030168
0.029716
0.029869
0.029870
0.029851
0.030033
0.030599
0.030059
0.029713
0.030153
0.030020
0.030048
0.030003
0.029925
0.029847
0.030527
0.030007
0.029822
0.029914
0.029974
0.030314
0.030041
0.029725
0.030041
0.030195
0.031287
0.030453
0.030073
0.029899
0.029993
0.030128
0.030073
0.030327
0.030002
0.030163
0.030118
0.030059
0.030109
0.029998
0.030024
0.030949
0.030586
0.030082
0.030238
0.030179
0.030059
0.030773
0.030135
0.030317
0.029854
0.029999
0.029945
0.030095
0.030553
0.030457
0.030053
0.029882
0.030720
0.030002
0.030051
0.030153
0.030474
0.030152
0.030053
0.030056
0.029926
0.030359
0.030241
0.029977
0.029933
0.031335
0.030050
0.030212
0.029877
0.030293
0.030191
0.030318
0.030126
0.031191
0.030199
0.031032
0.031838
0.030512
0.031330
0.030173
0.031377
0.030448
0.031370
0.031228
0.030367
0.030658
0.030174
0.031102
0.030030
0.030440
0.030493
0.031099
0.030300
0.030110
0.030151
0.030559
0.030200
0.030219
0.030217
0.030561
0.030970
0.030279
0.030785
0.030607
0.030616
0.031305
0.030318
0.031062
0.030381
0.030343
0.030989
0.030345
0.030868
0.030829
0.030651
0.030594
0.030728
0.031345
0.031232
0.031307
0.031578
0.031593
0.031771
0.031269
0.031402
0.031938
0.031106
0.031813
0.032454
0.032461
0.031859
0.032442
0.032288
0.031769
0.032411
0.031568
0.031316
0.032264
0.031026
0.031822
0.032299
0.031059
0.031010
0.031524
0.030898
0.030930
0.031519
0.031545
0.030786
0.030945
0.031404
0.030929
0.030596
0.030556
0.030558
0.031111
0.030902
0.030401
0.031561
0.030720
0.030638
0.031072
0.030237
0.030410
0.030639
0.030125
0.030218
0.031162
0.030320
0.030132
0.031109
0.030598
0.030436
0.031163
0.030750
0.030413
0.031295
0.030442
0.030044
0.031050
0.030968
0.029933
0.030383
0.030129
0.030682
0.031107
0.031486
0.030253
0.030381
0.030826
0.030383
0.030338
0.031168
0.030498
0.030383
0.030247
0.030179
0.030838
0.031109
0.031013
0.030395
0.030357
0.031086
0.030503
0.030582
0.030330
0.030417
0.030243
0.030782
0.030194
0.030856
0.031447
0.030962
0.031093
0.031405
0.030390
0.030390
0.029829
0.030630
0.030232
0.030059
0.029985
0.030158
0.030058
0.030065
0.030042
0.030578
0.030365
0.030092
0.030357
0.030136
0.030124
0.030505
0.030573
0.030383
0.030798
0.031546
0.030763
0.030622
0.030883
0.032021
0.031674
0.030882
0.030560
0.030732
0.030808
0.030651
0.031874
0.031299
0.030722
0.030592
0.030517
0.030326
0.031045
0.030741
0.030538
0.030498
0.030599
0.030441
0.030765
0.030621
0.030671
0.030491
0.030529
0.030451
0.030620
0.030256
0.030746
0.031096
0.031038
0.030813
0.030534
0.030472
0.030292
0.031293
0.030429
0.030392
0.030507
0.030885
0.031968
0.030210
0.030952
0.030566
0.030413
0.030219
0.030226
0.030376
0.030396
0.030279
0.030572
0.030387
0.030536
0.030254
0.030384
0.030692
0.031285
0.030545
0.030445
0.030662
0.030697
0.030329
0.030324
0.030196
0.030558
0.030231
0.030240
0.030471
0.030113
0.030648
0.030348
0.030455
0.030392
0.031362
0.030369
0.030300
0.030213
0.030310
0.030593
0.030137
0.030501
0.030244
0.030284
0.030562
0.030404
0.031740
0.030963
0.030520
0.030914
0.030272
0.030209
0.030125
0.030159
0.030124
0.030435
0.030560
0.030541
0.030200
0.030848
0.030146
0.030210
0.030306
0.030095
0.030404
0.030291
0.030402
0.030139
0.030228
0.030900
0.030382
0.030240
0.030276
0.030222
0.031323
0.031209
0.030770
0.030940
0.030238
0.030123
0.030670
0.030528
0.031251
0.030575
0.030893
0.030306
0.030404
0.030398
0.030403
0.030901
0.029999
0.030534
0.030390
0.030234
0.030477
0.030665
0.030034
0.031064
0.030611
0.031080
0.030113
0.031279
0.030976
0.031558
0.030125
0.030373
0.030173
0.030397
0.031163
0.030264
0.030086
0.030155
0.029976
0.030344
0.030319
0.030671
0.031086
0.031887
0.030540
0.030214
0.030383
0.030452
0.030680
0.030239
0.031042
0.030426
0.031113
0.030379
0.030649
0.031399
0.030890
0.031332
0.030374
0.030408
0.031248
0.030424
0.030565
0.030418
0.030643
0.030560
0.030572
0.031729
0.030654
0.030374
0.031233
0.030344
0.030662
0.031627
0.030510
0.030679
0.030347
0.030329
0.030442
0.030847
0.031050
0.030435
0.030560
0.031158
0.031121
0.031067
0.030609
0.030831
0.030404
0.030350
0.030662
0.030280
0.030451
0.030536
0.030287
0.031338
0.030386
0.031129
0.030620
0.030473
0.030468
0.030422
0.031052
0.030960
0.030544
0.030552
0.030908
0.030222
0.030321
0.031528
0.030568
0.032046
0.031513
0.030517
0.030425
0.030461
0.030324
0.031194
0.030393
0.030352
0.030234
0.030425
0.030334
0.031362
0.030364
0.030836
0.030694
0.030869
0.030268
0.030480
0.030228
0.030082
0.030382
0.030411
0.030140
0.030470
0.030513
0.030791
0.030813
0.030591
0.031389
0.030066
0.030715
0.030189
0.031325
0.031236
0.030092
0.030587
0.030111
0.029974
0.030203
0.030409
0.030344
0.029982
0.030798
0.030054
0.029773
0.030764
0.029911
0.029919
0.029864
0.029978
0.030151
0.030165
0.030281
0.030755
0.031925
0.030819
0.030336
0.030433
0.030859
0.030334
0.030923
0.030711
0.030103
0.030654
0.030568
0.030121
0.031549
0.030594
0.030093
0.030150
0.030273
0.030102
0.031220
0.030199
0.030518
0.030367
0.030314
0.031555
0.030315
0.030370
0.030113
0.030661
0.031374
0.031122
0.030140
0.030732
0.030171
0.031141
0.031513
0.030259
0.030335
0.030307
0.030494
0.031464
0.030216
0.030711
0.030339
0.030512
0.031480
0.030346
0.030326
0.030174
0.030217
0.030471
0.030133
0.030687
0.030381
0.030272
0.030683
0.032462
0.030680
0.030330
0.030973
0.030241
0.030113
0.030908
0.030120
0.030771
0.030323
0.030346
0.030965
0.031047
0.030279
0.030880
0.030364
0.030910
0.030084
0.030601
0.029948
0.029890
0.029956
0.029946
0.030188
0.030550
0.031197
