0.001500
0.033758
0.033274
0.034719
0.033489
0.033560
0.033984
0.034566
0.034423
0.033744
0.033517
0.033729
0.034182
0.035232
0.033656
0.034533
0.034505
0.035443
0.034114
0.034915
0.036304
0.034970
0.035122
0.035050
0.034760
0.034096
0.034481
0.035056
0.034533
0.034161
0.035044
0.035453
0.034281
0.034620
0.035868
0.034909
0.034799
0.035234
0.036386
0.035729
0.035436
0.035880
0.036750
0.036399
0.036021
0.036994
0.035845
0.035947
0.038094
0.036928
0.037610
0.037063
0.037686
0.037063
0.038421
0.037244
0.038356
0.037562
0.037964
0.036937
0.037266
0.037317
0.036353
0.037037
0.036636
0.036251
0.036075
0.036876
0.036241
0.036445
0.037795
0.037776
0.037202
0.036645
0.036735
0.037576
0.038654
0.036630
0.037086
0.036700
0.037246
0.037033
0.037435
0.037121
0.038668
0.037779
0.036467
0.036926
0.036748
0.036575
0.036623
0.037800
0.036499
0.036511
0.035914
0.036180
0.035931
0.035423
0.034928
0.034513
0.034849
0.034506
0.033940
0.034963
0.033878
0.034021
0.033665
0.034785
0.032964
0.033212
0.032963
0.032513
0.032853
0.032373
0.033572
0.032975
0.032547
0.032863
0.031949
0.032858
0.032940
0.031363
0.032900
0.031309
0.031408
0.032229
0.031358
0.031327
0.032678
0.032179
0.031975
0.031590
0.031689
0.031197
0.031232
0.032250
0.031193
0.031183
0.030945
0.031187
0.031685
0.031604
0.031887
0.031808
0.031156
0.031446
0.032017
0.031624
0.031905
0.033204
0.031632
0.032044
0.033106
0.032508
0.033575
0.033643
0.032942
0.032674
0.033140
0.032874
0.033274
0.032772
0.032938
0.033461
0.032571
0.032564
0.032709
0.032594
0.034043
0.033921
0.033758
0.033677
0.032279
0.032201
0.033815
0.032518
0.034707
0.033641
0.033531
0.032987
0.033608
0.034231
0.033002
0.032731
0.033515
0.033327
0.033879
0.032125
0.032485
0.032812
0.032917
0.031379
0.035386
0.030925
0.030756
0.031092
0.031033
0.030967
0.031758
0.033230
0.032383
0.032339
0.031260
0.030982
0.031208
0.031370
0.032453
0.031665
0.031310
0.032174
0.032006
0.032273
0.031440
0.031807
0.031875
0.031769
0.031777
0.033032
0.033521
0.032007
0.032046
0.032903
0.033049
0.033431
0.032756
0.033057
0.033020
0.033288
0.032672
0.033522
0.034299
0.033789
0.033965
0.033064
0.034551
0.034196
0.033046
0.032836
0.033053
0.033531
0.032940
0.033209
0.032986
0.032808
0.033269
0.034576
0.033623
0.032712
0.033441
0.034080
0.032772
0.032654
0.032751
0.032417
0.034042
0.032432
0.033018
0.032491
0.032754
0.032279
0.032440
0.033323
0.032273
0.032809
0.032184
0.034574
0.032887
0.034071
0.035028
0.034791
0.033872
0.033857
0.033674
0.033563
0.033305
0.033576
0.034747
0.033610
0.033342
0.034527
0.033255
0.033781
0.033337
0.033407
0.033394
0.033732
0.033438
0.033691
0.034337
0.033410
0.033700
0.032964
0.033311
0.032748
0.033658
0.032837
0.033714
0.033439
0.033734
0.034220
0.032689
0.032422
0.033282
0.033063
0.032718
0.033807
0.034635
0.032781
0.033062
0.033391
0.033400
0.033389
0.032760
0.032366
0.033308
0.033272
0.032438
0.032035
0.032125
0.032731
0.032171
0.032376
0.032315
0.032029
0.032818
0.033369
0.032428
0.032231
0.032679
0.032501
0.031814
0.032512
0.031801
0.031635
0.031884
0.032046
0.031931
0.032859
0.031649
0.031756
0.031368
0.032701
0.032945
0.031697
0.032349
0.031654
0.033506
0.032277
0.031281
0.031153
0.032053
0.032120
0.031136
0.031050
0.031537
0.031936
0.032310
0.031363
0.030961
0.030963
0.031418
0.032032
0.032693
0.031324
0.031409
0.030996
0.031095
0.031608
0.031848
0.031792
0.030777
0.031066
0.030515
0.030964
0.030470
0.030121
0.031792
0.030355
0.030580
0.030011
0.030552
0.030865
0.031265
0.030943
0.030964
0.030359
0.030348
0.030298
0.029959
0.031158
0.031387
0.031301
0.030867
0.029930
0.030151
0.029886
0.030168
0.030415
0.030323
0.030832
0.030458
0.031378
0.031216
0.030212
0.030411
0.030389
0.030319
0.031039
0.030260
0.030878
0.031260
0.030842
0.030128
0.030049
0.029966
0.030032
0.030092
0.029739
0.030226
0.030216
0.029942
0.030606
0.029816
0.030674
0.029938
0.030072
0.029996
0.030504
0.030176
0.030449
0.030532
0.030409
0.030414
0.030437
0.031177
0.031456
0.031472
0.031416
0.031100
0.031192
0.030764
0.031467
0.031412
0.031539
0.030890
0.031071
0.030597
0.030564
0.030775
0.030890
0.030940
0.030591
0.030748
0.030789
0.030432
0.030311
0.031609
0.030374
0.030593
0.032031
0.031232
0.030422
0.032047
0.030776
0.032058
0.031739
0.030508
0.030369
0.031933
0.030419
0.031515
0.030608
0.031015
0.030792
0.031183
0.030551
0.030887
0.030713
0.031376
0.030789
0.031110
0.030751
0.031079
0.031422
0.032237
0.031352
0.031135
0.030671
0.031168
0.030630
0.031906
0.031094
0.030296
0.030330
0.030801
0.030635
0.030055
0.030107
0.031492
0.030299
0.030215
0.029780
0.030792
0.029955
0.030123
0.029750
0.030131
0.030198
0.030622
0.029865
0.031428
0.030253
0.030175
0.030719
0.030761
0.031120
0.031145
0.030282
0.031403
0.030223
0.031316
0.031280
0.030230
0.030453
0.030796
0.030909
0.031809
0.030393
0.031209
0.030453
0.031472
0.031041
0.032063
0.032042
0.031426
0.030569
0.031695
0.031345
0.031416
0.030487
0.030314
0.030666
0.030410
0.030412
0.030312
0.031470
0.030346
0.030498
0.031883
0.030399
0.030251
0.031630
0.030486
0.030352
0.031795
0.030164
0.031459
0.030674
0.031461
0.031306
0.031086
0.030194
0.030310
0.031723
0.031099
0.030467
0.030182
0.030040
0.031114
0.030758
0.030476
0.030492
0.030256
0.030561
0.030240
0.030225
0.030411
0.030508
0.030728
0.031263
0.030396
0.030688
0.030588
0.031013
0.030524
0.030927
0.030689
0.030405
0.030179
0.030325
0.030579
0.031772
0.030218
0.031132
0.031791
0.030091
0.030217
0.030419
0.030685
0.030302
0.030375
0.030516
0.030649
0.031547
0.031374
0.030730
0.032184
0.032899
0.031127
0.031550
0.031325
0.031113
0.031414
0.031107
0.031203
0.031755
0.031904
0.031490
0.030667
0.030615
0.030627
0.031022
0.030854
0.030561
0.030741
0.030872
0.032261
0.031062
0.032814
0.031680
0.031584
0.032162
0.032122
0.032018
0.031944
0.031407
0.032766
0.032426
0.030943
0.031673
0.031150
0.030952
0.031094
0.030891
0.030893
0.031673
0.031239
0.030559
0.030433
0.030201
0.031348
0.029986
0.030282
0.030467
0.030720
0.032369
0.039297
0.039448
0.042331
0.037374
0.037881
0.038915
0.038387
0.037022
0.038989
0.038671
0.041501
0.039313
0.038306
0.041860
0.039212
0.040177
0.039543
0.040079
0.041290
0.039096
0.037923
0.039972
0.038550
0.038818
0.038399
0.038873
0.039544
0.039942
0.039801
0.038979
0.039615
0.039654
0.038757
0.040332
0.041138
0.037454
0.039326
0.037264
0.035075
0.039612
0.036009
0.040555
0.034057
0.039082
0.036447
0.037745
0.036597
0.036982
0.040481
0.038949
0.038825
0.036103
0.035759
0.032599
0.030331
0.030242
0.030256
0.031538
0.031299
0.030202
0.030695
0.031408
0.031215
0.031268
0.031668
0.030500
0.030973
0.030742
0.030369
0.030236
0.030454
0.030434
0.030161
0.030543
0.030534
0.030366
0.030811
0.031108
0.030590
0.031601
0.030956
0.030116
0.031909
0.030989
0.030363
0.030089
0.031126
0.030834
0.031341
0.030527
0.030193
0.031562
0.030444
0.030864
0.030163
0.030682
0.030880
0.030109
0.030236
0.030057
0.030725
0.030215
0.030641
0.030515
0.031095
0.030722
0.030393
0.030264
0.030943
0.030234
0.030702
0.031511
0.030790
0.030864
0.030125
0.029889
0.030539
0.029876
0.029830
0.029939
0.030101
0.029895
0.030689
0.030183
0.029884
0.029876
0.029884
0.029991
0.030332
0.029888
0.030676
0.031087
0.030232
0.030984
0.030916
0.031421
0.032057
0.032026
0.031011
0.031085
0.033874
0.031203
0.031690
0.032000
0.031129
0.031128
0.031519
0.031012
0.031782
0.031443
0.031138
0.032588
0.031624
0.031448
0.031287
0.031366
0.031240
0.031268
0.031334
0.032128
0.031745
0.031495
0.031920
0.031138
0.030980
0.030605
0.030934
0.030507
0.030391
0.031747
0.031512
0.030873
0.031060
0.031620
0.032304
0.031241
0.031458
0.032548
0.031521
0.031136
0.031597
0.030980
0.030604
0.031470
0.032175
0.030995
0.030789
0.030490
0.030913
0.030823
0.030825
0.030977
0.030867
0.033417
0.031476
0.031544
0.031523
0.033761
0.033239
0.032041
0.031999
0.032991
0.033037
0.032002
0.032007
0.032496
0.032149
0.033130
0.033680
0.032468
0.031705
0.032202
0.031592
0.031493
0.031710
0.032563
0.031875
0.031755
0.032150
0.032274
0.031608
0.032190
0.033345
0.032233
0.031992
0.033158
0.033225
0.033554
0.032998
0.032272
0.032567
0.033665
0.033298
0.032651
0.033914
0.033800
0.033190
0.032720
0.032715
0.032548
0.033008
0.032988
0.032962
0.033175
0.032553
0.033227
0.032134
0.033069
0.032442
0.033281
0.033262
0.032453
0.032760
0.032354
0.033274
0.032466
0.033564
0.033613
0.033359
0.033132
0.033111
0.035135
0.033592
0.034550
0.034055
0.034444
0.034220
0.034109
0.033675
0.033635
0.035585
0.034005
0.033756
0.033987
0.035418
0.034261
0.035992
0.035196
0.034145
0.034627
0.034123
0.034014
0.034398
0.034313
0.034777
0.035171
0.035568
0.034473
0.035216
0.034511
0.034646
0.034348
0.034725
0.036014
0.034041
0.035020
0.033765
0.034729
0.034297
0.033787
0.033745
0.033507
0.034574
0.034152
0.034857
0.034184
0.033826
0.035790
0.033681
0.035298
0.033308
0.033265
0.033164
0.032845
0.033848
0.034740
0.034996
0.033018
0.032925
0.034009
0.033460
0.034235
0.033979
0.033069
0.033619
0.033277
0.034338
0.033027
0.033412
0.033040
0.034404
0.033205
0.033752
0.035573
0.033307
0.033993
0.033031
0.032949
0.033058
0.033659
0.032776
0.033124
0.032828
0.034000
0.033206
0.032394
0.032566
0.032564
0.032438
0.032263
0.032414
0.032124
0.032326
0.032767
0.033142
0.033483
0.033178
0.032590
0.032754
0.033299
0.033236
0.032404
0.032078
0.034166
0.032945
0.033373
0.033314
0.032744
0.032987
0.032359
0.032209
0.032313
0.032265
0.031926
0.033233
0.032236
0.032152
0.031805
0.031813
0.031514
0.031868
0.031950
0.031440
0.031971
0.032798
0.033206
0.031635
0.033172
0.031975
0.031667
0.032560
0.032306
0.031558
0.031573
0.031615
0.031553
0.031793
0.031906
0.032092
0.033109
0.032805
0.032629
0.032518
0.032153
0.032263
0.032248
0.034222
0.032531
0.033453
0.032740
0.032246
0.032152
0.032512
0.032581
0.032568
0.032415
0.032482
0.031940
0.032224
0.032101
0.032326
0.032519
0.032092
0.033536
0.033074
0.032714
0.032190
0.032814
0.032779
0.032941
0.033142
0.032569
0.032422
0.032440
0.033118
0.032760
0.032956
0.033190
0.032517
0.032886
0.033857
0.032668
0.033197
0.033893
0.032609
0.032726
0.033420
0.032919
0.032510
0.032403
0.032561
0.032339
0.032340
0.033646
0.032476
0.032652
0.031988
0.031872
0.032290
0.031884
0.032495
0.032281
0.031734
0.033166
0.031709
0.031627
0.031756
0.032238
0.031626
0.031459
0.031446
0.032398
0.031434
0.031448
0.031571
0.031375
0.031750
0.031926
0.032654
0.031519
0.031611
0.031631
0.031760
0.032870
0.033602
0.033229
0.032370
0.032587
0.031831
0.032503
0.031844
0.032014
0.032081
0.033340
0.030968
0.031880
0.031929
0.031113
0.030902
0.031909
0.031514
0.031338
0.031519
0.031826
0.032656
0.033027
0.032216
0.033048
0.032059
0.032201
0.033106
0.031728
0.031998
0.031374
0.032835
0.031991
0.031595
0.030849
0.031302
0.031266
0.031346
0.031465
0.032416
0.032847
0.032264
0.032241
0.032061
0.031761
0.032929
0.032148
0.032713
0.032372
0.032135
0.031881
0.031694
0.032727
0.031378
0.030972
0.031143
0.031748
0.031497
0.031103
0.030803
0.030659
0.031591
0.030688
0.031900
0.032052
0.031703
0.031496
0.031090
0.031535
0.030839
0.032450
0.032587
0.031239
0.030867
0.030977
0.030951
0.031123
0.031773
0.031223
0.031899
0.031734
0.031239
0.030833
0.031158
0.031474
0.030591
0.031400
0.030651
0.030638
0.030534
0.030632
0.030513
0.031282
0.031205
0.030997
0.030975
0.030734
0.031593
0.030902
0.031228
0.030549
0.030546
0.030533
0.031187
0.031202
0.030612
0.031125
0.030557
0.030699
0.031431
0.031610
0.031741
0.030983
0.031306
0.030790
0.030684
0.031693
0.031032
0.031288
0.031974
0.032085
0.030549
0.031515
0.030978
0.031003
0.031188
0.030749
0.030852
0.030684
0.031186
0.031138
0.030753
0.030529
0.031411
0.031732
0.030312
0.031053
0.031412
0.032031
0.030463
0.030515
0.030602
0.031661
0.030774
0.031647
0.031059
0.031289
0.030792
0.032210
0.031834
0.031031
0.032048
0.032118
0.030993
0.030888
0.030538
0.030909
0.030440
0.030522
0.030569
0.030785
0.030930
0.030828
0.031263
0.030718
0.030687
0.032024
0.031326
0.031262
0.030889
0.030922
0.031032
0.030881
0.030588
0.030889
0.030675
0.030959
0.031118
0.031154
0.031220
0.030989
0.030686
0.030884
0.030745
0.031381
0.031026
0.030899
0.031166
0.031809
0.031970
0.031049
0.031935
0.031908
0.033026
0.032677
0.031741
0.032448
0.031669
0.032061
0.033576
0.032834
0.032166
0.033164
0.033858
0.032547
0.033073
0.032764
0.034173
0.034264
0.033040
0.033887
0.034371
0.034530
0.033534
0.034148
0.034550
