912.000000,387.000000,205.000000,197.000000
902.620415,384.326614,206.534500,197.202972
892.927269,383.589424,208.059280,196.807419
876.553833,377.240875,213.311646,194.547607
875.142464,378.725342,216.091110,193.406494
866.125114,370.315170,216.127457,197.572540
858.432823,363.129532,212.245193,200.537567
851.973785,357.305389,211.353821,205.565857
844.996208,349.840309,213.167007,215.000412
844.878716,350.927429,213.532364,214.920044
838.966362,340.168846,212.172012,224.578079
836.884483,339.813919,208.628738,215.066620
834.690308,337.678520,207.087891,218.703751
832.879028,338.340637,202.316040,223.508179
833.234879,341.405449,201.954193,219.827774
831.869804,342.729851,196.559708,232.091934
825.457779,348.990669,193.879486,233.323715
818.553207,351.226135,198.679596,231.834717
806.035286,355.044762,204.324814,230.190628
804.830193,352.872673,204.839859,229.813126
793.512863,358.417534,212.084747,229.823624
781.852783,361.459381,219.338013,229.802917
767.089645,363.051582,231.870270,220.293808
757.382668,369.786888,242.212814,209.806595
759.997246,370.036415,240.314957,209.190842
757.520203,376.485703,241.813843,219.917511
754.546181,387.379028,242.802048,224.443970
752.144386,398.535378,243.094040,219.104416
750.868195,411.501251,242.042908,206.805725
751.665749,413.373299,241.714767,205.959824
747.472656,416.247604,245.088501,200.223419
744.894012,419.772102,246.128113,197.301498
738.985336,421.475639,251.661652,194.743057
726.054276,421.566628,259.884003,195.067307
727.042099,420.595131,256.458405,194.654831
708.461639,413.714180,264.771301,196.839584
694.495956,399.122223,269.581207,206.693909
681.033966,388.592117,272.700256,210.127777
669.947571,373.117401,275.067383,221.031433
672.417221,373.553352,271.937408,222.890854
665.623978,362.893311,275.991791,225.675537
656.427292,355.394310,277.364044,231.381058
651.998825,351.349632,279.655426,238.831985
648.423340,347.974304,285.272949,229.514038
646.807556,347.866524,285.461304,235.750473
642.315918,346.937546,288.886475,230.014313
636.311615,347.909760,296.717468,238.447815
628.575790,350.632210,299.711945,248.651474
622.428558,353.915382,306.204651,247.106979
621.944839,353.817406,306.123260,249.271683
614.380646,351.739059,306.066467,240.664093
605.129333,353.791748,310.719116,246.717773
595.727646,354.129372,317.764679,248.443649
583.903580,352.939133,327.987274,255.088043
584.430130,352.932678,324.812103,255.834229
577.521851,355.222656,331.220215,252.376465
572.349396,351.377785,339.640198,255.920822
574.203781,347.547615,337.879669,255.061874
578.749252,352.006287,341.365875,242.529663
577.313095,356.048546,344.703644,241.564163
585.075562,355.626190,348.800171,237.173523
588.658737,359.680946,338.383087,229.963913
598.023102,370.138458,335.148621,219.460022
597.487808,374.285736,337.597382,215.426941
597.103607,374.676659,336.846741,216.668777
600.188354,376.681015,336.277588,204.098907
591.531555,374.230560,343.427734,208.878235
587.702896,381.075676,346.109222,201.711563
580.160034,377.327705,350.558105,201.536850
579.297256,379.668747,355.040985,199.500641
579.774719,372.638168,344.786865,202.347687
577.002914,358.262016,342.124664,218.323257
571.829559,346.913887,343.674622,225.028915
568.786240,333.556389,343.743561,237.019302
570.171616,343.736366,339.914459,225.313278
565.794113,334.162209,346.822784,238.001633
567.074142,350.192612,347.673492,218.627350
560.999466,333.146317,350.920868,236.838593
549.746552,351.500496,354.871399,220.125473
550.117050,347.883293,353.874908,224.262466
540.865463,355.239143,355.619659,219.554062
531.209213,357.329483,362.569977,220.730560
515.534210,352.928032,370.872986,226.218033
499.388565,356.352554,382.068573,222.631805
497.673401,359.526550,380.101196,218.565796
472.312393,373.610718,377.414276,209.363770
452.091141,367.054382,379.246185,222.225342
428.271347,365.391457,381.347321,220.181198
408.294998,369.450951,381.155121,212.084793
408.374542,377.372002,385.577087,207.183609
391.948364,368.426872,371.155396,214.584976
368.080688,379.594612,369.337891,199.761581
356.085770,376.396431,362.751312,199.918076
342.579391,381.371902,363.119781,194.027557
340.834167,385.141808,373.627197,191.270096
336.557114,380.267059,353.512604,192.246155
327.403687,381.326385,330.043213,189.126404
323.865875,377.887817,312.065125,185.977173
318.144180,372.047630,302.192596,190.319046
326.581284,375.588623,290.871368,183.092041
297.235580,370.158775,307.870392,183.436966
339.342003,360.148224,255.947464,191.605164
364.854774,344.050972,228.165573,202.762802
393.597275,326.267845,202.266022,212.778030
384.533340,323.556427,200.393585,214.131042
424.798805,310.086113,184.842270,221.217850
454.831551,296.897842,181.793381,227.830963
483.289856,288.934174,166.169250,234.241882
513.681023,274.416588,162.871414,232.892960
514.993538,277.722633,161.227951,228.184250
552.171722,271.297989,144.173096,218.263031
581.329575,259.591248,149.625641,221.635620
610.747765,258.044579,157.641983,214.622452
640.599449,262.427605,158.574356,201.766190
640.277969,261.884918,155.988739,201.132019
669.815331,266.875725,150.121048,190.887283
709.631866,273.122482,136.104675,183.692535
745.996368,281.296822,118.999634,185.653427
777.202774,292.231743,110.784821,182.512589
775.964638,286.985413,109.761887,188.730896
797.219204,298.958885,109.872993,185.230362
811.650829,314.893646,112.895485,180.284668
828.223946,334.163544,117.633591,171.733826
845.720219,349.679039,114.277458,163.520462
847.497673,350.606087,113.310745,163.252914
864.962357,365.038773,109.805084,155.787872
883.811512,373.960289,106.928978,154.045792
901.503811,378.980644,106.709480,151.709915
921.062187,388.517540,104.627762,146.338638
919.539734,386.509483,105.765442,147.770889
931.286938,388.347397,112.681923,151.104034
941.462589,407.747078,125.455193,133.856308
953.793705,423.988701,125.956841,119.788712
966.961037,421.227558,127.056320,124.448631
964.165230,430.437199,130.952866,116.931938
980.714386,436.951523,137.371948,112.996552
988.450592,446.326412,143.532593,103.257149
995.481949,450.463955,143.191010,95.348396
999.730621,443.329346,150.240234,103.475403
1001.696426,442.448505,148.456879,104.546959
1005.635262,448.110332,153.218979,96.390236
1012.142120,461.448475,154.105530,85.687889
1009.245071,473.452656,168.545624,76.120750
1001.198761,467.502426,181.045898,84.104523
1001.876450,473.174416,182.585907,80.195480
992.356346,478.391575,193.678604,75.751579
979.303757,462.986805,204.707916,90.693748
962.150177,450.867020,219.482605,104.445160
950.438049,448.664997,223.480530,105.569664
951.182922,444.973042,223.954224,110.507835
936.033470,436.901966,226.845840,118.167931
919.901581,438.559460,230.996033,118.455055
908.002182,436.699635,231.439728,121.548363
896.056702,431.928543,237.175476,130.830231
892.902824,434.218842,242.150894,126.789307
888.748116,431.785812,240.121262,129.769928
883.444885,434.408524,239.424866,129.757538
879.882965,438.598572,226.930786,128.780518
876.618652,446.450565,222.140137,125.422966
875.744331,447.985931,223.606918,121.728943
872.329491,444.683899,226.955399,126.429626
870.008347,444.395950,227.509491,121.275177
869.570045,438.652000,224.668259,126.632645
867.099640,432.518990,224.804199,134.918198
867.628204,429.297180,224.851685,138.809265
866.417862,429.359634,227.535980,142.779633
868.336266,431.757111,227.766495,144.171448
869.543991,437.587967,227.422272,144.899139
877.460152,446.513412,220.550644,138.096466
876.032379,445.224129,222.734924,139.179367
879.520439,453.860687,219.746170,132.262695
879.929718,457.206665,220.309998,132.356873
882.518661,466.544289,221.628998,126.337326
879.933136,469.197136,222.561768,125.504715
880.268936,469.194099,223.941132,125.542465
877.197289,466.235497,227.757217,132.103592
873.056671,468.433830,234.562073,133.618362
868.951164,456.568169,240.333145,148.096451
859.277115,466.325157,245.650482,137.111465
858.747810,470.102333,246.051804,131.125534
855.602707,468.483719,244.762970,134.629791
849.998314,470.038528,249.874405,134.076141
847.595116,471.671471,249.265152,132.745438
844.453491,472.281609,246.404602,134.364212
843.014755,470.048073,248.985504,135.159042
840.947136,470.313911,243.280777,132.347031
846.584251,472.045959,228.007034,131.198242
853.088310,468.331337,215.116348,136.752365
860.231010,465.817139,202.064163,142.524536
860.462921,466.100044,202.901306,142.645309
874.744209,462.946533,183.536118,143.173828
893.646126,468.327591,161.813278,139.270721
908.606285,472.485687,145.784317,137.743469
921.655319,478.902466,133.456818,132.882751
921.146103,480.983620,134.684540,130.422104
927.202644,483.456985,134.798691,131.024139
928.603661,486.410667,145.344376,130.702042
931.154366,495.454636,160.665451,123.050079
935.974304,509.850315,166.773438,112.605461
938.082741,504.338924,163.860092,118.041023
939.133987,520.275436,172.242462,102.593536
938.606964,526.725498,180.523132,97.632256
936.350006,531.193058,190.398865,91.881706
928.092026,534.784000,205.852875,90.699516
927.593781,534.505989,206.530029,91.696701
917.843842,516.156952,216.967163,108.728088
906.701569,513.665596,222.812012,111.969955
896.487823,508.342518,232.179443,119.595665
885.112457,508.069313,235.592834,120.125595
884.756004,509.736538,239.519852,119.558113
869.544434,507.083260,241.403320,120.743210
862.462990,511.184109,242.125778,121.616463
851.365112,513.559967,243.933777,120.216980
843.520866,515.133690,244.640762,119.502029
843.440331,513.329987,245.725235,121.164124
832.264847,511.560097,242.357880,124.747971
821.750107,509.903496,243.905792,129.107254
811.870583,506.775032,245.981247,135.181076
807.466522,499.964088,245.654785,142.989975
803.791458,498.773842,249.161896,144.247604
799.439949,489.887405,245.841904,153.049408
796.657005,484.322029,240.474808,162.311813
796.097481,466.000824,238.003647,178.577942
796.873505,455.260674,239.993835,189.489822
797.465179,455.867836,244.807190,190.340927
801.078659,444.267052,239.904816,195.859512
804.758400,439.484604,241.799973,194.308929
805.987587,428.726219,244.889572,191.122940
808.635597,413.492584,250.717941,195.213745
807.860031,381.102264,252.559723,227.432373
807.496429,402.374756,256.191833,194.387756
811.481613,392.471626,258.275421,197.799728
815.224609,392.024139,260.183228,186.345703
813.803879,397.157486,262.052399,180.932648
816.298187,394.915459,265.414734,179.342606
816.990280,400.264580,267.001862,174.611771
819.169708,402.576996,269.784973,179.820068
821.744324,409.964546,268.246582,183.011887
823.109985,408.879814,266.411987,184.180252
823.830765,413.250870,268.085907,191.274200
828.979385,422.900627,266.319550,192.547928
832.404144,447.353889,267.425842,173.851120
824.679993,455.241501,278.381104,173.677094
826.811981,451.303787,276.997620,178.037018
820.336075,458.363892,281.542084,174.071716
814.484833,464.986656,287.149597,167.285904
809.711548,476.044716,290.508057,158.795151
804.335403,484.156441,290.686493,155.618942
802.874100,483.850571,292.903778,153.798431
795.971375,485.411392,296.130371,155.488068
789.847260,486.926491,291.708069,152.924423
786.981461,489.705070,287.702972,151.800125
785.210022,489.009705,278.551514,153.770325
783.095062,488.596283,282.961731,155.945312
783.193298,487.810379,270.436401,155.632477
788.357971,490.670876,256.976257,153.397568
792.822113,496.121964,244.897156,149.510284
796.764160,497.261917,236.328552,147.189056
796.528725,496.039177,237.917709,146.140152
795.027901,497.862206,239.309555,145.926407
794.549171,493.776665,241.392746,153.437332
789.855911,486.534943,244.228546,156.548523
785.110970,478.628380,249.613876,163.712967
786.704666,476.992355,248.444305,165.004608
778.759415,468.779778,255.692108,172.793472
770.194122,454.179367,259.096375,186.262970
762.612366,432.714142,260.956177,204.696594
757.303162,427.720413,268.108154,211.140106
758.536499,427.004776,267.736084,211.765839
757.564545,421.481888,271.934753,214.001801
759.981598,409.231102,270.907166,213.889481
759.284958,404.909035,274.971100,208.756516
763.043167,400.313911,271.225433,212.274399
763.317429,400.126663,271.842316,212.623383
766.535202,399.129333,270.075592,215.616211
771.509872,399.900795,265.947540,228.348679
779.769302,402.399818,259.540863,227.138474
786.655991,402.737289,252.696686,228.937653
785.641701,402.625298,253.920822,228.968033
793.658821,405.919441,246.554306,229.912216
793.564476,409.655159,249.695511,229.429184
794.206146,410.995911,252.854553,230.630249
791.266373,415.236687,255.388519,228.545792
792.846207,414.109451,257.811859,229.240814
790.113144,418.755470,262.755768,227.201340
788.406967,427.742157,273.166168,218.126526
785.134323,436.690742,270.890289,204.793076
781.877991,449.311058,273.500977,188.871658
783.128036,447.575783,269.797028,192.406906
782.666458,459.039001,272.946136,183.314575
781.821640,475.156860,270.311310,168.950317
781.050705,489.184891,269.382965,162.893280
772.893448,489.486198,271.241669,163.017960
773.784317,491.573006,269.527924,161.008408
764.958374,493.078468,271.640137,161.793015
756.663940,494.559456,269.877930,158.782211
748.352020,494.827087,267.793579,157.012573
736.384232,492.799713,266.520172,161.269104
736.390839,491.633446,264.814575,160.046951
728.876022,484.414253,263.533051,169.119858
718.209778,478.915970,264.683044,171.771454
713.294861,473.999756,260.746277,175.141479
707.326218,468.629837,259.220673,182.151337
708.623871,466.017944,257.789307,186.334473
703.102730,458.508041,254.542282,194.608063
703.123520,450.651398,248.447479,200.831360
701.997414,444.703819,244.029770,202.435257
699.046303,446.091232,241.632309,199.536285
697.557785,445.680855,242.275726,202.570419
695.305511,444.274445,240.051147,199.347961
690.626717,447.121536,235.329636,196.691864
686.035271,448.328445,231.999100,199.409515
681.756073,452.444046,222.241333,191.569061
680.561058,451.246101,224.657242,193.723618
674.379822,455.677383,220.079651,190.251556
667.051064,461.511398,215.693893,185.346588
655.117645,469.006310,211.220093,180.118851
646.510330,473.027878,206.803131,178.631805
646.695030,475.760437,208.126114,175.633789
636.678719,475.321846,201.069748,178.025070
622.970947,481.237808,203.425171,173.890900
613.194595,482.482941,194.734344,172.933533
593.133217,481.656700,194.874008,176.489029
594.180580,482.597481,195.139511,174.701950
584.816109,482.888466,188.887131,174.091537
572.237999,480.741997,186.193436,175.704483
561.127113,477.807243,183.417038,177.844498
550.220314,475.306618,180.500046,177.859238
549.978920,477.692078,183.010056,176.507324
534.838852,469.239792,178.250763,182.907745
526.258987,469.123688,176.417023,181.237793
514.972061,462.009087,179.897186,184.246353
508.795250,455.399574,165.475357,184.863266
505.395805,454.442863,170.889114,189.574478
498.272339,446.557495,163.549500,190.158264
488.231888,428.132233,157.160675,200.346741
484.072784,413.725418,151.835266,204.454620
484.137749,399.362312,142.203262,206.847031
482.331726,396.965515,144.312866,209.978271
482.967621,383.482018,135.851135,210.126297
485.824543,365.019279,127.325157,210.806229
471.663948,341.034851,140.219345,212.807007
481.672165,319.829491,129.601288,213.935501
473.797203,319.873497,132.893631,214.900528
480.335350,306.836151,127.523514,213.854309
482.115025,294.242126,124.614067,211.944702
481.454975,282.210960,123.299034,209.003433
484.905167,273.056076,116.750763,203.566254
485.606899,273.269638,115.360786,203.414886
484.756199,268.541771,114.641533,201.781815
487.409573,262.909355,108.879890,201.475357
487.667206,262.459282,106.247925,194.362076
488.628658,260.480240,102.852180,194.127289
487.959564,260.106552,103.687988,194.657990
487.890293,259.783012,103.695488,200.822525
488.873539,261.965729,101.069939,196.084717
490.169712,264.745056,99.426323,192.609314
491.429382,268.661865,100.838928,187.424927
491.545147,267.607887,102.659950,189.090195
495.673420,268.307076,109.378319,184.621933
499.333553,270.069809,116.593208,178.561005
500.210083,271.614914,116.775146,174.608612
502.751816,274.839226,128.234528,167.909256
502.796062,275.033356,127.846596,168.039368
506.955276,283.223038,128.251740,155.009125
512.799885,285.540848,120.537743,157.759186
523.655022,303.127602,111.874039,144.699814
529.628349,307.016083,107.722672,143.894531
530.435719,304.022789,106.527733,147.899307
531.000496,319.623825,107.682236,136.941925
546.069248,327.078293,93.509331,132.692108
554.857212,340.375229,86.432121,121.331268
554.021416,362.123421,86.500015,111.719284
555.597458,364.643944,85.276245,107.432144
551.861797,382.154278,87.085487,94.198677
549.674660,402.441433,87.360367,85.411446
547.036861,422.115208,91.164345,76.491539
546.121132,432.180275,92.413437,62.158249
548.291779,432.199492,90.610626,55.645939
553.803543,457.981220,85.127472,72.029869
563.884796,463.185040,77.466858,72.282112
567.982067,473.940430,73.437477,64.448608
570.000450,476.135448,70.169022,63.814003
572.340862,477.741005,64.713997,60.504440
575.674076,467.470062,45.382805,55.456787
581.338402,485.840099,33.040924,23.927345
589.147124,500.164579,23.414049,13.241506
573.839890,499.587660,65.536423,42.509769
513.671936,497.537148,163.536621,142.039200
618.014313,334.550423,159.005493,90.641830
599.659843,336.926964,174.062393,92.378860
558.395432,564.438242,46.590057,55.191631
558.051506,603.363802,58.663040,46.316677
556.951551,600.479784,54.446629,54.016811
559.780403,595.394455,72.232773,66.596313
561.561394,599.551073,84.598282,57.167965
560.787857,600.212269,84.227661,67.068535
559.558323,604.128876,83.793602,101.856232
561.222015,603.987190,80.175629,101.903458
559.687183,605.654583,81.248283,110.820717
556.086029,607.409729,84.185028,110.372559
556.249298,611.411335,82.286591,107.656487
553.556458,616.263542,83.581696,102.663406
555.337093,614.483608,82.209969,104.707802
551.934792,621.609272,82.873795,98.056786
548.825935,627.077793,85.394638,92.922207
546.063496,633.643854,87.789391,86.356146
547.287075,638.245454,84.614326,81.392662
547.025345,638.413087,85.698090,81.586913
546.128567,644.754578,83.195412,75.245422
545.989418,656.247990,78.490860,63.752010
546.845501,662.424971,79.556862,57.575029
545.687321,667.612899,78.818077,52.387101
546.922150,669.353099,81.677979,50.646901
543.654854,672.679596,79.162766,47.320404
541.614326,675.792183,79.235306,44.207817
540.332748,678.838354,78.329529,41.161646
537.428799,680.545085,72.991280,39.454915
539.199142,680.811540,72.526001,39.188460
535.684387,680.884238,72.870605,39.115762
532.051849,679.375324,69.507751,40.624676
529.805302,673.733932,68.613884,46.266068
525.877499,667.149624,70.965340,52.850376
525.612900,667.890577,71.537964,52.109423
522.215797,659.514586,75.414597,60.485414
519.045959,647.779075,71.643860,72.220925
517.755280,628.119205,73.411011,91.444290
514.740147,611.974216,70.415215,107.779007
514.732880,614.343796,70.055176,104.765923
509.921585,591.441219,72.699646,128.101532
508.242332,563.116489,67.345047,147.151230
508.718136,553.193241,67.461433,133.052444
505.805748,482.843906,67.603897,161.011337
505.651089,480.839519,67.439644,173.365509
506.316635,465.926883,70.098663,158.793716
509.981321,408.484783,57.955936,173.557922
522.446119,429.167827,47.081455,125.004425
515.587124,360.508686,60.084480,164.845871
515.025560,348.438045,54.816311,176.243195
519.450460,334.471622,56.247700,164.471207
524.456783,298.777843,62.420662,155.811279
526.659714,271.340610,72.635956,168.331711
535.165501,252.756145,74.003899,161.919189
535.111629,253.337246,72.017342,160.691620
536.837456,253.998897,69.920425,136.225922
539.011414,211.826717,79.972076,160.635620
542.476452,196.225467,80.185371,152.829330
546.948841,177.762882,82.934990,150.271103
548.420612,177.924305,79.845573,151.730667
549.065449,164.842533,86.800102,142.598190
551.981701,156.357120,88.500252,129.345383
555.071472,180.125400,98.569489,94.169357
561.494137,165.710102,77.414619,91.574966
560.442169,163.357815,77.088623,101.125000
568.616062,144.359493,69.645622,109.064575
575.498558,143.067093,75.785873,96.681816
581.799522,128.041576,81.395004,118.106140
588.527328,111.324154,82.404022,136.870911
587.654243,111.736110,83.548569,140.430176
595.356899,100.677006,79.865059,146.366867
604.277370,93.699001,73.044685,157.363586
599.798592,106.240803,85.817673,157.643631
614.758358,86.686855,67.358162,177.676392
602.567516,83.573574,83.676247,177.460693
623.025642,82.880008,61.255844,190.216171
633.956913,89.042965,52.923332,180.628540
642.458792,100.242130,55.358662,190.198837
651.873276,101.977939,49.015961,195.148788
652.632313,100.418087,49.322105,186.789856
653.608517,118.036274,58.223122,191.332779
653.782354,152.454059,61.270710,175.177933
665.123203,134.323932,59.347984,184.536697
663.861420,153.430614,75.270416,191.755829
662.619347,167.385753,72.149887,179.343781
673.475441,173.197414,69.563614,182.220642
671.355366,190.479664,77.752312,175.223282
670.098343,209.538555,85.981934,172.325958
666.637054,230.022777,97.742279,168.259308
675.883183,227.919163,85.943077,163.312363
672.406628,257.830173,93.007088,165.022934
679.057316,278.544430,91.042503,164.275757
668.247581,301.254528,103.989975,160.779022
668.921036,302.542057,102.888855,160.870285
672.329098,326.465656,102.946144,155.819839
655.620037,352.919590,121.848518,151.122482
662.223907,388.749096,119.115753,142.216583
669.000080,417.983074,114.599602,133.243988
664.683220,413.755543,119.921310,137.640030
670.553364,445.804054,115.210442,114.642494
671.509365,467.074459,116.276222,95.283142
675.883171,488.918815,113.483139,77.925117
681.965687,516.523224,101.279716,52.084770
683.814945,518.700521,97.803520,47.420971
686.939846,531.018602,71.090034,28.917591
706.866007,510.279039,51.994854,61.634663
694.027931,536.965503,65.373825,65.734207
692.929310,552.321724,67.307030,64.793709
691.548580,550.608227,68.287392,65.209686
679.367096,543.226368,72.898468,98.536850
687.409021,553.405609,49.471111,81.795128
677.246901,601.183338,58.748814,51.291885
679.925970,617.358196,55.540913,43.681091
680.673260,621.060226,45.917503,38.935219
681.365173,614.790100,45.924408,42.798637
680.355667,640.473260,53.785553,27.662451
678.879171,646.937450,41.812992,32.097366
676.241732,646.727188,43.904873,53.708992
674.863163,646.213327,49.660881,54.596622
673.241205,645.913627,56.723766,67.370613
671.234171,642.853718,60.114330,76.029465
665.497303,638.887306,77.016930,81.112694
662.685104,635.084347,81.910339,84.555466
662.820732,634.318539,81.667404,84.754501
659.092476,630.152710,85.811752,89.225105
654.109116,625.288689,86.919495,93.666832
648.429970,621.455158,87.958786,96.975250
644.009434,615.815388,90.938530,101.586639
644.224548,615.705124,90.215515,102.058998
641.713371,607.992016,87.436172,106.233109
639.285461,603.593605,87.379883,103.962517
633.583759,598.098789,88.913719,102.353302
629.888351,589.748218,87.963409,102.970184
632.632690,591.395286,85.735474,101.845360
625.150841,581.072971,87.173691,101.949219
619.803982,572.339733,87.170845,102.075150
613.984425,563.751209,87.524864,102.196503
605.199062,551.087143,91.514290,105.075722
607.002209,551.225407,89.212257,104.083954
596.223309,539.075817,93.052345,105.444962
587.126835,522.943977,96.757774,107.646172
581.861961,511.357426,95.438980,106.710602
576.963371,497.431003,93.302048,110.351074
579.271202,496.445015,89.568436,110.370872
572.431625,484.850242,93.904999,110.519859
567.297264,473.599132,95.943436,111.114670
560.629475,462.698166,96.408195,106.967171
555.856041,454.929180,95.197617,105.514847
557.482811,454.458233,93.864670,104.347824
552.950787,447.560333,93.431953,102.378609
547.262878,440.727108,94.812866,99.549271
543.086494,434.792942,93.974777,96.575256
537.113060,433.161049,95.234543,91.277275
537.722801,433.535179,95.836075,89.699303
533.378006,431.144523,95.834900,90.811272
529.799160,429.641167,95.430428,91.474632
525.620739,433.629257,93.351357,86.618660
515.207932,437.032318,101.533752,85.288185
515.200409,436.493381,101.517609,86.479156
513.480389,443.306270,97.336555,85.990585
509.744713,449.695263,97.262924,87.435226
506.206219,456.313946,97.549873,88.329147
502.800697,464.727436,96.821976,86.008026
502.733963,465.857597,96.499237,85.325523
498.919010,471.794304,96.502068,84.939812
494.132404,481.131260,95.908958,83.238678
490.523411,487.267582,95.296318,83.425842
487.590187,493.795589,94.427200,83.165237
488.349728,492.919021,92.747108,83.898933
483.036182,499.020580,92.713219,84.463028
478.401157,505.397499,91.915550,84.727928
469.567657,512.630699,91.478638,85.151360
464.547508,520.393955,93.821548,83.790161
466.924267,520.404434,92.272652,84.237038
461.391521,523.534725,88.770912,84.352615
456.875629,530.173004,90.174522,80.693794
450.758099,533.826294,88.205666,79.900368
440.193825,537.739780,87.464340,79.671844
439.971107,537.979713,88.547684,79.564293
433.331020,538.372063,90.921242,81.818108
424.536850,540.408611,91.563507,83.512100
419.066559,542.854282,91.005951,82.348511
411.474117,542.308643,90.440376,84.410919
410.952999,543.547153,91.760445,84.216217
401.784824,539.015739,89.378014,92.027000
396.698135,539.455021,86.845032,93.627808
388.782749,536.292225,84.479546,95.958862
381.714520,532.566063,84.343880,97.517570
382.829536,533.339439,83.949173,98.498375
373.743141,528.583401,85.992630,100.708633
366.237968,517.636871,84.191727,103.521126
358.600613,507.569549,85.194679,109.206245
351.711342,495.212776,86.004318,111.556084
352.501163,496.775417,84.485008,111.028732
348.151779,481.166534,84.447937,115.210426
343.226963,466.916294,83.461021,117.934967
344.455956,443.079689,71.721848,123.802147
345.534615,417.220287,70.173477,132.650833
345.209934,417.664410,68.895012,132.614120
350.293991,397.351818,59.347412,134.476608
352.058762,375.181682,61.250183,135.929306
358.501476,351.435856,55.750893,136.673645
367.720806,330.383938,49.044777,134.514786
368.002684,348.508087,50.368198,117.044075
374.951361,333.067356,54.279499,110.972931
382.044170,322.165691,48.923897,102.065872
388.300083,304.973015,46.903099,100.618279
394.149406,279.890636,52.996750,105.980759
393.842253,280.972916,48.532993,107.552864
396.428833,253.500530,71.161621,110.044479
394.841803,235.665626,63.754841,111.184196
392.526028,218.787266,87.442726,112.500946
390.834957,196.963585,97.959724,120.061455
390.250843,197.586197,95.310326,118.224190
390.030216,181.867947,104.800224,120.371353
387.333397,164.308628,130.596146,120.267700
385.139442,139.501102,141.160202,131.518372
384.368202,143.601948,149.621872,113.949615
384.160156,131.110317,148.949341,128.244339
385.815521,115.823887,155.600769,131.682129
389.028801,102.373180,156.393997,135.182541
395.114662,89.760792,155.759689,137.717316
401.146057,81.921306,152.883972,136.546249
400.439018,80.399067,152.471634,138.196259
408.949272,73.911075,144.823624,139.422241
418.204041,66.507175,133.084106,141.166138
428.759220,61.281620,120.032768,141.352295
446.243130,55.086124,93.914009,143.801819
446.869686,53.785854,93.925117,145.209976
458.310158,49.585537,76.793930,148.202469
460.248886,46.798588,66.448700,149.544495
460.069101,54.149357,61.478008,144.836548
454.221043,55.753582,67.450920,141.942184
450.789703,46.214138,70.110931,151.537430
437.547039,47.875278,94.426826,150.854858
432.898571,52.256687,111.453438,146.505615
424.190399,45.260357,132.080109,155.549789
418.292717,70.319355,146.633286,131.983917
417.103516,45.107555,147.357147,158.824875
413.528175,67.978260,160.178299,140.287079
408.023666,66.863949,173.834412,148.233658
408.047974,69.043346,179.895172,150.200912
407.301201,71.077579,182.903427,152.070129
407.759743,71.085895,181.804947,151.405304
408.585548,81.437244,181.972305,143.565643
411.118912,84.880962,180.840515,147.029953
419.050056,111.898365,173.295425,130.544891
426.260597,126.303696,167.760452,126.046608
428.208534,130.503521,164.389053,123.216171
433.957794,145.710831,159.012909,123.665443
442.562653,163.804222,149.330597,123.978600
450.417870,184.466312,140.730515,125.321716
462.664757,213.298481,126.448105,124.553558
462.177277,211.434971,125.425568,126.116211
470.664169,235.927582,113.861145,125.457466
477.522263,259.750408,102.641602,115.848557
488.301750,283.937069,87.073349,95.589188
495.567051,309.793659,73.836479,75.809082
495.889313,311.439220,74.650391,72.491714
507.506950,324.987507,81.509720,61.188141
513.050030,330.888157,88.798714,48.249176
520.837337,337.452900,89.472237,51.296051
525.241779,349.311428,85.987144,48.547470
527.584919,344.031059,84.607750,57.019035
545.192007,345.926575,63.952839,42.319252
464.016937,322.833488,160.943161,107.922874
369.999825,148.923008,460.467133,356.653442
347.403526,312.859028,570.192444,278.657379
309.555382,234.384037,591.692932,373.239197
381.059685,323.438099,541.442139,247.318817
379.508247,240.968662,483.664276,297.657837
301.349907,192.880680,551.917603,318.782043
347.446556,288.770008,533.893005,305.268036
380.612923,259.828602,485.873993,271.954193
366.181786,203.746891,527.922058,318.060974
393.335808,320.482662,603.533203,255.479813
363.704643,192.766254,519.473755,376.618805
386.362236,331.121448,652.640259,277.841034
376.832359,331.496464,575.875549,268.976501
342.495811,240.739857,547.206116,337.564178
322.196587,325.150135,657.394897,262.632294
311.972923,340.163715,645.921204,264.162018
470.786064,239.453922,528.496338,320.909729
349.417686,342.087192,737.440491,227.714478
340.097893,306.476017,750.202881,292.503357
423.058464,299.356678,583.500000,284.576019
420.966331,356.997318,600.130554,227.259583
360.416039,240.004551,586.028503,326.626831
413.323723,319.631519,612.031250,265.088470
377.202660,337.946972,720.861023,204.630905
404.999382,299.800861,557.836670,275.994293
378.857414,310.348514,648.036133,260.459045
370.683098,304.816715,619.409302,293.497009
371.219872,279.722507,604.957581,312.982056
398.428978,295.445652,551.681702,280.821167
392.414467,210.500294,489.317902,350.680389
409.019615,252.498615,541.855164,325.040680
361.800316,268.731174,573.644714,322.750610
413.615074,274.331837,497.514221,298.924042
409.364067,262.066807,518.579712,330.877930
294.633110,220.829029,527.221924,348.135590
440.219093,231.446689,418.957672,339.184937
343.485771,247.532581,512.805664,340.496796
381.251366,290.010334,483.269592,284.849152
446.229713,322.626881,380.829742,231.894257
364.015938,265.661457,502.082245,307.326324
496.771049,294.046711,356.742920,236.384186
310.692497,227.837620,588.622803,350.364380
504.116478,301.367161,349.769958,222.984497
342.847618,236.042438,539.974426,332.123566
425.106819,265.735523,401.351532,292.027191
386.293434,253.759479,446.722076,318.395294
393.901375,284.527958,435.171356,282.446960
407.018837,276.400410,425.879303,264.038116
383.148689,237.455006,503.343109,389.191498
400.665977,341.108639,603.166687,245.888870
444.717735,417.918751,582.243591,235.923431
481.503349,405.153118,551.264893,207.254868
532.458092,392.822658,522.973206,193.213028
840.163284,449.119938,237.795242,161.607361
974.095665,463.302044,76.159851,76.432053
990.008286,471.755424,62.097977,66.316948
991.796860,470.816597,68.399094,92.285240
992.408913,473.759010,68.941193,87.897118
998.797409,470.987007,70.323776,95.141655
1002.114124,465.813225,74.904335,102.016228
1004.406071,476.057873,84.361610,91.817825
1006.745922,459.458927,82.761955,105.015045
1007.391777,466.607769,82.085083,96.818008
1008.214085,473.262386,85.168221,89.176743
1010.112595,465.123749,85.140854,94.714180
1011.113987,460.426998,85.334755,100.357162
1009.931686,463.808143,88.417404,94.723137
1010.287945,461.825493,87.816948,96.668419
1009.179115,480.041080,90.202026,76.396667
1011.417358,481.967045,85.881210,72.916504
1011.868004,485.881969,84.923798,69.684982
1012.058475,487.430771,84.900002,67.771187
1012.537048,486.068992,83.180984,68.243156
1012.053333,484.839111,90.565559,69.081917
1019.756493,488.920174,82.638428,66.976524
1014.139801,489.503338,96.992691,64.461197
1012.168770,490.678076,100.640472,62.657619
1015.272999,492.673416,98.021828,60.873390
1013.935875,498.611524,98.727905,53.756817
1007.840858,490.525972,101.058624,59.089176
1007.574005,499.251861,97.250320,51.432838
1002.438663,496.979696,100.417519,51.374630
993.934040,497.651274,105.434883,51.494061
986.932884,497.137070,104.740570,50.537483
981.122913,499.367647,102.376472,48.993778
973.418694,503.747446,100.024841,45.168262
970.857800,503.224464,102.865501,43.932976
953.618156,499.427614,105.167297,44.758793
932.687439,498.305843,116.130264,52.091965
919.871387,496.595940,115.989388,55.752953
906.433960,503.030834,118.161697,50.168076
903.731537,502.893780,120.307388,49.485764
887.668671,501.453888,123.462845,48.860939
867.083366,509.421684,122.658875,45.048607
848.288231,511.775764,126.566742,44.056908
829.338070,510.994440,126.397789,44.106129
828.991272,514.873573,128.142593,43.057549
811.343155,511.952804,128.139755,41.996986
787.646210,513.041235,132.943283,45.229092
766.380287,515.701338,128.150238,39.195049
744.018036,514.570555,134.439255,40.197796
745.188728,512.869436,132.786194,42.647457
727.180473,503.317102,133.956329,51.336933
709.563820,515.916736,132.071625,41.858490
692.558029,503.680126,131.163742,53.095505
668.782707,506.552976,139.481354,50.880993
668.360725,509.655496,139.788788,47.812153
654.879280,521.395708,143.618896,35.826756
658.183311,512.953621,127.625122,43.709496
646.686531,508.293682,110.227020,48.230972
646.095196,510.928114,97.899651,45.701763
645.385815,512.275003,97.103844,45.166096
636.121872,512.778808,90.001999,44.387032
626.352806,513.878843,86.119385,43.548565
621.691753,519.213325,84.067863,39.772118
615.359047,519.105923,78.084167,39.580643
615.452450,520.500530,78.559410,37.529770
603.580692,524.264767,81.847542,36.951126
587.902376,525.805269,48.572369,37.723881
581.724501,530.564583,41.058720,34.515450
574.403284,535.214391,50.184917,31.942137
574.243618,533.243093,55.205788,34.038082
565.689436,537.100954,42.943134,31.000355
557.549114,541.894048,51.629967,27.900480
545.524460,544.683147,48.886108,25.266708
536.850037,547.437597,47.342621,23.713573
535.806705,547.398136,45.656670,23.397186
529.525890,546.052979,45.931129,25.621725
524.019985,541.204559,68.890984,29.400032
515.125143,536.721546,52.835575,36.072067
461.408703,527.244453,86.168404,45.607887
459.314423,526.161648,86.246307,47.174042
449.833462,514.554054,102.632332,60.200905
442.821308,500.515697,100.959862,71.709381
435.820396,485.771603,135.074783,88.170227
429.649673,468.384540,135.834259,105.821732
429.497940,468.677776,135.491058,105.512360
425.055634,444.130546,136.313782,127.921944
423.011406,430.534870,136.652847,125.687943
421.337654,415.911739,134.931747,130.344727
416.884460,400.042660,137.681946,131.350769
416.517746,400.439640,137.654816,135.945358
413.624107,388.310528,140.184036,130.319000
406.244598,370.265499,144.162292,132.582581
403.425812,356.875194,145.937866,132.942841
398.589005,348.309795,148.558014,132.035370
397.313042,347.305469,150.773148,134.108353
397.619835,334.148579,148.651016,135.662979
396.302658,321.830356,149.724640,136.797714
391.877365,302.438702,152.560394,141.290802
389.669975,287.006504,152.001785,141.402756
389.251610,289.316395,152.542557,140.803665
388.823349,272.084164,150.189728,143.880554
388.701904,258.911671,145.936218,144.173050
387.438614,243.942486,141.722748,145.815887
388.283401,226.964794,140.002533,148.011505
386.721809,222.866497,143.702438,153.789948
392.299423,206.920292,140.305817,162.448593
401.496048,188.939205,125.800201,162.137939
412.066158,185.629932,119.721016,158.151566
430.675838,164.428745,108.344002,166.259628
426.868816,163.551983,110.216896,165.809906
446.023434,155.854961,95.942207,165.000092
464.497677,144.057545,85.926521,167.697891
480.537071,146.799854,78.984207,160.485367
494.574474,157.760105,76.534279,140.851425
494.707088,147.752476,77.732613,152.359146
503.286045,168.018555,85.623650,126.851036
509.218121,170.465462,100.930275,117.370308
517.337429,157.177212,108.274300,127.529816
520.898293,139.683674,120.306747,142.569748
518.844288,148.751125,116.346764,134.583954
521.300632,157.358692,115.254509,122.306137
522.679901,131.945164,149.063538,145.450211
524.028809,132.795589,174.522827,143.243134
522.833229,144.119038,183.103256,132.329269
525.283745,141.056690,183.054764,133.282272
526.618347,151.286213,186.244812,126.168564
533.053123,159.226208,182.122147,119.054993
540.789177,156.327431,172.962784,127.204353
554.873062,179.502075,155.429047,111.562340
554.970558,174.046081,154.889389,116.765709
567.343689,181.428642,135.372620,115.354164
581.856350,168.142742,109.656502,137.103577
571.794674,176.884159,88.492439,138.373184
570.314465,188.906902,90.112099,137.012695
570.440392,190.970356,94.040787,136.934982
567.976852,212.297893,100.454193,129.658508
566.330021,228.239338,113.130180,128.615219
567.070774,252.410583,126.115532,124.025047
567.255814,271.651844,138.507660,126.059250
566.042587,269.556564,143.109528,127.315788
567.358292,289.415165,151.826935,128.326736
567.178154,315.080959,167.279617,132.880707
563.333359,333.319134,179.386688,137.250671
559.179482,349.938854,191.597641,147.195435
558.652832,349.822361,193.062500,149.043594
557.422844,370.797970,199.405228,158.376862
555.129189,399.810207,206.448898,153.957184
556.156815,425.617947,204.062225,147.198578
546.511559,433.461986,213.763260,149.250916
546.944450,432.918934,212.716141,151.200241
541.072510,439.165233,213.708557,151.630249
536.605812,443.225307,214.723190,157.762482
532.142235,450.858890,217.751602,157.838333
522.577888,460.754558,228.185776,159.645569
523.981796,462.185406,223.666962,154.730042
521.364830,469.603512,221.645096,153.670258
517.384109,474.928730,225.806671,147.965195
516.843117,482.034298,224.561508,143.015839
516.071678,487.090839,226.713577,137.061386
517.390617,482.419918,231.263931,142.689850
516.580353,490.249203,231.578918,128.534698
518.742249,489.652714,244.107544,128.887589
521.918442,488.509579,236.189606,129.933441
522.925865,490.071430,250.856216,124.279831
525.046249,493.384575,249.493988,120.530190
526.370316,490.502766,242.596222,121.124496
526.574432,489.103214,247.370789,118.575211
526.219017,482.394977,250.238235,121.764084
527.253975,476.940525,252.594223,123.265213
527.356560,474.960209,252.308609,126.332779
526.979225,468.359310,255.707748,132.552582
530.258423,467.740970,258.946045,137.014969
534.340164,466.273350,259.489044,134.025528
535.941452,460.213955,261.007660,140.508759
536.356110,461.706928,260.377075,140.576645
537.076157,458.955639,262.022919,147.014709
534.384064,451.662845,268.687012,151.481339
532.873932,443.892895,267.262939,156.677002
531.095871,437.711727,269.890228,161.828094
529.534988,437.532802,270.641022,163.489655
526.738846,431.159664,271.485992,167.684784
527.567368,428.397800,267.205048,170.872452
523.128937,426.946102,268.372314,176.208588
520.651413,425.744938,269.178436,176.884232
520.226486,426.197101,268.111176,175.952316
514.064774,430.326649,269.831329,175.470688
510.095779,434.217716,266.328766,173.821487
502.585373,441.773449,267.919891,170.627991
492.936310,448.217129,270.313843,171.007599
495.858200,444.159801,267.954315,174.078186
487.608719,454.807598,269.279938,169.443848
474.793961,464.635998,271.483673,164.087952
466.332520,475.220730,269.605286,156.528839
455.498276,482.674755,269.491302,151.829285
452.944763,482.489452,269.847107,150.936279
444.221924,487.926487,268.662354,151.383499
429.675491,495.779323,272.768951,147.413300
415.195999,500.529041,274.063934,149.768356
401.957672,508.588329,278.554504,139.026184
403.553070,506.631542,280.680908,145.686279
394.205597,508.675129,270.807922,143.347275
387.000610,508.703594,272.959045,150.370239
379.010269,507.022625,278.695953,151.271484
371.469879,504.624508,271.877014,158.425385
370.620895,503.947811,276.720490,158.576752
365.759384,500.053196,269.283844,166.433853
357.046936,492.083164,268.351318,177.412735
347.099243,479.127216,269.019897,202.038864
342.078400,471.397556,260.945374,213.232071
342.087860,467.563801,261.888977,213.663864
338.453888,439.012913,256.021179,233.222427
342.780640,420.450626,251.529175,237.827469
346.408386,401.318676,246.401367,241.524719
347.820190,380.090107,246.284912,244.546555
348.663597,384.995754,246.099442,242.123810
355.171349,351.075649,240.395218,253.180817
358.204430,318.216259,243.412186,258.954773
354.891563,290.990139,253.050980,260.964996
349.718857,271.523533,265.019196,254.606216
347.514847,276.005939,265.279266,247.784592
346.792694,248.083774,274.113464,254.675674
337.905975,234.556934,279.160583,246.239365
328.096039,206.492840,289.852356,252.645386
332.809494,163.602474,286.916901,278.525970
335.370880,172.426067,284.598206,279.427246
325.666901,157.742489,295.423889,276.603119
353.406631,160.908199,270.124725,266.778656
358.861130,177.198925,270.352081,238.257263
350.747147,163.898838,283.802948,240.929092
349.804520,165.014316,282.941742,238.391983
356.056412,142.105755,286.471405,259.577759
372.788361,131.723507,275.304871,268.913544
379.829483,122.766949,275.372650,285.024414
386.358536,126.423000,276.289398,284.254913
385.478912,122.083538,274.503967,284.512329
393.420807,126.926418,274.945007,278.257965
395.427170,123.914440,275.745392,271.994324
397.164566,126.595211,287.303314,274.609833
396.825241,127.335964,279.488922,277.797882
395.278961,128.374813,281.409729,272.896088
396.528809,127.548763,284.303833,278.090179
403.974548,136.282497,280.673340,269.116730
410.737122,145.249294,276.998657,262.258331
412.913605,154.999134,279.636780,254.101425
413.623215,159.948398,279.025665,249.004776
425.476624,167.341717,275.041504,247.455933
432.915787,181.056095,275.120453,237.849686
446.016388,196.789120,270.405457,237.845551
451.523529,221.006885,269.732849,227.408554
452.940643,225.546017,268.371643,223.500580
455.321411,248.167583,271.683350,218.858643
461.318237,275.632198,268.313232,221.341400
462.369125,302.091259,267.729034,228.820007
455.607071,343.539844,279.421844,228.355942
462.073898,343.693836,270.492462,228.284286
463.048126,377.337284,273.120911,226.802322
466.611801,401.622021,274.015778,229.212952
477.124817,430.555874,270.650757,232.307281
486.477768,459.545544,268.765656,215.149597
487.948090,452.823665,269.615295,221.136810
496.631119,496.839786,262.309662,196.738358
494.631714,512.795963,262.927002,194.077713
499.423569,510.451008,255.358185,186.992233
497.637169,510.753841,247.524979,184.154144
494.708206,510.972408,249.747650,181.617035
482.283653,512.932827,250.338699,194.887115
464.932693,510.313564,245.167938,199.669830
452.251167,501.605923,241.512314,206.955963
431.537643,494.729610,248.290558,211.972382
433.010483,498.460583,245.463043,210.031311
413.855560,490.828037,251.685852,207.107559
396.300377,474.298588,249.364212,210.814163
368.817543,467.441456,254.670700,211.552109
352.200089,461.166294,253.764374,209.935806
352.342010,465.381847,256.400208,206.867615
331.599472,454.657551,257.544220,211.436325
312.802658,447.553211,257.141632,211.454941
288.765549,445.978001,258.205109,210.820084
289.247009,449.323788,258.146973,207.844940
253.721939,448.147098,261.969330,213.442459
230.656799,451.496731,263.526367,213.864532
210.304611,453.923077,261.707306,213.853882
188.608612,455.013508,260.435120,214.454880
188.908508,456.663799,258.491333,214.059204
168.972214,456.954578,255.954498,214.391098
151.445869,456.273434,246.496567,214.861053
137.828896,455.549007,239.471359,213.175140
125.094543,451.988239,232.877197,216.130051
124.731895,456.187916,234.676468,211.156601
116.289421,450.563686,227.254654,217.286774
108.900002,449.623585,221.963791,215.904526
102.479492,443.115826,210.117310,215.766357
95.904121,439.337864,205.040390,214.222061
97.190994,438.142956,205.788300,215.103699
88.472130,432.073208,205.148636,217.818268
86.414619,424.795910,197.127670,220.668274
81.230812,419.601749,195.551071,218.555130
73.003105,413.761700,189.600723,219.500122
74.537773,414.429111,189.901627,219.899490
66.772003,410.307934,185.651794,216.344727
59.635612,402.319507,178.495743,219.223618
50.792984,397.708248,176.430267,218.978668
39.728249,389.916706,174.682358,222.116562
39.989250,392.637279,175.320877,222.098022
30.290268,379.305614,169.079742,225.391235
25.112762,372.053966,163.238464,228.372986
23.789749,362.094410,153.691925,234.553818
23.252373,347.955265,147.263992,243.161331
25.826530,346.477787,157.586990,242.129715
25.925507,334.204586,144.978394,250.154816
32.784576,312.233959,141.887634,253.387817
47.901711,299.784183,164.653854,254.753433
59.817795,277.883259,168.038849,255.902695
59.681549,283.822475,166.709045,253.071503
74.906136,265.081112,151.090805,256.414520
91.959045,250.366001,150.868469,255.368973
116.314491,228.509403,162.416000,249.011795
127.148376,220.805477,160.770813,235.747711
125.818748,215.345501,167.718033,245.794250
139.384659,207.028988,166.581573,232.143707
153.307045,194.861576,160.766281,228.340775
162.912231,190.004375,157.395569,218.935547
181.813049,195.775295,163.368591,190.511993
181.467834,189.585888,156.320740,200.270935
190.633583,194.933681,168.491745,186.008514
201.681282,195.532795,166.783554,181.753769
207.878990,201.612194,172.538101,177.342041
215.473732,209.383083,171.459579,171.013824
215.656258,199.707142,169.509628,179.646347
229.307930,220.385548,177.257919,158.448471
241.668266,221.916195,183.139420,155.434540
250.860649,228.601650,181.052200,150.890228
266.670830,225.701214,182.877457,155.530518
265.159355,222.494457,185.784134,157.306335
271.349152,226.253597,182.344727,154.162445
275.978302,226.095623,184.435364,153.739624
278.989365,232.101009,187.938873,148.017059
281.282326,232.709423,191.987656,148.886658
282.525673,233.694195,190.203842,149.513611
285.174545,240.977955,193.881561,141.026474
290.267708,243.622555,196.739426,143.129120
300.188820,243.697765,198.154404,140.802673
309.172737,241.950649,202.474411,144.208954
307.169685,248.761341,205.115891,135.976059
318.800896,249.896297,214.326431,140.668121
332.924126,247.510624,219.540604,140.279129
345.536461,244.121693,229.304398,143.159958
361.553154,240.253300,237.206009,148.298904
362.403000,237.090580,235.620148,152.924210
374.538376,236.747433,239.994720,151.386017
386.413826,240.333172,243.950790,147.270447
400.776459,233.324642,244.788391,151.628448
411.578590,237.346462,246.911301,147.651764
409.291946,238.993259,248.837189,144.121841
429.072212,214.841801,247.849289,164.217911
437.051216,211.304714,249.942673,165.014252
445.872604,208.545429,251.256439,164.709518
452.274376,176.226330,253.287247,191.597839
452.930641,201.708202,251.495712,166.066711
458.949203,205.351581,254.422577,160.890793
466.527191,205.682064,256.229736,157.311127
470.895653,208.815449,255.227066,155.421005
477.056381,222.610515,252.414154,149.751465
478.844154,218.503399,251.464890,156.103699
484.108009,237.565487,251.566330,152.517731
493.551392,250.456035,249.213257,151.332703
505.474533,261.072285,248.304596,156.803024
515.286591,269.311832,246.083740,162.895889
515.254936,262.762272,246.192581,166.409988
524.677208,276.495838,244.879776,168.628159
534.510841,288.746563,244.243149,163.619019
545.415833,293.397747,250.961609,163.472900
564.415909,301.527042,246.853912,164.097244
565.675056,304.526897,244.828415,160.892822
577.057426,311.772175,247.049759,158.856552
590.266769,313.548656,246.280548,162.565247
606.586517,315.489841,243.732849,168.485428
625.053848,309.158962,238.045868,180.543060
624.290268,309.881542,237.161774,179.472900
649.650986,298.414371,229.883209,190.913834
666.451080,290.947948,222.110413,197.365967
681.298752,275.506473,215.283844,204.853043
688.850830,259.904896,212.840088,210.583420
687.639999,260.087902,215.009430,212.037598
692.273186,239.978153,211.745255,214.593033
694.042397,213.854793,211.891769,218.413055
693.171547,203.594486,211.525192,217.765945
691.448524,193.329166,213.055710,206.848831
691.072403,187.422390,214.637299,214.922516
691.012314,170.479252,214.477203,213.024368
690.398361,156.117535,214.191559,217.217896
690.219833,151.665394,219.516632,208.443344
691.703217,145.487575,221.477112,207.162872
692.280869,148.235706,221.899811,203.433945
694.041763,131.464016,220.190399,214.985504
695.095238,107.159061,212.473343,233.178055
693.827141,112.826488,200.823257,223.832092
695.353439,131.975651,203.071320,199.203690
696.586815,135.339054,200.431961,194.227066
696.580627,126.258106,205.383423,202.749130
697.197014,116.197765,199.929581,216.491760
698.479492,116.549396,186.810303,218.503708
701.320930,122.906353,177.431137,217.727112
699.184593,124.114063,179.286087,216.980148
703.167915,140.610172,167.608139,207.388321
702.819550,154.806026,167.583008,199.803436
702.669785,169.630207,172.048187,193.671066
701.568474,181.865459,178.867081,190.079407
701.971931,185.600605,177.639328,185.736130
700.910408,200.696697,182.641159,180.375122
700.770660,225.020161,183.766418,168.595627
699.541420,245.958958,183.263596,158.962601
700.546959,264.377849,182.411209,160.411255
699.169304,263.958988,183.831619,163.568253
699.646484,288.422710,182.008362,159.713684
700.301834,310.913196,180.750946,160.403549
702.305923,341.894420,175.997833,158.277283
703.337273,370.299114,175.107193,144.688293
702.842041,368.992695,174.388916,143.876999
704.336624,391.311458,176.848053,138.458588
709.839294,404.329662,178.545654,140.193542
716.576698,413.680729,176.333786,138.651932
724.727829,421.104404,174.804047,145.906631
723.655235,420.452373,177.040054,145.333374
731.424126,425.332905,176.727005,143.023727
739.594933,428.961834,178.313858,141.647278
746.311661,431.284580,184.188202,141.865860
756.442726,429.270878,183.974289,145.395523
757.880661,427.220249,182.091095,148.250259
773.173080,424.231838,182.613800,152.021271
785.119095,420.210598,182.478485,157.227997
794.146400,411.318844,185.330795,167.974823
806.405327,405.702358,182.189957,174.096161
804.701530,405.336300,183.128372,173.576324
816.174629,396.766842,179.324875,177.459808
831.133347,375.047619,166.769928,190.051392
839.134254,352.093868,150.074753,201.297089
848.440651,334.993854,132.656113,208.208786
848.707100,334.607799,130.536362,211.403992
854.738213,315.772373,115.667252,209.015762
849.879959,292.658756,105.500946,215.395828
831.690922,260.901211,103.287163,216.468719
829.939335,268.885540,91.336357,190.586609
828.529961,239.278309,97.694534,217.437790
820.119507,242.881405,97.063660,194.345062
816.861717,215.749447,95.361649,197.869232
810.708050,209.699825,92.000282,185.863068
788.797482,195.081898,114.378059,177.078781
786.513294,191.149433,117.580833,179.043320
771.137001,183.567783,141.797287,170.711868
748.139778,168.517116,170.846603,173.182709
730.246231,161.098415,190.691986,169.561859
712.094269,156.243717,208.947205,164.811783
710.762840,157.427662,210.770706,165.054611
691.611588,142.467152,225.381561,169.951889
683.808762,138.721241,226.782867,166.693405
676.851364,137.460758,225.124115,165.541458
675.175377,126.722683,215.696548,173.872284
674.165413,123.234157,214.839035,177.228973
673.993317,129.637745,198.845703,168.703171
682.076508,129.014515,168.895508,165.396957
694.078728,131.076450,143.655106,164.239334
706.122688,130.017078,133.865829,162.707382
706.618431,128.838131,133.679581,164.374115
724.359894,132.682392,120.013367,159.491867
728.884354,138.616802,117.971222,156.385315
713.824875,154.204288,131.158905,148.659561
701.047241,163.607159,143.787292,154.420837
701.294373,167.512775,142.330261,148.936569
691.320122,177.329983,152.677750,152.139923
681.440056,194.510532,164.836624,147.774368
675.004868,206.940121,180.120453,150.415436
664.792671,223.301365,201.232407,154.724930
664.693192,224.667293,202.197540,153.763458
660.716812,238.953449,212.067657,156.227768
656.886436,258.207844,220.497330,156.450668
655.925201,278.823307,222.212280,157.242081
652.943283,299.223476,227.383514,158.298065
655.862808,301.850429,223.741608,155.444916
655.928902,329.215336,222.916183,157.059647
659.094337,350.536526,218.999130,159.529266
662.390358,375.038380,212.763046,157.921494
669.123787,403.768154,203.017258,144.230499
668.746971,402.337719,203.913773,146.779297
674.014389,426.803730,195.323883,125.913803
684.325867,454.671032,182.633423,101.075928
691.853844,467.256184,179.190628,91.487717
704.783470,476.091129,166.736404,84.663712
705.286049,476.856529,168.998337,86.838722
719.289978,480.487976,154.031555,97.481163
730.176468,483.983761,144.337250,100.864716
742.808937,484.936321,132.044113,103.338684
750.358761,485.962208,126.717476,106.965622
747.821114,486.257851,130.395859,107.426094
750.690590,483.514358,130.388901,118.442436
750.618935,481.461174,134.354599,124.480141
750.304420,478.863323,137.907883,128.686462
757.849068,473.880497,133.297836,126.267044
757.235603,472.863224,134.028854,129.921646
762.213440,472.083721,132.715942,128.552551
766.152039,467.133617,131.179993,133.886780
771.063721,461.381588,128.685913,138.298553
774.221985,461.052868,126.952759,135.260315
772.637653,461.477238,127.646629,134.548111
777.730759,454.039478,125.111115,138.700058
780.143860,447.485706,124.756592,141.329391
781.547295,444.478054,116.523148,140.966034
781.293930,435.978664,116.343475,145.541962
780.775669,437.021511,116.035637,144.157318
782.457119,429.153683,111.799934,144.071075
779.126213,422.359638,108.446121,141.463608
776.028252,417.394260,111.072159,140.474503
771.212650,414.145313,107.422417,137.175278
771.495380,410.758930,108.085167,140.523788
764.753296,409.328335,107.789246,133.020416
758.256802,403.051037,107.226814,131.498474
749.628262,395.928364,105.907051,129.401596
743.520401,390.253353,106.472748,128.585907
744.566833,391.333229,106.064270,126.762825
736.844482,387.249088,106.402832,127.284012
731.980282,383.876140,107.088081,126.298157
726.050514,380.349911,106.740463,124.727814
719.788612,375.099598,106.757858,124.504684
719.747410,376.233234,107.491692,123.069626
713.315323,370.908832,110.548004,124.120102
705.083305,369.109672,107.405716,121.985390
698.786827,364.692917,108.795670,122.225456
698.763496,366.109695,107.452805,120.799309
692.094028,360.662514,107.089958,123.582100
682.064316,357.186138,108.653046,121.942932
675.824974,354.006389,107.449478,121.908569
669.472244,351.157921,107.866364,119.902565
669.446552,351.600155,108.642174,118.809845
664.036484,346.810196,106.809113,120.909050
656.126125,344.391685,105.930000,119.638222
648.350052,340.509754,103.792511,117.551315
640.089935,337.606647,106.431946,114.180954
640.842182,338.212562,106.121788,115.489571
631.020287,335.390201,108.779007,113.939896
622.376892,332.776596,111.450867,111.418388
612.553604,329.538353,114.546051,111.216591
601.692883,323.619152,119.261696,109.918335
601.253357,324.645283,119.107422,108.936447
595.126862,322.041965,119.633606,109.174393
589.464085,318.807098,122.194389,108.527489
583.618835,315.211342,123.198975,109.450996
578.767292,312.376026,122.514732,108.579636
578.774620,313.245861,122.844864,107.291138
571.364487,309.454983,123.795380,107.387054
566.283524,305.865227,125.266815,105.935219
560.206692,302.418358,126.978218,104.248146
552.930130,298.987816,129.158356,102.719582
554.030357,299.751953,127.285172,103.536644
545.477203,298.687359,130.261658,98.960571
536.482849,291.066006,133.520935,103.547089
531.430779,280.982330,137.258865,108.805809
525.655739,277.106655,137.844040,107.199188
525.892395,278.446457,137.436584,104.964836
520.258354,276.612930,139.779617,103.125114
515.042542,275.996269,142.612488,97.743141
513.448265,277.843334,144.267776,82.397400
511.010681,272.098625,147.505554,81.187111
511.619263,272.536369,146.280334,83.035561
509.254921,275.585155,148.825485,73.457886
508.860252,275.323856,151.836685,73.111832
508.529808,276.345413,152.481155,70.246635
507.523537,281.645880,154.853989,60.447216
508.500671,277.581379,152.977356,63.733902
509.744560,277.915956,154.497635,60.678486
513.999222,277.774315,160.707611,58.548012
516.824158,277.802177,167.048462,61.590340
521.399490,267.152626,171.067108,70.157112
521.300430,275.052647,169.686676,64.480301
529.818726,263.949295,172.894836,75.368095
536.550034,275.960514,176.619843,62.359329
544.725662,268.233520,181.781097,72.145897
555.101250,265.292786,181.443863,73.440086
553.076630,260.741054,184.327759,77.742523
563.261665,266.454693,186.289291,73.279541
579.680557,259.494217,181.567291,82.450371
593.463623,261.631893,179.669434,80.513702
604.260857,257.047832,166.942520,85.560913
602.209053,253.571785,169.946762,88.634102
618.402618,254.551853,178.427490,90.269852
627.828300,253.726486,172.716385,95.794365
646.388016,254.999252,166.721771,96.704582
653.955070,253.373413,130.150162,90.563011
656.115936,253.669815,156.791016,98.700371
664.480942,254.835388,126.743500,89.773216
689.363239,256.897808,111.812279,94.778870
674.257179,256.084186,133.669968,100.241074
681.151054,254.707508,137.940750,108.030319
684.689896,256.399490,138.562408,111.588554
685.760437,253.202122,133.038391,113.960464
697.077454,252.702385,111.685730,112.336037
698.323692,252.029930,108.296951,121.085793
693.051247,251.432110,101.223862,121.297546
688.039314,252.139835,102.668320,116.452652
681.036419,252.855583,92.532997,116.180946
667.187397,247.854755,88.843437,120.102951
657.650017,244.569324,93.068527,139.386826
643.824104,239.553470,90.001724,136.522598
643.225739,241.694340,91.691498,140.977859
629.478596,238.831920,92.783195,137.801453
616.704823,235.995060,90.659416,135.626480
608.068932,238.074505,94.169601,134.445251
598.874809,236.005688,95.508347,137.787170
597.190140,233.302906,96.934814,137.715988
590.037792,236.198467,95.958443,132.156860
580.572041,234.164142,98.024406,131.563034
571.133705,226.907070,97.980362,136.266876
561.458141,222.197567,102.302803,144.421356
563.025219,222.835941,97.264656,143.426163
554.982220,218.720714,99.528328,144.803528
544.928650,212.344036,100.015533,146.598328
532.916546,207.840656,103.682991,148.065292
512.196079,198.764439,108.652550,153.935196
512.947968,200.288906,111.110931,152.205170
496.548431,194.279018,115.681366,157.574188
479.875813,193.212040,125.515800,159.740372
461.373825,199.959225,132.972412,153.671722
447.290749,202.118366,140.779190,154.222031
447.266823,200.418407,140.088211,155.861450
429.567879,204.530941,150.109085,157.249115
420.240707,204.980068,156.759888,158.348480
409.137474,208.701420,163.239059,156.034439
401.292351,207.461826,168.733383,161.573074
401.394951,207.188427,167.616745,161.192871
392.036964,207.471523,176.381424,165.246124
378.900932,203.809772,188.908615,173.592392
369.302528,204.332012,199.900406,175.365784
359.344353,205.135952,211.993149,176.453583
358.474823,206.538067,213.340302,176.147217
349.289551,207.114376,226.124664,178.754791
343.311501,211.553570,232.971207,180.448914
333.620239,219.327137,246.446381,176.787399
328.625092,216.729679,254.831329,186.050308
327.658875,223.382625,255.391449,180.158844
325.742279,217.732952,263.426544,187.774231
323.635483,231.935940,269.442139,182.705780
321.132401,235.103329,278.355652,187.734283
320.681320,240.014782,282.534180,194.244141
320.038223,236.307506,284.735168,195.452271
320.095230,243.085148,292.713806,201.567642
320.506546,247.434185,299.988464,203.952942
320.366394,251.786556,307.686981,208.379669
324.866318,255.452450,309.005127,209.893463
326.554932,253.320896,309.057098,209.093948
