0.001361
0.034821
0.035582
0.034633
0.034945
0.034123
0.034978
0.034065
0.034949
0.033380
0.033506
0.035522
0.034188
0.034099
0.034224
0.032542
0.032421
0.033031
0.032845
0.032423
0.032172
0.032081
0.031530
0.031548
0.031451
0.031719
0.032876
0.031407
0.031979
0.032599
0.031872
0.032642
0.032877
0.032295
0.032065
0.032796
0.031647
0.031686
0.031942
0.032576
0.032757
0.032407
0.032666
0.032357
0.032873
0.031828
0.031922
0.032861
0.031266
0.032701
0.031478
0.031570
0.032404
0.031270
0.031207
0.031387
0.032350
0.032762
0.031346
0.032611
0.031949
0.031424
0.031236
0.032657
0.032061
0.031826
0.032888
0.031701
0.031885
0.031642
0.031675
0.031970
0.032594
0.031104
0.032758
0.031854
0.032244
0.031570
0.031831
0.031155
0.031765
0.032500
0.031663
0.031755
0.031939
0.031261
0.031904
0.032745
0.031016
0.033352
0.032391
0.032856
0.031856
0.032410
0.032142
0.030958
0.031954
0.032731
0.032785
0.031744
0.031510
0.032018
0.032245
0.031253
0.031588
0.031138
0.031513
0.030962
0.032537
0.031359
0.031131
0.031611
0.031095
0.031902
0.031678
0.031860
0.031251
0.031129
0.031340
0.031238
0.031088
0.031192
0.032578
0.031913
0.031516
0.031373
0.031724
0.032644
0.031377
0.032464
0.031511
0.031389
0.032711
0.031421
0.032360
0.031176
0.032163
0.032504
0.031262
0.031255
0.032007
0.031016
0.031057
0.030945
0.032312
0.030992
0.032096
0.031590
0.031834
0.031783
0.030910
0.030951
0.031462
0.032201
0.032368
0.031762
0.031566
0.031292
0.030959
0.030882
0.031280
0.032102
0.033633
0.032630
0.031623
0.031108
0.031836
0.031103
0.031222
0.030974
0.031334
0.031883
0.032680
0.031254
0.031210
0.031116
0.032334
0.032615
0.031081
0.031590
0.032754
0.032448
0.030914
0.031243
0.032648
0.031115
0.031530
0.031027
0.030895
0.031980
0.032643
0.031588
0.031859
0.030700
0.030992
0.030612
0.031335
0.031878
0.032331
0.030611
0.031203
0.030747
0.031134
0.031623
0.031661
0.030776
0.031040
0.030762
0.032158
0.030443
0.030431
0.031424
0.030834
0.030418
0.030890
0.030700
0.031838
0.031462
0.030404
0.030553
0.030443
0.030553
0.030425
0.031852
0.031618
0.031253
0.030379
0.031758
0.030473
0.030338
0.031776
0.030346
0.031032
0.031723
0.030250
0.031750
0.030471
0.030192
0.030555
0.030480
0.030342
0.030246
0.031332
0.031757
0.030375
0.031465
0.030253
0.030355
0.030730
0.031021
0.031467
0.031315
0.031291
0.030345
0.030515
0.030152
0.030681
0.031906
0.030836
0.030650
0.030385
0.030439
0.030896
0.030958
0.030207
0.030257
0.030197
0.030292
0.029957
0.030243
0.030212
0.030540
0.030294
0.030231
0.030066
0.030666
0.030327
0.030377
0.031000
0.031039
0.030105
0.032316
0.030421
0.031342
0.030104
0.030654
0.031569
0.031194
0.031046
0.030691
0.031109
0.030326
0.030573
0.030203
0.030559
0.030128
0.030125
0.030331
0.030468
0.030025
0.030096
0.030340
0.030060
0.031193
0.030600
0.030701
0.030770
0.030335
0.029981
0.031249
0.030774
0.030200
0.030773
0.036681
0.036944
0.037618
0.038045
0.039031
0.041069
0.039468
0.038737
0.038048
0.041168
0.039197
0.039763
0.043325
0.041845
0.043427
0.041132
0.040400
0.035815
0.041803
0.034229
0.033897
0.032536
0.031214
0.030260
0.030636
0.031522
0.030937
0.030534
0.031323
0.030564
0.031135
0.030324
0.030112
0.030095
0.031396
0.030511
0.030441
0.031065
0.030074
0.030306
0.030740
0.030458
0.030064
0.030079
0.031278
0.030497
0.031272
0.029935
0.030248
0.030020
0.030079
0.031316
0.030107
0.030030
0.030447
0.031458
0.029997
0.029982
0.030695
0.029999
0.030201
0.030264
0.031445
0.030554
0.030094
0.030090
0.031022
0.030217
0.029945
0.030067
0.029971
0.030221
0.030478
0.030428
0.030831
0.030352
0.030523
0.029953
0.030369
0.030319
0.030454
0.031098
0.030606
0.029975
0.030580
0.031432
0.030155
0.030460
0.030006
0.029919
0.030507
0.031278
0.029933
0.030038
0.030156
0.029949
0.030831
0.030649
0.031794
0.029939
0.030921
0.031079
0.030722
0.030097
0.030211
0.029888
0.030254
0.029992
0.030544
0.030706
0.030241
0.030093
0.030520
0.030073
0.031253
0.030412
0.030938
0.031031
0.030020
0.029986
0.030030
0.030234
0.030184
0.030181
0.029938
0.030555
0.030085
0.030605
0.030926
0.030587
0.030169
0.030071
0.030647
0.030335
0.030460
0.030545
0.030023
0.031938
0.030990
0.030005
0.030077
0.031338
0.030874
0.030016
0.030067
0.031219
0.030118
0.030951
0.029930
0.030837
0.029957
0.030138
0.029843
0.031432
0.030063
0.029940
0.030064
0.030236
0.032192
0.030246
0.030040
0.030191
0.031110
0.029723
0.030336
0.030042
0.030149
0.031165
0.030138
0.029879
0.030716
0.029927
0.030268
0.030732
0.030502
0.029979
0.031282
0.031268
0.030796
0.031229
0.029986
0.029956
0.031103
0.031666
0.030246
0.030562
0.029993
0.030546
0.030978
0.030877
0.030267
0.031512
0.031468
0.030933
0.029894
0.030165
0.029859
0.031236
0.031570
0.030112
0.030653
0.029773
0.031031
0.030348
0.030590
0.031025
0.030790
0.032028
0.030763
0.030429
0.030009
0.030562
0.030096
0.030993
0.030247
0.031178
0.030191
0.029880
0.031281
0.030354
0.031200
0.029940
0.030129
0.030650
0.030875
0.029902
0.030029
0.030230
0.030062
0.030241
0.031499
0.031786
0.030748
0.031647
0.030104
0.030391
0.030268
0.030557
0.031098
0.031226
0.029845
0.030933
0.031141
0.030122
0.031411
0.030406
0.030604
0.030828
0.030074
0.031245
0.031092
0.030989
0.031043
0.030066
0.030513
0.031310
0.031241
0.032086
0.030055
0.030104
0.030255
0.030775
0.031052
0.029972
0.030240
0.030291
0.030956
0.030393
0.030022
0.030722
0.031387
0.029808
0.030620
0.030141
0.030337
0.031255
0.031315
0.031243
0.029967
0.030859
0.031355
0.030759
0.030557
0.030322
0.029995
0.030638
0.030208
0.030219
0.030051
0.030420
0.030777
0.031247
0.031688
0.030646
0.031036
0.030094
0.029914
0.030840
0.030368
0.030411
0.031224
0.030238
0.030099
0.030060
0.030179
0.030977
0.031152
0.030513
0.030045
0.030645
0.030089
0.030938
0.030450
0.029979
0.029965
0.030172
0.030266
0.030470
0.029949
0.030554
0.030403
0.031489
0.030075
0.029972
0.030276
0.031260
0.030168
0.031218
0.031291
0.030311
0.030671
0.030915
0.030086
0.030281
0.029975
0.030730
0.030867
0.031155
0.030415
0.030280
0.030734
0.030426
0.030783
0.030774
0.031270
0.030600
0.030290
0.030906
0.029930
0.030337
0.031315
0.030186
0.031478
0.030638
0.032254
0.030458
0.030358
0.030101
0.031313
0.030829
0.030659
0.031657
0.030003
0.029906
0.029999
0.030277
0.030291
0.030726
0.030139
0.031394
0.030069
0.030875
0.030703
0.030090
0.030175
0.031168
0.030247
0.030076
0.030712
0.031175
0.030775
0.030231
0.030022
0.030060
0.030085
0.029886
0.029869
0.030158
0.030202
0.029955
0.030277
0.030376
0.029983
0.030517
0.030486
0.030123
0.031337
0.030023
0.029954
0.029992
0.030021
0.030086
0.030723
0.030404
0.030742
0.029795
0.031448
0.029991
0.030165
0.030702
0.029870
0.030053
0.030066
0.030013
0.030629
0.030078
0.030127
0.030336
0.030142
0.029892
0.030265
0.030198
0.030313
0.030773
0.030418
0.030055
0.029912
0.030652
0.031066
0.030096
0.030229
0.031064
0.030267
0.030062
0.030011
0.030520
0.030151
0.030250
0.029986
0.030345
0.030441
0.029965
0.029968
0.029944
0.030070
0.029926
0.030280
0.030025
0.030194
0.030299
0.029926
0.030575
0.030834
0.030130
0.031376
0.030030
0.030373
0.030177
0.029943
0.029960
0.030551
0.030719
0.030026
0.030056
0.030174
0.030298
0.030102
0.030248
0.030102
0.030386
0.030262
0.030180
0.030029
0.030255
0.030958
0.030767
0.030930
0.030929
0.030495
0.030264
0.030605
0.031915
0.030091
0.030281
0.030305
0.030325
0.030629
0.030385
0.030338
0.030640
0.030473
0.030235
0.030197
0.030487
0.030433
0.030520
0.030555
0.030510
0.031278
0.031022
0.032789
0.030311
0.030345
0.030917
0.030436
0.031497
0.031014
0.030661
0.030655
0.031682
0.030433
0.030905
0.030640
0.030707
0.030517
0.030808
0.030661
0.030410
0.030725
0.030798
0.030808
0.030624
0.030428
0.031236
0.030834
0.031494
0.030708
0.031007
0.030985
0.030689
0.030935
0.031118
0.030838
0.031202
0.031543
0.030953
0.031188
0.031962
0.030856
0.031208
0.030675
0.030823
0.030873
0.031422
0.030858
0.030619
0.030807
0.031100
0.031848
0.031359
0.030794
0.031877
0.031161
0.031262
0.031033
0.031089
0.030699
0.032361
0.031029
0.031247
0.031106
0.030938
0.031883
0.030926
0.032401
0.030762
0.031119
0.031132
0.031224
0.030825
0.030929
0.031119
0.032888
0.031053
0.030708
0.032031
0.030816
0.030683
0.032245
0.030957
0.030849
0.031037
0.031010
0.031019
0.031671
0.031046
0.030972
0.030675
0.030715
0.030837
0.031900
0.031222
0.031014
0.032180
0.031421
0.031336
0.031513
0.031890
0.030919
0.031074
0.030699
0.030849
0.030957
0.030877
0.030670
0.031146
0.030687
0.032132
0.030815
0.031369
0.031219
0.030799
0.030892
0.030700
0.031320
0.031702
0.030834
0.031119
0.030823
0.031163
0.031623
0.031077
0.031395
0.030953
0.031468
0.030885
0.031911
0.031307
0.031481
0.031874
0.031238
0.031181
0.031138
0.031541
0.031301
0.031015
0.031140
0.030918
0.031095
0.031085
0.030831
0.031219
0.031012
0.031147
0.031617
0.031423
0.031515
0.031133
0.031391
0.031527
0.031222
0.031381
0.031402
0.031348
0.032183
0.031399
0.031472
0.031609
0.032055
0.031759
0.031538
0.031475
0.031730
0.032047
0.031459
0.031657
0.031270
0.031841
0.031952
0.032172
0.031058
0.031437
0.031719
0.031400
0.031590
0.031210
0.032267
0.031736
0.031391
0.032647
0.032031
0.031589
0.031823
0.031615
0.032574
0.031459
0.031365
0.031148
0.031070
0.031501
0.030983
0.031610
0.031774
0.031717
0.030973
0.031205
0.032260
0.031157
0.031202
0.031457
0.031473
0.031105
0.031162
0.031064
0.032133
0.031296
0.031237
0.031616
0.031443
0.031691
0.031624
0.031430
0.031578
0.031399
0.031889
0.032539
0.033344
0.032995
0.031142
0.031954
0.032136
0.031921
0.031364
0.031067
0.031278
0.031001
0.030817
0.030809
0.030811
0.030796
0.030630
0.030716
0.030730
0.031802
0.031630
0.030821
0.030704
0.030690
0.030713
0.031303
0.032032
0.031141
0.030615
0.030549
0.030718
0.032048
0.030924
0.030775
0.031237
0.032042
0.030570
0.030826
0.031119
0.030682
0.030716
0.030685
0.030744
0.030561
0.030748
0.030808
0.030428
0.030730
0.031047
0.031806
0.031272
0.031532
0.030473
0.030626
0.030614
0.031855
0.030677
0.030440
0.030376
0.030425
0.030791
0.030649
0.030714
0.030834
0.030414
0.031594
0.030829
0.030791
0.030933
0.030483
0.030320
0.031079
0.030178
0.030223
0.030416
0.030487
0.030322
0.030133
0.031516
0.030355
0.030230
0.030127
0.030428
0.030312
0.030098
0.030709
0.030109
0.031193
0.030123
0.030387
0.030967
0.030516
0.030401
0.030213
0.030240
0.030315
0.030366
0.030457
0.030571
0.030474
0.030677
0.031098
0.030793
0.030493
0.030484
0.030382
0.030392
0.030398
0.030450
0.030325
0.030238
0.030553
0.030351
0.030463
0.030362
0.030503
0.030505
0.030208
0.030695
0.030420
0.030485
0.030264
0.031260
0.030953
0.031029
0.030398
0.030717
0.030805
0.031147
0.030655
0.029942
0.031016
0.030422
0.030286
0.030593
0.030591
0.030374
0.030098
0.030025
0.030022
0.030057
0.030154
0.030437
0.030060
0.030372
0.029991
0.029910
0.030465
0.032204
0.030038
0.030213
0.030165
0.030415
0.030243
0.030089
0.031436
0.029991
0.030153
0.030203
0.030301
0.030075
0.030382
0.030019
0.029849
0.030038
0.030325
0.031489
0.030276
0.029968
0.030192
0.030077
0.030374
0.030680
0.030349
0.030239
0.030000
0.030399
0.030478
0.030492
0.030087
0.030039
0.031181
0.030061
0.030077
0.030426
0.030068
0.030377
0.030065
0.029974
0.030104
0.029964
0.031530
0.030271
0.030017
0.030104
0.030353
0.030881
0.030816
0.030082
0.029938
0.030100
0.030949
0.030478
0.030023
0.030025
0.030480
0.030063
0.030066
0.030949
0.030322
0.030223
0.030374
0.030235
0.030466
0.030485
0.034254
0.033490
0.034234
0.034303
0.034426
0.036294
0.035331
0.035024
0.030715
0.030396
0.030106
0.030329
0.031306
0.030140
0.031259
0.029995
0.030407
0.030174
0.030714
0.030279
0.030086
0.030476
0.030118
0.030028
0.030125
0.030080
0.029924
0.030121
0.029932
0.029958
0.031266
0.030280
0.030140
0.031079
0.030145
0.031616
0.030938
0.030269
0.030058
0.030402
0.030064
0.031022
0.030310
0.029997
0.030335
0.030072
0.029883
0.029995
0.030222
0.030461
0.030116
0.029960
0.030075
0.030121
0.030694
0.031043
0.030509
0.030757
0.029943
0.030702
0.030784
0.030111
0.029876
0.029989
0.030661
0.030433
0.030386
0.030078
0.030054
0.031657
0.029874
0.030759
0.030378
0.030193
0.030215
0.030545
0.030715
0.030083
0.030177
0.030567
0.030718
0.030824
0.031057
0.030009
0.030161
0.030167
0.030704
0.030102
0.030307
0.029944
0.031350
0.030803
0.030220
0.030226
0.029975
0.030369
0.033120
0.030114
0.030729
0.030820
0.031271
0.030717
0.029886
0.030102
0.031548
0.031437
0.029907
0.030329
0.030176
0.030252
0.030402
0.029909
0.030599
0.030783
0.030364
0.030058
0.030436
0.030185
0.029971
0.030257
0.030133
0.030060
0.030274
0.030909
0.030029
0.030146
0.031250
0.030539
0.030381
0.031256
0.030616
0.030061
0.030140
0.030655
0.030073
0.030046
0.030176
0.030295
0.030229
0.030085
0.030146
0.030051
0.030045
0.030132
0.030574
0.029932
0.030096
0.030876
0.030095
0.030282
0.030599
0.030141
0.030125
0.030893
0.030223
0.031228
0.030209
0.030427
0.030208
0.030304
0.030374
0.029918
0.030239
0.030340
0.030059
0.030758
0.030569
0.030115
0.030211
0.030137
0.030746
0.030564
0.030451
0.030105
0.030081
0.030288
0.030064
0.031332
0.030703
0.031107
0.030400
0.030232
0.030014
0.031274
0.029976
0.031189
0.030091
0.030682
0.030417
0.030168
0.030376
0.030115
0.030817
0.029989
0.030146
0.030013
0.030062
0.029995
0.030487
0.029959
0.031088
0.030196
0.030607
0.031839
0.030579
0.030395
0.030220
0.031597
0.029955
0.031165
0.030235
0.030237
0.030561
0.030127
0.030525
0.029914
0.030334
0.029951
0.030397
0.029900
0.030410
0.030433
0.030594
0.029979
0.031218
0.029957
0.030503
0.031168
0.030829
0.030233
0.030313
0.029958
0.030113
0.030649
0.029915
0.031238
0.031046
0.030170
0.030961
0.030513
0.031042
0.030397
0.030038
0.030369
0.030900
0.029984
0.030751
0.030218
0.030180
0.029983
0.029846
0.030278
0.030334
0.030482
0.030093
0.030360
0.030115
0.029974
0.030393
0.030343
0.029848
0.030210
0.030062
0.029815
0.030328
0.030589
0.030314
0.030856
0.030455
0.030014
0.030907
0.030590
0.029810
0.030065
0.030694
0.029838
0.030016
0.030132
0.030659
0.030734
0.030450
0.030104
0.031229
0.030054
0.029949
0.030552
0.030083
0.030646
0.029863
0.030430
0.030034
0.030040
0.030085
0.029967
0.029948
0.029961
0.030258
0.030982
0.031097
0.030445
0.030080
0.029945
0.030250
0.030324
0.030065
0.030096
0.029857
0.030032
0.030274
0.029948
0.029893
0.030613
0.029926
0.030955
0.029968
0.030773
0.029920
0.030157
0.031076
0.030198
0.031197
0.030746
0.029882
0.030052
0.029928
0.030108
0.030105
0.030456
0.030623
0.029968
0.030067
0.029975
0.030697
0.030313
0.030036
0.029933
0.030056
0.030032
0.030932
0.030076
0.029978
0.030181
0.030597
0.029898
0.030006
0.030059
0.030114
0.029965
0.029864
0.030390
0.029942
0.029861
0.030494
0.030205
0.030276
0.030139
0.030127
0.030300
0.030699
0.030168
0.029904
0.030954
0.029875
0.029787
0.029981
0.030229
0.029835
0.030026
0.030335
0.031103
0.029799
0.030192
0.030106
0.030119
0.029868
0.030443
0.030097
0.030525
0.029996
0.029936
0.031204
0.029974
0.030015
0.030518
0.030203
0.030017
0.030065
0.031182
0.031060
0.030951
0.029875
0.030900
0.029998
0.030496
0.029856
0.029835
0.029775
0.030785
0.030234
0.030041
0.030658
0.030378
0.030576
0.030187
0.030736
0.029978
0.030016
0.030082
0.030020
0.029948
0.030094
0.029960
0.030584
0.030292
0.029846
0.030524
0.030741
0.030882
0.030005
0.029963
0.030001
0.029971
0.030702
0.030156
0.029996
0.030191
0.030770
0.030315
0.030462
0.030509
0.029973
0.030772
0.030528
0.029743
0.030588
0.030134
0.029972
0.029964
0.030359
0.031392
0.030285
0.030038
0.030091
0.030562
0.029941
0.030408
0.030827
0.029903
0.030196
0.029945
0.030358
0.031168
0.030516
0.030525
0.031396
0.030063
0.030102
0.031728
0.031123
0.030740
0.029829
0.029861
0.031080
0.030000
0.030064
0.030908
0.031218
0.031166
0.030451
0.030145
0.030089
0.030169
0.031121
0.030131
0.029959
0.030692
0.030555
0.031070
0.029998
0.030218
0.030192
0.030815
0.031253
0.030363
0.030614
0.030474
0.030743
0.030242
0.030043
0.030050
0.030833
0.030001
0.031230
0.030344
0.031380
0.030857
0.030141
0.030054
0.029916
0.030582
0.030210
0.031361
0.031271
0.031005
0.030119
0.030479
0.031374
0.030803
0.030373
0.031192
0.030337
0.029972
0.031228
0.030065
0.030358
0.030329
0.030816
0.030221
0.030844
0.030538
0.030280
0.031628
0.030190
0.031156
0.030907
0.030997
0.031845
0.031360
0.030185
0.030967
0.030028
0.030267
0.030866
0.030766
0.031630
0.030197
0.031538
0.030844
0.031161
0.030349
0.030506
0.031364
0.030579
0.031009
0.030680
0.030864
0.031942
0.031047
0.030845
0.030790
0.031194
0.030322
0.030914
0.030589
0.031022
0.030428
0.030537
0.030464
0.031337
0.030774
0.030493
0.031529
0.031219
0.030897
0.030702
0.030543
0.031108
0.031446
0.030832
0.031639
0.031226
0.030761
0.030984
0.031495
0.031405
0.031414
0.031514
0.030901
0.030702
0.030841
0.030610
0.030730
0.031904
0.030840
0.032030
0.030948
0.030874
0.030847
0.032129
0.030853
0.031026
0.031383
0.031775
0.031485
0.031333
0.032294
0.032431
0.032368
0.032609
0.031944
0.031862
0.031756
0.031837
0.031761
0.032269
0.031305
0.031288
0.031484
0.032185
0.031249
0.030794
0.031520
0.031093
0.031768
0.031555
0.030603
0.030897
0.031318
0.031002
0.031347
0.031321
0.030877
0.031212
0.030967
0.031036
0.032531
0.032157
0.030911
0.031784
0.031624
0.030762
0.030625
0.030803
0.030787
0.030851
0.030963
0.030643
0.031333
0.030513
0.030883
0.030615
0.030700
0.031085
0.030907
0.030733
0.031065
0.030892
0.032235
0.030950
0.030649
0.030709
0.030956
0.030534
0.030558
0.030881
0.030791
0.030546
0.030558
0.031053
0.031877
0.031406
0.030407
0.031986
0.030938
0.030730
0.030599
0.031280
0.031212
0.030612
0.030554
0.030419
0.030884
0.031743
0.030892
0.030605
0.031130
0.031229
0.031075
0.030337
0.030771
0.031693
0.030693
0.031524
0.030542
0.030248
0.030537
0.030785
0.030391
0.030405
0.030369
0.030710
0.030496
0.031838
0.030741
0.030648
0.031470
0.030632
0.032267
0.031686
0.030793
0.030617
0.030774
0.030513
0.030602
0.031095
0.031853
0.031730
0.031001
0.031507
0.031570
0.030641
0.030770
0.031419
0.030587
0.030928
0.030828
0.031354
0.030729
0.030797
0.030735
0.030886
0.031443
0.030793
0.031818
0.031041
0.030947
0.031265
0.030700
0.031321
0.031108
0.031483
0.031805
0.031633
0.031261
0.031507
0.030910
0.030693
0.030839
0.031728
0.030852
0.030894
0.031636
0.030769
0.030737
0.031545
0.031380
0.031431
0.031477
0.030685
0.031466
0.030698
0.031899
0.030656
0.031529
0.031991
0.030754
0.030530
0.030620
0.030801
0.030778
0.031762
0.030689
0.031468
0.031929
0.031193
0.030721
0.030908
0.031729
0.031780
0.030786
0.031592
0.031804
0.031146
0.030611
0.031776
0.031619
0.030978
0.030849
0.031268
0.030492
0.030724
0.030740
0.031091
0.031584
0.030681
0.031397
0.030676
0.031114
0.030920
0.031026
0.030755
0.031147
0.030553
0.030597
0.031129
0.030805
0.030960
0.031446
0.030597
0.031275
0.030505
0.030488
0.031258
0.030872
0.031099
0.030691
0.030642
0.030869
0.031034
0.030689
0.031241
0.030947
0.031297
0.031140
0.030890
0.030808
0.031302
0.031268
0.030852
0.031118
0.031422
0.030882
0.030802
0.030675
0.031774
0.030698
0.031325
0.030758
0.031485
0.031348
0.030540
0.030684
0.031923
0.030742
0.030599
0.030839
0.030664
0.030891
0.030602
0.031339
0.030913
0.032147
0.030793
0.031357
0.032069
0.030969
0.031276
0.030957
0.031482
0.031864
0.031077
0.031760
0.031233
0.031203
0.031355
0.031042
0.031154
0.031194
0.031590
0.030811
0.030732
0.032253
0.031266
0.031034
0.031972
0.031286
0.031232
0.032039
0.032956
0.032676
0.031137
0.032510
0.031160
0.031709
0.033564
0.031629
0.032213
0.031331
0.031230
0.031118
0.032687
0.030954
0.032422
0.031126
0.031671
0.031262
0.030888
0.031047
0.031173
0.032280
0.031863
0.031471
0.032311
0.031784
0.031523
0.032505
0.031772
0.031083
0.032153
0.031176
0.031009
0.031290
0.031417
0.031083
0.030859
0.030990
0.033047
0.030837
0.031052
0.030942
0.032195
0.032137
0.032033
0.030899
0.030700
0.031260
0.031527
0.031095
0.031005
0.032298
0.030933
0.031240
0.031095
0.032017
0.030897
0.030770
0.031629
0.032517
0.030828
0.031531
0.030992
0.031575
0.031768
0.031289
0.031093
0.031685
0.031674
0.031969
0.031003
0.031669
0.031140
0.031704
0.030651
0.032140
0.031004
0.031899
0.031293
0.031041
0.031461
0.032325
0.030785
0.030875
0.030940
0.031468
0.031013
0.030787
0.030762
0.030788
0.030833
0.031672
0.031934
0.032065
0.031425
0.030812
0.031248
0.031583
0.031262
0.030665
0.030791
0.030782
0.031138
0.031504
0.031667
0.030772
0.030819
0.030709
0.030766
0.030825
0.030713
0.032231
0.030713
0.030760
0.031008
0.030821
0.030760
0.031091
0.030671
0.030615
0.030574
0.032143
0.030990
0.031354
0.030434
0.030593
0.030715
0.030566
0.030688
0.031525
0.030543
0.030903
0.030502
0.031418
0.030562
0.030693
0.031325
0.031093
0.031212
0.030611
0.031970
0.031684
0.031294
0.031651
0.030755
0.031328
0.032601
0.031173
0.031344
0.031447
0.031181
0.031409
0.031423
0.031365
0.031760
0.031159
0.031102
0.031127
0.032014
0.031268
0.031145
0.031322
0.032096
0.031367
0.031809
0.030861
0.030872
0.031275
0.031157
0.031242
0.031584
0.031225
0.030992
0.031220
0.031088
0.032199
0.030943
0.031571
0.031495
0.031533
0.031510
0.031529
0.031728
0.031817
0.031558
0.032732
0.031942
0.031482
0.032029
0.032030
0.032379
0.032308
0.032584
0.033850
0.033683
0.033425
0.039753
0.036814
0.038763
0.041181
0.043272
0.042774
0.044016
0.041702
0.043424
0.045520
0.044931
0.043682
0.043024
0.043626
0.042749
0.040534
0.042144
0.042175
0.040947
0.040849
0.038399
0.041487
0.042032
0.042169
0.039227
0.040608
0.039164
0.037734
0.037552
0.031666
0.031182
0.031568
0.031573
0.031291
0.032737
0.032043
0.031464
0.032144
0.031287
0.031463
0.033145
0.031885
0.031153
0.031846
0.031231
0.032354
0.031221
0.031750
0.031258
0.031301
0.031438
0.031297
0.032650
0.031981
0.031840
0.031075
0.031383
0.032145
0.030580
0.031931
0.031880
0.031366
0.030497
0.031762
0.031341
0.031121
0.030987
0.031577
0.032186
0.032284
0.031920
0.030177
0.031138
0.030891
0.030886
0.031337
0.029747
0.030508
0.031321
0.031710
0.032009
0.030273
0.030840
0.031839
0.031516
0.032980
0.030937
0.030774
0.030430
0.030417
0.030614
0.030346
0.031002
0.030565
0.030227
0.032164
0.031570
0.032193
0.032362
0.032037
0.030406
0.032310
0.031063
0.032283
0.032099
0.031557
0.030456
0.030985
0.031007
0.032423
0.030874
0.030266
0.030268
0.030532
0.031778
0.031319
0.031255
0.030508
0.030542
0.030457
0.030388
0.031036
0.031380
0.031491
0.030593
0.031060
0.031415
0.031750
0.030693
0.030740
0.031492
0.030462
0.031887
0.030797
0.031898
0.030630
0.031420
0.030733
0.030601
0.030684
0.030944
0.030778
0.031733
0.031377
0.030956
0.030654
0.031220
0.030682
0.030361
0.030382
0.030677
0.031663
0.030563
0.031087
0.031590
0.030653
0.031073
0.031139
0.030465
0.031127
0.032038
0.031732
0.031351
0.030969
0.031709
0.031629
0.031396
0.030370
0.030875
0.031344
0.030247
0.031524
0.030320
0.030104
0.030017
0.030508
0.030612
0.030466
0.030336
0.031187
0.031276
0.030823
0.031233
0.032006
0.032202
0.031028
0.030798
0.030781
0.031682
0.031960
0.031113
0.032811
0.031360
0.031568
0.031983
0.030689
0.031524
0.031805
0.031053
0.031463
0.030855
0.030930
0.030875
0.031079
0.031644
0.031028
0.031952
0.032529
0.031739
0.031289
0.031274
0.032573
0.032224
0.032904
0.032248
0.032892
0.032378
0.031983
0.031854
0.032430
0.033256
0.033986
0.032190
0.032711
0.032239
0.032132
0.032324
0.032314
0.032901
0.032858
0.031808
0.031266
0.044667
0.041433
0.048828
0.040805
0.037627
0.038664
0.040127
0.035957
0.036877
0.040584
0.038827
0.038089
0.038305
0.037462
0.037051
0.038236
0.035737
0.036440
0.036774
0.035195
0.034609
0.034324
0.034760
0.036860
0.033292
0.031177
0.031791
0.031202
0.031833
0.030499
0.031693
0.032337
0.031654
0.031599
0.031196
0.033256
0.034004
0.037024
0.034611
0.036993
0.035599
0.038825
0.038932
0.038829
0.038915
0.035193
0.034778
0.036541
0.036859
0.034206
0.036850
0.033411
0.039761
0.037996
0.034635
0.038826
0.034400
0.037087
0.036214
0.036131
0.038169
0.037997
0.038074
0.038196
0.036176
0.037175
0.036546
0.036914
0.034528
0.033990
0.034279
0.033887
0.034202
0.034885
0.034841
0.035065
0.035648
0.035372
0.035165
0.036310
0.034055
0.034061
0.034285
0.033819
0.032940
0.033767
0.032534
0.033383
0.032499
0.032155
0.032533
0.031503
0.031529
0.031345
0.031234
0.030916
0.031377
0.031189
0.031326
0.031172
0.032077
0.031214
0.030891
0.031394
0.031350
0.031951
0.032004
0.031953
0.032088
0.030874
0.030823
0.031200
0.030703
0.031326
0.032334
0.031747
0.030832
0.031793
0.031440
0.031553
0.030783
0.031163
0.031133
0.032583
0.030663
0.030933
0.030982
0.031241
0.031816
0.032290
0.032339
0.031243
0.032477
0.030926
0.031192
0.031716
0.031559
0.031004
0.031199
0.031223
0.031135
0.030888
0.030874
0.030932
0.031879
0.030977
0.031232
0.031748
0.030895
0.031769
0.031376
0.032105
0.030936
0.031219
0.031661
0.031705
0.031772
0.032113
0.031195
0.030854
0.030729
0.031415
0.031122
0.032295
0.031287
0.030751
0.031310
0.030908
0.032310
0.031106
0.030855
0.031305
0.031171
0.031651
0.030837
0.031143
0.030829
0.031288
0.031461
0.031674
0.031951
0.031969
0.031079
0.031714
0.030882
0.030836
0.031208
0.030973
0.030954
0.031032
0.031057
0.031417
0.031852
0.030905
0.031948
0.030883
0.030962
0.031173
0.031317
0.030654
0.031329
0.032031
0.032236
0.031754
0.031610
0.031174
0.032418
0.031047
0.032045
0.030973
0.030912
0.031143
0.030872
0.031306
0.031733
0.031889
0.031180
0.030577
0.031554
0.031016
0.030711
0.032126
0.030814
0.030812
0.031459
0.030951
0.031350
0.031585
0.031150
0.031962
0.030834
0.031100
0.031448
0.030957
0.031375
0.030876
0.031806
0.031831
0.031102
0.030605
0.030818
0.031067
0.030941
0.031041
0.030824
0.030749
0.031548
0.030855
0.030772
0.031566
0.031565
0.031906
0.032806
0.031546
0.031226
0.031394
0.031517
0.032363
0.031310
0.031342
0.032289
0.031249
0.031399
0.031264
0.031250
0.032487
0.031693
0.031724
0.032056
0.031229
0.031358
0.031874
0.031935
0.031542
0.031926
0.032244
0.031887
0.031461
0.032848
0.032723
0.031878
0.031696
0.031838
0.032017
0.031819
0.032027
0.032429
0.031923
0.032495
0.033021
0.032930
0.033380
0.031831
0.032295
0.033117
0.032612
0.033161
0.033076
0.032866
0.032308
0.031922
0.032000
0.031947
0.033381
0.032071
0.032113
0.031970
0.032107
0.032355
0.033138
0.031851
0.033249
0.031678
0.033295
0.032507
0.031710
0.031856
0.031710
0.032297
0.032641
0.031652
0.032455
0.032234
0.031707
0.031713
0.031769
0.031793
0.031929
0.032253
0.032216
0.031845
0.031620
0.032517
0.032835
0.031808
0.033120
0.032863
0.031731
0.032038
0.031619
0.031737
0.031485
0.031465
0.031606
0.032962
0.033336
0.031905
0.031701
0.031515
0.032943
0.031754
0.032811
0.031932
0.031914
0.032005
0.032575
0.032716
0.031904
0.032098
0.031735
0.031972
0.032048
0.031860
0.032360
0.031590
0.032425
0.032830
0.032040
0.033155
0.032501
0.031807
0.032192
0.032666
0.032825
0.032044
0.031801
0.032222
0.032896
0.033897
0.033373
0.032863
0.032787
0.032309
0.032162
0.031948
0.031857
0.032600
0.032272
0.032172
0.031862
0.033143
0.032499
0.032693
0.033083
0.032688
0.033091
0.032079
0.032046
0.033037
0.032359
0.032794
0.032054
0.032887
0.032461
0.033605
0.032414
0.032366
0.033901
0.033697
0.033521
0.033418
0.032894
0.032255
0.032477
0.033228
0.033461
0.033740
0.032354
0.032411
0.032108
0.032289
0.032961
0.032253
0.032158
0.032372
0.032761
0.032402
0.033408
0.032173
0.032377
0.033695
0.032628
0.033380
0.032753
0.032843
0.032116
0.033596
0.032711
0.033299
0.033596
0.032194
0.032098
0.032226
0.032030
0.032246
0.031865
0.031999
0.032373
0.032656
0.032265
0.032385
0.032424
0.032159
0.032202
0.032664
0.032256
0.033103
0.032268
0.033755
0.032695
0.032932
0.032788
0.033156
