0.001751
0.035116
0.035177
0.034478
0.034713
0.036149
0.036107
0.035817
0.034374
0.035658
0.033730
0.033723
0.033519
0.035244
0.034165
0.033772
0.033947
0.035975
0.034407
0.033805
0.034725
0.033624
0.034051
0.034064
0.034508
0.033446
0.033864
0.033785
0.033634
0.032492
0.033205
0.032853
0.032383
0.033423
0.032340
0.032398
0.032377
0.031862
0.031612
0.031671
0.031847
0.031749
0.031534
0.031950
0.031611
0.031469
0.031439
0.032313
0.031698
0.032246
0.031309
0.031498
0.031516
0.031083
0.032112
0.031396
0.031138
0.032472
0.031783
0.031443
0.032379
0.031170
0.032390
0.031338
0.030894
0.031228
0.031496
0.030550
0.030941
0.030831
0.030946
0.032228
0.031677
0.030805
0.031089
0.032294
0.031430
0.031724
0.032505
0.031599
0.031711
0.031812
0.031695
0.031146
0.032139
0.031429
0.031179
0.031880
0.031350
0.031100
0.031458
0.030838
0.031652
0.031058
0.031056
0.031478
0.031814
0.031650
0.031587
0.031302
0.032617
0.031856
0.031408
0.031563
0.031195
0.031322
0.032250
0.031179
0.031266
0.032554
0.032396
0.036214
0.031323
0.031281
0.032830
0.032681
0.031190
0.031254
0.031594
0.031745
0.031596
0.032167
0.031356
0.031436
0.031469
0.031390
0.032220
0.031466
0.031281
0.032168
0.031853
0.031700
0.031764
0.031615
0.031526
0.031728
0.031648
0.032168
0.031792
0.031655
0.031493
0.031752
0.031916
0.032400
0.032629
0.031798
0.031906
0.032123
0.031776
0.031635
0.032161
0.032453
0.033723
0.034446
0.033459
0.033721
0.033570
0.033391
0.033199
0.034578
0.033409
0.033176
0.034190
0.033078
0.033758
0.033153
0.033763
0.033028
0.032977
0.033824
0.033055
0.033661
0.033133
0.033508
0.034161
0.034698
0.032972
0.033498
0.033202
0.032996
0.033594
0.033512
0.033155
0.034044
0.033463
0.033105
0.032691
0.033060
0.033309
0.033314
0.034084
0.032491
0.032884
0.032714
0.032686
0.032383
0.032542
0.032409
0.033222
0.032367
0.033433
0.032962
0.032425
0.033489
0.032820
0.033185
0.032329
0.032558
0.032054
0.032781
0.032342
0.032040
0.033166
0.032259
0.033851
0.032681
0.032361
0.032045
0.032211
0.032414
0.032114
0.032051
0.032062
0.034244
0.032194
0.032161
0.031995
0.032019
0.031946
0.032239
0.032384
0.032245
0.032426
0.032786
0.032256
0.032651
0.032821
0.032450
0.033463
0.032453
0.032321
0.032418
0.032445
0.032405
0.032329
0.032392
0.032153
0.032696
0.033017
0.032763
0.032569
0.032956
0.032736
0.032583
0.032769
0.032357
0.032651
0.032744
0.033374
0.033372
0.032766
0.032841
0.032937
0.032770
0.034138
0.033087
0.033338
0.032828
0.034319
0.034364
0.033279
0.033450
0.033148
0.033328
0.034595
0.034216
0.034392
0.033288
0.033968
0.033353
0.033045
0.033852
0.034240
0.035513
0.035258
0.033305
0.033310
0.033167
0.033614
0.034125
0.034523
0.033979
0.034440
0.033887
0.033321
0.033613
0.034064
0.033419
0.033526
0.033361
0.033141
0.033313
0.033905
0.034250
0.034428
0.034993
0.033745
0.034926
0.035165
0.034021
0.033838
0.034256
0.034456
0.036366
0.034428
0.035251
0.035594
0.034671
0.034575
0.035329
0.035523
0.035361
0.034780
0.034989
0.035453
0.035788
0.035580
0.036172
0.035443
0.035249
0.035339
0.035596
0.035317
0.035707
0.035742
0.035859
0.036793
0.036352
0.035583
0.035647
0.035497
0.035662
0.035617
0.037102
0.037423
0.036512
0.037293
0.036622
0.036072
0.036049
0.036977
0.035912
0.036060
0.035702
0.035681
0.038628
0.035893
0.036662
0.035873
0.035429
0.035426
0.036076
0.036418
0.035545
0.035912
0.036975
0.036364
0.036376
0.036293
0.036488
0.037220
0.035545
0.038480
0.035715
0.035531
0.038528
0.036482
0.036733
0.038598
0.036572
0.036340
0.036755
0.036233
0.036579
0.037016
0.036755
0.040155
0.039702
0.038172
0.037236
0.038250
0.038704
0.038955
0.039033
0.037279
0.037278
0.037298
0.039859
0.036767
0.036829
0.036737
0.036878
0.037450
0.037982
0.036737
0.039540
0.037120
0.036869
0.039253
0.037712
0.037338
0.038098
0.038420
0.036972
0.037465
0.038370
0.037769
0.036918
0.038277
0.038005
0.038147
0.038120
0.037981
0.038222
0.038481
0.038330
0.040980
0.039218
0.040819
0.038788
0.037997
0.037615
0.038281
0.037513
0.039667
0.038249
0.038095
0.038030
0.038516
0.039720
0.038602
0.038450
0.038861
0.042508
0.039475
0.040195
0.038201
0.038355
0.040229
0.037577
0.037376
0.038736
0.038695
0.039886
0.039319
0.038860
0.038743
0.038828
0.039957
0.039804
0.039018
0.040036
0.039486
0.039405
0.039085
0.038492
0.038459
0.039114
0.039615
0.038379
0.037926
0.038682
0.038078
0.038286
0.039067
0.037834
0.038494
0.038843
0.038347
0.038540
0.039404
0.038976
0.038102
0.037674
0.036938
0.037377
0.036845
0.036893
0.037732
0.036702
0.036864
0.037726
0.037311
0.036269
0.036486
0.037646
0.037521
0.037577
0.037152
0.036058
0.036845
0.037455
0.035878
0.036883
0.036092
0.035844
0.035350
0.035713
0.035568
0.036168
0.036286
0.035141
0.035251
0.036170
0.035507
0.035297
0.035466
0.035778
0.036458
0.036012
0.037064
0.035715
0.035245
0.035645
0.035234
0.035458
0.035945
0.036162
0.036206
0.037211
0.036871
0.038402
0.036511
0.035955
0.036790
0.036076
0.036136
0.036645
0.036545
0.036480
0.037300
0.035783
0.037509
0.038722
0.036319
0.036439
0.037087
0.036504
0.037785
0.037581
0.037158
0.037189
0.038887
0.038456
0.037976
0.037111
0.037555
0.036880
0.036842
0.039836
0.039557
0.038026
0.037274
0.038041
0.037099
0.038077
0.037451
0.038326
0.037847
0.038662
0.037351
0.037465
0.037297
0.036963
0.037834
0.037086
0.037388
0.037623
0.037638
0.037253
0.037296
0.038568
0.038170
0.037699
0.038250
0.037913
0.037996
0.038309
0.037749
0.036985
0.036870
0.037508
0.036765
0.037258
0.037957
0.036871
0.036920
0.036461
0.038167
0.036848
0.036993
0.036140
0.036369
0.038734
0.036220
0.036746
0.036264
0.035814
0.035755
0.036188
0.035850
0.036008
0.035846
0.036035
0.035866
0.036985
0.036420
0.037334
0.036643
0.036132
0.035764
0.035985
0.036138
0.037048
0.036513
0.036088
0.035910
0.036368
0.036199
0.036148
0.036953
0.036537
0.036989
0.037369
0.037027
0.036358
0.037535
0.037170
0.037734
0.037419
0.037600
0.037702
0.038227
0.038285
0.038295
0.037718
0.039008
0.041322
0.041658
0.040105
0.039638
0.040623
0.041539
0.040568
0.042417
0.041880
0.044491
0.042553
0.042014
0.043123
0.042669
0.041408
0.041566
0.041037
0.043402
0.041932
0.043174
0.041056
0.039473
0.040424
0.040285
0.041807
0.042232
0.041026
0.041608
0.043570
0.041952
0.040738
0.040379
0.039668
0.040513
0.040428
0.041011
0.039536
0.040075
0.041260
0.040613
0.040924
0.039518
0.041027
0.041231
0.041640
0.041478
0.040655
0.042451
0.041038
0.042678
0.042149
0.043455
0.042875
0.043097
0.041876
0.042762
0.042405
0.042849
0.045183
0.045266
0.042131
0.043983
0.044886
0.043227
0.042786
0.044600
0.045395
0.042287
0.044636
0.044283
0.042292
0.042152
0.042865
0.042559
0.043853
0.043989
0.044507
0.045072
0.045213
0.044684
0.044278
0.045080
0.043581
0.044347
0.044027
0.044984
0.043692
0.044634
0.045439
0.045452
0.046059
0.043081
0.044400
0.044908
0.046231
0.046146
0.046642
0.046645
0.046033
0.042396
0.043461
0.043793
0.043150
0.045126
0.044137
0.044657
0.044855
0.044713
0.045792
0.044942
0.045714
0.046785
0.046497
0.046607
0.047784
0.046324
0.048149
0.046904
0.046041
0.047380
0.049288
0.045115
0.045057
0.045462
0.043657
0.044396
0.047010
0.048256
0.046795
0.044841
0.047534
0.047468
0.047534
0.043785
0.044682
0.046582
0.046070
0.047191
0.047007
0.045540
0.046004
0.043404
0.043354
0.044302
0.045755
0.046239
0.047656
0.049266
0.050645
0.048713
0.049600
0.046181
0.048047
0.051083
0.048939
0.052493
0.046826
0.051079
0.045912
0.044842
0.044269
0.045678
0.046550
0.047224
0.047646
0.046743
0.046427
0.044910
0.046309
0.045251
0.047861
0.045555
0.043937
0.047762
0.045624
0.045622
0.045341
0.046256
0.046850
0.048392
0.048225
0.047878
0.049171
0.046848
0.047713
0.047296
0.045852
0.046408
0.047974
0.047897
0.048040
0.047190
0.047259
0.047930
0.046759
0.048685
0.050174
0.049038
0.050160
0.050279
0.049869
0.048667
0.046120
0.046360
0.046279
0.045228
0.044222
0.046362
0.043892
0.044284
0.044647
0.044344
0.043097
0.044069
0.043506
0.043027
0.042372
0.043379
0.041510
0.042088
0.041126
0.041524
0.041644
0.039786
0.040102
0.040391
0.040845
0.040271
0.039418
0.039336
0.039871
0.039114
0.039589
0.039221
0.039761
0.038322
0.038766
0.039184
0.039161
0.038722
0.038853
0.038363
0.037713
0.038282
0.038460
0.039507
0.039989
0.038705
0.036709
0.039303
0.038778
0.037847
0.037538
0.036388
0.037935
0.037360
0.037092
0.039049
0.037291
0.037216
0.037453
0.037299
0.037412
0.036852
0.037554
0.036257
0.035936
0.037207
0.036601
0.035690
0.035419
0.035534
0.034935
0.035250
0.035622
0.036369
0.035831
0.036144
0.038455
0.036254
0.035766
0.036515
0.037591
0.036808
0.036780
0.036997
0.037041
0.036882
0.038443
0.036729
0.037540
0.036850
0.038491
0.037898
0.037299
0.036971
0.036926
0.037218
0.037438
0.038035
0.037557
0.038113
0.038684
0.038254
0.038190
0.038671
0.038267
0.038788
0.040093
0.038925
0.038702
0.039780
0.039340
0.040092
0.038990
0.041468
0.039664
0.039799
0.040715
0.039764
0.043555
0.041098
0.043736
0.041374
0.041383
0.041161
0.040494
0.040554
0.041715
0.040657
0.040738
0.040678
0.041628
0.041366
0.041188
0.041924
0.041320
0.041578
0.040966
0.040920
0.041365
0.041544
0.041556
0.041755
0.041924
0.040916
0.042254
0.041616
0.040942
0.042460
0.041222
0.041006
0.041690
0.039642
0.042018
0.043001
0.044387
0.043626
0.042057
0.043231
0.043302
0.043813
0.043216
0.042571
0.043231
0.043624
0.042635
0.042414
0.042158
0.044084
0.042773
0.043892
0.043397
0.044036
0.044495
0.045387
0.043613
0.044464
0.046749
0.044297
0.045368
0.046366
0.047544
0.049023
0.046585
0.046325
0.045765
0.046398
0.049262
0.046165
0.049423
0.046909
0.048847
0.047816
0.046819
0.047350
0.048344
0.049013
0.052374
0.048298
0.046760
0.051495
0.049510
0.042753
0.044773
0.047228
0.045635
0.042825
0.043578
0.047501
0.050426
0.049044
0.041447
0.042193
0.038830
0.038583
0.037824
0.036084
0.036478
0.035897
0.035855
0.035538
0.038709
0.036726
0.036302
0.036193
0.037385
0.036816
0.038607
0.040085
0.043927
0.043768
0.043794
0.047583
0.050657
0.047150
0.049353
0.048665
0.048127
0.048401
0.047510
0.048847
0.048698
0.048344
0.048252
0.048735
0.048877
0.050711
0.050483
0.049734
0.051327
0.052092
0.050540
0.051567
0.052861
0.052492
0.049338
0.053192
0.055619
0.052840
0.051105
0.049966
0.047337
0.046071
0.047027
0.044775
0.047056
0.048605
0.048322
0.047238
0.049242
0.049791
0.050196
0.051051
0.054267
0.056561
0.051061
0.053504
0.052788
0.055180
0.053224
0.056454
0.046448
0.047971
0.050779
0.051464
0.052387
0.053596
0.050412
0.049538
0.046948
0.049055
0.052500
0.051049
0.052082
0.056858
0.056928
0.053934
0.052094
0.049784
0.048676
0.047833
0.049214
0.052005
0.048141
0.048242
0.049384
0.050038
0.048475
0.048793
0.047300
0.047038
0.047269
0.048508
0.048365
0.048518
0.048821
0.047871
0.047405
0.047822
0.047863
0.047444
0.047426
0.048803
0.046997
0.045576
0.044508
0.044991
0.045886
0.045723
0.046586
0.045598
0.047008
0.046992
0.045268
0.046027
0.045097
0.046269
0.046133
0.044552
0.043575
0.042294
0.042750
0.042119
0.042584
0.043184
0.041116
0.040837
0.040138
0.038884
0.039226
0.038127
0.037536
0.037723
0.037216
0.036388
0.036112
0.037244
0.035822
0.035001
0.035043
0.034502
0.034352
0.033984
0.036240
0.033323
0.033902
0.034243
0.033908
0.035196
0.033962
0.034668
0.033871
0.033944
0.033932
0.034427
0.035442
0.034308
0.034213
0.035458
0.034653
0.034219
0.034353
0.034249
0.035304
0.034232
0.034208
0.033847
0.034543
0.034613
0.035621
0.034878
0.035130
0.034724
0.034972
0.034540
0.034644
0.034638
0.034178
0.035334
0.034254
0.034992
0.035710
0.034232
0.035117
0.034655
0.034530
0.034630
0.034351
0.034256
0.034403
0.033820
0.033916
0.034417
0.034696
0.036270
0.034733
0.034148
0.034076
0.034027
0.034622
0.034700
0.034772
0.034544
0.034735
0.034166
0.033577
0.033850
0.033999
0.034871
0.033925
0.033013
0.033701
0.033471
0.034022
0.034169
0.034828
0.034420
0.034234
0.034148
0.034061
0.033768
0.033678
0.033993
0.033920
0.035095
0.035091
0.033843
0.034102
0.034066
0.033974
0.034309
0.034840
0.034267
0.034058
0.033850
0.033816
0.034012
0.033726
0.034375
0.034152
0.033794
0.033738
0.033829
0.034632
0.033876
0.033967
0.034589
0.035011
0.034182
0.033972
0.034448
0.034926
0.034953
0.033763
0.033306
0.034205
0.033495
0.033078
0.033231
0.033076
0.033641
0.034023
0.033625
0.034200
0.033230
0.033031
0.033294
0.033125
0.033706
0.034488
0.033496
0.033831
0.033148
0.033707
0.033625
0.033635
0.034681
0.033846
0.033610
0.034058
0.033491
0.033389
0.033741
0.033787
0.033640
0.033520
0.034379
0.033493
0.033216
0.033788
0.033972
0.033703
0.033055
0.034571
0.033246
0.032882
0.032964
0.033272
0.032922
0.033924
0.033184
0.033155
0.033110
0.033019
0.033262
0.032777
0.032951
0.034491
0.033196
0.033023
0.032803
0.033004
0.033364
0.035011
0.034056
0.034002
0.033208
0.032811
0.032730
0.033252
0.033060
0.033828
0.033073
0.033100
0.033143
0.034549
0.032978
0.032762
0.032501
0.032644
0.032817
0.033707
0.033910
0.032534
0.032654
0.033376
0.033285
0.033518
0.032745
0.033364
0.032805
0.033024
0.033335
0.032597
0.032752
0.033015
0.032646
0.032684
0.032780
0.032621
0.033081
0.032772
0.032727
0.032811
0.032881
0.032563
0.032637
0.032426
0.032989
0.033550
0.033254
0.033309
0.032763
0.032722
0.032986
0.033095
0.032262
0.032409
0.032427
0.033029
0.032547
0.032802
0.033281
0.032768
0.032759
0.033003
0.033038
0.033154
0.032833
0.034590
0.033268
0.033341
0.035078
0.033296
0.032876
0.033706
0.033161
0.032592
0.032661
0.033023
0.032852
0.032968
0.032643
0.032371
0.032742
0.032562
0.032627
0.033110
0.033585
0.033373
0.032842
0.032902
0.033145
0.032666
0.033564
0.032814
0.033397
0.032288
0.032319
0.032372
0.032487
0.032613
0.032224
0.032520
0.032379
0.032470
0.032610
0.032392
0.032203
0.032623
0.032239
0.032708
0.032713
0.032438
0.033416
0.032331
0.032153
0.032462
0.033249
0.032297
0.032198
0.032599
0.032483
0.032313
0.032350
0.032661
0.032339
0.034007
0.032419
0.032422
0.032404
0.032623
0.032696
0.033460
0.032614
0.033221
0.033130
0.033332
0.033070
0.033017
0.033350
0.034517
0.034453
0.033392
0.033940
0.033676
0.033805
0.034055
0.033682
0.033832
0.034108
0.034095
0.034343
0.034264
0.034703
0.034461
0.034798
0.036763
0.035399
0.035806
0.036078
0.036547
0.036343
0.036644
0.037466
0.037289
0.035949
0.037646
0.036999
0.037147
0.037962
0.037517
0.037427
0.038502
0.037657
0.037134
0.037138
0.036955
0.036845
0.037560
0.037126
0.037006
0.036198
0.038326
0.035920
0.035748
0.035685
0.035638
0.035247
0.035445
0.034009
0.034711
0.033740
0.033867
0.033847
0.033460
0.033579
0.033304
0.033532
0.033019
0.032890
0.032470
0.033161
0.032223
0.032595
0.032964
0.033329
0.032291
0.031781
0.032822
0.032457
0.031330
0.031681
0.031386
0.032016
0.032190
0.031760
0.031018
0.031101
0.031334
0.031524
0.031062
0.031220
0.030911
0.031531
0.030930
0.030805
0.030640
0.031103
0.031059
0.031210
0.030672
0.030541
0.031266
0.030478
0.030851
0.030831
0.030788
0.030461
0.031004
0.030494
0.030556
0.030905
0.030341
0.030415
0.030619
0.030318
0.030447
0.030465
0.030338
0.030584
0.030853
0.030571
0.030724
0.031280
0.030695
0.030325
0.030329
0.030447
0.030219
0.030347
0.030430
0.030695
0.030391
0.030142
0.031325
0.030214
0.030156
0.030520
0.030433
0.030235
0.030260
0.030660
0.030456
0.030615
0.030590
0.029933
0.029978
0.030815
0.030619
0.029953
0.029947
0.029735
0.030118
0.029920
0.030335
0.030020
0.029922
0.029895
0.030241
0.030795
0.030368
0.030073
0.030234
0.030044
0.030184
0.030223
0.030064
0.030052
0.030493
0.030070
0.029987
0.030419
0.030525
0.030063
0.030010
0.029919
0.029954
0.029967
0.030004
0.030039
0.030034
0.030313
0.030098
0.029879
0.029944
0.029904
0.030327
0.030100
0.030545
0.029898
0.029939
0.029837
0.029935
0.030403
0.030141
0.030045
0.030506
0.031847
0.029825
0.030700
0.029796
0.029751
0.029938
0.030432
0.030428
0.033064
0.031228
0.029786
0.030356
0.030107
0.029852
0.030016
0.030085
0.030686
0.031156
0.031251
0.029993
0.030235
0.030136
0.030862
0.031088
0.030963
0.030075
0.031305
0.030828
0.029940
0.030988
0.030312
0.029925
0.030158
0.029706
0.030085
0.030291
0.030313
0.030026
0.029956
0.030642
0.030306
0.030108
0.030016
0.030835
0.030565
0.030027
0.030080
0.030533
0.030110
0.030139
0.031293
0.029979
0.030965
0.030999
0.030687
0.030164
0.030665
0.031649
0.030186
0.030030
0.030089
0.030219
0.030704
0.030043
0.031599
0.031586
0.030315
0.030267
0.031996
0.030496
0.030372
0.030265
0.031593
0.031900
0.030265
0.030535
0.030176
0.030274
0.031231
0.030194
0.031440
0.031194
0.031431
0.030162
0.030330
0.030579
0.030292
0.030944
0.030349
0.030522
0.033347
0.032331
0.030911
0.031274
0.032037
0.030480
0.031503
0.031075
0.031745
0.031152
0.031786
0.031253
0.030592
0.030816
0.030716
0.030684
0.030986
0.031288
0.030936
0.032118
0.031229
0.030915
0.031167
0.032170
0.031432
0.031049
0.032853
0.033594
0.031830
0.032236
0.032478
0.033034
0.031529
0.031839
0.031741
0.031670
0.032199
0.031966
0.032749
0.032164
0.032379
0.032696
0.032875
0.032666
0.033102
0.033809
0.033210
0.033570
0.033725
0.033626
0.034402
0.033894
0.034207
0.035589
0.035255
0.034267
0.035240
0.035079
0.034978
0.034760
0.034997
0.036726
0.035633
0.035884
0.037287
0.037741
0.037267
0.037162
0.037998
0.036858
0.036377
0.036936
0.037356
0.037256
0.037876
0.038064
0.037167
0.038095
0.036955
0.036924
0.036692
0.037574
0.036654
0.036497
0.037372
0.036622
0.036336
0.036196
0.036416
0.036658
0.036196
0.037131
0.036840
0.036504
0.036083
0.037622
0.036643
0.036183
0.036283
0.036975
0.036607
0.035684
0.035487
0.036600
0.036678
0.035461
0.036179
0.036056
0.035893
0.035333
0.035756
0.034541
0.036636
0.035050
0.035155
0.034758
0.035250
0.036385
0.035411
0.034565
0.035510
0.034876
0.035065
0.034581
0.034407
0.034814
0.034688
0.034650
0.034538
0.034541
0.034277
0.034338
0.034430
0.034806
0.034897
0.034648
0.034324
0.034992
0.034819
0.035470
0.034119
0.033906
0.034180
0.035543
0.035342
0.034382
0.034368
0.034453
0.034887
0.035104
0.034388
0.034061
0.034759
0.034301
0.035900
0.035340
0.037438
0.034723
0.034773
0.034692
0.036104
0.036321
0.035456
0.034885
0.035611
0.034985
0.035300
0.035393
0.036208
0.036412
0.036395
0.035452
0.035078
0.035145
0.036587
0.036716
0.035626
0.035569
0.036408
0.036460
0.036471
0.035629
0.036327
0.036495
0.036507
0.035803
0.035803
0.036913
0.036722
0.035915
0.035818
0.035984
0.036983
0.035811
0.035770
0.037245
0.036385
0.036511
0.037719
0.036070
0.037491
0.038610
0.037029
0.037076
0.036897
0.036898
0.036023
0.036065
0.036056
0.034692
0.035850
0.037550
0.035794
0.036024
0.036271
0.036475
0.037074
0.035593
0.036557
0.035477
0.035861
0.036305
0.036803
0.035724
0.036012
0.036464
0.035623
0.035665
0.036946
0.035722
0.034918
0.034684
0.036168
0.035936
0.037223
0.037331
0.035785
0.036130
0.037589
0.037781
0.036911
0.036328
0.037301
0.037290
0.036976
0.039446
0.037836
0.036872
0.037235
0.036567
0.038096
0.037279
0.036828
0.037720
0.036960
0.037183
0.036953
0.037661
0.037216
0.037554
0.038033
0.037446
0.038544
0.038556
0.038465
0.038544
0.038897
0.038356
0.038066
0.038133
0.038339
0.039131
0.038011
0.039170
0.038098
0.038508
0.038181
0.038467
0.038385
0.039282
0.038311
0.038563
0.039096
0.037656
0.038779
0.037981
0.038327
0.037930
0.037642
0.037495
0.039015
0.038660
0.037796
0.037152
0.038027
0.037645
0.037305
0.037410
0.037118
0.037075
0.037342
0.036587
0.036474
0.037055
0.036470
0.036574
0.036800
0.037687
0.036365
0.037375
0.036619
0.037895
0.037068
0.036094
0.036355
0.036294
0.037549
0.037562
0.036043
0.036399
0.037407
0.036255
0.036082
0.038201
0.036101
0.036244
0.036039
0.037381
0.037393
0.036428
0.037532
0.036364
0.036589
0.037333
0.036882
0.036928
0.036399
0.036092
0.036495
0.036570
0.037377
0.036198
0.036386
0.038047
0.036644
0.037055
0.038005
0.036755
0.037442
0.038969
0.036849
0.036759
0.036985
0.036990
0.037067
0.037561
0.036976
0.037053
0.036814
0.036431
0.037342
0.036928
0.037250
0.036504
0.036443
0.037509
0.037553
0.036988
0.036865
0.036519
0.037997
0.037487
0.036310
0.036834
0.037095
0.037002
0.037134
0.036728
0.036655
0.037007
0.036872
0.038322
0.037857
0.037219
0.037321
0.037766
0.037599
0.039108
0.038128
0.038333
0.039390
0.038387
0.039376
0.038837
0.039181
0.039572
0.039282
0.040475
0.041961
0.040206
0.040122
0.040915
0.040644
0.041545
0.041541
0.041393
0.042299
0.042554
0.041999
0.042582
0.041175
0.042929
0.041858
0.041723
0.042241
0.042387
0.041855
0.041806
0.041923
0.043154
0.042868
0.041718
0.041705
0.042781
0.041842
0.042031
0.042047
0.042257
0.042972
0.042221
0.042609
0.042772
0.042946
0.042879
0.042690
0.042209
0.042873
0.042401
0.042941
0.042266
0.042242
0.042154
0.041964
0.041780
0.042409
0.043050
0.042786
0.041629
0.042159
0.041570
0.041320
0.041056
0.039583
0.042295
0.041265
0.041473
0.042601
0.042096
0.043146
0.041514
0.041317
0.041635
0.041156
0.042383
0.040722
0.041534
0.042297
0.040980
0.040461
0.039779
0.040904
0.041813
0.041183
0.040761
0.040415
0.041707
0.040446
0.040631
0.040591
0.040660
0.040612
0.039371
0.040131
0.039804
0.039230
0.039751
0.039450
0.039067
0.040390
0.039977
0.038568
0.039161
0.039260
0.039522
0.040166
0.039851
0.040816
0.040490
0.039590
0.040431
0.040052
0.040250
0.041270
0.042170
0.041608
0.042049
0.042134
0.041351
0.041481
0.041272
0.041175
0.043709
0.041798
0.042838
0.041834
0.043233
0.042037
0.042580
0.041964
0.042037
0.042765
0.042736
0.042825
0.045259
0.043787
0.042786
0.043556
0.044602
0.043359
0.042882
0.044404
0.044246
0.043430
0.043715
0.044511
0.045212
0.043387
0.044616
0.043954
0.044826
0.044879
0.044147
0.043847
0.043441
0.042629
0.042563
0.042095
0.041833
0.042018
0.041239
0.042157
0.041190
0.041193
0.040793
0.040859
0.042132
0.040737
0.041292
0.040719
0.041054
0.040920
0.041386
0.040909
0.041290
0.042303
0.041148
0.040914
0.040079
0.040339
0.040894
0.040574
0.039460
0.038623
0.038295
0.038242
0.038705
0.038170
0.037952
0.037938
0.037828
0.037935
0.038871
0.037966
0.037589
0.037307
0.038443
0.038839
0.037249
0.037971
0.038521
0.037700
0.039106
0.038467
0.039179
0.037879
0.038371
0.038711
0.038967
0.038037
0.039658
0.039054
0.038289
0.039790
0.039828
0.041320
0.038888
0.039315
0.037422
0.039153
0.038445
0.038316
0.039608
0.039029
0.038886
0.038937
0.040003
0.039057
0.039542
0.040406
0.040394
0.040802
0.039182
0.038635
0.039029
0.040323
0.039149
0.039841
0.038149
0.038242
0.038148
0.038058
0.038293
0.037977
0.038381
0.037380
0.038049
0.038196
0.037426
0.038589
0.037232
0.038237
0.040078
0.038581
0.036730
0.037035
0.036724
0.037823
0.037996
0.036436
0.036765
0.037705
0.036663
0.037452
0.036990
0.036194
0.037560
0.036296
0.036363
0.036240
0.035814
0.035868
0.037207
0.037241
0.037090
0.036770
