168.000000,168.000000,29.000000,32.000000
170.136663,171.364311,27.939564,31.583176
170.064120,174.768707,29.074961,32.026382
170.682539,177.819899,28.926746,31.968006
168.097106,176.863896,29.171022,31.197287
167.725182,171.869549,27.488464,31.076912
167.779976,167.134035,28.365494,31.756863
166.906475,160.895058,27.860634,31.333969
165.616069,155.059288,27.756250,31.798035
163.765689,150.966017,27.615763,32.328693
162.167106,143.244225,27.290911,31.515640
164.486264,135.052370,27.017797,32.562435
164.487706,134.524178,27.419653,32.938171
162.267057,135.782654,27.296803,32.583191
163.785031,132.452034,27.566320,32.856934
167.332862,129.155094,27.111895,33.190804
170.788809,127.653557,27.093571,34.259613
175.237076,128.467682,26.871246,33.770935
182.115972,127.497931,27.321951,35.253956
188.136613,131.031723,27.088270,34.930664
195.104597,133.694155,27.346287,35.384121
213.721128,140.544664,26.412434,36.055508
222.778484,147.357307,26.303246,36.347610
226.684742,155.074429,27.130714,36.148216
232.333551,159.807312,27.083324,35.808716
237.986684,160.354601,27.400793,35.184689
235.016007,163.909142,28.267134,35.562897
225.116924,168.968203,28.605064,35.830547
216.356451,170.627188,28.623524,35.661823
208.672271,166.078569,28.866716,35.966167
201.086376,162.339048,29.303734,35.900974
189.879525,163.562965,29.730803,36.029358
176.383845,166.027435,30.111780,36.942169
168.549568,166.766529,29.884109,36.325829
164.605425,167.245657,30.063488,37.056080
159.996753,169.342583,30.102045,37.455887
158.408779,169.613049,30.130424,37.090141
157.706800,167.817085,31.046589,37.420334
157.805579,166.883734,30.981203,37.149601
160.394865,168.917374,30.098728,36.640488
159.650541,172.444420,31.123890,37.237411
162.363192,175.297281,30.760357,37.365978
166.222289,182.144424,30.698305,32.131882
168.722407,186.884404,31.162119,29.929312
171.045597,183.587070,32.086205,38.088997
170.793470,188.548944,32.064121,37.076427
173.287234,192.871483,31.623194,34.485641
175.717822,192.194437,31.881769,34.052090
168.824757,189.716002,33.331841,35.840946
163.161556,186.986998,33.716881,37.157841
163.131342,183.267605,34.977566,37.512718
160.747936,186.489212,34.150154,38.170258
155.688816,194.728062,34.867577,38.240807
147.504648,202.077105,36.225979,38.072994
142.903847,204.293911,36.469269,36.988853
140.192835,203.806602,36.653820,37.583771
134.896835,203.043682,36.315750,37.756386
128.961002,201.993780,37.758476,37.058323
123.244276,200.664574,38.675144,36.777985
115.348289,199.128077,40.201035,35.984600
110.031139,194.164038,40.974495,34.884739
107.530931,188.349123,41.884808,34.973492
104.545250,187.442917,40.827911,34.694107
102.924131,188.139996,41.722065,35.183189
99.397535,190.454494,41.555027,34.852959
95.857512,193.828518,43.356190,35.023994
94.791096,197.278191,44.037743,35.432236
92.343628,203.193712,44.327118,34.689480
85.863722,207.658356,43.822681,34.509781
81.553999,208.153503,46.459492,35.127853
83.005848,207.268297,45.473610,35.887157
80.574459,210.627407,47.060463,35.912102
73.300474,211.161028,47.800282,35.368572
68.933258,211.990612,49.690582,35.733589
66.687460,214.501543,48.461781,36.165096
60.490765,212.914217,47.863853,36.407406
55.018408,214.452381,49.039951,34.934120
59.299517,212.380539,47.526226,35.141815
69.651453,210.507912,46.473125,36.055481
78.968815,212.700024,45.549507,38.397499
88.263609,217.240688,45.512974,43.209373
101.398527,224.079596,46.711765,44.297916
110.615307,228.183161,48.383797,48.129070
112.736067,229.862667,53.021473,54.209908
124.947979,242.642073,53.204277,44.747776
137.153301,253.218069,51.218742,37.331654
148.725147,256.604294,47.314384,36.152802
149.270428,256.496460,49.419960,37.549088
150.472691,251.873503,50.719978,39.637409
149.816944,244.196798,49.898521,43.669804
142.892679,239.278332,50.169842,45.434105
134.539011,235.731510,51.500210,48.127739
131.971832,230.061533,54.062393,52.173443
133.511583,228.084694,47.940075,49.263626
130.067818,230.163342,51.797668,43.496956
127.761068,230.084364,50.055302,40.129139
125.897154,224.380762,51.152576,41.141048
126.970114,216.661997,50.417652,44.905727
126.371855,214.062754,49.974369,45.020489
127.745462,207.675390,47.652798,49.557301
129.754511,205.261461,45.055477,48.636410
133.009024,201.558895,42.188923,49.614677
128.921871,200.661226,41.813026,47.443127
128.595001,199.476812,40.965317,45.337040
132.732727,195.831596,40.294632,45.423294
135.839384,194.436026,41.040974,43.397129
136.892694,192.811216,42.065899,46.087849
137.523024,195.263544,56.764164,46.525097
143.351881,200.525785,48.858006,44.542240
149.488535,206.649204,48.375118,42.588615
163.524975,211.671946,44.621758,42.872051
171.602404,216.390583,46.647701,42.956810
181.427679,223.350462,42.434071,44.132389
186.801435,231.418264,43.873493,43.947468
200.946779,239.602810,35.825375,39.710487
205.046270,240.115396,40.705585,39.928967
213.803694,240.271704,37.547382,37.788029
216.160213,235.747124,36.539070,39.113159
209.092068,232.450716,42.926552,40.494900
213.741953,229.466507,42.448132,39.357025
220.173939,227.160639,43.085747,39.889141
223.473162,227.738834,42.310345,41.282036
226.141481,227.917686,44.461880,41.178604
236.618069,225.325720,44.748344,41.915485
245.995094,226.055445,44.918365,42.667736
249.569756,231.523838,46.682602,41.758003
256.600279,237.388439,48.569035,40.263115
264.419205,237.759230,48.186035,38.949055
265.911283,235.308935,49.188862,35.964283
271.010929,229.727947,50.205574,33.686668
276.674952,225.580736,50.854076,32.577480
273.075125,224.657836,51.313847,31.806749
266.406256,217.370645,50.910801,31.377974
263.155937,212.171950,51.831543,30.694445
257.746719,213.231421,49.426376,31.495424
246.975039,214.915482,50.930447,30.500534
242.274908,209.170312,50.483402,30.067457
236.900993,203.973569,48.374191,30.386663
225.286753,203.811611,47.862545,29.739937
215.774353,200.370099,48.500473,28.988638
205.435797,197.303217,45.730915,29.644939
197.783922,205.826568,44.172466,30.845690
194.748390,219.794455,45.038834,30.391544
185.898972,223.083275,47.522308,30.404953
195.316982,222.290010,46.863396,30.142178
198.232130,228.977896,45.606861,30.984028
182.725389,242.647632,46.383205,30.588526
178.832430,243.006946,46.047558,30.130701
182.057707,237.912783,46.681095,30.716427
185.125750,250.413223,46.873455,32.213547
173.879480,268.899185,48.690731,32.064636
171.427923,275.731430,47.145267,30.338043
176.947523,272.392771,47.654331,31.157497
167.458202,275.361449,48.856544,31.725298
152.227453,273.547933,47.702900,31.728308
143.910234,263.326181,46.761364,29.755093
132.324694,246.601413,47.812023,28.332132
114.081697,237.866615,48.488766,30.134369
101.130466,234.400715,49.315102,30.740822
92.380854,225.828301,49.939022,29.653990
81.045248,213.743560,49.618793,29.994722
64.836605,201.974571,50.272850,30.808334
61.544577,191.179610,50.954060,30.358568
62.263542,185.333682,50.436569,30.082956
50.345066,184.063256,50.495598,30.383314
42.287666,182.626669,50.992935,29.505100
53.760443,173.859346,48.526951,29.902981
56.319651,171.523399,49.881664,30.038559
53.397352,177.356176,49.740864,29.654102
56.142593,181.872762,51.676437,29.894156
77.551859,184.110682,50.316891,30.320993
82.548107,194.624840,51.334984,30.051849
87.667751,203.868156,50.515373,30.178925
102.287525,212.923953,50.711693,30.395090
116.625139,218.084853,49.537426,29.844301
122.031988,222.751079,50.794651,29.741282
123.205545,231.337504,50.755108,30.309381
122.621391,238.683957,51.171875,29.641134
127.178429,238.098920,50.621002,29.190359
135.899469,231.575945,50.640209,29.571575
144.357458,225.987978,50.901524,29.942242
145.471918,223.581303,51.635952,29.713493
148.300570,221.054530,50.801708,29.630228
148.509308,215.543094,51.521500,29.608637
150.632483,213.024720,50.906223,29.904127
150.194950,208.113100,51.798805,30.237316
149.425028,203.348298,52.092297,30.787565
144.934330,201.798952,52.878746,31.200253
141.358248,201.751082,53.276577,31.247210
139.534266,199.985156,55.259212,31.296656
136.236223,199.264661,55.947750,30.253378
133.991138,200.969929,56.176201,32.462227
131.545628,204.354183,57.980904,32.636177
130.332630,206.192407,57.375450,31.589399
131.373224,207.139570,58.912151,31.413853
135.400686,206.875302,58.365238,31.762243
135.811188,211.117470,57.497147,32.175125
135.524696,216.320163,57.346146,31.600473
137.504223,213.392825,57.119789,31.364664
142.013552,212.172819,55.589901,32.144428
142.558262,212.540485,54.469368,32.367409
140.376719,212.320976,55.063976,32.122284
142.638140,210.370018,54.006771,32.098953
141.660290,208.752731,53.372215,32.007538
137.899513,205.904325,52.885086,31.979284
137.172104,200.022511,53.961899,31.274864
136.838606,193.558722,54.441166,31.559986
134.409237,190.030111,53.823128,32.221333
132.564470,186.180832,53.621670,32.368362
133.579548,184.400230,53.733971,32.066910
130.781557,184.660463,54.439129,32.215862
126.685947,183.531395,52.437263,32.200104
122.818069,179.537043,52.891068,32.096020
120.760374,176.505348,53.330708,33.137024
120.965612,175.047651,53.627506,32.499958
125.032557,173.381374,53.425137,32.355629
128.011911,170.454594,53.486645,32.987389
132.577581,170.622835,53.279224,33.297955
136.692888,170.230696,52.477962,33.244389
140.712852,167.515636,53.590561,34.285103
144.858265,162.830290,53.288292,34.484592
151.516052,158.218357,52.369064,36.391640
156.439774,158.861280,53.927170,38.088398
160.612513,160.798702,53.693203,39.757164
169.573643,162.234825,53.076790,40.386597
176.890356,166.665318,53.672337,40.889549
177.111996,168.646381,53.962257,38.794792
183.297079,166.548021,53.329823,38.019894
194.354750,164.103247,53.257282,40.165852
200.136278,171.449606,53.350857,43.081043
203.313313,181.109196,53.278618,44.124382
209.166031,190.747200,54.497940,43.719955
216.829473,199.354221,54.358494,41.287621
221.310711,207.117342,56.424767,39.096325
225.286016,213.207724,56.072453,36.952213
225.509745,214.005756,58.155315,36.381371
228.054068,214.922037,56.741520,36.568890
227.905336,214.836662,56.115948,36.576813
226.779625,212.566622,55.941925,37.073971
228.418997,209.573200,55.126698,38.004250
230.161846,206.674383,54.727745,39.485279
229.282873,204.980627,54.831226,38.722355
229.792109,203.639141,53.937389,39.239632
228.167259,202.664446,53.442123,40.126446
222.911402,203.638132,54.595760,40.580593
217.899715,203.344055,54.831856,41.048920
211.142378,202.941839,55.142582,41.979496
204.051775,203.917494,54.773174,42.015614
197.946230,204.886686,55.380993,41.859364
192.225922,205.708866,54.958542,43.081001
184.931946,207.671890,54.462387,43.950974
177.122461,210.132380,55.539654,45.697842
169.640581,214.487766,56.484585,47.025002
162.848637,219.851940,56.610634,47.032188
159.275236,224.387495,56.879536,47.354725
156.855236,226.660456,56.386086,47.662533
155.520348,228.406937,56.142136,48.011826
153.904205,230.018419,56.558624,49.174755
149.650284,231.519520,57.665588,49.861488
144.803240,231.622116,57.454891,48.786728
141.942451,229.697172,57.735977,48.481098
139.722446,230.181145,58.496941,48.570099
133.519096,230.527363,58.617096,47.434059
129.756878,226.915419,58.852715,47.737385
131.305065,219.222782,57.102196,47.401100
132.905275,213.123135,57.963665,47.079567
134.107595,205.555206,59.184086,47.756821
136.999249,201.575794,58.944084,48.064308
137.394674,199.532896,59.437962,50.124317
138.692596,201.214575,57.760483,48.829990
145.347589,203.866714,57.944027,50.519485
150.513645,211.384872,59.673012,49.950699
151.885010,216.041954,59.918564,49.698334
155.918457,220.521320,59.722610,49.649666
158.187899,224.318716,59.587933,49.814518
155.667229,229.752197,60.606262,49.911270
153.725304,238.535809,58.366730,48.428551
147.923517,246.901398,60.223446,48.130722
138.191177,257.111021,58.190353,45.551624
127.426968,262.084864,58.171822,42.215664
118.742632,264.982517,57.837521,41.912758
110.851484,271.437012,59.537663,40.714035
99.088684,277.802134,65.915054,47.976376
88.097847,280.220566,72.716187,53.500534
90.069639,293.961018,62.533436,43.351967
87.991432,303.310417,59.953476,39.617523
83.546980,310.278755,61.047657,40.695160
84.856775,310.537130,60.837887,41.954319
90.415731,308.065479,62.704563,41.091759
96.134626,305.969805,61.659718,39.636501
97.040985,306.780052,60.149399,38.032150
96.571636,303.138371,61.382210,39.620171
99.650173,298.242390,61.551094,40.136543
102.257151,294.622177,62.550106,40.444504
103.595274,296.363491,62.085773,39.521400
99.817482,298.649960,63.778412,39.699455
97.345440,298.690847,63.566597,39.631977
90.815491,295.572720,65.320938,40.105797
88.923553,293.027592,66.439468,39.532539
88.282814,291.985416,66.926849,39.380821
88.253719,292.616079,68.440483,40.052387
88.629173,291.904018,66.179901,39.090431
88.034176,291.326376,66.628746,39.621052
86.798233,290.014168,67.668381,39.863693
87.866543,289.597607,68.455925,40.100777
90.228996,287.449194,65.280853,40.778950
89.391243,285.807049,66.566528,40.342094
89.488613,282.744289,65.928734,41.009972
90.340439,279.497042,70.651443,41.642666
88.436165,276.032072,70.186615,42.455235
88.962643,274.273802,72.347618,42.547611
87.388760,273.152216,69.518303,42.045452
86.304718,271.975500,70.051254,42.583668
88.466694,269.670612,70.378883,43.138268
90.480072,268.152256,67.862808,42.993156
88.672436,263.555182,70.389549,42.733723
90.493538,259.269400,70.756012,42.585255
93.853821,255.403700,68.137558,42.977482
97.353615,252.279242,69.363464,42.305195
95.456310,244.822697,68.883354,42.578300
96.663982,237.276537,69.260521,42.326000
98.000622,230.234858,70.080528,42.383755
97.243763,223.846411,71.456001,42.063236
97.319263,218.686455,70.943214,43.186157
96.948708,213.625496,70.596558,42.588715
97.853142,210.057749,67.814514,43.141933
98.962875,206.340359,67.387039,43.161736
99.576691,206.135515,67.760574,43.313335
102.181881,208.967184,66.623009,41.334934
104.678612,210.689348,66.290955,39.682507
106.781353,210.248989,66.595055,38.894676
108.404850,207.939051,64.884773,39.402660
111.643639,204.311975,65.929565,39.873165
112.746147,202.685400,64.223633,39.118351
112.794758,201.570759,63.812233,38.958412
111.758848,201.084471,63.238422,37.906330
111.866554,198.477041,62.765228,38.812534
111.132835,198.797211,62.914230,38.303802
110.110434,199.069328,63.077427,39.053177
108.931414,199.539490,63.255703,38.837540
107.909920,199.300035,62.003571,38.015102
105.948978,199.600840,62.524376,38.210522
104.050220,200.025824,62.224007,38.192921
102.643829,199.426687,62.682739,37.680866
99.892273,199.059460,62.575516,38.477837
98.502087,200.057060,62.978386,38.471878
102.158083,198.211592,61.842525,37.957310
99.905027,197.163288,62.845478,37.575737
98.414568,198.147423,63.147640,38.154037
98.046520,196.832800,64.095970,37.748569
96.843796,193.387064,67.523590,37.733578
96.459167,190.280676,66.131073,38.038868
97.749866,188.718542,68.191292,38.213047
95.978928,188.555902,68.888412,37.726131
93.131870,189.213726,69.939400,38.707573
91.622940,187.212814,68.678177,39.740982
90.322933,184.866386,69.036003,41.630280
87.809399,183.042076,68.548271,44.023468
80.766655,178.962847,71.092010,45.572491
78.263668,175.206165,69.930840,46.892494
79.500965,170.168938,67.313911,49.759949
77.778141,168.189930,68.789955,51.029915
75.259144,169.480057,67.186745,50.814499
75.198841,170.156528,67.011604,51.471870
76.433090,171.237268,66.820450,51.867123
78.377563,176.137455,66.096298,52.748787
77.571259,177.854517,68.057205,51.717007
78.916954,176.909464,68.087982,52.892391
86.661686,179.477295,68.118324,54.968338
93.750351,183.576159,69.295486,55.092083
101.823662,189.141226,68.438171,54.966740
102.251701,193.395947,67.763367,55.570549
102.078304,195.838726,69.960747,55.494987
104.013344,196.945570,70.132568,55.390797
102.635303,196.325895,70.941475,57.165363
99.351681,196.934887,72.234978,57.090691
97.481716,193.204760,72.363335,58.164318
94.287872,188.243202,72.572769,57.807434
86.821384,185.018377,74.482094,58.671452
80.699593,181.923847,74.997803,57.438667
77.259327,178.198809,72.975166,57.114117
72.847912,176.145226,72.482872,58.186768
64.789318,177.510794,74.525902,57.231937
62.348679,176.974825,75.733109,58.043865
58.584991,177.220007,78.299362,58.233219
58.249931,177.461338,76.794434,58.397804
57.961617,176.654047,77.913635,58.859524
59.044979,176.260426,75.883110,59.030037
58.511490,177.897652,75.938583,58.835144
58.611755,179.090897,76.542831,59.418991
61.019455,183.017849,77.078140,60.906395
63.114239,188.111494,77.558983,61.012470
66.440109,192.773125,76.376785,61.648193
69.369862,198.685448,77.114082,61.407135
78.874874,206.286594,74.697685,59.993416
77.999454,215.870518,76.942940,58.642464
71.196869,222.646601,79.492203,55.357723
71.642143,222.338654,78.180511,52.062790
83.747196,219.621630,76.998573,50.450237
83.918350,223.668835,79.454422,49.697472
75.770229,230.598930,78.454491,47.758850
75.436996,233.180895,76.505051,48.212536
74.922539,233.368317,74.860474,45.037888
69.448811,230.786980,75.691719,45.608215
69.903683,226.326786,74.320793,45.050209
66.079735,222.285814,75.376282,44.524639
61.553406,219.328438,75.002975,44.589447
58.451191,215.537815,76.280006,44.777199
59.887077,214.263903,73.843842,43.947033
53.461590,212.842978,76.399620,42.928837
50.573124,211.682480,75.608223,42.336777
48.629734,210.411011,74.595192,42.135513
43.719837,206.986845,76.769936,42.631702
38.814400,204.007381,75.547150,42.166496
34.747643,198.900906,74.807068,43.721062
31.506901,194.121195,75.309669,43.299618
25.263229,190.268263,76.182846,43.459156
20.603531,188.704514,75.870621,43.696335
15.391884,186.617889,75.040924,43.428696
11.152195,185.827955,76.761086,44.047382
7.377300,186.799606,78.052940,45.167130
5.155224,187.964685,79.559807,45.254574
5.051262,189.234436,82.253326,45.161850
9.815556,192.169884,83.015236,46.188934
14.561226,195.358713,83.721375,46.007076
13.837326,195.853888,85.445114,45.072056
16.922058,197.183279,85.323929,46.895481
21.003654,199.729193,84.797607,47.141972
22.577290,202.749918,86.152412,47.300533
21.501377,208.260490,86.104713,47.896423
19.293167,210.501274,85.871017,48.316132
17.647057,211.546429,85.781891,46.887810
14.457275,209.576303,85.672256,46.145443
10.003155,204.200617,84.171654,47.113277
1.775185,197.426434,84.745544,45.463768
1.565247,187.490479,77.041245,45.843582
1.560413,182.529827,73.501442,47.496391
1.504635,180.244907,69.269371,47.108376
1.219780,177.690496,65.419617,47.049198
1.149773,174.048971,67.076447,46.625523
0.320930,172.786503,69.451233,46.868111
0.878189,174.201704,69.294022,46.820728
1.263474,174.538622,70.587814,46.905254
0.145203,177.365051,72.125534,47.638809
1.906616,180.218243,76.395676,46.570396
0.946632,182.343079,82.310455,46.590561
2.364265,186.031925,86.044983,47.073708
2.172768,190.059933,87.032776,47.212914
2.606056,193.749231,85.210754,48.441708
1.739712,196.115099,84.152855,48.308819
2.053860,197.736563,85.647820,48.165928
1.553497,198.170063,84.863113,49.674965
2.173061,198.650175,84.410789,49.309986
2.661572,198.910017,85.538536,48.453083
6.024834,198.711502,85.055603,47.431931
4.621101,198.943146,88.513580,48.565567
7.069809,198.781237,86.116013,48.135509
8.696705,196.811289,88.207130,48.836178
15.180359,193.175863,84.941696,50.557346
11.156067,191.677074,88.894974,51.023491
13.969173,188.726215,91.509056,50.930061
20.195881,187.151224,90.046516,52.183987
23.777554,185.686287,91.130272,52.577942
29.788376,185.049889,93.092941,53.584747
37.336433,184.519621,91.986206,53.727558
42.219082,187.040756,91.354424,53.401382
43.903912,186.497602,93.365501,54.422993
45.781601,189.048994,93.091141,52.780170
46.835381,190.688707,92.465790,52.128643
48.980793,192.128651,91.385445,50.550301
49.329250,192.655048,91.107536,48.408943
51.665943,189.164131,91.359505,49.163483
53.207157,187.453955,89.704597,48.375645
51.953094,188.053511,91.266525,48.926716
54.718739,191.626583,86.712807,48.643517
53.624268,194.416498,90.736404,49.571011
59.087753,196.525076,89.583145,49.653355
61.391212,200.033241,89.475769,50.245178
65.636147,202.764343,88.439117,51.729904
68.563137,205.316101,90.611809,52.359238
70.801849,207.800943,91.700882,54.330532
74.527210,214.238863,89.797493,53.749920
75.117680,218.615551,91.783424,55.058372
76.876587,224.759890,89.717270,57.143719
70.742962,230.791161,93.326500,55.646179
69.521149,232.752090,93.204208,54.987045
72.881985,235.824492,92.314354,53.424274
73.659569,238.522751,89.613495,54.651962
67.101055,242.927004,92.994499,54.895000
63.527748,243.050426,89.671875,53.034996
65.973732,239.688248,84.979645,53.571457
58.227661,237.105917,89.928879,55.787266
58.912674,240.697924,84.677383,51.814434
49.473682,236.259407,91.268990,53.384064
54.119595,236.122250,85.709953,53.193657
47.593971,236.351738,92.025299,53.497803
45.211151,240.532991,95.083908,53.661144
46.568588,245.420839,91.019150,53.633953
50.079872,246.906361,86.488464,53.443703
41.730759,245.156649,95.983597,52.461254
46.428810,244.117645,91.575348,53.691422
35.197796,246.240976,100.830772,54.828640
31.274590,246.876795,100.297699,54.863155
29.712093,246.704220,100.790215,52.593925
26.906822,242.855953,102.893127,52.658989
26.491329,237.018915,101.601799,53.159786
30.594826,229.644779,97.044434,53.629646
22.643787,218.699625,99.834816,57.972591
24.835987,207.227320,96.282387,61.314541
28.364330,199.399147,94.563530,63.059814
31.209633,192.645821,91.117523,65.281525
28.557400,187.706551,92.242821,67.718018
28.905197,181.656025,92.052536,68.245125
41.240509,176.629276,82.012192,68.731270
33.986202,171.357113,90.462120,69.674858
32.027454,166.499996,92.425545,70.523735
32.797901,162.885208,92.445778,71.081131
31.201504,163.659882,93.277458,70.048019
30.612816,163.395409,92.419373,70.476227
28.356823,162.565323,90.939415,71.036423
25.124657,162.844368,90.086578,71.355682
19.428082,161.567211,91.674736,70.156029
13.867058,162.201824,94.554535,68.953026
10.938915,163.026222,93.161827,67.377350
3.900440,165.223389,94.655190,65.334641
1.562733,166.316259,91.156044,63.277805
1.406227,168.863384,87.836548,61.664116
1.474476,170.166254,84.402657,61.212917
0.615726,170.212139,80.759804,61.140099
0.585629,173.020142,78.795860,58.963242
1.014904,177.851658,78.371758,57.098732
0.369347,182.603191,76.504974,57.178764
0.861412,183.931110,75.197357,57.157234
1.173515,185.722918,72.245300,57.020489
0.000000,186.980673,69.276928,55.352573
0.000000,188.305803,66.944071,55.569195
0.000000,189.845518,64.171990,53.697803
0.000000,191.613104,61.345738,52.340122
0.000000,190.866209,59.301457,52.925556
0.000000,191.041283,55.638685,54.500916
0.000000,191.906443,52.370320,54.280331
0.000000,189.847895,50.690184,54.038967
0.000000,189.191973,49.365184,52.632092
0.000000,188.536686,47.932701,53.675865
0.000000,189.151991,46.029611,53.608936
0.000000,188.817284,43.388923,53.335297
0.000000,188.249741,42.836917,53.547012
0.000000,189.148748,43.130001,54.617802
0.000000,189.172848,42.319097,53.408897
0.000000,188.885944,42.798566,53.492943
0.000000,188.198399,44.294466,53.350182
0.000000,188.782688,43.480184,54.221703
0.000000,189.611254,44.160636,54.254208
0.000000,189.982288,45.642556,53.083000
0.000000,189.598871,49.651971,53.363354
0.000000,188.951099,50.858126,53.388023
0.000000,188.062195,53.192916,53.402100
0.151947,187.058273,56.883865,52.943512
0.323373,185.452234,60.956936,53.196026
0.489399,183.439344,67.208412,54.158817
0.809192,182.875404,72.126106,55.118240
0.934257,182.687061,74.872192,56.187004
0.679031,182.712788,78.527695,57.622002
1.617099,182.489468,79.707710,58.874580
1.481643,180.914783,79.371078,59.884056
0.853012,176.244467,78.676559,62.819080
0.430595,168.636311,77.379364,67.598625
0.506065,161.695236,74.127960,72.069153
0.000000,154.864357,70.106620,75.391190
0.000000,148.944416,68.871803,78.148949
0.000000,141.630802,67.375557,81.472008
0.000000,131.011665,66.020252,89.613785
0.000000,121.411968,62.432161,97.516426
0.000000,109.662468,60.248151,106.994553
0.000000,98.452454,57.905900,119.315765
0.000000,94.534809,54.014727,122.348167
0.000000,96.920578,52.379771,118.207825
0.000000,104.193867,53.575515,110.465996
0.000000,112.270958,54.236473,104.299423
0.000000,122.018040,59.544821,96.689384
0.000000,136.642300,64.422381,85.785835
0.000000,155.861553,66.885786,72.110237
0.149535,155.132507,63.187180,78.024719
0.000000,156.592945,58.550565,78.901695
0.000000,156.040779,60.837923,81.399307
0.000000,162.020210,58.018851,82.828506
0.000000,168.974995,52.311479,79.452354
0.000000,174.430500,49.463332,72.540306
0.000000,177.994984,46.379262,72.011589
0.000000,179.187130,44.332148,63.561531
0.000000,176.308784,45.134427,60.846634
0.000000,163.474602,46.647454,68.410049
0.000000,154.329098,46.097851,70.542336
0.000000,149.740692,45.924038,72.226746
0.000000,142.878269,49.240276,79.804802
0.000000,136.442520,54.817236,79.733826
0.000000,136.632893,60.074464,83.503563
0.000000,134.652088,65.993191,84.216850
0.000000,131.856541,72.611635,85.454185
1.090387,127.931160,76.125229,84.264999
1.129274,126.126381,80.828278,83.709366
0.040731,126.506538,84.599480,81.837082
0.366361,127.434978,86.869057,81.632362
0.403966,126.478947,87.215172,80.747673
0.103490,126.368988,87.655266,79.523285
0.002782,125.467030,86.021080,78.840172
1.319089,122.734547,86.547188,78.925438
0.171918,125.521961,88.930275,79.564171
0.883367,130.106205,88.111717,76.515800
2.283696,132.793758,88.212425,73.775948
4.763368,134.291504,89.499329,69.377319
12.083017,139.585030,85.464340,66.698380
11.424169,147.251072,89.423607,66.737328
7.931317,150.987198,97.808022,66.094299
15.604608,150.433495,95.555710,66.425674
18.983537,156.660717,94.695862,67.285561
24.396203,164.769608,92.123154,66.276733
27.597020,172.509380,89.470055,65.558540
31.629720,179.524517,87.010002,62.274391
38.367028,184.509726,81.015121,60.327351
43.296979,190.415094,77.137611,57.702343
45.336309,194.787670,74.949883,56.441841
48.178193,192.610584,75.794647,55.376854
51.096067,189.172827,73.115852,55.555531
53.000676,187.714146,71.203239,57.227654
56.002858,184.650137,70.145927,57.891468
62.297486,176.801888,69.971375,63.186142
66.016347,173.026791,71.405815,68.152626
70.733255,173.367844,72.224838,67.267578
78.080983,171.535618,73.925438,68.886497
83.372075,172.038132,75.632866,70.586426
90.774247,172.120323,76.555969,72.508713
99.093667,174.117451,77.180954,72.748375
106.880204,177.103718,76.997559,72.217064
114.410623,176.646748,78.790421,70.886894
123.615014,177.936005,78.593887,69.254120
132.268926,179.274464,76.852898,67.855888
139.718934,180.778732,74.576385,67.176025
145.037698,183.483753,76.084793,65.075401
148.616296,184.491396,75.861832,61.210995
148.310792,181.433556,74.578461,62.380753
148.485025,179.314928,73.387375,61.255550
153.507245,179.355160,69.764107,57.126503
154.389619,180.653275,68.429901,52.302002
152.691331,182.004002,69.338440,54.700798
152.878266,184.294903,69.927521,58.738380
154.293603,186.548870,69.668991,60.115669
153.040330,188.606831,71.796692,63.136894
151.580724,191.123787,74.945366,66.267197
151.032575,190.812477,78.465614,72.289413
152.074140,191.312443,79.339119,78.465172
153.878606,192.684021,80.278984,82.625183
154.025785,197.165493,82.268440,82.875801
154.181043,203.661674,82.926064,79.068497
158.116185,204.228615,82.281700,79.136307
158.636308,207.451927,84.362274,77.472336
159.560643,216.227837,82.002861,71.907944
161.594293,216.010506,79.057266,72.858871
168.024781,214.358124,74.490845,77.581512
171.096498,213.534664,71.708954,80.340767
174.883256,218.908756,69.752960,79.317863
177.849881,221.780811,69.180489,77.312706
180.189275,224.916252,66.986412,74.976395
181.937280,222.044369,66.788193,74.245003
181.787553,219.536304,66.968536,74.346703
181.251683,221.795467,66.915245,69.933388
181.888730,224.476460,66.822792,65.614983
181.428384,225.919645,66.277298,62.955418
182.460908,222.736980,65.030945,64.517403
183.363481,220.719509,64.357178,67.986641
182.909658,219.663696,65.850182,86.685120
183.336606,220.375496,66.651619,87.310165
183.629018,219.545200,68.925316,86.918510
184.815179,213.103569,69.306412,89.573105
184.490682,210.210327,69.591209,90.024628
182.777063,207.154270,70.826401,93.349632
182.144452,206.169491,70.348457,94.595497
182.338212,205.513836,70.199829,95.326851
180.949163,204.493736,72.109337,95.433151
179.715325,203.324547,71.341415,94.754257
180.548146,202.886448,68.840508,93.721764
179.784753,202.042858,68.103317,93.039925
179.961423,201.644695,67.335884,91.661995
178.853524,200.854671,66.554977,90.858803
177.760514,201.690346,65.984161,90.777084
177.216771,203.253033,64.177910,90.936531
175.927726,204.149456,63.604053,90.626228
172.614453,206.558426,62.905037,88.581635
170.221849,206.862846,63.883881,86.408401
168.037183,207.432182,63.752724,87.342728
165.048726,209.337776,63.352867,86.044937
163.673024,210.287918,62.216881,84.279266
163.416482,210.067745,61.057114,85.211555
161.575215,212.934269,62.283897,84.655144
159.433604,215.281433,61.518597,81.974365
158.993199,217.048088,61.441673,80.299423
157.223634,221.407944,62.319763,78.334778
157.235604,225.208733,61.675278,74.543045
154.477327,230.747608,62.403351,71.284630
152.577865,234.213120,61.906498,69.235168
150.026754,234.761627,61.409508,69.442200
148.415603,235.802605,62.123661,68.863541
144.429702,236.713039,62.251713,69.385536
138.299199,238.322109,63.249931,69.049812
128.633237,240.987045,65.553230,68.872467
118.849641,242.498890,65.742340,68.792015
113.433454,241.775478,65.859749,69.158302
107.410966,241.829281,65.870880,69.053902
102.659566,242.291897,66.528679,66.431252
98.610009,240.101742,67.187881,66.999245
96.154580,241.551537,67.564529,64.257370
94.318689,241.086067,67.827744,65.389664
91.245046,240.926971,68.386253,64.848236
88.843770,240.663914,68.193504,64.579460
86.728799,241.177334,68.525070,64.210030
85.577062,241.054214,67.284447,65.880432
82.453355,240.527596,67.244385,66.473862
80.000791,238.552128,67.054054,64.811119
79.217889,236.856371,67.110703,63.118618
77.649144,233.900948,68.876335,64.174789
74.593942,229.819870,71.815353,67.622711
71.877889,232.834002,73.397972,61.526943
67.925859,228.307693,75.671173,65.200134
63.386315,228.197176,76.854752,62.529263
60.605390,227.981678,79.623146,62.631371
56.680856,226.544962,82.643906,61.267620
52.035443,225.425453,85.380775,62.185715
48.014833,223.918945,89.163818,62.431641
45.653955,224.044426,89.557358,59.967850
42.394845,220.413898,91.138870,62.011192
39.783616,221.703840,92.601501,60.069950
37.030877,219.503973,92.682938,60.700428
35.175950,219.225435,92.063049,59.957882
34.412244,220.324594,88.042336,58.763653
31.759503,218.211889,92.355659,61.623920
28.622960,217.428518,100.125572,63.880482
27.481660,219.924044,94.607727,60.360043
25.711419,220.096037,94.690689,60.444950
24.583089,219.706373,95.678093,59.705357
23.333810,219.912390,99.862686,59.627705
23.221826,220.362503,97.804642,61.452484
23.239144,222.273537,98.414108,60.706924
24.568215,223.979160,93.452103,59.602806
25.199926,224.102499,99.866417,60.533833
25.133870,222.432842,103.500267,61.454811
29.015584,222.536903,101.106682,61.915726
28.839997,223.760426,110.984955,63.859673
28.132444,226.800556,104.192024,62.694725
31.133992,214.561234,109.277641,71.089203
32.702359,205.120808,111.422218,81.680534
34.197946,193.955299,113.638199,93.048782
35.494485,181.858524,119.298965,106.322166
37.346292,175.737255,128.258316,113.140694
41.371957,171.048233,137.275223,115.577576
43.050073,163.975357,144.382126,123.356934
39.051232,159.171638,151.167709,130.716446
40.871774,142.793411,152.112381,144.619873
37.416261,138.715424,157.103485,151.532318
28.674348,134.897095,168.342499,168.742401
43.283120,174.278488,122.117020,117.044495
45.357335,218.661850,118.621727,75.731750
48.958341,194.187813,115.837288,97.511459
48.425393,199.277348,136.799362,98.998405
64.090058,217.029839,107.701904,73.347977
66.489877,216.732002,107.304550,69.278885
71.017400,213.985481,107.742851,71.966904
80.934377,216.699760,106.774620,68.668015
79.206445,209.321709,103.209946,72.514023
80.108247,213.910381,102.147430,64.771095
78.546353,209.689606,110.933296,66.308777
78.747377,208.880482,110.125977,67.168053
81.286649,214.626549,106.396370,62.970688
82.436509,215.189785,97.485443,63.163399
81.183030,210.306694,108.733521,66.367050
82.592244,213.184082,106.452629,62.094910
78.384828,210.078527,110.657135,63.886097
72.030492,205.558868,116.970329,67.055786
67.136136,204.416050,121.890236,69.465538
61.465730,206.406738,128.909576,67.859650
58.256120,206.131397,133.125824,65.628716
60.304032,204.944294,131.658386,64.563957
58.352090,202.066757,133.687576,67.195557
60.895242,201.005402,131.721390,67.466675
60.555589,199.260170,132.878326,67.328598
62.695832,198.938244,131.805206,68.382973
62.055429,198.379093,131.735092,69.155083
62.601228,198.243004,132.842743,67.186325
65.062616,197.883881,130.342850,69.345764
67.561959,197.165180,129.365158,66.697990
68.943845,197.101772,127.897682,66.906471
69.334138,197.346752,126.905701,66.084389
69.829568,197.558853,125.188553,65.502899
71.325185,196.361309,124.682182,66.581398
73.405202,196.464626,123.807640,66.613441
74.932675,196.958256,126.318764,66.173363
77.413545,196.476707,123.241638,67.343369
77.443357,195.747089,120.071541,68.360771
79.600415,195.841011,117.754128,70.062271
80.171285,195.750355,112.256889,68.974785
81.923970,194.981899,114.543846,69.793861
84.699395,194.555321,112.914108,69.622116
90.754617,195.130497,113.604080,69.896935
90.659242,193.730461,112.699036,72.956985
93.870874,193.412434,112.600540,75.565483
92.881879,196.003029,117.361000,75.743607
95.060228,193.886517,110.306854,77.568367
94.502278,196.608704,112.232536,76.427551
94.508382,197.402145,104.532219,75.774017
92.007550,198.927441,115.896309,72.933907
94.072045,198.201145,111.048294,74.303642
92.947057,199.335670,108.058037,72.939346
91.143685,199.484982,106.203049,72.278175
90.713761,195.663689,102.646271,73.924026
90.458226,192.823025,98.607384,76.458473
89.476941,192.972290,96.556007,76.820679
88.262307,194.055523,95.822983,77.500221
86.925565,195.694851,94.239601,73.930946
86.124288,195.341270,92.411278,72.734299
83.842065,195.826790,91.630447,72.446762
81.491250,196.282093,89.189102,73.972191
79.268094,195.677105,89.060371,73.605415
78.845830,195.867989,90.028587,72.290878
77.338937,195.856331,88.393753,71.090744
76.837392,195.922592,87.492302,69.673492
70.745328,195.237114,92.369820,70.850174
64.751317,193.173069,98.088371,70.140038
58.101384,192.703918,103.019432,72.755737
53.881604,191.690800,104.642616,69.666405
47.923654,192.534748,107.950394,71.337914
46.931375,190.297432,106.492783,69.467148
44.945588,189.470901,102.905884,67.038391
42.570108,188.553188,102.746109,64.673531
39.415334,188.065346,103.146385,63.830826
40.427381,189.330528,99.383522,62.349442
39.189443,187.881088,99.444359,63.279877
40.337102,186.537678,96.164696,64.027122
41.341962,184.837337,93.472847,66.967293
41.205903,181.434448,93.284698,70.798920
39.362352,178.329208,93.746704,71.311401
38.644059,176.232113,92.499573,71.718056
40.163369,173.835472,90.040421,71.778915
40.342404,171.945251,90.228859,74.840393
39.790925,173.308170,81.508881,71.049065
37.931203,168.865364,85.189140,77.277512
37.748002,162.612343,84.417450,82.184006
36.177461,161.898540,86.098572,83.770576
33.175408,159.559250,87.145615,85.289368
31.755212,157.989674,86.437698,86.982658
31.123998,155.826229,84.057152,89.272438
28.940313,152.424850,82.971825,92.520325
26.171201,150.783745,79.939156,92.718552
22.790162,149.240391,80.466156,93.905266
18.037652,151.503807,76.481064,90.369705
16.353295,151.929245,78.337143,86.659485
13.184320,156.346455,76.748032,85.021172
9.998223,159.283001,75.201645,83.740578
7.249898,161.730164,72.106255,81.776917
1.625276,162.559822,70.951324,78.744583
0.622213,161.515598,68.874229,74.259422
0.310413,157.422462,63.207363,74.881973
0.000000,154.412640,57.971221,78.119057
0.000000,150.320450,54.154312,77.694305
0.000000,145.491997,49.994282,78.265671
0.144268,141.227470,51.147671,76.424850
0.147844,136.415752,50.577530,77.104836
0.106743,135.005959,50.568851,74.172531
0.058813,130.026295,50.583687,74.796867
0.566370,129.615170,49.672577,73.719490
0.000000,125.380421,49.536430,72.773796
0.293808,126.965729,48.233391,71.786896
0.000000,127.611462,47.889978,71.139351
0.000000,127.244526,47.119410,68.970207
0.000000,128.224739,47.557634,64.406601
0.000000,128.272156,48.579652,65.629150
0.000000,126.457851,51.381056,69.053413
0.000000,122.732292,51.620151,71.189133
0.000000,120.887768,52.750658,74.127296
0.000000,114.961994,54.338074,80.344109
0.000000,107.982338,54.763756,86.764359
0.000000,108.943073,61.510824,89.242546
0.000000,113.242279,60.822618,81.542053
0.000000,121.225426,62.487252,74.195480
0.000000,124.244373,64.220516,70.621880
0.000000,124.382832,61.335186,72.358513
0.000000,124.803539,58.023518,76.291420
0.000000,124.245350,54.333517,81.810600
0.000000,122.470913,52.661307,84.858223
0.000000,124.449120,50.771259,83.153275
0.000000,114.174332,49.112360,93.109497
0.000000,111.834785,50.088937,97.936081
0.000000,114.509109,50.992825,96.313721
0.551020,119.235271,51.075417,95.911995
0.000000,124.441509,53.214396,92.218300
0.000000,124.784302,53.912477,91.935059
0.000000,125.660416,52.594058,90.175293
0.000000,129.726704,50.675973,84.774498
0.000000,135.015541,52.587485,85.562668
0.000000,145.692268,56.176708,77.146652
0.116554,152.262989,59.538967,70.323143
1.953031,154.448460,60.850021,71.309380
4.417011,157.133484,61.569584,69.460175
7.424015,159.257397,60.576481,68.686867
10.758222,160.723366,60.805954,71.947250
13.256065,162.496376,61.190578,69.941330
18.105770,163.372059,60.918262,70.226341
22.788822,163.427639,60.195042,68.593117
26.398901,164.522251,59.183777,69.596611
30.826906,165.302742,58.579872,69.919479
33.851204,166.790287,57.677670,69.249077
36.534631,167.077614,56.411888,68.329361
40.968366,165.467770,55.843979,68.061073
45.346937,165.875561,55.539658,65.546028
48.314485,166.117649,55.654549,65.475212
52.924057,165.685394,55.407604,66.851440
56.589748,166.389004,56.095020,66.107582
59.010927,168.379520,57.263100,65.475395
62.324487,168.885262,57.466789,66.234573
65.723344,170.508129,57.229652,65.820839
69.554639,172.831409,56.988022,65.928795
72.419632,171.052254,56.949291,70.438644
77.928095,171.650791,57.512749,68.772881
79.388515,174.063805,59.186237,67.497421
80.077879,175.411396,61.952682,67.089531
78.850012,176.382912,65.019501,68.288101
80.204557,176.906494,66.516006,67.988251
81.089445,178.467896,68.051895,66.802704
80.634752,177.644871,71.049141,67.402489
77.005197,176.277519,77.978539,69.979385
73.568407,174.797810,88.641701,71.562401
71.217035,171.142269,95.162041,73.859871
72.177725,165.662888,95.239105,76.334930
74.023489,159.690487,95.319336,82.080513
76.092786,151.833218,102.026688,88.187538
76.728807,147.289333,108.296913,94.256416
76.895830,142.876457,109.704567,100.254776
71.184728,139.419670,117.007568,102.636551
71.725664,137.448902,119.024147,105.798973
75.981130,135.584881,119.246857,108.034950
69.415533,135.481247,132.261169,106.606354
74.888418,134.891582,138.333221,109.965614
69.432676,131.251503,153.641617,114.327316
57.182279,121.511585,173.476578,126.519798
39.547620,113.076286,197.300888,133.067581
30.437673,101.862358,211.026337,145.638077
24.605787,96.696030,218.065964,152.382538
14.115469,98.861786,233.050262,150.073425
8.119093,105.807587,240.372482,143.527100
24.993589,114.090439,217.837845,137.860260
48.654394,118.342941,178.778625,132.938507
74.091253,121.897079,138.907776,134.516510
83.976473,131.816227,117.633736,125.382866
84.083501,141.676937,104.185852,116.037178
87.276491,151.658417,101.887642,110.358398
88.772958,172.324970,104.474358,94.887962
91.107416,182.426811,103.405663,84.853561
90.338125,172.847710,105.047211,97.493637
94.006002,190.124149,94.289246,81.354088
95.003076,174.630722,89.991844,97.962921
94.291872,178.855824,77.594093,95.990135
99.157716,183.197754,82.652016,91.155579
98.758501,175.307781,79.974220,100.852455
102.691820,179.119698,80.152199,101.062668
103.708707,185.044125,76.981369,95.836159
104.470831,191.015335,78.395111,90.535065
105.019819,199.342258,78.210770,83.680595
104.338396,206.824947,77.885750,79.574226
103.617563,213.533810,77.163780,74.032570
104.065923,213.399220,76.535828,73.455437
104.406210,214.155396,75.266907,71.872131
104.866575,214.006802,75.887283,75.356911
105.934904,214.450302,75.721115,76.057526
105.457521,213.939457,76.540504,77.174431
105.990366,212.866344,76.945763,78.058144
105.943178,212.191685,76.251930,73.761284
104.993478,211.924744,75.798698,70.861389
105.141618,212.684574,75.774208,70.085899
103.931413,213.837864,75.300148,68.661125
103.230943,213.851124,75.260902,68.828117
103.816217,215.518852,72.929314,70.132980
101.937933,216.748055,72.325714,70.506668
102.505766,216.677341,72.187820,68.565758
102.156072,216.986397,71.249664,68.633438
101.762758,218.089375,67.752876,68.767448
102.798235,219.621994,65.556557,68.878326
103.229026,221.533691,63.474667,71.042236
104.076292,223.165104,61.613113,68.787712
105.118049,223.219116,61.850765,67.781158
103.879099,223.683514,63.274284,67.889412
104.283504,222.965656,63.755573,67.015282
106.424946,221.313416,63.013706,68.157318
109.184154,220.933048,62.174854,67.944206
109.340566,220.678825,62.336304,67.441147
110.032377,220.403034,62.983688,68.574516
110.920507,221.057045,63.288361,71.481216
111.626363,224.060711,63.943695,67.177803
110.095636,224.956329,65.533165,69.537354
110.126604,225.174812,67.215340,70.201401
110.058466,224.719231,68.595726,69.410446
111.371977,223.338013,69.038162,69.189178
112.230753,220.542011,68.445488,70.285423
113.214372,220.125629,69.832161,69.375084
113.953619,219.856968,70.737762,71.881187
114.635317,221.311012,71.428780,70.653519
116.854559,220.254448,73.936554,71.738510
117.039102,217.219257,75.524437,74.426781
116.027033,215.829556,80.486198,77.526131
113.510328,213.063763,84.670609,81.122108
111.813745,210.688332,95.259789,84.744888
111.560415,202.028252,101.590118,93.180832
111.561426,188.806717,111.229698,106.811401
111.615957,172.337917,123.370697,124.130287
114.311208,165.963226,133.032928,130.727386
116.740453,163.838875,140.658264,134.765091
120.991224,159.566490,136.590195,140.200729
124.462545,158.164345,130.389862,141.495560
127.007909,158.892502,126.845093,141.271057
135.150571,149.842865,121.024857,147.619293
135.243585,145.979950,125.146324,150.933441
137.651266,142.300529,128.826691,153.480392
139.372568,141.203407,125.405327,154.530472
143.099683,143.694214,133.663376,151.759674
144.101118,142.467537,137.640305,153.394180
145.573637,148.562584,142.127945,149.756760
142.401487,160.776024,155.464371,138.297104
141.384573,170.431187,167.712250,126.377159
141.975797,179.168770,170.076920,114.549759
143.164037,185.844559,166.255310,107.720398
142.677206,200.950188,162.636688,93.168991
141.555853,203.981213,163.335571,89.955025
144.874044,203.519775,153.552948,88.137054
146.588300,200.868416,133.815659,91.860977
144.553022,196.428650,126.042160,99.550385
148.480653,195.046848,109.053413,100.028221
149.138780,197.021339,95.368019,99.682083
149.554269,198.164215,91.993095,97.586304
152.630010,199.134571,87.074707,99.384575
157.682790,200.118587,79.872711,99.178780
155.598722,202.537735,86.645950,96.566803
156.464166,202.222385,84.230553,96.679649
154.831892,197.699039,85.319443,102.278801
155.658121,198.303288,89.173393,101.337425
153.955461,213.761902,92.556129,86.260620
153.842786,205.831203,90.014389,95.016670
154.999815,213.201607,92.960617,90.775345
152.832323,217.086407,96.290169,85.794930
152.709970,227.712475,97.389061,77.919685
151.889982,226.998428,95.181473,79.597382
151.600137,231.028961,98.973015,76.350372
151.176443,235.053249,99.624664,73.324043
151.576994,237.801888,98.504868,70.557663
152.536653,239.154678,93.745094,70.139435
154.899423,244.271271,99.040001,67.769043
155.898561,245.531837,94.524513,67.755508
155.119844,248.618889,96.443367,65.963699
155.512403,249.630287,90.671921,63.104965
155.342428,249.794281,96.075134,64.608673
154.987352,249.612928,87.651253,63.910282
153.972383,249.683483,95.696815,62.530312
153.215219,251.075954,96.520500,64.262520
153.309923,251.586098,97.051247,62.846115
151.694242,251.613684,97.816757,62.479084
150.989240,251.807501,96.838089,63.108936
149.745878,250.538713,98.192123,61.802883
148.911962,249.907639,98.819641,62.441467
147.107603,246.563704,100.641769,63.267063
147.886900,244.747677,98.321671,66.985817
148.096052,243.384022,95.573044,72.230888
148.600320,243.530540,92.520134,74.038162
149.461877,240.726109,90.222130,75.719688
148.511438,238.076904,88.172234,77.508698
147.808553,234.073452,88.913116,79.630165
147.233946,233.470688,92.173508,78.877960
143.090547,229.220604,97.023018,81.823105
137.625055,219.243671,108.054192,91.871544
133.277887,208.505932,123.723228,102.533791
127.976820,193.501514,136.067673,115.879051
123.124441,179.769150,136.695892,129.651520
118.970693,176.083565,143.509613,132.058090
116.578321,178.402084,147.680954,129.737701
112.933553,175.078064,154.033234,137.160828
113.613752,176.207817,145.518967,135.253922
113.313306,178.869125,137.433151,130.891876
109.943212,182.861153,128.744568,127.492844
109.198560,196.154987,119.416000,113.979027
107.923753,202.085266,118.402504,109.457214
106.637300,216.049404,121.202156,102.074409
122.188863,208.098442,107.731476,114.233597
107.215696,235.007412,122.473343,89.114265
108.839998,221.801094,121.928291,104.300156
110.171522,227.128124,121.373093,99.490334
114.254678,230.438862,113.497551,95.358116
114.328474,229.286308,116.941940,95.004837
116.699655,225.963943,123.142876,96.520844
118.442651,225.548698,125.822594,97.621780
122.604864,226.065876,123.183716,95.341026
124.030878,230.256031,124.106834,91.474327
120.243150,237.237244,126.689796,86.771362
123.427580,242.484451,124.838943,80.424164
120.387739,248.439018,127.435837,74.267014
115.402357,254.049847,128.459366,68.782265
119.747823,259.099281,123.849548,64.172501
118.388372,260.739887,121.213226,62.797600
120.952646,261.629335,123.251183,61.094936
119.225847,262.221262,124.678719,60.625286
121.271127,263.310982,121.325249,60.251541
122.301885,265.161526,121.810272,59.807686
125.365328,265.461798,118.905891,58.129292
127.502283,264.655327,116.010887,58.357834
135.210970,264.504860,106.773048,58.105606
130.495119,264.720385,110.735085,57.820614
135.396711,266.804804,107.311020,56.305035
134.065572,267.452866,107.151398,56.307983
135.259782,266.457493,104.801582,56.794182
134.902795,265.683680,105.803978,57.295605
135.114935,266.180040,104.626465,57.238308
134.087858,263.876385,107.645370,59.630959
132.675016,259.227345,109.993790,64.346367
131.190324,262.974655,107.204018,59.114258
132.453466,264.205286,105.998901,57.916698
131.673040,261.694817,107.352417,61.106461
130.044462,262.752857,106.287369,60.058708
130.604826,261.782003,108.167587,61.490223
128.330690,262.113552,107.628090,61.745399
126.867479,257.758751,111.565590,65.993851
128.866808,260.019814,109.091896,61.938492
129.528730,260.611904,106.591324,62.048653
129.011728,264.082005,101.920464,58.754234
127.526556,265.717466,105.390991,58.860874
126.766992,267.206263,104.758110,58.875500
124.505003,266.507530,99.871628,58.632187
126.299722,267.694807,104.215477,56.652409
124.087663,265.850122,98.985420,58.337322
125.396928,267.531046,104.996010,58.628796
125.903623,267.009222,104.883163,61.027576
125.207933,267.582966,101.503395,60.213005
127.495096,267.473217,104.590294,58.817024
123.975313,262.916828,109.078987,65.229424
129.175069,266.965723,99.265656,59.971752
129.150842,267.593632,100.458916,59.489494
131.103037,267.624189,99.957115,57.976078
132.860296,267.578016,97.364655,58.096867
134.187364,267.210352,98.182472,58.584698
135.056890,266.679668,96.160553,59.385750
135.967516,267.976206,93.801674,58.928356
136.417627,268.786835,94.407921,58.550720
137.741182,267.039385,92.623238,60.505520
138.416334,267.939833,90.691422,59.824345
139.565702,268.852476,91.173416,60.272221
138.347852,269.424995,90.461349,59.983261
138.644010,268.994764,88.815933,60.843113
137.619688,270.709337,89.068863,60.173214
136.593530,270.143410,88.949547,60.679855
135.063265,269.775951,88.715553,60.352028
133.781530,270.588888,89.287506,58.912495
132.093172,270.690325,89.241066,58.628963
129.333467,272.694223,88.729286,57.537762
129.080236,271.619646,88.985382,58.096310
127.769575,272.274900,89.453781,57.224094
126.988012,272.590395,89.065002,56.628811
125.337938,271.989700,89.045052,57.273315
123.118951,274.288010,89.471275,56.062592
121.355596,276.247641,89.406921,55.411304
118.779699,275.722595,89.492462,56.995911
115.576700,277.369137,88.101952,56.683937
111.674005,271.603712,88.649010,62.258549
109.059251,276.949379,89.183144,57.091476
107.140310,276.449059,88.342957,56.044601
105.127020,276.739027,86.578186,56.481632
101.911276,276.345264,84.767120,56.946220
101.724764,275.632328,86.193306,57.190666
99.599924,276.392159,84.697624,56.672012
99.124033,277.010082,84.378044,56.283913
97.902784,274.029926,84.555252,56.882683
95.960489,273.089891,88.159447,57.647243
96.627073,269.949694,86.451797,58.955837
96.075391,267.713928,87.065262,59.447998
95.237051,267.541359,86.796478,59.088089
95.528211,263.490597,86.264359,60.207985
95.384344,261.484987,85.383759,60.575344
94.059827,260.066383,85.478348,61.046829
92.339704,257.841703,85.799667,60.153141
91.237074,254.945852,86.627426,60.312733
87.522077,254.467804,88.333969,60.364380
86.239221,251.871872,88.713737,60.250610
83.772833,252.235764,86.423004,59.367126
82.057146,247.157938,85.616859,62.781322
80.034540,241.057690,85.563042,63.488136
78.385564,236.194683,86.647186,64.120338
75.817819,231.675205,87.759941,65.865685
74.449808,227.793552,86.553490,66.721886
72.130273,228.267776,87.460381,64.058197
71.910974,225.484520,89.391258,64.261978
70.521406,222.206554,88.605026,68.555672
69.303804,222.690441,90.698799,67.846962
69.167940,222.829750,89.988106,66.208603
67.850572,223.487926,92.825996,64.963051
68.110407,223.227139,91.834312,64.646889
69.999735,220.146912,88.961693,64.215698
71.271154,219.513622,85.508514,65.221779
71.836408,219.549347,84.085678,66.297333
70.785352,219.291145,84.037338,67.128525
68.818002,220.072773,84.259819,69.851952
68.364408,220.052067,84.556808,70.633598
68.206339,220.728985,84.528404,71.907265
70.026704,218.688282,84.093483,70.221458
69.881788,219.542702,83.808456,66.860550
71.718332,220.068180,83.999382,67.924339
73.704347,222.646637,84.282631,65.990631
76.455469,220.178444,81.931480,64.069016
71.796861,218.366713,82.013802,62.218540
73.670763,217.448347,81.760719,61.905430
75.291139,215.870924,81.069588,60.856510
75.747316,217.927031,81.149269,61.017216
70.391905,218.857782,80.207108,59.958965
68.823640,215.803421,80.875069,60.956879
72.385587,213.060135,81.000717,61.067017
74.635351,212.345194,81.282776,61.167034
73.252027,213.950068,80.715897,60.502911
73.067873,211.709818,80.385780,60.709057
74.157316,212.896500,80.502090,59.845337
72.351358,212.242897,79.198204,60.762985
72.525594,211.104073,78.763428,60.863205
72.361288,208.665686,77.889191,61.623707
71.213464,206.181114,77.190575,64.715927
71.247614,204.078293,75.510460,66.698517
71.034048,202.503887,73.706604,68.189064
71.188425,201.714054,72.778923,67.747124
69.972063,198.568325,73.146553,69.508614
70.042440,196.887775,74.437927,69.708488
69.569360,197.435242,73.842216,71.265778
69.740236,195.689152,73.160957,72.084526
69.656568,194.828224,73.820969,73.618973
69.280370,194.330902,73.150269,75.080963
69.309473,193.859730,74.073784,76.391655
68.059122,191.725662,74.186211,78.313324
67.244192,190.815662,73.839722,81.814354
66.164034,189.050556,73.182289,82.530571
67.780718,187.328922,72.199928,84.474937
66.983705,186.772484,71.917061,85.792984
66.554895,185.911621,72.206200,85.232697
66.036558,185.173073,74.859818,86.493149
64.158945,184.111797,80.287956,86.861916
60.233282,174.946373,90.225739,94.291977
56.001142,166.222095,101.783798,102.072136
56.889021,158.455730,110.869370,110.037483
64.825975,148.190712,127.010536,116.570877
64.651083,142.365402,165.516205,126.683350
62.773786,136.218239,183.909409,132.276993
60.903860,150.121048,134.234955,119.580139
55.735380,160.062252,154.863480,111.805092
53.036184,142.048508,177.678436,129.561951
46.415632,152.190540,161.260849,121.496574
48.841680,155.147560,146.200073,119.397903
67.397104,158.251106,118.806999,118.583206
66.288225,163.296608,116.201088,115.217606
66.712614,169.449371,115.747940,111.957184
67.091280,176.059261,117.168587,106.257240
70.407407,185.771107,114.865555,95.068291
71.689348,192.721882,108.361427,87.417107
72.656160,193.009628,103.681862,89.002747
74.334123,191.740253,104.698982,91.280083
76.200090,190.603539,104.592354,91.297165
77.178056,189.758087,104.279671,90.216248
79.018629,195.069035,102.467697,85.652855
80.826097,206.387688,101.733742,76.067520
77.461740,208.080963,107.976036,73.513641
80.363321,213.102715,100.953026,66.959488
79.239912,214.559830,102.024124,65.597046
79.425501,216.268581,101.127617,65.706642
78.475549,216.871422,101.879387,64.975967
78.220117,217.265263,100.384575,63.470818
80.226709,216.805864,99.846153,63.361446
79.432546,213.216068,103.754456,67.677147
79.886961,214.806971,100.645798,62.688122
80.683244,213.609760,99.614479,62.828728
80.927778,212.199106,98.649765,62.878704
80.967924,211.509689,97.427139,61.016724
77.871454,209.997143,100.716728,62.588295
78.137106,209.491760,98.591705,62.017181
78.410646,206.476948,97.460945,64.721275
78.104021,202.412270,96.320168,68.084213
78.971048,197.707069,92.356499,71.869125
79.835092,193.908096,92.925346,74.367523
78.484666,189.876934,95.648506,77.846535
78.973688,187.226440,89.120293,77.971191
80.834711,175.380459,88.920830,93.080086
76.429346,171.123024,93.300011,102.542221
75.506345,158.005566,99.271561,113.129066
73.748560,150.571957,119.614342,118.869148
71.002958,149.348873,152.938919,120.200996
72.031049,148.579914,163.153244,120.215660
73.346380,152.646740,159.414795,113.576698
73.916612,183.152504,112.436317,83.365952
69.231718,185.780895,123.037033,82.707130
69.854124,176.292557,134.791000,89.781219
64.281309,171.579121,138.536240,97.186180
63.463125,178.326691,134.129822,89.689941
60.983785,180.577175,125.902710,84.731087
62.375909,176.899067,116.937553,88.089989
60.651132,174.800297,113.507683,89.297356
58.921453,177.600273,111.406952,86.698349
56.406610,180.357880,108.643730,84.084839
51.798006,187.994255,113.977089,77.518082
43.354627,193.102337,117.763168,72.141212
40.039762,198.458153,117.091599,66.666550
35.170274,201.768784,117.371864,64.424164
29.415861,202.190590,116.815872,62.127426
20.217081,202.483845,118.410057,58.219292
14.855249,200.045042,116.150291,59.968296
11.146558,198.135233,115.275803,61.347240
7.139066,197.084915,114.056229,60.513397
3.614076,196.293037,113.199715,60.359756
1.459459,195.373354,110.809700,60.567776
0.601202,192.204664,108.262573,61.739933
1.530946,189.319374,104.082802,61.938400
0.788404,184.781464,101.450699,67.175964
0.320791,178.587887,102.846649,73.145546
0.672712,175.947819,98.175491,73.437920
1.594049,164.358040,98.548332,81.319717
2.178430,156.822426,98.079582,87.675186
2.642076,150.014366,95.914650,94.597366
3.488439,123.867695,94.367706,116.424736
11.226923,109.664261,95.649467,118.747589
1.436330,98.519760,128.385620,130.752106
0.000000,110.113956,121.350187,126.770683
0.000000,69.834488,165.421943,173.924286
265.864505,161.358025,68.698792,88.817825
265.848949,161.214146,72.266037,82.184196
262.747634,160.147648,73.887764,83.452385
266.114456,158.798496,71.232155,82.509575
264.474002,156.920025,71.933777,82.543526
267.283004,157.907120,69.889839,81.553436
264.542892,155.931702,71.086586,82.747009
264.828479,156.959824,69.570862,81.089691
263.687423,156.480915,70.429298,84.102989
266.298076,156.879040,69.114517,84.639168
267.530509,155.207504,67.942955,83.991516
267.401710,155.043907,67.976952,81.595688
269.034515,154.460091,67.786476,85.659164
271.007327,153.890556,68.199860,85.376968
271.782394,153.280430,67.513191,88.999535
270.305316,153.491070,69.332886,90.355202
271.490653,154.558212,68.172234,88.930542
270.987548,154.489185,68.710518,89.758904
271.336265,155.202637,69.133965,88.617310
272.101085,155.030273,68.385025,88.463226
271.495483,156.025860,69.365608,89.546028
271.307693,158.028011,70.304237,89.037910
273.837318,158.078876,70.401299,88.448997
268.732219,156.661304,75.561142,91.545036
272.849487,158.889091,71.121407,89.658707
276.062141,160.132710,70.329308,88.469536
271.989482,159.321232,76.320908,92.024315
277.424625,161.473797,70.458557,87.831947
276.752601,160.980766,73.372612,88.955551
277.739257,159.960552,73.837013,87.910805
277.135612,161.900150,72.416496,87.068382
277.163326,161.904961,72.700882,85.638168
272.872203,160.550770,79.174271,88.163597
273.636817,157.191330,78.404564,88.757935
269.122665,156.611347,83.369972,92.490868
279.227020,163.658134,70.738808,87.395584
281.284778,166.562298,69.072540,85.435707
280.284614,165.686516,72.392723,85.136795
283.644054,165.821358,68.198776,84.798782
278.895664,164.732571,73.655701,85.803658
282.829349,164.641853,68.971222,86.100174
280.031906,163.920265,71.699348,86.473587
281.955104,165.176392,70.342300,86.774689
283.165759,165.742882,70.243622,86.234573
285.379627,166.553631,69.325256,86.523689
285.005481,168.853832,69.647766,83.943520
286.405082,172.036400,70.584068,86.075851
287.305904,173.577744,70.063004,86.758331
288.136154,174.942493,71.029213,86.208092
289.770477,175.646271,70.286110,88.245422
291.596588,176.609577,70.035255,86.708305
291.251830,177.666698,69.603554,85.490730
292.876754,177.383202,70.785591,88.422806
292.410404,177.559788,69.636627,85.877983
295.457710,177.056011,68.536674,90.434151
297.990871,177.203735,67.669632,90.840057
299.634021,178.291985,68.117218,89.086441
301.484401,178.786747,66.770920,88.966667
302.033161,178.621567,67.912506,92.180450
301.534206,178.693913,69.069778,91.415947
293.650569,174.672680,87.372421,89.023781
304.508857,180.573608,72.192253,89.827362
293.949417,171.047363,92.717659,93.312073
295.262123,174.205505,91.140709,96.369324
272.872474,165.364437,114.889641,110.231850
120.798057,93.261930,47.140923,49.024448
124.137102,95.275238,42.750172,43.716232
125.729541,93.502319,43.766479,45.319427
127.569297,92.848742,43.747597,45.524746
129.796079,92.736063,44.141232,47.254101
131.229679,93.068689,44.212326,48.174709
132.234258,93.802502,43.865978,45.352211
134.032342,94.726780,43.271244,45.766228
136.020660,94.970549,43.006340,44.839787
136.491811,95.657742,42.642971,45.887962
137.307355,95.156740,43.532925,45.397579
138.028043,96.498083,42.935040,45.944279
139.452543,97.165283,43.448727,47.069626
141.126237,98.509035,42.517612,46.893063
142.951528,99.447870,42.641582,47.633190
144.937980,102.644201,40.967384,45.800297
146.231191,103.766682,40.565578,46.359215
148.231754,106.146317,39.214386,46.421356
150.227594,107.542355,37.693027,45.922752
151.069900,108.429552,37.313377,47.412334
153.919143,110.198645,36.626961,45.975819
156.239801,111.948915,36.170856,48.610226
158.407749,114.247009,35.837540,50.489014
159.656148,117.095232,35.916363,47.064129
161.762638,119.526445,35.756378,48.823620
163.426538,121.858040,35.903873,46.556320
165.223262,123.322330,35.721924,47.781502
166.675796,125.899364,35.760887,47.329216
168.260036,127.958765,35.731552,45.532040
169.528135,129.489548,35.867931,46.980133
171.141586,131.118187,35.693901,45.964417
172.269063,132.882893,36.007809,46.848106
173.195198,135.852552,35.789665,47.454334
174.372453,138.086229,36.143528,47.713726
175.928832,140.280790,36.064308,46.083912
175.969097,142.001921,35.014023,45.263981
176.904352,143.122585,35.357288,45.843544
176.378892,144.914091,35.000523,44.219288
178.333211,143.727951,34.819790,46.112503
178.460184,145.042206,35.434772,45.257721
178.865932,144.868773,35.360962,45.861301
179.424030,144.051247,34.755753,45.719223
181.296564,144.022284,34.965534,45.503696
182.100297,144.331711,35.027485,45.905411
183.378543,144.605818,33.951370,45.098423
183.490768,146.109968,34.478111,45.044407
183.447170,145.022820,32.181335,44.205994
183.752809,144.405422,33.506596,45.492241
183.137380,144.888359,33.608913,45.083176
184.661457,144.075163,33.506287,44.479893
184.890884,143.596924,33.067177,44.125763
185.854497,142.665602,32.807583,44.613377
187.080011,141.774815,32.894718,45.447044
186.820964,143.869743,32.037567,44.800873
186.717554,145.526224,33.362797,46.075085
187.438693,146.417465,32.548630,42.570038
186.967731,146.234343,33.506561,46.412830
186.380241,146.742596,32.502617,45.308876
186.013400,145.441063,32.982864,45.531158
186.207670,144.699682,33.810650,44.767612
186.723659,143.574514,31.909882,44.500141
187.594367,143.994991,33.138786,45.744469
187.122850,144.225058,32.089924,44.961216
187.241159,144.096052,32.505116,43.641209
185.615443,144.812027,31.956179,45.074509
184.005447,144.218866,31.467369,43.773952
182.446103,143.427195,31.851042,44.574947
182.784265,143.689192,32.870029,45.178867
182.631998,143.139357,31.350527,43.812824
182.398837,142.573381,32.668106,44.949184
180.709936,141.340633,31.085308,44.771248
178.936214,141.002335,32.907745,45.096375
178.275283,139.938211,32.276344,44.380978
179.059909,138.804277,33.550705,46.230129
178.611694,139.094971,32.201530,47.467285
177.770671,139.185467,31.584595,45.917885
177.836400,139.014450,32.399380,45.311493
178.135568,137.796309,32.222782,46.338993
177.726280,138.607718,33.331444,48.615376
178.139924,139.191490,32.150501,45.768219
177.635087,138.714180,33.140034,47.313049
177.142127,138.466452,32.279030,48.654667
177.280954,138.554995,33.060337,47.406658
177.425634,138.647875,32.556469,48.030361
177.601556,137.241253,32.900333,48.425987
177.993627,137.645325,33.297756,49.617279
177.251867,137.806087,32.995281,48.556007
177.775939,136.091837,33.939064,49.279369
177.514064,136.800749,33.580841,50.338184
177.150106,136.679411,35.013470,48.976978
176.938419,135.827177,34.220810,49.516010
177.755323,134.938213,35.244518,50.092369
177.941961,136.545156,35.384823,49.595707
178.233661,135.832302,35.886063,51.534309
178.842090,135.671593,35.731918,49.713882
178.340612,135.004494,35.794430,50.406311
177.743381,135.220175,36.144440,49.487766
177.047811,136.437763,36.329464,49.414696
178.096294,136.499523,36.759674,50.379265
178.810016,136.973248,35.255844,50.367409
178.834884,138.107643,35.988930,50.888916
180.690538,139.339882,35.894657,48.955246
181.617599,139.685762,35.789162,49.180325
183.057678,140.451366,36.328743,48.805229
185.621707,140.553061,35.881241,49.150852
187.087594,141.089041,36.385563,49.364689
188.751787,141.287312,36.239567,49.752998
190.862466,141.039978,36.010380,49.248856
192.430419,141.861933,36.173927,49.447735
192.431266,141.806379,36.760841,50.204014
194.236253,143.340181,36.800678,49.339611
194.321096,143.575573,37.479870,50.194069
194.965724,143.747194,37.344589,49.429317
197.107639,143.741299,37.592133,49.287361
198.570493,144.526886,37.599926,49.839325
199.236835,144.154135,37.297745,49.397266
200.358564,144.255896,37.424572,49.634785
202.050056,143.739313,37.313698,49.775723
202.551250,144.143255,37.280167,49.970463
203.521362,145.458731,36.950768,50.003681
204.650150,145.326176,36.723434,49.679085
205.042776,145.481892,36.390850,50.104057
205.815772,144.822311,36.363777,49.499435
207.247655,146.092543,35.947552,50.277851
207.386384,146.988079,35.672367,50.190208
208.195665,148.723339,36.050282,49.159401
208.000228,147.821381,37.094841,50.263428
207.823059,148.025356,36.878960,50.362221
207.927013,147.852907,38.000336,51.019848
207.815006,147.657284,38.405380,50.579185
205.464075,147.852556,38.884266,49.036343
206.249338,146.540148,40.357746,50.565014
206.130927,147.090603,41.312218,49.858467
205.411487,147.051294,42.471664,50.664211
204.229600,147.670231,41.625385,50.595146
204.530588,147.927877,42.059589,50.167103
204.057796,147.577765,42.717972,50.163258
205.100772,146.021572,41.707916,50.879356
204.584745,146.779697,42.876919,50.280174
204.569208,147.148859,43.170002,50.429699
205.166931,147.376926,43.489891,50.830437
205.798740,147.501070,43.273926,50.398479
206.988079,147.715239,45.187576,50.923038
207.086490,148.318356,43.783936,49.848640
207.905065,147.963881,43.107159,50.535679
209.280141,147.683186,43.764248,51.040306
209.048421,147.992783,44.216763,51.151672
210.193778,148.689058,43.672859,51.446911
209.978805,149.432480,44.115227,50.918076
209.969659,149.469297,44.120350,50.881336
210.032766,150.575575,43.820782,50.566120
209.869459,150.515024,43.939831,50.401211
210.233364,149.613306,44.770462,52.332897
211.976627,149.497675,42.431992,52.670605
212.631391,150.371952,43.896481,51.496025
214.368476,150.241806,43.823814,51.622833
216.160211,149.552465,45.165134,52.150578
218.646863,148.830206,43.792110,52.093327
220.855836,149.442997,43.790714,51.765938
225.159629,150.559347,44.060753,50.889805
227.652393,150.702456,44.323883,51.404781
232.772933,150.729219,44.281700,51.276257
238.940759,152.367329,43.606663,51.056267
244.932163,153.886362,43.017258,50.590435
252.761753,156.464874,41.971695,48.818146
260.123750,157.961071,42.627735,49.426598
268.674560,158.053699,42.610863,49.329018
277.809541,158.232183,42.213184,49.444889
288.141384,159.988449,42.248367,50.563248
298.013973,160.483564,41.828354,51.516850
308.809303,161.484844,41.709984,52.179420
319.069044,162.343277,42.134121,53.016342
330.818239,163.940004,41.603474,51.700619
343.716943,162.665447,41.566868,53.178566
356.946653,162.863356,41.841122,52.732014
370.785352,163.347223,42.199551,53.731213
383.714359,163.189680,41.751419,53.198338
394.730976,163.891098,42.232224,53.158630
408.938487,165.136240,42.503784,52.701900
420.828849,163.713608,42.736732,54.237076
433.503246,162.180511,41.835724,54.378662
444.921047,160.588522,33.901993,54.160572
457.021480,159.105972,22.978520,50.395630
436.998205,163.950739,43.001795,50.933117
