0.006399
0.060022
0.060836
0.063901
0.064239
0.062611
0.062875
0.062611
0.061291
0.062038
0.063267
0.064394
0.061438
0.061766
0.063412
0.062727
0.064359
0.063430
0.066484
0.063334
0.062923
0.063340
0.062664
0.065044
0.061502
0.058824
0.056503
0.056864
0.053123
0.052793
0.050907
0.051552
0.051951
0.051529
0.050497
0.051471
0.049433
0.050372
0.048515
0.049311
0.048233
0.049437
0.050689
0.048761
0.048955
0.051566
0.051915
0.050143
0.050295
0.051164
0.051051
0.051770
0.052985
0.051938
0.052694
0.052139
0.051599
0.053367
0.056537
0.058273
0.056812
0.057119
0.055810
0.056299
0.057592
0.054698
0.056605
0.055690
0.055189
0.056967
0.060171
0.057489
0.057889
0.056630
0.058298
0.059122
0.056801
0.056856
0.058623
0.059692
0.055338
0.063205
0.056235
0.056143
0.058602
0.058212
0.057771
0.057055
0.056051
0.056289
0.056298
0.055693
0.055889
0.055641
0.057714
0.053454
0.056047
0.055706
0.054777
0.055758
0.054857
0.053253
0.054616
0.052580
0.052378
0.054042
0.053314
0.051273
0.051759
0.053709
0.054030
0.052461
0.053648
0.058297
0.057690
0.053462
0.053491
0.056194
0.057651
0.054337
0.054632
0.057478
0.058146
0.058114
0.059614
0.060180
0.059043
0.058224
0.056566
0.056816
0.056421
0.055699
0.053664
0.050547
0.048124
0.050289
0.047751
0.046898
0.047679
0.044572
0.042923
0.042530
0.040505
0.039220
0.039868
0.040548
0.043453
0.046927
0.045057
0.041545
0.042301
0.038565
0.036803
0.037271
0.036852
0.037118
0.037876
0.039260
0.039463
0.038031
0.039956
0.042676
0.041107
0.042591
0.041588
0.042332
0.044457
0.046151
0.043076
0.047607
0.042869
0.044035
0.042735
0.042453
0.042471
0.042338
0.042997
0.043222
0.043218
0.042913
0.041915
0.043169
0.041897
0.043139
0.043699
0.043020
0.042675
0.041628
0.041360
0.041459
0.042738
0.041273
0.040385
0.041186
0.040737
0.041626
0.040192
0.039827
0.041155
0.039745
0.040052
0.039115
0.038713
0.038763
0.039200
0.038636
0.038959
0.038576
0.038788
0.038312
0.038989
0.038220
0.038659
0.038244
0.038773
0.039623
0.038480
0.038691
0.038751
0.039441
0.039050
0.041141
0.042274
0.041244
0.041156
0.042562
0.042110
0.042365
0.041984
0.043154
0.043123
0.042764
0.042948
0.042815
0.043135
0.043310
0.044094
0.043801
0.044435
0.043282
0.041864
0.042291
0.044716
0.042494
0.043930
0.043045
0.044446
0.041748
0.043584
0.045418
0.045115
0.046683
0.044474
0.045316
0.044112
0.044646
0.046055
0.046816
0.044442
0.042941
0.044516
0.043298
0.039028
0.035776
0.036031
0.038652
0.039417
0.044294
0.044583
0.048489
0.051738
0.047369
0.047453
0.048683
0.046653
0.049566
0.047160
0.045847
0.044588
0.042623
0.042218
0.041070
0.042631
0.041296
0.042271
0.039027
0.040030
0.040606
0.038762
0.039001
0.038554
0.038912
0.038620
0.040792
0.038777
0.039330
0.037704
0.038444
0.038732
0.040129
0.038487
0.040492
0.039183
0.038574
0.039015
0.038641
0.039916
0.039074
0.039987
0.040027
0.041362
0.039419
0.039537
0.040709
0.042009
0.040935
0.039063
0.040082
0.039237
0.041052
0.041204
0.039137
0.039601
0.039172
0.038988
0.038825
0.038645
0.039410
0.038364
0.038306
0.037627
0.038231
0.038145
0.038484
0.038638
0.036912
0.036323
0.035350
0.034500
0.034743
0.034664
0.034887
0.036178
0.035097
0.034889
0.035844
0.036894
0.034345
0.034390
0.034717
0.034483
0.034856
0.035057
0.035694
0.036084
0.037292
0.037741
0.035970
0.035575
0.035652
0.035846
0.036655
0.036244
0.036145
0.037199
0.037106
0.036149
0.037074
0.037352
0.038676
0.037516
0.037492
0.037395
0.038237
0.037613
0.039088
0.039270
0.039204
0.038958
0.039067
0.039453
0.038566
0.039029
0.039937
0.039402
0.038286
0.039106
0.040018
0.040521
0.039457
0.040458
0.039834
0.039628
0.038955
0.039219
0.038971
0.040116
0.039656
0.040898
0.038959
0.038564
0.039383
0.039621
0.038925
0.039249
0.040122
0.038789
0.039235
0.039654
0.038393
0.038823
0.038750
0.039885
0.038204
0.038673
0.038832
0.038802
0.038463
0.037378
0.037376
0.036679
0.034945
0.034722
0.034588
0.034008
0.035175
0.033616
0.034997
0.034632
0.035852
0.037589
0.036801
0.036661
0.037429
0.037008
0.036928
0.037641
0.036443
0.034852
0.035246
0.034743
0.034196
0.034940
0.034905
0.033684
0.033768
0.036460
0.035506
0.035239
0.035315
0.035091
0.035145
0.036195
0.035806
0.035591
0.036118
0.035278
0.036417
0.035831
0.036159
0.038101
0.037632
0.037321
0.038757
0.037350
0.034953
0.034908
0.036022
0.035169
0.034814
0.035985
0.035144
0.035279
0.037176
0.036143
0.035278
0.034988
0.035116
0.035998
0.035221
0.035908
0.036747
0.035781
0.036402
0.036482
0.037322
0.037331
0.036415
0.038361
0.037054
0.036966
0.037033
0.037636
0.034047
0.036389
0.036934
0.038224
0.035435
0.035455
0.036027
0.036733
0.038160
0.037362
0.038318
0.037938
0.038655
0.038100
0.038594
0.038082
0.037217
0.036569
0.036358
0.038205
0.037074
0.037883
0.035063
0.035604
0.034964
0.033652
0.035371
0.038431
0.039201
0.040704
0.041955
0.044063
0.044311
0.046793
0.044494
0.046652
0.044129
0.045052
0.044919
0.044520
0.044026
0.044481
0.045486
0.043367
0.044521
0.042695
0.040810
0.041418
0.042323
0.041594
0.039154
0.038769
0.040675
0.039685
0.041010
0.041370
0.041550
0.041248
0.042493
0.041867
0.040980
0.040546
0.038271
0.039435
0.038025
0.037803
0.038979
0.038424
0.037303
0.037575
0.036878
0.037470
0.036668
0.036237
0.035187
0.034334
0.035446
0.036761
0.035641
0.037787
0.039715
0.047089
0.044813
0.039069
0.038980
0.039045
0.036797
0.038583
0.043842
0.047127
0.045267
0.044197
0.044800
0.045410
0.044804
0.042922
0.041140
0.039726
0.039138
0.039341
0.041662
0.041788
0.042788
0.042038
0.046476
0.045636
0.046562
0.046907
0.045706
0.040362
0.038019
0.036227
0.036105
0.037067
0.036984
0.036597
0.037331
0.037613
0.034881
0.035639
0.036122
0.034185
0.035649
0.033924
0.034279
0.034949
0.033668
0.033555
0.034042
0.034191
0.034388
0.033381
0.033601
0.032846
0.032585
0.033241
0.033657
0.034497
0.034475
0.034060
0.035520
0.036051
0.036803
0.036147
0.035866
0.036539
0.037298
0.034163
0.034009
0.033929
0.034497
0.035138
0.034630
0.034679
0.034598
0.034869
0.034748
0.033927
0.033906
0.033595
0.032968
0.033156
0.033116
0.034342
0.034806
0.034293
0.034399
0.033442
0.033416
0.033118
0.033284
0.032621
0.033367
0.033387
0.036472
0.036017
0.037468
0.036169
0.036496
0.036337
0.035616
0.036999
0.035647
0.036533
0.036334
0.036191
0.036430
0.035740
0.035010
0.035189
0.034236
0.035574
0.034261
0.035008
0.033937
0.034070
0.034099
0.036319
0.044102
0.041455
0.041771
0.038234
0.034829
0.037539
0.037104
0.036480
0.038212
0.039179
0.039721
0.036773
0.032889
0.033608
0.034372
0.033300
0.033409
0.034056
0.033246
0.034514
0.034032
0.033906
0.033324
0.032699
0.032572
0.032283
0.032470
0.033661
0.032041
0.034247
0.035432
0.035024
0.036717
0.035567
0.036598
0.037234
0.037368
0.036089
0.037241
0.036949
0.036114
0.036517
0.036181
0.035808
0.034380
0.034220
0.036010
0.036510
0.036545
0.035537
0.035309
0.036801
0.035695
0.036112
0.035891
0.035762
0.037259
0.036500
0.037240
0.035333
0.036237
0.036781
0.036908
0.038534
0.039189
0.040170
0.038082
0.038371
0.037534
0.036244
0.036717
0.036071
0.034773
0.034473
0.034400
0.034855
0.033614
0.034165
0.035421
0.035295
0.035514
0.035033
0.036570
0.037585
0.038438
0.036161
0.035789
0.037554
0.037508
0.037082
0.035479
0.034330
0.036007
0.037007
0.035331
0.034958
0.036324
0.035038
0.035287
0.037879
0.035080
0.036785
0.036699
0.035976
0.035929
0.037957
0.038913
0.038138
0.038377
0.039585
0.037737
0.038782
0.039235
0.037990
0.039947
0.038095
0.039503
0.037314
0.040275
0.038381
0.041544
0.040799
0.041625
0.039972
0.041340
0.041193
0.041556
0.041461
0.041995
0.039674
0.040711
0.042634
0.039190
0.040215
0.041854
0.041820
0.041544
0.043812
0.045579
0.045132
0.049620
0.047855
0.047300
0.047417
0.047208
0.047532
0.045352
0.048068
0.047557
0.043955
0.046570
0.042216
0.043196
0.044584
0.042833
0.044748
0.043200
0.044470
0.044334
0.043937
0.045064
0.046934
0.049207
0.048899
0.050210
0.049490
0.048296
0.048225
0.046950
0.048502
0.048516
0.047825
0.047972
0.048233
0.046613
0.046644
0.046287
0.045123
0.042098
0.044380
0.042972
0.043985
0.043335
0.042213
0.047327
0.046764
0.046503
0.046267
0.045385
0.044214
0.042883
0.042263
0.045019
0.048628
0.044596
0.044445
0.046466
0.047376
0.046660
0.045915
0.047124
0.045837
0.046039
0.046659
0.045986
0.045163
0.043959
0.042525
0.041307
0.040357
0.040099
0.040604
0.041039
0.040816
0.042991
0.042391
0.039957
0.041326
0.040943
0.038655
0.039766
0.042152
0.043132
0.044525
0.045980
0.045684
0.043997
0.043767
0.044814
0.045765
0.046774
0.045763
0.046573
0.046690
0.050302
0.052195
0.053612
0.057250
0.054433
0.059359
0.055366
0.057057
0.056651
0.058360
0.057517
0.058312
0.056750
0.058486
0.058051
0.058427
0.059358
0.057374
0.056905
0.054311
0.054349
0.052503
0.054137
0.053782
0.052342
0.050363
0.048043
0.042718
0.044686
0.044126
0.044860
0.047155
0.044716
0.046560
0.045691
0.044559
0.043458
0.044074
0.045226
0.045710
0.045191
0.047629
0.049442
0.052667
0.054943
0.051066
0.051227
0.051131
0.051640
0.050513
0.050768
0.050650
0.051301
0.051212
0.051345
0.051168
0.051603
0.049968
0.050397
0.050813
0.050480
0.050997
0.049717
0.049044
0.050644
0.049744
0.050163
0.049451
0.047418
0.046247
0.046609
0.045585
0.045435
0.044860
0.044746
0.044111
0.044622
0.043978
0.043710
0.043200
0.043524
0.043239
0.043295
0.043984
0.043273
0.043663
0.043163
0.043367
0.043353
0.044629
0.044663
0.043067
0.044256
0.043240
0.044452
0.043648
0.044680
0.043883
0.043842
0.043943
0.044127
0.044322
0.043840
0.045259
0.044980
0.045893
0.045613
0.045359
0.045082
0.044054
0.045446
0.045103
0.045385
0.045863
0.045452
0.045319
0.045760
0.045533
0.045944
0.047029
0.046429
0.047087
0.046334
0.046213
0.046283
0.045781
0.046676
0.046745
0.046141
0.046214
0.046433
0.046530
0.046986
0.046381
0.046768
0.045838
0.046023
0.046486
0.047279
0.047021
0.046301
0.046492
0.046028
0.046793
0.047054
0.047335
0.046292
0.049951
0.047355
0.046818
0.044804
0.043917
0.044538
0.045316
0.046720
0.046834
0.045028
0.045278
0.045246
0.044958
0.045207
0.044715
0.045793
0.046006
0.046096
0.046224
0.047695
0.047326
0.045342
0.048136
0.048437
0.049183
0.048393
0.049666
0.048960
0.049045
0.049534
0.049029
0.048588
0.049302
0.049507
0.049236
0.048693
0.049432
0.048453
0.048915
0.047805
0.047922
0.046108
0.048386
0.046368
0.047225
0.046626
0.046762
0.046919
0.046556
0.047143
0.046626
0.046691
0.046140
0.047924
0.046948
0.047650
0.046639
0.047889
0.046958
0.047355
0.044083
0.042438
0.041851
0.040846
0.040801
0.040929
0.041298
0.041098
0.040820
0.040866
0.040618
0.040978
0.040606
0.040794
0.041542
0.041066
0.041493
0.040673
0.041747
0.041120
0.040509
0.041027
0.040834
0.041213
0.040871
0.042900
0.040831
0.041025
0.040786
0.041415
0.041416
0.041014
0.041125
0.040796
0.040985
0.041070
0.041695
0.041465
0.040387
0.040693
0.040287
0.041195
0.040756
0.040155
0.040368
0.040303
0.040065
0.040026
0.040005
0.040086
0.040224
0.040222
0.039685
0.040553
0.040987
0.040702
0.041747
0.042146
0.040930
0.041090
0.040776
0.041549
0.041608
0.040714
0.041368
0.040847
0.040438
0.041009
0.040918
0.040347
0.040763
0.040241
0.040956
0.040071
0.040132
0.040243
0.040681
0.040360
0.040939
0.041013
0.039593
0.040893
0.039593
0.039629
0.039999
0.039761
0.040078
0.041799
0.039981
0.041004
0.040940
0.041576
0.041641
0.040807
0.040974
0.040779
0.042111
0.040960
0.041732
0.041820
0.041620
0.043888
0.040847
0.042782
0.039959
0.039834
0.040019
0.039845
0.039663
0.040806
0.042146
0.040401
0.040314
0.040036
0.040245
0.041033
0.040071
0.041086
0.040430
0.042720
0.040328
0.040498
0.040938
0.039446
0.042208
0.039588
0.039276
0.039181
0.039136
0.039829
0.041594
0.038661
0.038751
0.038200
0.039011
0.039419
0.038547
0.039493
0.038160
0.039899
0.038853
0.038263
0.039108
0.038951
0.039509
0.040078
0.040414
0.040549
0.039496
0.039834
0.040528
0.040316
0.040798
0.039897
0.040041
0.039971
0.039353
0.040545
0.038471
0.038835
0.038031
0.039202
0.038392
0.037541
0.038685
0.038556
0.037312
0.036552
0.036048
0.036954
0.036526
0.036481
0.037052
0.035771
0.036026
0.036842
0.037216
0.038660
0.036686
0.039645
0.037459
0.037225
0.037699
0.038980
0.038724
0.040270
0.038857
0.039747
0.040418
0.040148
0.039230
0.038992
0.038667
0.039906
0.038893
0.038985
0.038621
0.039668
0.038036
0.038312
0.038352
0.038334
0.038191
0.037392
0.037516
0.036737
0.036376
0.036812
0.034147
0.034101
0.036461
0.034284
0.034597
0.034358
0.035403
0.034669
0.036808
0.035968
0.035128
0.035258
0.034612
0.035180
0.034698
0.035268
0.035196
0.034935
0.034920
0.034455
0.034876
0.036310
0.035304
0.035396
0.035451
0.037176
0.039150
0.035927
0.038919
0.038565
0.039306
0.038105
0.040016
0.034207
0.034718
0.034997
0.034980
0.035116
0.035916
0.035565
0.037270
0.038875
0.043642
0.044113
0.044515
0.044623
0.045649
0.045206
0.045539
0.045229
0.046041
0.046285
0.047836
0.046556
0.047064
0.046222
0.047300
0.045506
0.051460
0.050205
0.047027
0.047421
0.048460
0.048173
0.047709
0.046939
0.048802
0.048656
0.048108
0.047059
0.046560
0.045585
0.046167
0.044331
0.046059
0.046485
0.047488
0.046777
0.046675
0.046847
0.046782
0.046211
0.046950
0.047266
0.046239
0.045118
0.045438
0.045904
0.047055
0.044542
0.046479
0.046458
0.045579
0.046946
0.047414
0.046985
0.046651
0.045773
0.045695
0.045858
0.045148
0.042540
0.043041
0.045552
0.045172
0.043243
0.043982
0.045214
0.045132
0.044227
0.044166
0.045227
0.045655
0.046082
0.046752
0.049937
0.046660
0.045581
0.045524
0.045684
0.043660
0.045550
0.043571
0.044335
0.044115
0.047143
0.045386
0.045934
0.046423
0.045880
0.045644
0.045645
0.046486
0.048797
0.046060
0.047242
0.046939
0.048016
0.049498
0.046890
0.048263
0.049867
0.049954
0.049617
0.050900
0.050234
0.050942
0.053312
0.050934
0.050634
0.051205
0.050712
0.052617
0.052810
0.052744
0.055912
0.053077
0.054614
0.054017
0.057543
0.056007
0.055303
0.058494
0.053608
0.054622
0.055526
0.057712
0.053553
0.055391
0.057182
0.059050
0.055553
0.054914
0.056188
0.057706
0.058100
0.057889
0.060466
0.054568
0.058191
0.058301
0.058646
0.059237
0.058746
0.057009
0.053385
0.060143
0.054664
0.058282
0.058456
0.059223
0.059317
0.057996
0.057972
0.058175
0.059175
0.058520
0.058753
0.056308
0.058194
0.056534
0.059087
0.057817
0.058127
0.057049
0.056638
0.059113
0.058727
0.059143
0.060872
0.062240
0.061948
0.063953
0.056761
0.058671
0.064253
0.063443
0.064647
0.065917
0.064803
0.059923
0.054002
0.052276
0.050940
0.050127
0.048724
0.055050
0.056313
0.055789
0.056357
0.056685
0.054952
0.054998
0.055258
0.054736
0.053698
0.052404
0.052018
0.052489
0.052478
0.052269
0.053886
0.055370
0.053689
0.054534
0.055900
0.054126
0.053666
0.053272
0.059269
0.052608
0.053172
0.052479
0.052321
0.053048
0.050870
0.051680
0.051860
0.051804
0.051148
0.050893
0.051831
0.050789
0.050528
0.050272
0.050339
0.050269
0.049600
0.050198
0.050300
0.049560
0.049612
0.050848
0.053033
0.050051
0.049827
0.049419
0.051629
0.049674
0.051418
0.049312
0.049275
0.049494
0.048956
0.048902
0.050897
0.049522
0.048733
0.049150
0.048312
0.048827
0.048261
0.048296
0.048074
0.048139
0.048925
0.049113
0.048151
0.047745
0.048458
0.048639
0.047504
0.048034
0.047469
0.048097
0.048184
0.049313
0.048858
0.048212
0.049190
0.049497
0.049350
0.049560
0.049272
0.049382
0.049611
0.049226
0.049215
0.049104
0.050626
0.050266
0.048766
0.047504
0.046135
0.044993
0.044520
0.045044
0.044764
0.046430
0.044891
0.044081
0.044060
0.044330
0.043730
0.044220
0.044093
0.045355
0.044496
0.044070
0.044283
0.043911
0.043440
0.045356
0.043329
0.043304
0.042898
0.043178
0.043960
0.042807
0.042766
0.042917
0.043014
0.043273
0.044150
0.043639
0.043419
0.044205
0.043895
0.044808
0.048499
0.043583
0.043490
0.043058
0.043495
0.043534
0.043647
0.044295
0.043642
0.043253
0.043365
0.044544
0.043151
0.043800
0.043302
0.042769
0.043470
0.044470
0.043349
0.042807
0.042984
0.043102
0.043531
0.041843
0.042246
0.044305
0.043090
0.043099
0.043747
0.043628
0.044071
0.045284
0.045593
0.045834
0.046049
0.046129
0.045947
0.046896
0.047860
0.045360
0.045605
0.045886
0.045192
0.044999
0.045243
0.044153
0.044447
0.045325
0.044215
0.044973
0.044597
0.044653
0.044548
0.044861
0.043750
0.044781
0.044703
0.044820
0.044429
0.044651
0.044533
0.045151
0.046701
0.045135
0.045390
0.045807
0.045529
0.045458
0.045771
0.045219
0.045730
0.045631
0.046393
0.046205
0.046844
0.047074
0.048024
0.048888
0.050461
0.050144
0.050934
0.050452
0.050426
0.050380
0.049892
0.049908
0.049541
0.049213
0.048646
0.049045
0.048929
0.049305
0.050319
0.049310
0.050074
0.050216
0.050307
0.049015
0.049237
0.049901
0.049252
0.049898
0.049298
0.048991
0.049010
0.050497
0.048766
0.049660
0.050364
0.049314
0.050195
0.049367
0.048985
0.049970
0.049092
0.048840
0.048560
0.048438
0.048385
0.048818
0.048304
0.048704
0.048233
0.049087
0.049372
0.048393
0.048243
0.048464
0.048193
0.047907
0.047162
0.046029
0.045205
0.044662
0.044104
0.044827
0.045060
0.044856
0.044597
0.045315
0.045014
0.045064
0.044829
0.046924
0.045788
0.045759
0.046079
0.045758
0.049594
0.046719
0.045821
0.046400
0.045632
0.045983
0.045955
0.046379
0.045915
0.046523
0.046461
0.045722
0.045406
0.044870
0.045257
0.043679
0.042980
0.043527
0.043874
0.042316
0.042310
0.041636
0.042606
0.042465
0.042917
0.043228
0.042271
0.042558
0.042613
0.040981
0.040392
0.040839
0.039829
0.039826
0.040275
0.039659
0.039938
0.041629
0.040775
0.042132
0.041292
0.041622
0.041449
0.041483
0.041434
0.041884
0.040575
0.041551
0.041602
0.042014
0.042964
0.044662
0.045072
0.044389
0.045287
0.044923
0.045317
0.046511
0.045664
0.047314
0.047081
0.046626
0.048057
0.049385
0.046818
0.047845
0.047911
0.048005
0.048536
0.048022
0.048020
0.049112
0.048684
0.048191
0.049446
0.048960
0.048533
0.049161
0.048306
0.047994
0.047631
0.047525
0.047774
0.047009
0.049770
0.048325
0.048153
0.047974
0.047696
0.047584
0.048256
0.047910
0.046798
0.046766
0.046507
0.046197
0.046807
0.046963
0.045465
0.044982
0.046048
0.045408
0.047045
0.044681
0.045227
0.045210
0.045973
0.045095
0.045158
0.045299
0.045889
0.045851
0.044714
0.046398
0.044893
0.044674
0.045026
0.047095
0.045474
0.046026
0.045257
0.046626
0.047553
0.048591
0.049590
0.050152
0.050746
0.052267
0.051342
0.049463
0.047703
0.043261
0.047597
0.044014
0.042571
0.045150
0.047683
0.049240
0.048345
0.047874
0.048569
0.049492
0.050554
0.050769
0.047136
0.046458
0.045254
0.045496
0.045244
0.045572
0.046981
0.047760
0.045947
0.046307
0.046772
0.049059
0.047626
0.046442
0.048220
0.048320
0.048742
0.051990
0.052252
0.052473
0.056821
0.055144
0.054173
0.055397
0.054633
0.054247
0.052745
0.053182
0.052402
0.052720
0.051321
0.049942
0.048681
0.048265
0.046704
0.047648
0.046387
0.045168
0.045162
0.044499
0.045900
0.044911
0.044935
0.045478
0.045162
0.045959
0.045224
0.046390
0.045734
0.045366
0.045767
0.045975
0.045863
0.046022
0.046187
0.047382
0.046170
0.046332
0.047238
0.046524
0.046325
0.045995
0.045941
0.046360
0.046265
0.046402
0.046010
0.046486
0.045717
0.046160
0.046497
0.045805
0.046816
0.046224
0.047072
0.046983
0.047997
0.047960
0.047936
0.047326
0.047400
0.049002
0.047714
0.048481
0.047013
0.047717
0.048637
0.047556
0.049106
0.048029
0.047616
0.047175
0.047248
0.046956
0.047113
0.046709
0.046491
0.047147
0.046824
0.046386
0.046060
0.045884
0.045182
0.045710
0.045955
0.046941
0.046617
0.045311
0.044982
0.045663
0.044026
0.042947
0.042739
0.044112
0.043610
0.042682
0.042898
0.042990
0.042674
0.042757
0.041592
0.041250
0.040285
0.039697
0.040395
0.041006
0.040615
0.040255
0.040626
0.040720
0.040808
0.040426
0.040655
0.040883
0.041007
0.041803
0.041542
0.041422
0.041221
0.042543
0.041439
0.041883
0.042362
0.042285
0.042122
0.043656
0.041721
0.042188
0.041617
0.041475
0.041604
0.041608
0.042085
0.042046
0.041041
0.040739
0.040764
0.040876
0.041755
0.042661
0.042509
0.043227
0.043803
0.044583
0.044434
0.044172
0.044989
0.045003
0.044683
0.046576
0.046031
0.045889
0.045713
0.046580
0.046485
0.046801
0.046959
0.047952
0.047962
0.046786
0.048490
0.045633
0.045253
0.047119
0.046460
0.048174
0.046394
0.045859
0.044719
0.045512
0.044419
0.043155
0.043080
0.042940
0.042314
0.041736
0.041573
0.042381
0.041810
0.043238
0.041458
0.041640
0.041758
0.042121
0.042332
0.042830
0.041709
0.042062
0.041966
0.041844
0.042372
0.041446
0.041569
0.041388
0.041223
0.040952
0.040975
0.041248
0.041125
0.041262
0.040837
0.040941
0.040445
0.040241
0.040752
0.040382
0.039958
0.040327
0.039806
0.041459
0.040117
0.040560
0.039987
0.039847
0.041998
0.039995
0.039866
0.039649
0.041067
0.040255
0.039241
0.039820
0.039627
0.040327
0.040334
0.040743
0.039638
0.039845
0.040150
0.039215
0.038975
0.038573
0.038528
0.038648
0.038634
0.039739
0.038759
0.039223
0.039492
0.039035
0.039434
0.038790
0.040013
0.039332
0.040507
0.039480
0.039860
0.039566
0.040538
0.039743
0.040412
0.040541
0.041284
0.039399
0.040087
0.040574
0.040123
0.040457
0.040269
0.042865
0.041172
0.040615
0.041571
0.041808
0.042758
0.043316
0.044983
0.043994
0.042242
0.040751
0.040305
0.039741
0.039570
0.040327
0.041356
0.042102
0.042153
0.041179
0.040379
0.039581
0.041048
0.040544
0.039904
0.039879
0.037706
0.037069
0.037433
0.038014
0.038901
0.038115
0.037797
0.038987
0.038391
0.038223
0.038629
0.039176
0.039589
0.038907
0.040185
0.041821
0.040667
0.042034
0.040924
0.041908
0.043354
0.042994
0.042766
0.043014
0.042479
0.043748
0.043000
0.041475
0.042493
0.043092
0.045332
0.039951
0.039511
0.040776
0.042404
0.041488
0.041740
0.044185
0.044572
0.043387
0.043897
0.042385
0.042735
0.042060
0.046849
0.043902
0.045178
0.042814
0.044548
0.045707
0.044867
0.044985
0.045449
0.044977
0.045172
0.045188
0.044123
0.044306
0.044004
0.044505
0.044613
0.045547
0.044911
0.045971
0.045817
0.046064
0.045787
0.046794
0.046867
0.046322
0.048302
0.048126
0.048169
0.048558
0.047786
0.050229
0.044858
0.047189
0.049059
0.049271
0.049578
0.046205
0.050933
0.046682
0.050067
0.045453
0.049624
0.048419
0.050832
0.050021
0.048840
0.050762
0.050677
0.049462
0.051849
0.050037
0.050296
0.050148
0.049261
0.047200
0.047167
0.045190
0.041860
0.042616
0.043302
0.042329
0.042504
0.040718
0.042247
0.043817
0.040793
0.040044
0.040067
0.040781
0.040075
0.040671
0.039807
0.039152
0.039853
0.039924
0.039612
0.040394
0.040354
0.040233
0.040291
0.041167
0.040423
0.040051
0.040420
0.040640
0.040866
0.041742
0.041180
0.040905
0.040972
0.042346
0.041633
0.044999
0.041816
0.041652
0.041664
0.041331
0.042021
0.042737
0.046690
0.041943
0.040979
0.041212
0.041204
0.041309
0.041773
0.041421
0.041156
0.040922
0.041480
0.041505
0.041762
0.042015
0.043039
0.043246
0.045272
0.044901
0.043522
0.043833
0.043167
0.044648
0.042595
0.043376
0.043616
0.043866
0.042793
0.042371
0.043372
0.043418
0.043225
0.043143
0.042887
0.043716
0.042837
0.043556
0.043840
0.044742
0.045376
0.046393
0.043337
0.043347
0.043628
0.041610
0.043215
0.043898
0.045344
0.042135
0.042754
0.043343
0.043930
0.045043
0.044747
0.044022
0.044671
0.045830
0.045581
0.044869
0.046009
0.045563
0.048678
0.046552
0.045738
0.045633
0.047151
0.044906
0.046080
0.045340
0.044953
0.044860
0.045109
0.044632
0.045214
0.046230
0.045664
0.044390
0.044716
0.045882
0.045127
0.043894
0.045440
0.044224
0.044636
0.044946
0.043903
0.044447
0.045233
0.045792
0.044802
0.045432
0.045331
0.046268
0.046809
0.045701
0.045443
0.046875
0.048344
0.046343
0.048596
0.046007
0.047275
0.047293
0.048041
0.046334
0.046623
0.047218
0.046309
0.046840
0.046602
0.047285
0.046354
0.046515
0.046177
0.046070
0.047401
0.046679
0.047083
0.047391
0.046966
0.045689
0.047105
0.045888
0.045860
0.046641
0.045810
0.046819
0.047874
0.047056
0.048811
0.046545
0.046862
0.047877
0.046562
0.049030
0.047827
0.047189
0.045897
0.047437
0.048392
0.046461
0.048830
0.047559
0.047433
0.048671
0.048452
0.048958
0.047439
0.050775
0.048374
0.049020
0.047254
0.048105
0.047271
0.047965
0.048037
0.046470
0.049316
0.048705
0.048206
0.047724
0.048417
0.048881
0.047804
0.047337
0.047500
0.047774
0.047298
0.047525
0.047297
0.048349
0.046894
0.046385
0.047549
0.047522
0.047050
0.045833
0.045983
0.045013
0.046259
0.047197
0.043989
0.043558
0.043912
0.042796
0.042469
0.042276
0.041928
0.041847
0.041522
0.040653
0.040830
0.041056
0.041839
0.040013
0.039099
0.038898
0.039537
0.038190
0.039020
0.038292
0.037891
0.037376
0.037405
0.037314
0.037045
0.037362
0.037019
0.036819
0.037523
0.036913
0.035898
0.036040
0.037466
0.036542
0.036096
0.036850
0.035760
0.036336
0.035746
0.037202
0.036332
0.036009
0.036082
0.035676
0.036905
0.035749
0.035742
0.035819
0.034787
0.033502
0.034662
0.035353
0.036424
0.038777
0.041858
0.039118
0.043308
0.040714
0.041180
0.041209
0.041577
0.040892
0.040312
0.040195
0.039935
0.039943
0.039225
0.039183
0.038772
0.038091
0.037985
0.037634
0.037392
0.038225
0.038629
0.036475
0.035836
0.036504
0.036296
0.036576
0.039925
0.041975
0.040011
0.038627
0.039314
0.040141
0.039432
0.039093
0.039321
0.039522
0.039683
0.038642
0.039724
0.039484
0.039575
0.038773
0.040528
0.038174
0.038858
0.038388
0.039935
0.038934
0.040070
0.037906
0.038537
0.038459
0.037874
0.038409
0.038846
0.038424
0.037172
0.037176
0.038078
0.037948
0.033559
0.033841
0.033579
0.031915
0.033308
0.032460
0.032114
0.033635
0.032742
0.033216
0.033657
0.033127
0.033235
0.033864
0.034792
0.035743
0.036416
0.036800
0.037206
0.037056
0.037562
0.038128
0.037111
0.037017
0.036604
0.035904
0.035735
0.035669
0.035456
0.035084
0.037019
0.036632
0.037112
0.037439
0.037656
0.037622
0.037001
0.037417
0.036755
0.036745
0.036578
0.035522
0.035602
0.035044
0.033779
0.033840
0.033961
0.034219
0.033927
0.033354
0.033906
0.036335
0.036566
0.036791
0.035625
0.034502
0.035391
0.035656
0.035197
0.032775
0.032810
0.032936
0.033256
0.032354
0.032294
0.032644
0.033455
0.032487
0.032911
0.033953
0.035279
0.034667
0.034878
0.034817
0.034697
0.033831
0.032982
0.033123
0.033358
0.034321
0.033286
0.033803
0.032992
0.033150
0.033757
0.035629
0.034370
0.034613
0.034543
0.034866
0.034266
0.034716
0.034053
0.036571
0.035207
0.035183
0.034700
0.035053
0.035504
0.033576
0.034769
0.034756
0.034725
0.034553
0.034846
0.035032
0.034766
0.036230
0.037181
0.036635
0.037121
0.036414
0.035793
0.035815
0.037508
0.035467
0.036123
0.034969
0.034899
0.035545
0.035698
0.036632
0.035783
0.036500
0.036050
0.035591
0.035551
0.035764
0.035649
0.036106
0.036349
0.035536
0.035092
0.035068
0.035104
0.034975
0.034487
0.034901
0.035919
0.035725
0.035281
0.036412
0.035827
0.035004
0.034856
0.035003
0.035565
0.035999
0.035337
0.034742
0.035186
0.035009
0.035375
0.035184
0.036546
0.035354
0.035261
0.035752
0.035724
0.036255
0.035398
0.034561
0.034469
0.034559
0.035565
0.034788
0.034072
0.035880
0.033982
0.034946
0.034257
0.034493
0.033713
0.033980
0.033923
0.034673
0.034396
0.034886
0.035246
0.035028
0.035325
0.035004
0.034929
0.035016
0.035034
0.035677
0.035980
0.035861
0.035344
0.035248
0.035224
0.036251
0.035277
0.036175
0.035764
0.036202
0.036596
0.035200
0.038667
0.036052
0.035387
0.034854
0.036220
0.035224
0.035236
0.034903
0.036257
0.034702
0.034789
0.034906
0.035023
0.034942
0.035259
0.035079
0.035028
0.035337
0.034881
0.035396
0.035587
0.035280
0.035228
0.035017
0.035595
0.034998
0.035073
0.034901
0.034903
0.035271
0.035080
0.035231
0.035940
0.035098
0.035314
0.035421
0.034915
0.036274
0.034962
0.035662
0.034971
0.035632
0.035181
0.035062
0.035525
0.035008
0.034915
0.035064
0.035309
0.035186
0.035232
0.035945
0.037045
0.035243
0.035839
0.036313
0.035676
0.035201
0.035050
0.035149
0.035071
0.034907
0.035034
0.034914
0.035586
0.034867
0.034690
0.035100
0.034850
0.034998
0.035296
0.035288
0.034879
0.034752
0.035606
0.035067
0.034785
0.034677
0.035113
0.035374
0.034882
0.035426
0.035025
0.034719
0.034894
0.034294
0.034477
0.035979
0.034475
0.034684
0.034554
0.034342
0.034214
0.034202
0.034629
0.034780
0.034959
0.035800
0.035282
0.035590
0.036302
0.035625
0.036101
0.035398
0.036304
0.035885
0.036006
0.035517
0.035380
0.035488
0.036078
0.035390
0.035313
0.035267
0.035160
0.035353
0.035401
0.035487
0.035692
0.035972
0.035277
0.035455
0.035633
0.035152
0.034965
0.034950
0.034948
0.034732
0.034785
0.034232
0.034370
0.033497
0.033757
0.033533
0.034196
0.033711
0.033804
0.033481
0.034836
0.037165
0.037962
0.037976
0.039295
0.039607
0.040239
0.039308
0.038240
0.039343
0.038440
0.038038
0.039134
0.038110
0.040175
0.040381
0.041179
0.040811
0.040788
0.040212
0.038296
0.040054
0.039407
0.037862
0.037879
0.037660
0.039559
0.036993
0.036141
0.036137
0.034936
0.035576
0.033513
0.032911
0.034329
0.036001
0.036315
0.036866
0.036832
0.037956
0.036778
0.036818
0.036997
0.036804
0.037859
0.037509
0.036363
0.036823
0.036974
0.036771
0.037051
0.036560
0.036599
0.036984
0.037761
0.036882
0.037234
0.037328
0.037363
0.037870
0.037271
0.037138
0.038375
0.037693
0.037438
0.038390
0.038620
0.037593
0.037790
0.037914
0.038173
0.040826
0.037979
0.038070
0.038226
0.038343
0.038571
0.042871
0.038484
0.038232
0.038622
0.038257
0.038483
0.039635
0.039812
0.039532
0.036887
0.035819
0.036660
0.035621
0.035276
0.035539
0.036244
0.036135
0.035962
0.036366
0.035953
0.036004
0.037079
0.035351
0.036202
0.035167
0.035344
0.035390
0.035790
0.037334
0.037555
0.037677
0.039442
0.038363
0.038041
0.038667
0.038916
0.036748
0.036585
0.037291
0.036649
0.036751
0.037017
0.036744
0.035987
0.035989
0.042075
0.040621
0.040273
0.041566
0.040176
0.041093
0.039760
0.039195
0.039560
0.038835
0.039183
0.038213
0.037837
0.038607
0.037139
0.036798
0.037307
0.036610
0.036932
0.036735
0.036906
0.036420
0.034947
0.035825
0.035399
0.035517
0.035931
0.037406
0.037185
0.036351
0.038949
0.037410
0.036690
0.036908
0.036823
0.037124
0.037008
0.037982
0.037044
0.036794
0.036540
0.037137
0.038877
0.038258
0.039409
0.038042
0.037986
0.039160
0.039320
0.038877
0.038569
0.038179
0.038462
0.038999
0.039808
0.039221
0.038928
0.039548
0.039446
0.038141
0.038069
0.037977
0.040525
0.039383
0.041378
0.041705
0.041366
0.041699
0.040838
0.040413
0.040148
0.040577
0.040489
0.041551
0.040089
0.039530
0.039388
0.039281
0.039387
0.039314
0.038967
0.040421
0.040431
0.040373
0.039845
0.039504
0.040292
0.039248
0.039250
0.040110
0.041007
0.040944
0.039843
0.040132
0.041212
0.040274
0.040436
0.041238
0.039928
0.041400
0.041648
0.042118
0.041677
0.042459
0.041568
0.041693
0.041651
0.043066
0.042329
0.041942
0.042440
0.042153
0.042150
0.042537
0.042454
0.042060
0.041078
0.040185
0.039852
0.039917
0.039775
0.040022
0.039629
0.039732
0.039331
0.040032
0.039919
0.040423
0.039736
0.039290
0.040276
0.038837
0.040227
0.038878
0.039663
0.038939
0.039618
0.039259
0.039399
0.040162
0.039575
0.039308
0.039086
0.039128
0.039352
0.040031
0.039746
0.040378
0.041430
0.039543
0.039571
0.040244
0.038944
0.038333
0.037595
0.037700
0.038591
0.039020
0.039236
0.039914
0.038941
0.039399
0.038874
0.039471
0.039435
0.040352
0.040275
0.039467
0.038539
0.039190
0.038541
0.037763
0.037328
0.038476
0.037638
0.038597
0.039187
0.039451
0.040399
0.040280
0.040543
0.042216
0.040602
0.041675
0.040628
0.039794
0.040717
0.040224
0.040799
0.039771
0.039865
0.039725
0.039441
0.040072
0.039893
0.039181
0.039532
0.039186
0.039785
0.039518
0.039529
0.040612
0.039385
0.039507
0.039368
0.039255
0.037960
0.037902
0.037778
0.036741
0.037225
0.037524
0.035545
0.036151
0.035646
0.035448
0.035750
0.036907
0.038125
0.038290
0.039684
0.039973
0.040351
0.041137
0.039438
0.039902
0.039886
0.039862
0.038781
0.040053
0.039001
0.040250
0.039745
0.039131
0.038302
0.038173
0.038129
0.037537
0.038126
0.037640
0.038348
0.037617
0.037700
0.037969
0.036447
0.037389
0.036663
0.036619
0.038626
0.037397
0.037222
0.038469
0.037623
0.040598
0.037772
0.038362
0.038489
0.037440
0.037500
0.037211
0.037007
0.038471
0.038427
0.038736
0.039312
0.039137
0.038895
0.038950
0.039156
0.039191
0.039756
0.039049
0.039236
0.039192
0.039042
0.039790
0.039103
0.039325
0.039206
0.039685
0.040045
0.039553
0.039454
0.039482
0.039271
0.038483
0.039065
0.038927
0.039201
0.040483
0.039566
0.041082
0.040411
0.039997
0.039679
0.040060
0.040071
0.040591
0.039841
0.039979
0.040014
0.041335
0.039789
0.040154
0.040498
0.039946
0.040455
0.040828
0.040676
0.041323
0.040865
0.040959
0.040901
0.040936
0.040324
0.040471
0.040368
0.040643
0.040440
0.040307
0.040424
0.039325
0.039595
0.039402
0.041556
0.041011
0.041209
0.042671
0.043326
0.040946
0.040881
0.040728
0.040602
0.040983
0.041183
0.040738
0.040946
0.040675
0.040553
0.040795
0.041408
0.041477
0.041627
0.041029
0.041774
0.040575
0.041410
0.042852
0.041450
0.041814
0.041193
0.042094
0.041746
0.041380
0.041364
0.041074
0.041682
0.041416
0.042001
0.041446
0.042343
0.041683
0.042042
0.041597
0.041315
0.040630
0.041143
0.038431
0.037098
0.037240
0.036707
0.038072
0.036918
0.037990
0.036474
0.036968
0.037853
0.038225
0.038671
0.039463
0.038675
0.038058
0.038077
0.038743
0.037793
0.037979
0.039817
0.039299
0.038594
0.039580
0.038103
0.038854
0.038382
0.038521
0.039062
0.039071
0.039820
0.038938
0.039546
0.039196
0.038733
0.038978
0.038943
0.038375
0.038505
0.038746
0.039236
0.040421
0.038669
0.038745
0.038516
0.038600
0.038844
0.040872
0.038759
0.038485
0.038139
0.038764
0.039143
0.040728
0.041879
0.043121
0.043655
0.044530
0.044214
0.044864
0.045599
0.045657
0.044764
0.041330
0.043356
0.045580
0.045037
0.045903
0.045160
0.046962
0.047526
0.046155
0.048397
0.049369
0.044343
0.042971
0.044267
0.042650
0.042431
0.041079
0.038064
0.036834
0.036693
0.037873
0.037046
0.038156
0.038728
0.039920
0.038116
0.038207
0.038712
0.041324
0.043493
0.042054
0.041114
0.043371
0.041517
0.043113
0.044915
0.043876
0.043462
0.043782
0.042712
0.043381
0.040609
0.040816
0.041672
0.042110
0.042739
0.043423
0.041045
0.042615
0.044275
0.046600
0.043198
0.042711
0.041702
0.043302
0.043759
0.042772
0.043181
0.042058
0.042757
0.043771
0.044532
0.044030
0.042909
0.045825
0.042645
0.043347
0.043004
0.045702
0.043776
0.044068
0.043631
0.043344
0.046339
0.043817
0.044658
0.043893
0.044521
0.043969
0.043739
0.043820
0.042992
0.044600
0.042827
0.044144
0.041016
0.041941
0.044032
0.043314
0.045038
0.042845
0.044209
0.043975
0.043533
0.044254
0.044188
0.044530
0.041943
0.042769
0.043076
0.044859
0.043404
0.043680
0.043914
0.043395
0.044774
0.043538
0.043671
0.043269
0.043591
0.044108
0.042962
0.043562
0.042909
0.043824
0.051665
0.044255
0.044090
0.043668
0.043714
0.043244
0.043846
0.044109
0.046479
0.043897
0.044601
0.044056
0.043754
0.044405
0.044611
0.044247
0.044868
0.045103
0.044096
0.044376
0.043869
0.044749
0.043772
0.044051
0.045321
0.045080
0.043799
0.044533
0.044070
0.045221
0.046096
0.045563
0.045489
0.044550
0.045205
0.045483
0.046593
0.046097
0.045332
0.046285
0.047037
0.044666
0.044997
0.044610
0.045223
0.046064
0.045267
0.044637
0.044411
0.047988
0.044734
0.044290
0.044691
0.044931
0.045441
0.045797
0.046267
0.044625
0.044653
0.045844
0.045914
0.044864
0.044954
0.047897
0.045946
0.046415
0.044690
0.045451
0.043386
0.043248
0.043326
0.044838
0.044884
0.045778
0.045114
0.045906
0.044690
0.046198
0.044678
0.045354
0.045260
0.045420
0.044333
0.047146
0.044948
0.045700
0.046458
0.045203
0.044775
0.045342
0.045077
0.045130
0.047513
0.045265
0.046302
0.045900
0.045867
0.044618
0.044667
0.044533
0.046065
0.044373
0.046483
0.045298
0.045522
0.045772
0.045146
0.045612
0.044668
0.044690
0.045149
0.044089
0.045296
0.046350
0.045218
0.048065
0.046405
0.047208
0.046773
0.044821
0.041188
0.044573
0.045091
0.045571
0.047680
0.049777
0.049613
0.049865
0.049706
0.050656
0.049509
0.049346
0.048701
0.047559
0.049371
0.047414
0.047317
0.045356
0.047525
0.045878
0.045183
0.044938
0.044652
0.044891
0.044107
0.044126
0.045747
0.043158
0.043658
0.045303
0.047305
0.046998
0.047800
0.046679
0.046794
0.047628
0.049946
0.047527
0.047268
0.047562
0.046715
0.046820
0.046531
0.047547
0.047241
0.048720
0.048147
0.049217
0.047646
0.047355
0.047604
0.047502
0.046878
0.046801
0.046974
0.046937
0.047619
0.047902
0.048177
0.048340
0.048340
0.048055
0.048791
0.049295
0.047797
0.046420
0.043780
0.041691
0.042449
0.041131
0.041462
0.043052
0.043836
0.045472
0.044726
0.045275
0.046019
0.046555
0.046938
0.043213
0.041015
0.039676
0.040466
0.041820
0.041360
0.042234
0.042959
0.044974
0.045059
0.046582
0.047288
0.046224
0.043084
0.042204
0.041524
0.041119
0.041620
0.043476
0.046089
0.046249
0.046440
0.047220
0.046507
0.048157
0.045457
0.044234
0.045381
0.043896
0.044955
0.044765
0.045976
0.046326
0.047138
0.046030
0.047784
0.047072
0.045773
0.045076
0.044270
0.044520
0.044015
0.043455
0.045268
0.044802
0.046495
0.049182
0.049178
0.046880
0.047366
0.047146
0.048145
0.047743
0.049016
0.048751
0.047968
0.050284
0.048111
0.049093
0.047970
0.046453
0.045829
0.047755
0.045611
0.047879
0.046803
0.046419
0.046496
0.047047
0.046043
0.046933
0.046389
0.046091
0.046186
0.045309
0.045478
0.047042
0.047327
0.047794
0.046387
0.051419
0.052411
0.052488
0.051808
0.051753
0.051009
0.050860
0.048967
0.047058
0.047470
0.047579
0.047201
0.050326
0.048793
0.051657
0.054080
0.048625
0.050894
0.050881
0.053565
0.049850
0.049050
0.049305
0.050118
0.048589
0.050603
0.049395
0.047931
0.049649
0.052978
0.056247
0.054674
0.056133
0.054745
0.054694
0.052124
0.052154
0.053209
0.052096
0.049553
0.050149
0.050960
0.047622
0.049122
0.048880
0.049037
0.048760
0.049544
0.048669
0.049388
0.047948
0.049431
0.050045
0.050034
0.051021
0.050875
0.051027
0.052372
0.051880
0.049961
0.049871
0.049591
0.049633
0.051294
0.049489
0.050258
0.051145
0.050242
0.050591
0.050269
0.049721
0.052017
0.051860
0.051699
0.049481
0.046430
0.052116
0.051851
0.051848
0.050274
0.053091
0.054098
0.053779
0.053540
0.051911
0.048105
0.048861
0.052155
0.054600
0.053216
0.053545
0.052687
0.052765
0.052660
0.050411
0.050577
0.049945
0.051241
0.051894
0.054660
0.052304
0.051701
0.052304
0.057577
0.052203
0.051401
0.050782
0.051279
0.051196
0.052451
0.052331
0.052044
0.051696
0.053766
0.053579
0.053256
0.051359
0.052728
0.051892
0.052119
0.052760
0.052056
0.051959
0.050353
0.050489
0.050940
0.050053
0.050136
0.050285
0.050748
0.050393
0.050287
0.052266
0.050237
0.050770
0.050576
0.051913
0.050666
0.047609
0.046725
0.046637
0.046886
0.048891
0.048541
0.050153
0.049440
0.048608
0.048566
0.049672
0.047356
0.044708
0.043702
0.043390
0.044837
0.047350
0.047918
0.048103
0.047341
0.046722
0.046530
0.046420
0.047295
0.049583
0.050355
0.050846
0.050704
0.052952
0.051526
0.049773
0.050850
0.049902
0.051889
0.051850
0.051258
0.050562
0.051156
0.050269
0.050741
0.048870
0.049597
0.048283
0.047665
0.047105
0.049594
0.045864
0.045913
0.045215
0.045773
0.045046
0.044897
0.044276
0.044127
0.043847
0.043996
0.045142
0.044506
0.043454
0.044135
0.042716
0.043195
0.043002
0.042851
0.043692
0.042285
0.042683
0.040854
0.040835
0.041244
0.039684
0.039638
0.039259
0.040141
0.039457
0.038849
0.040508
0.040219
0.039860
0.040155
0.040459
0.041181
0.040267
0.041040
0.041489
0.040403
0.042039
0.040182
0.040828
0.041580
0.042058
0.041926
0.043264
0.042752
0.043239
0.043994
0.044290
0.045634
0.046502
0.046550
0.046067
0.045897
0.049012
0.046211
0.045846
0.047540
0.046856
0.046478
0.047801
0.047800
0.047868
0.046681
0.047032
0.047198
0.046324
0.048168
0.046437
0.047543
0.048631
0.049089
0.047222
0.047122
0.046595
0.046113
0.046737
0.045988
0.045643
0.045891
0.044878
0.047316
0.045740
0.046188
0.047958
0.045675
0.043648
0.045264
0.044857
0.045648
0.041752
0.041037
0.038744
0.038335
0.039329
0.041352
0.040168
0.039485
0.039897
0.039714
0.040902
0.040539
0.041212
0.042116
0.041542
0.040877
0.041352
0.041319
0.041465
0.042463
0.042333
0.038647
0.042015
0.040424
0.039588
0.038984
0.039824
0.039501
0.039411
0.039393
0.040507
0.039162
0.039826
0.040716
0.041986
0.039848
0.039771
0.039656
0.038752
0.038684
0.037602
0.035084
0.033358
0.033766
0.035529
0.035574
0.035641
0.038190
0.037803
0.036921
0.036348
0.038335
0.037005
0.036385
0.036814
0.037654
0.035866
0.035959
0.035611
0.035369
0.037676
0.039057
0.037348
0.038355
0.036351
0.037595
0.035897
0.035212
0.035686
0.035205
0.036449
0.034691
0.033791
0.033962
0.034480
0.036448
0.034160
0.033030
0.034324
0.036700
0.038959
0.038486
0.041265
0.039702
0.037383
0.038028
0.038187
0.039288
0.039180
0.038736
0.038329
0.038310
0.037842
0.037869
0.038668
0.038994
0.039284
0.039289
0.038650
0.038287
0.038037
0.037787
0.037693
0.038478
0.038509
0.036819
0.037844
0.037360
0.038492
0.037186
0.039288
0.037018
0.037171
0.038060
0.037804
0.038751
0.037650
0.037112
0.037239
0.036832
0.036745
0.037597
0.036609
0.036897
0.037524
0.037966
0.037467
0.038202
0.038162
0.039130
0.038668
0.044002
0.042462
0.045504
0.039548
0.039744
0.044544
0.045257
0.040809
0.039403
0.039044
0.038645
0.039729
0.038594
0.039331
0.038002
0.037348
0.037614
0.040284
0.036964
0.038148
0.038540
0.038640
0.039955
0.039532
0.039215
0.038987
0.040349
0.039299
0.038890
0.040055
0.038900
0.040204
0.039668
0.039461
0.040074
0.038280
0.040687
0.038569
0.039498
0.038681
0.038898
0.039484
0.040332
0.039699
0.040679
0.039413
0.039225
0.040501
0.038684
0.040480
0.040063
0.039949
0.040263
0.040279
0.039562
0.039353
0.039369
0.039239
0.040295
0.039859
0.041359
0.040324
0.041136
0.040513
0.041397
0.040569
0.041657
0.040110
0.040422
0.040707
0.040884
0.040609
0.040197
0.040112
0.038818
0.041078
0.038399
0.038906
0.038233
0.038823
0.037184
0.036617
0.036642
0.036732
0.037478
0.041033
0.049594
0.053811
0.041843
0.036609
0.035867
0.034996
0.035607
0.036519
0.035955
0.035804
0.037775
0.036778
0.037703
0.037532
0.037327
0.042807
0.042580
0.042007
0.036934
0.039605
0.039352
0.037918
0.036861
0.038469
0.039394
0.036389
0.038849
0.038519
0.037703
0.038501
0.038542
0.037087
0.039258
0.038659
0.037808
0.038223
0.036253
0.036637
0.037016
0.038471
0.036396
0.037905
0.036951
0.035773
0.036213
0.036135
0.036410
0.037388
0.037632
0.038560
0.038058
0.037982
0.037969
0.038306
0.037685
0.036686
0.036866
0.035010
0.034872
0.034556
0.036569
0.035504
0.035446
0.035027
0.036490
0.036038
0.036260
0.037200
0.036403
0.036394
0.038055
0.037327
0.037391
0.037958
0.038928
0.040530
0.038953
0.039929
0.039425
0.039117
0.037867
0.037300
0.037010
0.037548
0.037770
0.037357
0.039031
0.040311
0.040226
0.040779
0.041619
0.041942
0.041309
0.041209
0.039078
0.038872
0.038521
0.038681
0.038855
0.039542
0.040698
0.041000
0.041297
0.041015
0.042660
0.042003
0.040720
0.040689
0.039912
0.038812
0.039992
0.039149
0.039138
0.038569
0.039957
0.039198
0.038760
0.040447
0.040468
0.039882
0.038360
0.038767
0.037515
0.037990
0.037710
0.038750
0.037477
0.039265
0.038821
0.039213
0.039343
0.039135
0.040045
0.040372
0.039168
0.038151
0.038704
0.037159
0.037353
0.037037
0.038112
0.039399
0.039096
0.039268
0.039764
0.040625
0.039421
0.039533
0.038479
0.038786
0.038287
0.039133
0.038609
0.038551
0.038896
0.038589
0.037279
0.038119
0.037676
0.038661
0.037816
0.037702
0.038192
0.037170
0.038722
0.038280
0.039682
0.038515
0.037655
0.037477
0.039088
0.038384
0.038181
0.038835
0.037502
0.038476
0.038323
0.037525
0.037520
0.037571
0.037316
0.037512
0.037736
0.037497
0.037216
0.038633
0.037264
0.037885
0.038180
0.036856
0.037221
0.037946
0.037332
0.036807
0.038670
0.037425
0.038667
0.038354
0.037289
0.037530
0.037312
0.038198
0.038083
0.038834
0.037996
0.037590
0.037732
0.037677
0.039483
0.037802
0.037835
0.037152
0.038049
0.039421
0.038216
0.037797
0.036517
0.036846
0.036605
0.037588
0.036516
0.036430
0.036363
0.037674
0.036374
0.038231
0.036661
0.036536
0.036392
0.036595
0.036229
0.036224
0.036202
0.036602
0.038022
0.036944
0.037410
0.036652
0.036838
0.036349
0.036235
0.036224
0.037618
0.036337
0.036629
0.036422
0.036785
0.036548
0.037588
0.036870
0.037456
0.036966
0.036952
0.036765
0.037012
0.038658
0.037570
0.037994
0.036986
0.038607
0.037554
0.037013
0.037409
0.037504
0.038897
0.037494
0.038187
0.038032
0.038389
0.038673
0.037766
0.039094
0.038843
0.040043
0.039532
0.040664
0.040768
0.040390
0.042182
0.047266
0.042428
0.049146
0.044568
0.045759
0.048244
0.049537
0.042857
0.040095
0.040192
0.039452
0.040999
0.040390
0.045806
0.046997
0.049113
0.042991
0.040765
0.040607
0.044539
0.042230
0.042165
0.042963
0.041605
0.042053
0.042316
0.042327
0.041826
0.040438
0.041464
0.041654
0.042287
0.042378
0.043343
0.043365
0.041822
0.041166
0.041497
0.041303
0.041071
0.042256
0.041169
0.041775
0.042396
0.042269
0.040120
0.041304
0.040561
0.040887
0.040986
0.041058
0.040863
0.041330
0.041809
0.040868
0.040782
0.040938
0.040492
0.040981
0.040688
0.040314
0.040785
0.040371
0.040803
0.040817
0.041152
0.041099
0.041817
0.041177
0.041012
0.040624
0.040809
0.041544
0.042531
0.040747
0.041094
0.040655
0.040735
0.042112
0.041396
0.043297
0.040834
0.042590
0.041329
0.043499
0.041452
0.042127
0.041575
0.042038
0.042041
0.042339
0.042845
0.043514
0.042452
0.042781
0.042326
0.042609
0.043688
0.042889
0.043394
0.043798
0.043804
0.043465
0.044087
0.042610
0.043759
0.044184
0.042323
0.042172
0.042297
0.043101
0.044027
0.042068
0.041892
0.043159
0.043059
0.043372
0.043179
0.042784
0.043054
0.045214
0.044744
0.042785
0.044079
0.043906
0.044105
0.042990
0.041723
0.041248
0.042270
0.041243
0.041082
0.042546
0.041242
0.041799
0.041255
0.042122
0.041464
0.042020
0.042676
0.043042
0.043463
0.042861
0.043673
0.043869
0.043082
0.042792
0.043919
0.042833
0.043119
0.042266
0.042504
0.042210
0.044012
0.043619
0.043168
0.043536
0.042125
0.042725
0.042719
0.043802
0.043464
0.042909
0.042956
0.043349
0.043476
0.044360
0.044106
0.045438
0.044967
0.045149
0.044882
0.044912
0.044446
0.044315
0.045226
0.044413
0.045688
0.045041
0.044778
0.045084
0.045064
0.046479
0.045634
0.045042
0.045732
0.045120
0.044419
0.045252
0.044847
0.044930
0.044424
0.044494
0.045869
0.046178
0.044602
0.046057
0.045612
0.045874
0.045455
0.045918
0.045960
0.047313
0.046712
0.045326
0.046178
0.045104
0.045137
0.045075
0.045629
0.045614
0.045385
0.044901
0.045168
