0.001023
0.029680
0.029977
0.030490
0.030249
0.029730
0.029848
0.030929
0.029954
0.029851
0.029798
0.031420
0.031387
0.031081
0.031367
0.030276
0.031727
0.030220
0.029973
0.030696
0.030570
0.030775
0.030222
0.030829
0.031213
0.030360
0.030653
0.030424
0.030401
0.031136
0.030771
0.030641
0.031361
0.030934
0.029955
0.030109
0.030478
0.030029
0.030413
0.030201
0.030571
0.030613
0.030128
0.030724
0.029720
0.030772
0.031348
0.031285
0.030807
0.031286
0.030050
0.030703
0.029786
0.030133
0.029933
0.030875
0.030081
0.029927
0.031419
0.030669
0.030240
0.031198
0.030090
0.030323
0.030477
0.030746
0.030174
0.030644
0.030361
0.030559
0.031034
0.030795
0.030602
0.030722
0.030122
0.030546
0.031606
0.030000
0.030776
0.030176
0.030691
0.030038
0.030118
0.031133
0.030584
0.030954
0.029871
0.030396
0.030106
0.029998
0.030717
0.031007
0.030037
0.029917
0.030240
0.030912
0.030526
0.030034
0.030548
0.031111
0.030675
0.031019
0.031457
0.030059
0.030797
0.030775
0.031416
0.030313
0.031195
0.030911
0.030067
0.030027
0.029780
0.030016
0.029925
0.029991
0.030709
0.030167
0.030515
0.030219
0.029866
0.030873
0.030734
0.030654
0.030958
0.029873
0.029902
0.029930
0.029904
0.030082
0.030847
0.030691
0.030153
0.030207
0.030025
0.029698
0.030183
0.029786
0.030636
0.029947
0.030294
0.029945
0.030319
0.029906
0.030639
0.030470
0.029917
0.031294
0.029945
0.029868
0.030704
0.030874
0.030716
0.029964
0.030286
0.030359
0.030609
0.030132
0.031425
0.030136
0.030598
0.030023
0.030085
0.030052
0.030628
0.030078
0.029935
0.030306
0.030105
0.030491
0.029977
0.029847
0.030230
0.029934
0.029793
0.029843
0.030440
0.030406
0.031406
0.031014
0.030709
0.029946
0.030671
0.029773
0.029771
0.030658
0.029975
0.030745
0.029895
0.030082
0.030151
0.029875
0.030051
0.031357
0.029928
0.030267
0.029911
0.030308
0.029877
0.029921
0.030450
0.030103
0.030107
0.030206
0.030107
0.030711
0.030655
0.030603
0.029998
0.029894
0.030113
0.030608
0.030008
0.029846
0.030412
0.029959
0.029850
0.029890
0.030058
0.030096
0.029717
0.031046
0.029905
0.030048
0.029960
0.030077
0.030335
0.029885
0.030266
0.030028
0.030299
0.030039
0.030721
0.030629
0.030526
0.030200
0.030018
0.030605
0.030455
0.030050
0.030731
0.030118
0.030171
0.030523
0.030250
0.030191
0.029913
0.030024
0.030961
0.029928
0.030484
0.029886
0.030297
0.030154
0.030696
0.030621
0.031310
0.031303
0.029945
0.030658
0.031455
0.030254
0.030811
0.031539
0.029918
0.030219
0.029911
0.030174
0.030259
0.029833
0.030015
0.030093
0.030178
0.030622
0.029941
0.030252
0.030086
0.030647
0.030289
0.029886
0.030696
0.030051
0.030177
0.029956
0.030238
0.030798
0.030240
0.029831
0.030320
0.030185
0.030659
0.030669
0.030699
0.030272
0.030930
0.029834
0.030125
0.030654
0.030255
0.030074
0.029964
0.029954
0.030691
0.029881
0.030632
0.030808
0.030055
0.030072
0.030994
0.031189
0.030551
0.030427
0.031527
0.030176
0.030011
0.030198
0.030848
0.030125
0.030225
0.030613
0.030574
0.030653
0.030000
0.030474
0.030096
0.030178
0.030209
0.030353
0.030095
0.030024
0.030204
0.029913
0.030811
0.030400
0.030089
0.030034
0.031020
0.030099
0.029848
0.029984
0.030724
0.030040
0.030578
0.030378
0.029940
0.030399
0.029843
0.030652
0.031533
0.030880
0.031400
0.030242
0.029879
0.029817
0.029913
0.030352
0.030159
0.030582
0.029869
0.029916
0.030037
0.030740
0.029969
0.030534
0.030090
0.030701
0.030273
0.031004
0.030675
0.030388
0.030100
0.030691
0.030834
0.030044
0.031149
0.032079
0.030518
0.030262
0.030126
0.030250
0.029918
0.031340
0.030678
0.031255
0.030364
0.031055
0.031109
0.030289
0.030561
0.029976
0.030327
0.030969
0.030924
0.030230
0.030107
0.030575
0.030355
0.030176
0.030358
0.030743
0.029922
0.030390
0.030315
0.029983
0.030427
0.030161
0.030230
0.030113
0.030110
0.031517
0.030081
0.030360
0.030305
0.029921
0.030817
0.030125
0.029811
0.030356
0.030126
0.030143
0.029925
0.030128
0.030281
0.029944
0.030014
0.029993
0.030041
0.030105
0.030061
0.029986
0.030753
0.030020
0.030256
0.030034
0.030298
0.030093
0.030320
0.029869
0.030172
0.030688
0.029720
0.029997
0.030161
0.029973
0.029839
0.030090
0.030719
0.030632
0.031552
0.030094
0.029841
0.030202
0.030127
0.030237
0.030975
0.030772
0.031176
0.030920
0.030772
0.029859
0.030472
0.030621
0.029812
0.030235
0.031094
0.031157
0.031253
0.031386
0.030608
0.030249
0.030025
0.030000
0.029906
0.030348
0.030166
0.030279
0.031078
0.031261
0.031262
0.030912
0.030337
0.031023
0.030807
0.030000
0.031090
0.031458
0.030881
0.030798
0.030540
0.030450
0.030359
0.029795
0.030634
0.030262
0.030111
0.031226
0.030309
0.031546
0.029830
0.029961
0.029986
0.030284
0.031548
0.031052
0.030149
0.030113
0.030755
0.030217
0.031890
0.030833
0.031046
0.030887
0.030864
0.030889
0.031033
0.031205
0.031112
0.031842
0.030984
0.030239
0.031456
0.031400
0.030395
0.030902
0.030834
0.031604
0.031067
0.030537
0.030513
0.030647
0.030858
0.031028
0.030861
0.031360
0.030049
0.030652
0.030279
0.029974
0.030206
0.030151
0.030432
0.030782
0.030446
0.030913
0.031163
0.030953
0.029797
0.030616
0.030469
0.031186
0.030082
0.030157
0.031129
0.031060
0.031019
0.030612
0.029945
0.030199
0.030517
0.029921
0.030360
0.031182
0.030360
0.030915
0.030153
0.030631
0.030338
0.030276
0.030545
0.031031
0.031145
0.030189
0.031279
0.030797
0.030505
0.031064
0.030313
0.031168
0.030479
0.031320
0.031639
0.030961
0.029980
0.029996
0.030467
0.030107
0.030149
0.030164
0.030584
0.030310
0.030787
0.030368
0.030516
0.030498
0.030153
0.030088
0.031145
0.031478
0.031621
0.030435
0.031282
0.030297
0.031189
0.031569
0.030469
0.031162
0.030346
0.030310
0.031712
0.030640
0.030633
0.030784
0.030431
0.031334
0.030609
0.030319
0.030294
0.031332
0.031759
0.030516
0.031000
0.030183
0.031450
0.030987
0.030900
0.031172
0.030125
0.030439
0.029868
0.030924
0.031131
0.030330
0.030533
0.030516
0.030578
0.030113
0.030940
0.031251
0.030096
0.030332
0.030727
0.030379
0.030293
0.030192
0.030352
0.030334
0.030187
0.030616
0.030619
0.030415
0.030654
0.030586
0.031071
0.030773
0.030878
0.031167
0.030536
0.030484
0.031751
0.030433
0.030499
0.030316
0.030365
0.030689
0.031051
0.030160
0.030997
0.031391
0.030106
0.030318
0.030301
0.030681
0.031021
0.030389
0.030695
0.030644
0.030444
0.030615
0.030718
0.031376
0.031733
0.030490
0.031329
0.030975
0.030532
0.030522
0.030812
0.031128
0.031593
0.030429
0.030611
0.031232
0.030608
0.030003
0.030214
0.031044
0.031039
0.030358
0.030425
0.030117
0.030458
0.031028
0.031175
0.029930
0.031028
0.030365
0.031240
0.031521
0.030346
0.031293
0.030061
0.031119
0.030532
0.030110
0.030226
0.030085
0.030412
0.030252
0.030040
0.029953
0.030111
0.030270
0.030102
0.030130
0.030846
0.030826
0.031120
0.031175
0.030500
0.030686
0.030602
0.031176
0.031642
0.030759
0.031182
0.031558
0.030453
0.030950
0.030337
0.031325
0.030524
0.030267
0.030614
0.030752
0.030632
0.031379
0.030432
0.031795
0.030529
0.030417
0.030935
0.031218
0.031577
0.032218
0.031488
0.032194
0.032509
0.032556
0.032061
0.032741
0.031606
0.031467
0.031367
0.030947
0.030469
0.030482
0.031190
0.031065
0.031410
0.031794
0.031608
0.030819
0.030369
0.031933
0.031659
0.030890
0.030465
0.030567
0.031495
0.031441
0.030554
0.031868
0.030563
0.031046
0.031607
0.030704
0.031876
0.030856
0.031870
0.031314
0.030860
0.030846
0.031089
0.030382
0.032118
0.031379
0.030935
0.031635
0.030627
0.030843
0.030396
0.032034
0.030566
0.030536
0.030663
0.030563
0.030314
0.030537
0.030353
0.031534
0.031478
0.031860
0.030708
0.030656
0.031910
0.031350
0.031035
0.030810
0.030525
0.030885
0.031391
0.030731
0.030708
0.031091
0.030546
0.030670
0.030583
0.031189
0.031483
0.030549
0.030655
0.031184
0.030325
0.031702
0.030236
0.030117
0.031313
0.031408
0.030168
0.030437
0.031226
0.030421
0.030592
0.030706
0.031443
0.032089
0.031182
0.030793
0.030328
0.030701
0.031472
0.031050
0.030324
0.031388
0.031052
0.030857
0.030825
0.031697
0.030522
0.029871
0.030238
0.030427
0.030829
0.029910
0.031096
0.031219
0.030984
0.030284
0.030049
0.030010
0.030003
0.030531
0.030544
0.030938
0.031246
0.029965
0.030114
0.029949
0.030030
0.030097
0.031102
0.030170
0.031127
0.031171
0.030934
0.030741
0.031467
0.030716
0.030024
0.031203
0.030053
0.030444
0.031294
0.030252
0.030361
0.029939
0.030963
0.030914
0.030373
0.030472
0.031314
0.030421
0.030718
0.030483
0.030815
0.030148
0.030036
0.030195
0.030030
0.031135
0.031223
0.030558
0.031017
0.030232
0.029847
0.029817
0.030907
0.030489
0.030543
0.031315
0.030995
0.030058
0.030151
0.029974
0.030113
0.031473
0.030896
0.030141
0.031825
0.031576
0.030879
0.030615
0.031579
0.030444
0.030491
0.030973
0.031860
0.030970
0.030905
0.031529
0.032015
0.031126
0.032224
0.033925
0.032715
0.032891
0.033836
0.033128
0.032610
0.032024
0.031764
0.032510
0.031650
0.031779
0.031755
0.031216
0.031944
0.030519
0.031206
0.031804
0.030391
0.031726
0.031671
0.030367
0.031394
0.030468
0.031393
0.030725
0.031529
0.030822
0.030334
0.031388
0.031102
0.030980
0.030875
0.031510
0.031070
0.030512
0.030910
0.030181
0.030382
0.030134
0.030150
0.031100
0.030702
0.030146
0.030791
0.030342
0.030033
0.030177
0.030901
0.030067
0.030261
0.030042
0.030320
0.030049
0.030201
0.029973
0.030035
0.029977
0.030033
0.029969
0.030116
0.030458
0.030471
0.030851
0.030648
0.031031
0.030776
0.030691
0.031682
0.031036
0.031817
0.031783
0.031408
0.031369
0.031615
0.031674
0.032769
0.031668
0.032236
0.032432
0.032273
0.032238
0.031729
0.031594
0.031339
0.031307
0.031393
0.031847
0.030988
0.031138
0.031657
0.030673
0.030942
0.030711
0.031510
0.031187
0.030934
0.030538
0.031564
0.030468
0.030983
0.030900
0.030593
0.031335
0.030658
0.030952
0.031142
0.030346
0.030532
0.030365
0.031528
0.030449
0.030247
0.031507
0.030859
0.030347
0.031341
0.030552
0.031731
0.030988
0.031028
0.030860
0.030339
0.030864
0.031645
0.031229
0.031321
0.030567
0.031666
0.030540
0.030316
0.030495
0.030696
0.031409
0.031718
0.031722
0.031653
0.031611
0.031743
0.032310
0.032068
0.032826
0.032055
0.030814
0.031579
0.031122
0.031230
0.030767
0.032508
0.031856
0.030832
0.031392
0.030976
0.031882
0.030707
0.030572
0.030745
0.030800
0.031640
0.030536
0.030407
0.031644
0.030833
0.031265
0.030462
0.030200
0.030613
0.030572
0.031530
0.030403
0.030821
0.031125
0.031001
0.030319
0.031030
0.032287
0.030675
0.030457
0.030922
0.030784
0.030704
0.031480
0.031061
0.031579
0.030684
0.030686
0.031526
0.030465
0.030965
0.030533
0.030420
0.030861
0.031355
0.030391
0.031562
0.030527
0.031245
0.030856
0.030400
0.030972
0.031245
0.030348
0.031863
0.030859
0.030566
0.030250
0.030799
0.031183
0.030118
0.030645
0.030815
0.031486
0.030348
0.030450
0.030683
0.030189
0.030678
0.030515
0.030181
0.029885
0.030212
0.030025
0.030193
0.031119
0.030339
0.030102
0.030211
0.030723
0.030001
0.030037
0.030482
0.030062
0.031752
0.031266
0.029951
0.031331
0.030051
0.030079
0.030717
0.030477
0.030661
0.030313
0.031271
0.030047
0.030922
0.030375
0.031610
0.030620
0.030269
0.031615
0.030448
0.031391
0.030785
0.030990
0.031087
0.031132
0.031291
0.030738
0.031025
0.031093
0.031841
0.031381
0.030160
0.030590
0.031319
0.030351
0.031084
0.030338
0.030138
0.030046
0.030544
0.030487
0.030246
0.030102
0.030121
0.030077
0.030001
0.030943
0.029995
0.030903
0.030152
0.030511
0.030166
0.030646
0.030585
0.030645
0.030033
0.031363
0.030362
0.030270
0.030156
0.030810
0.031294
0.031966
0.030860
0.030413
0.030528
0.031139
0.030418
0.031417
0.030586
0.030478
0.030659
0.031126
0.031233
0.031608
0.032197
0.032206
0.031326
0.032086
0.033379
0.031782
0.032093
0.031975
0.030712
0.030828
0.031710
0.030355
0.031604
0.031465
0.031574
0.030696
0.031294
0.030518
0.031046
0.030309
0.030430
0.030703
0.030501
0.031175
0.030496
0.030391
0.031164
0.031754
0.030318
0.031013
0.031335
0.030508
0.031114
0.031227
0.031100
0.030979
0.031206
0.030918
0.030588
0.030507
0.031215
0.031522
0.032171
0.031630
0.032807
0.031083
0.031786
0.031561
0.031125
0.030980
0.031941
0.031997
0.031190
0.031361
0.030744
0.030512
0.031316
0.031368
0.030955
0.030511
0.031351
0.031171
0.030806
0.031575
0.030870
0.030574
0.030898
0.030646
0.031654
0.031875
0.031284
0.031134
0.031035
0.031010
0.031734
0.030666
0.031656
0.031355
0.033266
0.030601
0.030743
0.031533
0.031109
0.031301
0.030582
0.031062
0.031465
0.030742
0.031369
0.031889
0.030237
0.030332
0.030161
0.031458
0.031186
0.031368
0.031268
0.030823
0.030600
0.030646
0.031194
0.031060
0.030678
0.031115
0.031111
0.031025
0.030456
0.030231
0.031290
0.031901
0.030549
0.030780
0.030627
0.031189
0.031010
0.031661
0.032088
0.031314
0.030504
0.030127
0.030414
0.030554
0.030628
0.031251
0.030535
0.031406
0.031632
0.031234
0.030583
0.031017
0.030418
0.031145
0.030200
0.031079
0.030206
0.031243
0.030328
0.031630
0.031401
0.031241
0.031572
0.031995
0.030866
0.031902
0.030834
0.030206
0.031337
0.030338
0.029839
0.030135
0.031162
0.030042
0.030631
0.029902
0.031282
0.031206
0.030789
0.030979
0.031139
0.030987
0.029805
0.030691
0.030355
0.030700
0.030171
0.030059
0.031489
0.030667
0.030435
0.030447
0.030627
0.031650
0.031074
0.030322
0.031223
0.031010
0.031124
0.029943
0.031225
0.029927
0.029721
0.030539
0.030588
0.031081
0.031467
0.029912
0.030006
0.030319
0.029974
0.031227
0.031079
0.030368
0.030055
0.030053
0.030595
0.030351
0.030495
0.030621
0.030730
0.031860
0.030958
0.030277
0.030056
0.029874
0.030724
0.030722
0.030237
0.030676
0.030309
0.031062
0.031175
0.030866
0.030943
0.031352
0.030775
0.030904
0.030014
0.031116
0.030628
0.030358
0.030553
0.031182
0.029881
0.030545
0.031140
0.030620
0.030691
0.031500
0.030865
0.030619
0.030046
0.030909
0.031153
0.029983
0.029948
0.030002
0.030206
0.029862
0.030057
0.029987
0.030135
0.029814
0.030147
0.029841
0.030034
0.029972
0.029900
0.030199
0.030605
0.030739
0.030677
0.031550
0.030980
0.030965
0.031624
0.030007
0.030430
0.030521
0.031061
0.029800
0.030147
0.030875
0.030001
0.030205
0.030042
0.030618
0.030709
0.029722
0.030834
0.030734
0.030050
0.030121
0.030861
0.031172
0.030834
0.030076
0.029937
0.031324
0.030713
0.030233
0.031617
0.031236
0.031126
0.031297
0.030003
0.029954
0.030213
0.031048
0.030607
0.030055
0.031306
0.030032
0.031054
0.030399
0.029990
0.030194
0.030169
0.031116
0.030572
0.030583
0.030415
0.030926
0.030220
0.030872
0.030763
0.029872
0.029993
0.030135
0.030732
0.030498
0.029986
0.029992
0.029955
0.030516
0.030058
0.029808
0.030839
0.030509
0.030582
0.030702
0.030470
0.030301
0.030712
0.030210
0.031162
0.029751
0.030622
