0.001243
0.030046
0.030170
0.029863
0.030022
0.031180
0.029890
0.030016
0.029997
0.029996
0.030512
0.030075
0.030064
0.030547
0.031434
0.031604
0.030867
0.030808
0.030394
0.029960
0.031197
0.030304
0.030178
0.030706
0.030231
0.030208
0.030414
0.030566
0.031889
0.030563
0.030428
0.030760
0.030025
0.030090
0.030247
0.030743
0.029742
0.030548
0.030934
0.030390
0.030979
0.030874
0.029946
0.030168
0.031473
0.030898
0.029886
0.030678
0.030083
0.029930
0.029936
0.029992
0.030083
0.030654
0.031396
0.029988
0.030704
0.030038
0.031459
0.031051
0.031158
0.030047
0.030323
0.030035
0.030298
0.030511
0.031110
0.030432
0.030595
0.031534
0.030119
0.031018
0.031114
0.030405
0.030691
0.030377
0.031206
0.030627
0.030824
0.030602
0.030109
0.030071
0.030515
0.030135
0.030680
0.031004
0.030296
0.029852
0.029944
0.030064
0.030692
0.030166
0.031308
0.030763
0.031019
0.030614
0.030908
0.030430
0.031508
0.030221
0.030170
0.030241
0.030348
0.030074
0.029998
0.030669
0.031286
0.030856
0.031173
0.030021
0.030840
0.029984
0.029971
0.032426
0.030406
0.030998
0.031389
0.030946
0.030075
0.030299
0.031048
0.031313
0.030363
0.031018
0.029864
0.032083
0.029947
0.029988
0.030715
0.030070
0.030068
0.030238
0.030719
0.030068
0.029962
0.031448
0.030152
0.030386
0.029795
0.030012
0.030380
0.030766
0.030649
0.031245
0.030396
0.030897
0.030805
0.031194
0.030590
0.030548
0.032249
0.030709
0.029893
0.031342
0.030157
0.030760
0.030418
0.030181
0.030725
0.031252
0.031602
0.031724
0.030069
0.030834
0.031115
0.030225
0.030089
0.030133
0.030821
0.030948
0.030227
0.030361
0.030174
0.030499
0.031123
0.030161
0.029953
0.029882
0.030166
0.030774
0.029988
0.029945
0.030098
0.030179
0.029993
0.030031
0.031153
0.029788
0.030248
0.030384
0.030511
0.030345
0.030921
0.029898
0.031239
0.030996
0.030676
0.030042
0.029927
0.030064
0.031097
0.030045
0.029931
0.030062
0.030603
0.031083
0.030796
0.030966
0.030883
0.030779
0.029991
0.029917
0.030381
0.030179
0.031193
0.031082
0.031267
0.030290
0.031145
0.030490
0.030495
0.031754
0.030659
0.031999
0.030205
0.030402
0.030747
0.030945
0.030721
0.030206
0.030531
0.030665
0.030253
0.031066
0.030937
0.030491
0.031384
0.030244
0.030961
0.030855
0.030232
0.029883
0.031735
0.029908
0.030180
0.029936
0.030183
0.030845
0.031439
0.029961
0.030086
0.030123
0.030588
0.030676
0.030229
0.030882
0.029906
0.029852
0.030112
0.030333
0.030902
0.030081
0.030250
0.030854
0.030841
0.030396
0.030821
0.030472
0.030981
0.030301
0.029954
0.030712
0.030487
0.029993
0.030319
0.031427
0.029774
0.029785
0.029869
0.030436
0.029814
0.029787
0.029827
0.030149
0.030102
0.030129
0.030006
0.030946
0.030432
0.030925
0.030046
0.030679
0.030495
0.030136
0.029876
0.029973
0.030492
0.030050
0.031237
0.029934
0.032077
0.029886
0.030080
0.030048
0.029843
0.030244
0.029985
0.031336
0.029875
0.030282
0.030132
0.030832
0.030294
0.029904
0.030611
0.030210
0.029932
0.029932
0.030988
0.029825
0.029734
0.029909
0.031005
0.030131
0.030128
0.031571
0.030733
0.030275
0.031408
0.030503
0.030247
0.030223
0.030949
0.031625
0.030131
0.030100
0.030112
0.030664
0.030595
0.030005
0.030005
0.030218
0.030103
0.030135
0.030494
0.030871
0.031122
0.029975
0.031137
0.030136
0.030016
0.030224
0.030177
0.031046
0.030024
0.030036
0.029999
0.030164
0.030228
0.030251
0.030726
0.031227
0.031349
0.032119
0.030159
0.030642
0.030351
0.030427
0.030247
0.031135
0.030831
0.030226
0.029963
0.030183
0.030781
0.031410
0.030143
0.030194
0.031432
0.030062
0.030493
0.030820
0.030779
0.030056
0.030412
0.030033
0.030125
0.031514
0.030733
0.031255
0.030198
0.031215
0.030518
0.030644
0.029772
0.030063
0.030121
0.030266
0.030543
0.030346
0.030171
0.031565
0.030409
0.030176
0.030945
0.030893
0.030084
0.029894
0.029798
0.030156
0.030822
0.030217
0.030970
0.030576
0.029887
0.030164
0.031211
0.029953
0.031149
0.029824
0.031046
0.030153
0.030119
0.031306
0.030247
0.030517
0.030405
0.030073
0.030705
0.030839
0.030594
0.030110
0.029959
0.030180
0.030313
0.030207
0.030445
0.032643
0.031802
0.030128
0.029772
0.029801
0.029955
0.030598
0.030181
0.030099
0.030884
0.029984
0.030619
0.029946
0.030926
0.030977
0.030344
0.030631
0.030154
0.030357
0.030253
0.031347
0.030123
0.030028
0.030335
0.030275
0.030813
0.031451
0.030258
0.030189
0.029975
0.029991
0.029959
0.030040
0.030063
0.030089
0.030032
0.030585
0.030394
0.030883
0.030653
0.029830
0.029903
0.030266
0.031222
0.030920
0.030076
0.030140
0.030280
0.030839
0.031003
0.030697
0.030462
0.031194
0.030353
0.030915
0.031488
0.030271
0.030297
0.031143
0.030010
0.030481
0.029996
0.030943
0.031105
0.029788
0.030996
0.030004
0.031288
0.030223
0.030060
0.029785
0.030529
0.030683
0.030255
0.030825
0.030323
0.030644
0.030063
0.030976
0.030523
0.031128
0.030755
0.031104
0.029951
0.029956
0.031202
0.030122
0.029999
0.030129
0.030116
0.030876
0.031169
0.030290
0.030408
0.030227
0.030066
0.030346
0.030167
0.030435
0.030270
0.030413
0.030270
0.030636
0.030248
0.030347
0.031127
0.030117
0.031614
0.030071
0.030487
0.030382
0.030293
0.030169
0.031542
0.030298
0.030190
0.030310
0.031579
0.030597
0.030421
0.030469
0.030498
0.031177
0.030366
0.031172
0.030472
0.030909
0.030439
0.030353
0.031230
0.031280
0.031500
0.030338
0.031473
0.031339
0.030657
0.031176
0.030331
0.030617
0.030398
0.030389
0.030010
0.031190
0.030528
0.031521
0.031631
0.030664
0.030401
0.030531
0.031938
0.031848
0.031078
0.030495
0.030482
0.030959
0.030466
0.030620
0.030367
0.030565
0.031063
0.030537
0.030453
0.030390
0.031863
0.030282
0.030442
0.031752
0.030444
0.030635
0.031475
0.030613
0.030565
0.030691
0.030496
0.030475
0.031010
0.031122
0.030571
0.030251
0.030542
0.031885
0.030728
0.031694
0.030704
0.030420
0.030366
0.030664
0.030445
0.030507
0.030611
0.031616
0.030604
0.031571
0.030336
0.031539
0.030374
0.031446
0.030527
0.030542
0.030667
0.032451
0.032144
0.030877
0.030816
0.030490
0.032757
0.030329
0.030714
0.030517
0.031375
0.030484
0.030224
0.031397
0.030460
0.031307
0.031275
0.030399
0.030507
0.030576
0.031213
0.030564
0.030408
0.031430
0.030606
0.031713
0.031747
0.031861
0.031751
0.030595
0.030406
0.030766
0.031139
0.031269
0.031506
0.030812
0.030510
0.030538
0.030620
0.030939
0.030635
0.030747
0.030623
0.031326
0.031893
0.030582
0.030842
0.031130
0.031070
0.031856
0.031292
0.031540
0.030946
0.031001
0.031531
0.030931
0.032043
0.031194
0.031031
0.030710
0.031188
0.032108
0.031801
0.030807
0.030701
0.032120
0.030995
0.030802
0.030877
0.032369
0.031107
0.031089
0.032454
0.032308
0.031309
0.032301
0.031650
0.032048
0.032538
0.031047
0.031278
0.032128
0.032163
0.031109
0.031610
0.032753
0.032169
0.031148
0.032001
0.031528
0.030892
0.032516
0.031986
0.031051
0.031072
0.031034
0.030967
0.031083
0.031026
0.031143
0.031059
0.032005
0.030912
0.030732
0.030881
0.031897
0.031528
0.030658
0.032032
0.030972
0.030930
0.032013
0.030669
0.030955
0.030731
0.030582
0.031259
0.031046
0.030922
0.030795
0.030997
0.030866
0.031964
0.031361
0.031774
0.032071
0.031241
0.030921
0.030940
0.031211
0.030812
0.031497
0.030846
0.032112
0.031091
0.031078
0.031600
0.031070
0.030801
0.030990
0.031092
0.031335
0.030682
0.031577
0.031703
0.030802
0.031764
0.031885
0.031257
0.031462
0.031336
0.031673
0.030949
0.031987
0.030852
0.032382
0.032155
0.030895
0.031623
0.031543
0.031480
0.030837
0.031326
0.031834
0.030605
0.030711
0.030855
0.031647
0.030592
0.031520
0.030595
0.030952
0.030885
0.031094
0.030778
0.030543
0.030716
0.030863
0.031819
0.030658
0.030611
0.031941
0.031258
0.031222
0.031845
0.031534
0.032076
0.033044
0.032272
0.031545
0.031460
0.031368
0.031779
0.031618
0.032645
0.032016
0.032811
0.032353
0.033236
0.033304
0.032002
0.032284
0.032673
0.031582
0.031984
0.031965
0.032697
0.032537
0.032966
0.032784
0.031798
0.031350
0.031674
0.031470
0.031293
0.032829
0.031476
0.031401
0.032251
0.032838
0.031975
0.031619
0.031969
0.031784
0.031431
0.032834
0.032211
0.032354
0.032093
0.032755
0.033218
0.032218
0.032508
0.031415
0.031541
0.032338
0.031534
0.031557
0.031240
0.031800
0.031887
0.032181
0.031543
0.031349
0.031774
0.031613
0.032772
0.031444
0.032657
0.032213
0.031293
0.032506
0.031031
0.031183
0.032690
0.031384
0.031599
0.031777
0.030949
0.030907
0.031136
0.032129
0.030972
0.031403
0.031321
0.031201
0.030948
0.032824
0.031634
0.032872
0.032118
0.032056
0.031623
0.031558
0.031904
0.031654
0.032939
0.031515
0.031821
0.031620
0.031520
0.032610
0.031293
0.032677
0.031369
0.031650
0.031515
0.030863
0.031708
0.030995
0.031103
0.030951
0.032380
0.031514
0.032120
0.031461
0.032063
0.031155
0.031590
0.031891
0.031575
0.032585
0.032242
0.030288
0.030385
0.031056
0.030199
0.030588
0.030341
0.031239
0.030322
0.030484
0.030485
0.030473
0.030455
0.030621
0.030746
0.031195
0.031000
0.031645
0.032199
0.031198
0.031357
0.031099
0.031041
0.031587
0.032007
0.031485
0.031075
0.031510
0.031268
0.032593
0.031127
0.032855
0.031311
0.031269
0.031342
0.031261
0.031180
0.032131
0.031163
0.031396
0.030929
0.030936
0.032041
0.030971
0.031096
0.031106
0.031196
0.031810
0.031145
0.030965
0.032446
0.031131
0.031173
0.031253
0.031322
0.031826
0.031128
0.030951
0.031059
0.030917
0.031326
0.030939
0.031261
0.030963
0.030864
0.031418
0.030908
0.031530
0.031276
0.030744
0.030919
0.030817
0.030928
0.031145
0.031534
0.031113
0.030819
0.030928
0.031439
0.031046
0.030944
0.031834
0.031462
0.030865
0.030989
0.032655
0.031146
0.031722
0.031446
0.030921
0.031572
0.031184
0.031849
0.032848
0.030876
0.031022
0.031164
0.031398
0.031924
0.030932
0.031648
0.032376
0.031101
0.031771
0.030972
0.031402
0.031114
0.031417
0.032182
0.031253
0.031863
0.031101
0.031339
0.031758
0.031486
0.031483
0.031850
0.031752
0.031397
0.031255
0.031420
0.031130
0.031251
0.032006
0.030807
0.031670
0.031052
0.031681
0.031033
0.030944
0.030471
0.030645
0.031107
0.030651
0.031669
0.031121
0.030424
0.030285
0.030363
0.030404
0.031132
0.031185
0.031718
0.030275
0.031249
0.030316
0.030694
0.030937
0.030487
0.031014
0.031143
0.030878
0.030811
0.030610
0.031091
0.030667
0.030938
0.031321
0.031048
0.031113
0.030674
0.031571
0.030725
0.031648
0.031717
0.030828
0.030887
0.031606
0.030681
0.030855
0.030895
0.031237
0.030850
0.030873
0.030929
0.031151
0.031163
0.030912
0.031016
0.031113
0.030866
0.031570
0.032586
0.031920
0.030915
0.031202
0.030748
0.030886
0.031047
0.030957
0.030737
0.031001
0.031163
0.030655
0.030537
0.030572
0.030439
0.030745
0.030817
0.030965
0.030397
0.030751
0.030707
0.030546
0.030778
0.030746
0.030733
0.030955
0.030791
0.030922
0.030824
0.030815
0.031134
0.030869
0.031017
0.031164
0.031520
0.031825
0.031833
0.030890
0.031095
0.031279
0.030840
0.032222
0.031027
0.031593
0.030920
0.031268
0.031472
0.031456
0.031162
0.031054
0.031086
0.030744
0.030967
0.031014
0.031039
0.031218
0.032123
0.030702
0.030851
0.031605
0.031411
0.031051
0.030785
0.030758
0.031053
0.031078
0.030820
0.030840
0.030856
0.031058
0.031110
0.031594
0.030941
0.030845
0.030793
0.030950
0.030837
0.030392
0.030666
0.030821
0.031342
0.031440
0.031349
0.031667
0.032196
0.033272
0.030616
0.030347
0.030183
0.030273
0.030500
0.030891
0.031183
0.030881
0.031147
0.031239
0.031212
0.031283
0.032198
0.031570
0.031830
0.032052
0.031925
0.032019
0.031596
0.031605
0.031404
0.031645
0.031731
0.032074
0.032365
0.031720
0.031357
0.031112
0.031034
0.031293
0.031145
0.031328
0.032642
0.031171
0.031159
0.031696
0.032073
0.031231
0.031184
0.031282
0.031384
0.031207
0.031658
0.031311
0.031521
0.032032
0.031445
0.033111
0.031120
0.031196
0.031205
0.032520
0.030917
0.031552
0.031616
0.031469
0.031468
0.031407
0.031203
0.031592
0.032210
0.030954
0.031214
0.031238
0.031189
0.031095
0.031087
0.030987
0.030968
0.037382
0.034974
0.032396
0.031173
0.031834
0.030431
0.030407
0.030484
0.030639
0.030457
0.030374
0.030023
0.030375
0.031707
0.030076
0.031086
0.030895
0.030480
0.030842
0.030570
0.031486
0.030451
0.030553
0.030385
0.030479
0.030523
0.030703
0.030921
0.031380
0.032077
0.030675
0.030486
0.030503
0.030226
0.030510
0.030434
0.030699
0.030483
0.031055
0.031343
0.031283
0.030566
0.030469
0.030562
0.030334
0.030376
0.030375
0.030547
0.031157
0.030343
0.030449
0.030488
0.031459
0.031721
0.031765
0.030371
0.031806
0.030676
0.030600
0.030629
0.030383
0.030239
0.030264
0.030511
0.031067
0.029982
0.029977
0.029955
0.029940
0.029999
0.030045
0.029842
0.030036
0.030072
0.029903
0.029824
0.029973
0.030654
0.030724
0.030482
0.029981
0.030224
0.030110
0.030208
0.029996
0.029833
0.029879
0.029850
0.030085
0.029906
0.030183
0.030066
0.030394
0.030512
0.030686
0.030011
0.029995
0.030596
0.030755
0.031035
0.034372
0.030318
0.030086
0.031745
0.030191
0.030163
0.029824
0.031364
0.030618
0.031044
0.031216
0.030464
0.031541
0.031943
0.030346
0.030668
0.030661
0.030491
0.031368
0.030370
0.030561
0.031265
0.030499
0.030394
0.030558
0.030554
0.030463
0.030608
0.031737
0.030972
0.031097
0.031363
0.030636
0.030189
0.030525
0.030723
0.030654
0.030486
0.029957
0.030524
0.030418
0.030001
0.029963
0.030307
0.029920
0.030860
0.030623
0.030162
0.030078
0.030102
0.031307
0.030224
0.030597
0.031349
0.030812
0.030328
0.030376
0.030129
0.030851
0.029785
0.030096
0.030183
0.030124
0.032403
0.031502
0.031704
0.031017
0.031264
0.030962
0.030789
0.030265
0.030333
0.030215
0.030398
0.030128
0.030365
0.030233
0.031180
0.030640
0.030529
0.030147
0.030147
0.030890
0.030459
0.030290
0.031620
0.030551
0.030394
0.030341
0.030556
0.030573
0.030682
0.030399
0.031494
0.030556
0.030697
0.030666
0.030728
0.030492
0.030606
0.031654
0.030561
0.030595
0.031420
0.032216
0.030872
0.030584
0.030576
0.032071
0.030588
0.030742
0.031312
0.030553
0.030441
0.030693
0.030678
0.030479
0.030662
0.030942
0.030710
0.031178
0.030798
0.031841
0.030925
0.030961
0.032121
0.031073
0.031041
0.032500
0.031270
0.031193
0.031218
0.030553
0.031637
0.030505
0.030485
0.030706
0.030986
0.030233
0.030852
0.031093
0.030985
0.030453
0.030650
0.030923
0.030402
0.030094
0.031465
0.030242
0.030489
0.030488
0.030421
0.030190
0.030812
0.032406
0.030484
0.030679
0.030192
0.030284
0.030552
0.030684
0.030636
0.030219
0.030928
0.030526
0.032091
0.031042
0.030663
0.030996
0.031641
0.031016
0.031258
0.032277
0.033123
0.032602
0.032903
0.032604
0.033182
0.032905
0.033742
0.032138
0.032880
0.032146
0.032113
0.031957
0.031912
0.031635
0.031756
0.031729
0.030870
0.030554
0.031830
0.030298
0.030584
0.030691
0.030747
0.030758
0.031291
0.030398
0.031085
0.031855
0.030332
0.031584
0.031404
0.031126
0.031488
0.030353
0.031232
0.030971
0.030689
0.030413
0.030513
0.030839
0.031651
0.031072
0.031383
0.030972
0.030517
0.030515
0.030266
0.030181
0.030414
0.030314
0.031302
0.030252
0.030572
0.030827
0.031140
0.030407
0.029913
0.030710
0.030992
0.031691
0.034159
0.037992
0.037861
0.036327
0.037094
0.036775
0.036397
0.035790
0.036171
0.033652
0.033673
0.031396
0.036518
0.032348
0.031441
0.031026
0.032179
0.035031
0.032125
0.030959
0.030384
0.031123
0.031632
0.030853
0.030565
0.030683
0.030777
0.030372
0.031548
0.030381
0.030738
0.031574
0.030243
0.030426
0.030405
0.030357
0.030881
0.030380
0.030021
0.030059
0.030198
0.030913
0.030308
0.029853
0.029905
0.030035
0.030175
0.030670
0.030149
0.030513
0.030514
0.030433
0.031093
0.030541
0.030181
0.030496
0.030513
0.030568
0.030723
0.030506
0.030259
0.030362
0.031580
0.030109
0.030120
0.031016
0.030484
0.032107
0.030266
0.030172
0.032008
0.030601
0.030225
0.030574
0.030650
0.030272
0.031213
0.030933
0.031682
0.030396
0.031509
0.030453
0.030245
0.030598
0.030322
0.030754
0.030292
0.031734
0.030249
0.030139
0.031938
0.031892
0.032679
0.033888
0.030858
0.030622
0.030290
0.030352
0.030389
0.030322
0.030536
0.030395
0.030144
0.030310
0.030248
0.030229
0.030926
0.030158
0.030024
0.030517
0.030470
0.030189
0.030201
0.030107
0.030040
0.030070
0.029876
0.030429
0.030470
0.030839
0.030811
0.030050
0.029876
0.030388
0.029973
0.029905
0.030171
0.029874
0.030901
0.029909
0.029906
0.029799
0.029910
0.029984
0.030404
0.030328
0.029977
0.031046
0.029862
0.030153
0.029974
0.029870
0.030193
0.030911
0.030782
0.030397
0.029949
0.030416
0.029781
0.030198
0.030529
0.030098
0.030029
0.030033
0.030655
0.029924
0.030854
0.030093
0.031117
0.030452
0.029714
0.030700
0.030349
0.030194
0.030440
0.030024
0.029874
0.029961
0.030230
0.030601
0.031289
0.030104
0.030419
0.030226
0.030179
0.030032
0.031399
0.030044
0.030286
0.030133
0.030093
0.030075
0.030992
0.029908
0.030171
0.030317
0.030041
0.030242
0.030352
0.030168
0.030137
0.030010
0.030307
0.030066
0.030414
0.030465
0.031032
0.030178
0.030649
0.029872
0.029915
0.030397
0.030608
0.029952
0.029989
0.030163
0.029810
0.030451
0.029847
0.029870
0.029836
0.030284
0.029865
0.030878
0.029923
0.030232
0.030753
0.030044
0.030529
0.030573
0.030293
0.030399
0.030210
0.030197
0.030059
0.030168
0.029778
0.029958
0.029875
0.029972
0.030089
0.030131
0.030119
0.030252
0.030240
0.029896
0.029905
0.030098
0.030302
0.030334
0.030054
0.030106
0.029904
0.029863
0.030078
0.031583
0.030175
0.030364
0.030006
0.030160
0.030567
0.029920
0.030662
0.030185
0.031166
0.030340
0.029742
0.030200
0.030106
0.030584
0.029781
0.029980
0.030676
0.029806
0.030175
0.030382
0.029984
0.030026
0.031525
0.030125
0.030869
0.031168
0.030253
0.030388
0.030264
0.030568
0.030369
0.030409
0.031270
0.030312
0.029812
0.030102
0.030286
0.029964
0.030007
0.029905
0.029821
0.031232
0.030080
0.030008
0.030081
0.029923
0.031615
0.029714
0.030440
0.030292
0.029999
0.030098
0.031509
0.030155
0.030263
0.030798
0.029948
0.030427
0.030024
0.030840
0.031333
0.030152
0.030046
0.030817
0.029953
0.030861
0.031313
0.030788
0.029834
0.030504
0.030077
0.030443
0.030069
0.030627
0.030226
0.030906
0.029918
0.030950
0.029761
0.029946
0.030738
0.029849
0.029969
0.030483
0.030666
0.030071
0.030016
0.030278
0.030169
0.029935
0.029877
0.030859
0.031268
0.029888
0.030566
0.030037
0.029783
0.030335
0.030922
0.031140
0.029796
0.030118
0.030122
0.031359
0.030144
0.030259
0.029723
0.030755
0.029881
0.030467
0.030122
0.030180
0.030912
0.029904
0.030140
0.032133
0.031861
0.030302
0.030500
0.030431
0.031072
0.030510
0.030429
0.031178
0.031201
0.030825
0.031192
0.029823
0.029773
0.030062
0.030011
0.029911
0.030958
0.029886
0.031082
0.031054
0.030305
0.030121
0.029876
0.030735
0.030093
0.029864
0.030091
0.031183
0.029999
0.030057
0.030109
0.030335
0.029954
0.030018
0.030262
0.029962
0.030044
0.029878
0.030207
0.029795
0.030076
0.030029
0.030031
0.029824
0.030738
0.029854
0.029816
0.029797
0.029740
0.029756
0.030337
0.029759
0.030279
0.029820
0.030272
0.030849
0.030404
0.030207
0.029872
0.030057
0.029988
0.030155
0.030541
0.029987
0.029827
0.029810
0.029858
0.029886
0.030109
0.030202
0.029873
0.029860
0.030611
0.030652
0.029916
0.030044
0.030990
0.030263
0.029839
0.029960
0.030371
0.030186
0.030880
0.029927
0.029926
0.030251
0.030567
0.030008
0.030064
0.030646
0.030466
0.031204
0.029971
0.029951
0.029993
0.030927
0.029988
0.029957
0.029872
0.030190
0.029809
0.029784
0.030726
0.032247
0.030218
0.030805
0.030905
0.030328
0.030128
0.029807
0.029890
0.030314
0.030013
0.029963
0.029879
0.029870
0.030955
0.029853
0.030590
0.029799
0.030878
0.029880
0.030431
0.029986
0.030709
0.029894
0.029846
0.030008
0.029788
0.031329
0.031551
0.031144
0.030491
0.030728
0.029869
0.029896
0.030240
0.029982
0.030795
0.029932
0.029649
0.030355
0.030196
0.031198
0.030314
0.030617
0.030700
0.029730
0.029834
0.029914
0.030281
0.029820
0.030075
0.030711
0.030169
0.029680
0.031157
0.030072
0.030831
0.031115
0.030103
0.030508
0.029678
0.030021
0.029847
0.030229
0.029690
0.029837
0.030620
0.030600
0.029857
0.030637
0.029930
0.030896
0.030879
0.030259
0.029907
0.029991
0.029959
0.029929
0.029762
0.029874
0.030223
0.031764
0.029814
0.031009
0.029910
0.029869
0.030261
0.031042
0.030965
0.030056
0.030841
0.029844
0.029959
0.029834
0.030780
0.030043
0.029995
0.030770
0.030014
0.029802
0.030029
0.030006
0.030799
0.030504
0.029904
0.030108
