658.000000,352.000000,50.000000,63.000000
654.611139,353.238430,49.218121,64.577095
647.933601,354.622707,48.604752,64.548866
638.427132,357.695457,50.423325,63.476730
629.769657,359.078854,50.313560,63.113594
623.000053,359.728516,49.876633,63.918640
619.068638,361.202549,49.746788,63.010277
615.345139,360.424664,48.700043,63.086098
612.588516,360.191656,49.343842,62.871113
611.580215,360.843346,49.439697,62.467239
611.324451,363.258778,49.264671,61.462669
606.241804,366.032356,48.798252,60.696457
600.646997,366.743389,48.647717,61.394386
598.045568,367.334303,49.134052,61.525181
600.200855,366.154501,48.800987,61.259693
602.081478,365.519676,48.873299,61.169510
601.355503,363.960415,48.929192,61.631325
600.010313,361.451077,49.002689,62.112038
598.290815,358.193853,49.598240,62.863239
600.490545,356.653610,49.311207,62.279449
602.068439,355.415688,49.341698,62.106308
603.571527,355.004213,49.687542,62.147701
605.002428,354.984566,49.791775,62.056107
605.853567,355.434462,49.881123,62.066532
607.068151,355.567699,50.448322,62.207008
607.124954,355.886463,51.113281,63.100456
606.995623,356.150822,51.725826,64.041252
606.605118,356.351761,52.257751,64.918304
606.536167,356.778759,52.377678,65.278603
608.028259,358.374851,52.554230,65.477898
608.673323,359.854847,52.714664,66.075462
609.883480,360.613304,53.182533,67.027298
611.437502,361.946510,53.656460,67.767227
613.633738,363.916206,53.624950,68.776779
615.032280,366.679226,54.527878,69.056252
615.465376,367.212376,55.065495,70.183006
616.550858,368.287209,55.326080,70.690445
615.421280,369.298080,56.332031,70.713684
617.523151,368.744896,55.972008,71.825699
619.572552,368.207684,56.205482,72.027931
623.239223,367.824013,55.699867,72.060623
624.120043,367.649796,56.391293,72.108521
623.713861,366.508293,57.376019,71.845993
624.045437,367.020775,56.884804,71.665176
622.468218,367.859463,57.004604,70.458443
621.850510,369.076691,56.659332,68.744141
620.066156,370.047588,57.411388,68.752815
622.174896,369.725788,56.510834,68.617393
624.440491,367.897652,56.648285,69.252029
625.849960,364.533939,56.576141,69.378136
627.392130,361.662991,56.523327,69.436775
627.570805,358.236225,56.885796,69.473442
627.607784,354.642109,56.954201,68.433098
627.954277,350.391449,57.175766,67.257996
628.055014,344.788658,57.766499,67.029709
628.376705,340.827576,57.668739,66.705017
628.281294,335.102589,57.400517,67.206566
628.973612,331.564507,57.278790,66.587265
627.622919,327.324883,57.910107,66.468002
625.825329,323.244835,57.864693,65.853165
623.867422,319.631298,57.690540,65.117683
621.447353,317.908247,57.779243,63.154850
617.709965,315.732292,57.965416,62.364426
614.938248,313.270357,58.136414,61.136898
612.123409,310.187357,57.981697,60.011730
610.360130,306.557587,58.185226,59.480347
608.090673,302.705236,58.311909,60.749958
605.281046,297.952641,58.848949,62.000420
601.792221,292.589424,60.021088,63.178146
600.753902,286.676916,58.833412,63.273212
601.119545,280.999392,58.300339,63.531338
600.903351,277.044689,58.282349,64.680519
598.904242,273.848080,58.413258,65.387764
597.773634,271.701313,58.273075,65.563194
595.606190,271.277908,58.995506,66.482666
595.492525,270.028358,58.717861,66.769882
596.259071,271.169926,58.173782,67.183006
597.958649,272.007481,57.585602,66.713463
600.322098,273.066849,57.736969,66.449768
603.506891,273.746212,58.014538,65.875008
605.972954,273.195816,57.209641,65.665741
608.308235,271.883545,57.492966,66.517456
609.878792,271.554310,57.588577,66.422691
611.323973,270.663559,56.792545,65.636566
611.760187,271.097950,56.898907,64.700340
613.167555,269.867582,56.944218,63.965244
614.092672,267.564953,56.708271,64.066353
615.693903,265.268147,56.525066,64.787926
615.906771,264.317402,56.853176,64.504021
616.083975,263.067436,56.877735,64.511826
616.141068,261.848495,57.143188,64.336121
615.724949,261.857260,57.408989,63.822926
615.982643,261.721474,57.345047,63.659653
616.732615,260.020592,57.201366,64.657791
617.390463,258.965157,57.354633,64.764999
618.086241,258.141273,57.543949,64.850906
619.533522,257.188049,57.024937,65.329254
620.737724,256.982208,57.183853,64.528503
623.647501,257.195671,57.358593,64.895096
626.500486,256.634132,58.243626,66.187210
630.626503,257.251907,58.823441,68.172119
636.131752,257.717091,62.201614,69.432732
647.358406,259.325283,65.267044,71.765327
658.840950,263.968075,66.478683,73.505013
661.335796,265.900082,66.791267,73.950020
658.254810,264.854797,67.328606,74.269104
653.181095,264.002346,65.218742,74.585335
652.213982,264.863960,65.729660,73.946976
653.674950,266.667744,67.293564,74.144676
657.110916,266.631218,68.885712,75.866104
659.585236,266.370117,68.583435,75.589569
664.421242,266.059528,68.443069,75.939537
667.793392,266.661465,68.187294,75.167915
670.635963,268.242702,67.638657,75.610603
672.582603,267.058990,69.151443,76.848846
674.429844,265.970009,68.893639,77.494003
674.459187,263.183144,68.949699,77.185074
673.149292,258.837929,67.955200,76.879959
668.662643,255.085899,66.545807,74.361221
660.426445,249.702873,66.333267,72.024826
651.529007,243.369858,64.038635,68.849854
642.002045,237.020439,64.637238,68.158005
632.276005,227.579456,63.834587,69.624138
625.871153,222.568752,61.201511,64.649788
623.544563,219.904724,61.239822,62.021790
623.449934,218.372461,62.027897,61.617046
625.619045,215.519712,61.859169,61.261570
627.178144,213.683418,61.508274,61.089493
628.312876,211.456886,61.677654,61.544449
626.365788,210.757484,61.984550,62.121658
622.236349,211.572821,62.712543,61.814045
614.252653,213.627485,63.677067,62.041355
607.001303,216.435162,63.539143,64.824409
604.644302,222.144226,62.193604,66.000702
603.727310,225.314365,62.381439,68.609245
607.120077,228.433723,62.149189,71.293777
611.653166,232.453033,60.988438,72.522980
613.995689,236.283054,60.527969,72.771263
614.363836,236.594372,60.674061,73.851906
613.254614,238.434799,61.343922,73.499573
613.444843,239.212902,61.121788,74.214729
613.554255,239.970585,61.384930,74.666893
614.993662,241.286755,61.109447,74.640236
615.540056,242.518257,61.320766,74.483017
616.864462,243.736069,60.981281,74.213104
617.430563,245.081474,60.964588,74.006210
619.407421,245.233349,60.881905,73.866402
622.088472,244.714127,60.804958,73.444427
625.244196,242.790405,60.625164,73.899109
627.625326,241.919296,61.151814,74.153564
629.036745,241.715084,60.979366,74.252998
629.849943,241.573162,61.094242,73.458473
630.118067,240.487850,61.051525,72.896736
630.992502,239.209976,61.014233,72.519623
633.108496,238.130676,60.745838,72.477478
635.704575,237.514874,60.520447,72.712440
635.778698,236.047058,61.142036,72.940186
636.607454,235.394943,60.857601,72.724609
636.133560,236.377926,61.170807,72.469978
637.406967,236.291035,60.225098,71.846245
637.605055,236.322742,60.150120,71.048454
637.782055,237.220806,60.088722,70.730904
637.176929,236.528278,60.298271,70.692863
637.054350,237.605057,59.977726,70.283356
636.599438,236.817375,59.980446,70.448471
637.078480,235.805786,59.653221,70.016937
637.989143,234.647850,59.359543,69.808060
638.563581,233.614639,59.550083,69.532166
640.293707,232.974072,59.090534,69.633736
640.375824,231.944206,59.873169,69.916306
640.705818,231.367325,59.984940,70.133362
639.870783,232.328033,60.388073,69.263062
638.689056,233.346249,60.722473,69.550484
636.237810,234.080528,60.058468,69.048325
635.114140,234.415611,60.854637,69.336014
634.774174,234.540134,60.660271,69.080101
635.250153,235.132607,60.199219,68.458755
635.166561,234.351879,60.336189,68.095222
635.692362,233.588490,60.110790,67.820854
635.947229,233.533623,60.107403,67.218185
637.353027,232.284279,59.686310,67.675369
638.224453,231.621250,60.160194,67.334679
639.391838,230.298599,60.167343,67.884918
642.597031,229.587967,59.615479,67.893646
644.131456,229.176571,60.196163,67.991554
646.462467,229.334591,59.928429,67.753578
647.393787,228.833508,60.551506,68.004524
649.092274,229.212482,60.379295,68.351250
650.704514,228.904835,60.257263,68.628166
651.584513,228.438618,60.627850,68.884331
654.015505,227.939781,60.093075,69.667770
655.454437,228.820530,60.511047,69.854301
656.538242,231.499043,61.173607,69.258354
658.578403,233.375908,61.284416,68.422226
660.443932,233.834576,61.118729,67.860451
662.212891,235.306255,61.253326,67.331795
666.125053,236.028286,60.850418,66.585884
669.537544,236.514530,61.287949,66.330986
671.156433,237.928802,61.928406,66.625427
673.404892,239.913475,61.660858,65.838058
674.492113,241.516720,61.737148,64.853371
674.697456,242.461109,61.373825,64.216179
674.694128,242.300816,61.146137,63.766899
671.996708,242.583179,61.933739,62.966026
671.870428,242.382807,61.459797,63.555889
669.839497,243.601400,61.944969,62.779652
668.062881,244.303391,62.293793,63.539917
666.894598,243.887691,62.722370,65.114571
667.055037,243.723625,62.540562,68.264145
665.193584,243.438324,64.262093,71.904877
662.963150,243.728989,64.388489,75.750824
659.653992,245.216869,66.425659,81.279793
658.239113,249.953476,68.103806,86.613342
656.286232,255.552574,71.186081,91.962204
655.585201,263.455173,73.950264,95.230095
654.863564,271.543568,77.474167,95.386131
655.194324,279.591507,82.926201,99.876648
657.984344,286.842312,86.189362,97.650917
662.871059,294.536377,93.533760,96.465485
668.911716,298.489044,96.389183,96.220520
673.771130,298.758415,94.538216,97.504959
676.757034,296.489086,95.168945,97.733711
678.876160,292.966846,88.465057,95.706596
680.944622,289.709984,94.713997,97.389206
681.272713,286.535053,88.333664,94.768486
681.637024,286.078941,85.807983,95.739822
680.594807,287.465359,85.311546,96.072975
680.702705,288.786671,84.233963,95.941002
682.119892,288.146999,83.433067,97.415718
685.018135,287.078003,82.353653,95.690247
688.236118,280.780067,79.597832,96.624619
689.163677,273.799435,78.955788,94.152779
689.510464,267.213966,77.001198,94.582504
686.996136,260.742233,75.148201,92.915833
683.287201,253.573063,73.066650,92.197960
677.314884,247.319889,73.338524,89.820671
671.155987,241.697380,72.343941,87.676315
666.384911,237.187538,71.871475,85.270798
664.290771,233.821140,70.666870,83.952324
661.988628,232.354866,66.654182,81.653549
660.712933,232.404648,65.135201,79.280426
660.879841,233.406643,64.094017,78.413948
660.558376,235.797886,63.943764,79.130760
658.666157,240.082970,63.598717,79.348709
657.006165,243.824745,64.190643,78.912674
654.745337,247.274765,63.389912,76.827606
653.712723,247.159805,61.950714,75.789948
654.123251,243.999222,62.169056,75.098816
655.667835,240.563721,61.918266,74.476593
656.567572,237.853470,61.704578,73.542023
657.245409,234.728428,61.435665,74.019585
655.377529,231.816364,61.848946,73.677605
652.379938,230.651817,61.701366,73.323776
647.984234,231.009243,61.150948,72.238411
645.252731,231.109711,62.577026,72.407043
643.923574,231.912800,62.300037,72.381279
644.003326,232.642303,61.737030,73.460571
644.849884,234.029774,61.301331,74.939201
643.730522,238.074978,62.513016,76.405495
643.118765,242.242924,62.962971,76.871361
642.073732,244.820210,62.987423,78.015862
642.304108,247.706146,63.316559,78.668121
642.540112,248.412922,63.351295,78.892235
642.285393,248.793392,62.825974,78.540199
641.890726,248.141853,62.865063,78.072037
641.799412,246.253136,62.361595,76.961624
642.508703,244.529449,62.544849,77.329132
641.840666,242.490017,62.696781,77.263893
641.385559,240.265129,62.891846,76.404343
642.339724,239.122803,62.586575,75.798584
642.604519,237.641136,62.599159,75.289658
642.683441,238.806816,62.656189,74.593430
643.326874,238.523674,62.337677,75.113663
643.503580,238.392426,62.579327,75.355652
643.374620,239.622032,62.740627,75.182816
644.145779,241.803078,62.360146,75.380966
645.106806,244.761024,62.026592,74.683853
646.078739,248.398769,61.863029,74.028145
647.000425,253.117363,61.441929,73.770279
647.490911,255.607304,61.809162,74.053917
647.232239,257.610859,62.336090,75.179771
647.564669,258.093140,62.824947,75.999268
649.549849,259.124657,62.225742,76.037552
650.633610,260.105640,62.801079,75.774345
651.717367,260.835403,62.747211,75.898743
653.067430,260.428013,62.400204,75.834038
653.058552,260.746330,62.036430,75.521835
651.019825,261.536903,62.069389,73.795670
650.489393,260.621307,61.348423,73.598083
649.186689,260.997341,62.024479,72.460335
647.718870,260.829144,61.600163,70.738655
646.610228,260.193844,61.575443,68.747688
647.244799,256.949295,60.929897,68.313782
646.912390,251.388130,61.465046,69.621384
647.095289,247.627663,61.810368,70.652237
646.784937,246.343208,62.141918,69.029587
645.465895,244.917484,61.859135,67.929893
642.689911,244.960888,61.830017,66.592506
641.079533,244.006992,61.715385,66.837639
640.283474,245.082504,62.312447,66.906738
641.180542,245.693256,61.928711,66.921928
641.462549,247.040688,62.274761,67.730606
641.324390,248.730980,61.854485,68.481491
640.417587,251.060608,61.897980,68.185150
639.091755,252.350597,61.766472,68.555580
638.047365,253.450649,61.951443,69.326057
636.802330,255.122265,61.915115,69.841133
636.509779,255.982292,61.631870,69.691513
635.133717,256.435497,62.024864,70.517464
632.897299,256.872990,61.875324,71.055962
630.904667,257.888119,62.677269,72.242378
629.398594,257.501286,62.112602,73.592186
629.289537,257.305553,62.218990,75.519295
630.451326,257.945190,62.336239,76.401581
631.901302,258.928009,62.599739,77.454193
632.473362,259.933929,62.956078,77.862610
632.742771,261.109291,63.034416,78.029709
630.402327,260.486603,63.548679,78.839996
629.920084,260.591511,63.616619,79.771355
630.300756,260.551292,63.976612,80.872208
631.943241,261.107658,63.925133,81.254379
634.244383,262.072674,63.639469,81.259254
635.386620,262.926567,64.263474,81.336258
634.531803,263.510777,65.173973,82.211937
633.247044,264.994385,65.153709,82.114471
629.600857,266.063816,65.480476,83.414879
626.919552,267.593315,65.939735,84.535141
624.090752,269.543907,67.986618,85.839890
625.899902,272.149868,67.393677,88.061348
627.191631,274.245636,67.826485,88.558075
630.280277,275.376598,67.027428,89.739967
631.233505,277.986698,67.434906,88.872002
631.960789,279.033257,67.089836,88.536850
631.925362,279.113499,66.878250,87.974998
631.781906,279.081768,66.918091,87.626106
629.739796,280.224689,65.893608,88.074883
628.506554,280.902546,66.807022,88.523155
627.433762,282.925694,66.279510,88.851433
626.103752,285.477810,66.477432,89.391060
626.802746,286.208927,66.683632,90.080406
626.266293,287.098637,66.321358,89.831322
626.009552,287.083019,66.645874,89.986519
623.667004,286.619080,67.285530,90.834961
622.837814,285.469765,66.863190,90.394791
623.872711,286.514061,66.693604,90.415848
622.804626,287.148170,67.281433,90.696304
623.413383,286.560608,66.547348,91.468567
625.154945,285.949440,67.023056,90.361526
628.496159,284.818779,65.778862,89.338364
632.692879,283.417427,65.184158,87.891464
634.320049,280.066742,65.512794,88.094360
635.715229,277.747288,65.222435,89.259056
636.066097,276.102345,65.507912,88.814415
636.591995,273.986679,65.408234,87.773499
638.091148,274.012814,65.884872,87.283699
640.581440,272.657562,65.239220,87.233917
642.670155,272.400646,65.754509,87.033760
644.704327,270.983089,65.615211,86.727211
645.110535,269.849194,65.282166,85.652412
645.295696,267.707787,65.775948,85.082565
644.975788,266.844322,65.155083,84.330826
644.283714,265.560715,65.671768,84.549042
643.366230,265.968063,65.467155,84.580688
644.062309,264.787308,65.358170,85.031158
644.187130,265.050388,65.967781,84.417015
644.201981,265.957237,66.337463,84.150864
644.554440,266.000591,66.524055,84.369759
643.268898,265.716503,66.595352,84.712563
640.826836,265.749462,66.779190,84.929207
639.506344,265.009293,66.793526,84.378632
638.925217,264.794456,66.104309,84.102859
639.782963,264.528400,65.726158,83.928093
638.409573,264.342316,65.836372,83.457275
638.698032,263.193745,65.749962,83.768730
637.747467,264.076023,65.112091,83.113518
636.162891,262.563332,65.608482,83.813614
635.095798,262.535999,66.033165,83.750999
634.753048,262.016747,65.337868,83.596909
635.721462,259.667027,65.109261,83.225517
634.344894,257.420750,65.416687,83.486931
634.922974,254.915401,65.235413,83.636269
633.585293,251.550163,65.179878,84.118973
633.231060,249.346252,65.025459,83.780823
632.112850,247.093773,65.712776,84.102066
631.696590,245.117928,65.932198,84.042740
631.826099,243.182171,65.669548,84.592232
632.902435,243.393337,65.542542,84.121712
633.182571,244.079979,65.313385,83.214066
634.725948,244.324299,64.967659,82.876945
634.485847,245.042316,65.038254,82.257896
636.158062,245.969845,64.491371,81.919746
637.499931,247.579449,64.339005,80.956398
637.772701,249.424957,63.587929,80.733582
638.720364,252.609348,64.015816,80.136559
639.817680,255.418381,64.196365,79.666107
641.024879,258.033955,63.578995,79.942741
642.137138,258.673363,63.352127,80.383743
642.092777,259.473736,63.470879,80.893440
642.220253,259.069862,63.718338,81.981308
642.789223,258.264519,64.259689,83.075394
643.657124,258.418949,64.058495,83.141350
644.892429,260.096554,63.794792,82.464546
645.109800,260.576958,63.905247,82.339218
645.488100,262.266811,63.321468,81.682533
646.140205,262.908688,63.720169,81.837868
647.544289,263.389008,63.467575,81.323334
652.012953,263.929314,62.985874,78.919662
656.311663,263.779881,62.721310,77.419304
659.884840,263.386398,62.050938,76.846466
659.112194,263.260582,62.522133,75.797134
657.586437,263.384884,61.952553,75.857918
657.128700,264.623203,61.987839,75.262749
658.325552,266.114998,61.562611,74.991898
661.270304,265.605530,61.069805,75.549957
663.962008,266.668049,60.623898,75.151787
665.066931,266.854408,60.835072,75.596085
663.376436,266.054745,61.065456,76.277992
660.245995,266.693577,60.956619,76.494621
657.723286,265.499886,61.693108,76.805344
657.294970,264.516148,61.978970,77.110374
658.914259,263.008636,61.442448,76.647278
659.721821,262.240330,61.232658,76.900047
661.477184,260.224022,61.418800,77.360580
662.654745,260.753819,61.515430,77.069481
664.857969,259.238029,61.388950,77.765762
667.749105,259.096394,61.229115,77.526909
672.075571,258.930042,61.077953,77.515709
676.455957,258.398670,60.564098,77.842766
676.704298,254.819176,61.911869,78.567886
679.070988,245.345226,61.035240,80.990486
680.501482,236.470959,61.420132,83.001076
680.779047,230.725693,61.775890,82.316895
676.740103,224.936005,62.851246,82.354523
664.631424,222.269562,66.119293,85.666473
655.190819,223.419529,65.758957,86.832634
651.396484,228.366348,66.025055,86.448761
653.600109,232.454247,64.870461,83.833572
655.185572,236.797016,63.666088,81.144798
657.163792,237.558773,62.897148,81.495705
657.791958,237.655384,62.428688,81.128929
658.570400,237.643467,62.302681,81.143944
657.188089,237.663078,62.995708,81.440933
655.364252,238.820953,63.167858,80.148865
652.162071,240.742947,63.781967,79.234291
649.647770,242.604271,63.494743,79.444443
648.179108,244.169018,63.711060,79.581276
646.582262,245.436890,63.946285,80.071106
647.283024,245.960346,62.864189,80.830254
647.564102,246.369450,63.245300,80.940697
647.158527,247.346359,62.679314,80.567688
646.134718,249.111073,63.301579,80.288719
644.536135,251.131363,63.620846,80.887421
641.826458,253.884575,63.489662,81.217300
638.946945,256.641144,64.466766,83.511902
637.042076,259.247719,64.549545,84.284714
635.072853,262.509041,65.514633,85.479568
634.097614,265.089077,65.552483,85.752480
632.872551,267.716908,65.634964,86.290001
631.258667,268.786400,65.138733,86.146194
629.187931,269.417992,64.687828,85.199234
624.645428,268.743195,64.193489,84.305969
618.872921,267.758404,64.148140,84.171883
611.033302,267.393528,65.172714,84.330711
605.315392,268.418430,64.184464,82.620842
615.917608,267.718864,61.661915,80.234116
616.135153,266.512791,61.897511,82.591789
614.173309,267.228832,61.857056,81.604622
614.262978,268.455334,61.897568,80.497200
614.526926,268.628262,61.893383,80.900307
615.539724,268.336597,61.905201,81.007530
614.919746,267.168926,61.887985,80.572395
614.552574,265.681404,61.473770,80.393814
615.956083,263.019951,61.702122,81.622635
617.027567,262.443844,62.120373,81.703224
617.862108,260.723446,62.249538,82.167488
620.703062,259.971745,61.364048,82.813011
622.899904,259.932400,61.512691,79.870308
624.796858,260.831081,60.743046,83.921242
623.968460,261.840702,61.422852,85.819664
624.160288,263.436077,61.817699,86.055946
625.272701,265.531158,62.125008,86.763519
628.124599,266.470726,61.672768,87.108170
628.755999,266.973942,62.724422,87.093102
629.212774,267.234974,62.294453,86.960472
628.308489,268.122440,62.878567,86.760521
627.107782,266.622074,62.829601,87.815880
624.058611,266.360939,62.874294,87.862747
620.669321,266.568951,63.623760,87.866951
616.974642,265.095299,63.590450,87.710098
612.877539,264.936657,63.516560,87.395302
610.342730,263.769657,63.794460,88.183800
607.772888,262.701206,63.697144,88.008934
607.265383,262.674316,62.080715,87.225891
608.899908,268.661438,58.185444,79.811798
608.441750,267.864857,58.642502,81.269279
606.923672,269.962646,57.032234,79.045959
607.101053,271.721703,57.493114,77.499924
609.035639,272.420460,55.846294,77.400505
613.411350,270.018154,53.601860,78.133553
613.445873,269.824013,54.797737,77.057968
613.916296,268.608429,54.843494,77.756836
613.851351,268.626762,54.899929,77.468185
614.781467,267.456692,54.480431,76.661201
615.748058,266.712608,54.596931,76.904739
616.251925,266.614620,55.433987,76.904640
617.438803,265.086201,54.992695,76.538506
616.820379,266.057583,55.668720,76.011971
616.958590,265.576172,55.465420,75.704834
616.966141,267.123093,56.662384,75.208374
617.902346,268.183716,56.536434,74.821442
619.240250,268.446854,55.743103,74.721100
617.394354,269.817142,56.065235,76.704399
617.546183,271.034046,56.014111,74.196709
615.894941,271.120335,56.222599,76.219902
614.402678,272.474041,56.698734,76.013374
613.889486,271.276718,56.935688,76.300568
612.863264,270.836273,56.449619,76.309448
610.325603,269.115540,56.387733,77.810059
608.196615,267.771404,57.337025,77.155434
607.438845,266.732609,57.105587,76.608086
606.421078,265.066879,56.202034,77.277985
604.357302,264.809120,55.400326,76.312271
602.843542,264.048599,55.745869,76.472473
601.534842,262.950108,55.296894,76.529686
600.279812,262.048992,54.869331,76.560249
598.971203,258.789543,55.285011,78.244186
592.980137,250.885792,61.694847,86.802635
592.402256,246.575336,64.468468,89.299675
593.706837,244.915054,65.502312,89.330902
594.366020,243.494541,65.719437,88.733757
593.983337,241.787365,66.141510,88.952614
591.926117,241.184261,66.480865,89.243446
591.323792,238.958488,67.248322,89.637009
591.591499,238.320705,67.324234,89.639168
591.919361,235.585827,66.888298,89.740944
593.430573,234.194511,67.684326,90.822617
594.541969,232.394527,67.198624,90.973335
595.532635,231.493118,67.405830,91.460236
596.463928,229.440334,67.256500,90.985695
597.614834,227.405087,67.267555,90.876534
598.341194,226.137836,67.435196,90.499840
599.751228,223.367935,67.756668,89.449127
601.374447,220.984970,67.634407,90.046295
603.152607,218.206615,67.352440,89.378456
606.023663,216.572422,66.901222,89.532555
608.550285,215.296417,67.159164,88.909882
610.459911,214.979904,67.771797,89.130066
613.532009,214.019470,66.873665,90.311157
616.071854,213.117561,67.217957,91.628464
617.176453,213.597645,68.443298,92.036400
618.673122,212.341290,68.624641,94.237770
621.524960,210.948578,68.376778,95.624298
623.059540,209.876545,69.625244,96.448204
623.913925,207.839355,70.062775,96.559753
624.475025,205.648155,70.384819,96.962997
623.857113,201.981613,70.674446,97.152985
624.162857,197.347092,71.006592,97.847809
625.562008,191.881142,70.496407,98.628647
625.960392,188.134495,71.141045,98.407372
625.998104,184.368141,71.397194,98.362045
625.995758,180.722015,71.556152,98.889587
625.172577,178.696457,72.342163,99.505188
624.269657,178.037186,72.802055,99.499359
624.933739,178.514004,72.010300,98.831825
624.640377,181.394276,72.541573,97.350883
624.986351,185.751717,73.038528,97.832474
623.974148,191.302944,72.642982,100.052345
623.325680,198.250584,73.281563,101.910728
623.328133,207.576744,73.689682,103.479385
621.767078,216.632229,73.837883,105.133553
620.845551,224.099789,75.452637,107.515907
620.315678,231.511353,76.883751,105.556519
621.603279,235.237385,77.813553,107.135735
624.221359,238.162319,77.539734,106.542702
627.083950,238.451038,77.327644,108.271019
627.943382,238.273544,78.083267,109.255768
628.937263,238.258583,78.309952,109.807938
629.100075,237.400116,78.509933,110.438263
628.496887,235.386780,79.252625,111.030060
627.341934,234.032890,80.006195,111.222092
628.263042,231.919914,78.975014,110.730148
628.370831,230.437092,79.219887,111.443230
629.568447,227.862911,78.837105,112.514229
631.290642,224.798214,78.790024,113.808113
629.853291,223.241459,80.440758,111.644676
630.331692,221.298050,80.548073,113.195496
629.412460,218.973862,80.750153,113.401855
629.341034,216.467510,81.174652,114.326424
628.809849,213.492695,81.296959,115.092216
628.002575,210.572723,81.329384,115.637238
626.341797,206.212608,82.374329,115.629623
624.663746,200.639099,82.417198,118.114319
624.225128,193.781319,83.559570,119.382584
625.588848,188.503288,83.215370,119.268204
626.786842,179.429077,83.020737,118.500854
628.720573,170.677185,83.088730,120.320435
632.324020,163.427841,81.920868,120.004211
635.360012,156.081661,81.630989,119.647469
637.120323,149.477703,82.682358,117.661629
640.018845,145.058754,84.151520,118.331314
638.432140,144.655300,86.254921,117.269783
636.827160,146.752590,88.562874,122.478218
638.641151,148.026512,91.546280,128.157974
652.219654,141.277794,91.744377,129.773575
665.048313,134.756287,90.960960,131.733948
672.076988,130.974113,87.148788,127.357010
670.862320,132.257828,87.442688,125.842865
665.602917,135.341110,85.086861,130.088837
660.118332,142.819275,86.760681,129.622070
658.546097,147.896263,89.539429,127.608658
659.996853,149.302200,88.715797,125.262909
663.202179,147.617847,87.463104,125.003197
664.442394,144.063568,86.571968,122.555420
664.418282,141.288990,84.039078,120.491783
662.870777,138.200562,82.551384,115.587769
656.687199,140.453770,83.342888,111.942863
646.773476,148.846806,88.410507,115.442101
634.794472,158.022614,92.908310,131.459808
637.423580,160.649033,101.224251,135.587097
653.717842,152.848747,97.108994,128.970078
667.492592,147.744804,89.480515,123.482346
668.761223,145.351555,88.265762,125.563950
665.731258,147.136269,90.840950,128.132339
666.565086,150.209991,90.632584,129.771088
668.310001,150.955574,89.798882,128.492630
670.340778,151.285694,89.999718,126.992058
672.261692,150.215553,89.358574,125.153030
675.618423,147.366589,88.653595,124.400337
678.308609,143.017704,88.292450,123.926659
681.372791,139.660698,86.907433,122.490585
681.198391,136.367016,86.946724,122.523445
682.477562,133.708065,87.210403,122.958900
682.273586,131.900589,87.790047,123.395264
681.732162,130.680691,88.701019,124.113625
681.713207,130.365456,88.803261,125.697952
680.590595,132.262882,88.629051,125.605492
679.272114,136.238289,89.454369,125.942459
677.948769,140.346527,89.729355,125.960175
675.405678,144.147430,89.910019,127.629913
677.208385,145.685089,89.881935,129.665436
678.970459,147.767319,90.107910,128.951233
678.620163,151.112087,90.439728,127.949379
677.327579,154.792976,88.836052,128.209732
671.421070,160.074730,88.892662,128.349655
665.601452,165.512699,90.048439,127.545433
660.207527,171.072906,88.718613,126.551666
656.914326,174.420948,90.415184,125.397392
656.017342,176.383766,90.301804,123.718826
656.114887,177.846508,89.619591,122.149605
656.553146,179.224812,89.534882,121.821770
656.000999,179.246998,89.641556,120.681938
655.814529,179.455627,89.098663,120.907318
654.417358,178.770573,88.598267,119.532066
654.246025,176.504303,88.446304,120.335693
654.627224,175.428802,88.495308,121.815063
654.337933,176.136356,88.307045,121.065300
654.478050,175.966320,88.617386,122.117470
654.352062,176.411156,88.597206,122.193497
653.813713,178.726784,88.197464,122.727829
653.371216,180.822735,88.180603,121.606911
653.163666,183.364513,88.268433,122.735329
652.227394,186.594490,88.014572,123.828964
651.347347,188.299057,88.350716,121.859528
649.694592,190.478336,87.941933,122.792717
647.505257,191.842300,88.541489,122.973480
645.965176,193.762722,89.236824,122.447212
644.716911,195.031910,89.359329,123.066307
643.972466,195.036022,88.984940,123.737404
643.470177,196.815079,90.043961,123.527802
644.131683,195.948685,90.042969,125.571136
644.742569,197.635414,90.585541,124.582809
647.251354,198.742722,89.665932,125.350311
651.328480,198.522438,89.491661,126.692429
655.106113,198.100594,90.995659,127.973679
655.883347,196.309418,93.971893,131.376587
657.718430,194.513161,93.816681,129.791794
656.365448,193.300461,93.821899,130.518890
653.674335,191.315445,94.634361,132.276703
649.146618,191.343422,95.633339,133.370163
647.669029,188.433327,96.501968,135.803024
647.934456,187.747963,98.542343,139.357956
648.249844,189.289696,101.093269,142.380203
653.241268,190.694382,103.807259,147.276215
663.584545,193.368538,104.334450,149.281235
674.856041,195.612595,103.939713,149.997040
684.669430,197.478493,107.342049,150.312057
698.674248,194.190521,109.455276,151.958862
713.417385,187.510872,110.994881,152.379074
723.158813,180.906166,115.585022,152.156479
733.453899,172.572258,113.034523,150.972244
738.115231,163.044487,110.570625,148.341263
732.614662,153.625816,111.844040,149.712357
717.644901,142.194054,110.541191,152.185684
701.275829,129.373627,108.648170,151.924377
685.850056,119.116180,107.928246,150.167786
675.031155,111.159500,105.808540,148.179413
664.562958,107.990425,103.778015,142.771530
652.978546,106.645844,102.601746,135.801147
639.183018,100.262321,102.088554,132.621292
630.672623,90.764999,100.966949,133.586029
626.078911,82.892387,104.154129,136.878372
629.072536,76.617546,105.698555,141.698929
634.509983,74.033981,106.503654,143.378876
641.719955,72.492813,107.809906,146.107758
650.921883,73.240921,109.389023,149.828827
660.947037,75.394821,112.054657,156.049042
670.373238,79.623543,116.721909,159.529282
686.484661,85.829285,115.975685,162.549927
697.175957,90.294785,120.092789,164.668549
708.289738,89.074051,123.291801,163.287872
726.375217,83.003326,123.393669,163.182617
747.847649,78.737999,130.616287,165.391983
780.138443,75.550049,129.242645,168.207397
812.045303,69.655098,127.586456,165.721359
840.198223,59.785690,124.447487,164.960968
864.391727,49.463173,121.148735,161.708298
884.931499,40.675636,120.237221,159.199387
905.461391,33.555595,119.487923,153.531082
926.210445,27.294914,118.832710,151.453995
949.366344,21.138863,120.820656,149.159348
971.279675,15.661644,122.911232,148.978653
991.882359,10.805618,124.069817,149.153900
1006.725815,7.857521,122.891449,147.978745
1014.304604,5.539902,120.103134,145.542389
1018.192200,5.661415,118.254456,143.133774
1018.222221,4.408501,117.647354,140.904678
1020.042221,4.825745,116.560944,139.007935
1019.346008,4.705605,116.559082,138.580673
1015.285583,6.002953,116.286194,135.443253
1010.051754,6.075211,115.446236,133.984650
1005.786636,5.103607,114.123627,135.408081
1002.983150,2.177040,113.454048,137.333115
1000.049694,2.379112,113.975380,135.227188
996.007484,1.711365,114.430771,134.742676
993.850182,0.251709,113.004471,132.099976
991.741211,0.196381,112.810486,132.445984
989.207687,1.281158,112.265289,130.523743
984.104931,0.410179,113.401405,130.012222
977.943718,1.139030,112.851761,128.969193
972.274822,0.440674,112.832680,128.169678
966.592049,0.176559,112.417526,127.651154
962.804272,0.372898,111.811745,126.520744
957.447723,0.545387,111.828552,126.529404
950.573032,0.721123,110.426445,127.291519
942.946609,0.272270,111.213959,128.058121
935.809433,0.366592,110.313568,128.311981
928.912354,0.845974,110.276428,127.706612
920.805595,0.595482,110.502213,127.493362
914.045715,1.188560,110.156250,127.093460
907.491108,1.043598,109.354881,126.198265
901.565739,0.931419,109.419487,126.568436
895.378082,0.749378,109.114014,127.569237
890.215984,0.734398,108.672157,128.913162
884.022572,0.954063,106.978416,131.497574
878.063393,0.715378,108.427536,133.287933
874.556221,3.688774,107.814865,134.483536
870.939102,5.511475,107.555939,135.109558
867.133503,7.793404,107.462486,134.465256
862.786991,11.021004,106.625237,134.804794
859.030457,14.072220,106.266663,134.028168
856.109703,14.673798,106.250870,133.475891
854.606483,16.774193,106.149033,134.215591
852.153187,17.759636,106.488060,134.701248
849.292324,18.100319,106.738289,134.615768
847.447189,19.638657,106.988861,136.427643
846.494007,20.886024,107.105980,136.629562
843.763573,21.193634,107.734940,136.465698
842.388958,21.954697,108.092628,137.396271
841.860588,21.531357,107.883926,137.970856
840.573524,20.365089,108.193832,138.976181
835.642162,19.491859,108.288002,138.044785
829.991779,17.307907,108.399559,138.588165
824.619572,15.639145,107.746635,138.024567
820.381218,13.613037,107.255875,137.677429
816.459557,11.705780,108.354691,138.682251
815.299034,7.872849,107.747086,140.088715
814.276230,6.295143,108.264374,141.822800
815.973335,4.107361,107.018906,143.153809
812.768681,4.782867,109.335075,143.061829
813.398258,4.126541,109.135979,144.694366
814.773510,3.004211,108.850441,144.315247
814.258530,2.387848,109.767548,144.268066
814.847912,0.818115,109.578651,145.426208
811.911598,0.190353,111.496811,145.825409
810.910778,0.537399,111.786476,144.034393
811.519669,0.422424,111.281342,141.672058
810.754238,1.344986,112.349434,140.965118
810.763206,0.319511,112.829361,140.439957
812.974056,0.600967,113.120979,138.929535
813.676048,0.366486,114.269852,138.423279
814.510750,0.577278,115.142685,137.362717
813.342606,0.209641,116.224640,134.971771
812.629749,0.753754,116.502647,132.636841
811.688904,0.462860,116.332520,130.303406
810.088795,0.012032,116.826988,128.558090
808.292820,0.000000,117.297905,126.044510
806.804928,0.068668,117.396065,123.173653
805.541504,0.000000,117.532166,119.974628
806.859077,0.597391,117.639816,116.853394
807.864582,0.538919,117.226158,113.403992
808.318340,1.219015,117.894508,110.138039
810.310017,1.013445,117.475792,107.648422
810.509190,1.534063,118.521843,105.572090
812.401478,1.491720,118.644798,104.337318
813.600666,1.078352,119.836266,103.342583
814.893311,1.581278,120.691833,101.859924
814.723125,1.418161,121.004860,100.314148
815.062355,0.950670,121.757675,99.466843
815.247150,1.717821,120.762779,98.118210
814.223621,1.200754,121.149376,98.740295
812.948616,1.381735,121.096176,98.400551
813.165676,0.564600,121.028084,99.745758
812.212585,1.541517,120.484802,99.979607
813.488430,1.040609,120.140633,102.479713
813.758518,0.681742,119.656670,104.922485
809.253811,0.307505,118.483040,109.351685
792.548046,1.235346,125.326698,119.341583
753.918686,1.739191,134.833527,138.630157
709.696762,8.053179,138.601227,163.527634
665.578789,44.783655,154.456924,178.093231
625.304817,90.986078,159.859848,182.121918
590.275436,138.616251,166.381012,177.114502
565.503334,181.381319,167.730698,170.603531
552.542084,210.892710,163.897644,165.901550
541.660522,234.671389,167.309692,164.495316
539.228737,247.024828,162.027267,165.299118
539.780525,255.802317,164.596237,163.116577
541.104324,262.711054,163.699371,164.509064
540.851784,269.041224,161.470871,163.822418
537.227158,273.927996,161.461945,163.371750
536.820732,278.266649,162.986771,163.438828
536.371887,283.756029,161.439819,164.935104
535.606148,289.100069,160.647873,164.439713
534.520584,297.172968,158.482697,164.315704
531.626793,306.035387,158.103165,162.104599
530.711914,311.397966,160.917786,163.975937
532.903275,314.033312,164.087616,166.862289
539.030212,314.587595,160.642883,166.075867
545.365852,313.223314,161.258102,167.961166
552.322868,312.550684,160.067032,168.905243
555.295410,312.712732,158.368958,168.932220
560.185768,315.388102,156.312668,171.579285
560.561462,316.546183,155.656006,170.634888
563.413910,317.894800,160.066284,171.516815
569.700134,314.728785,158.483337,172.811859
576.660248,308.461756,156.601196,172.262482
583.736519,301.214922,155.318649,172.622665
590.842239,295.349100,153.791046,172.857239
598.954781,287.782274,151.524765,173.184799
610.565666,281.933733,146.938797,172.627975
623.897614,274.056772,143.180237,172.213318
639.064270,266.359713,142.582458,173.879593
655.533157,258.807199,137.678558,175.850525
671.564209,252.655451,131.316589,172.727081
677.951050,250.193636,130.140991,173.481766
679.710220,249.940897,131.632416,173.057007
676.245064,253.112314,131.693771,172.537842
672.043236,257.934153,132.304703,170.811462
675.949013,257.576647,131.249680,176.247665
686.426514,254.845644,128.178040,175.482559
686.546265,253.654795,133.117310,177.450439
673.007896,258.931261,133.584671,179.486069
657.057320,264.446146,136.684067,180.981995
650.633369,263.600359,139.626083,183.847092
654.264488,259.470987,142.748978,184.513733
663.929497,256.108614,136.310074,181.622818
673.046669,255.262735,131.032578,183.231689
674.316124,253.536020,132.903763,183.302185
677.391586,250.544069,132.167145,181.880508
683.519569,248.730280,132.573044,181.446808
696.148071,245.949610,134.091614,178.915680
714.051392,243.704088,134.730286,175.306931
734.235291,243.308702,135.809509,174.621201
752.452118,242.342539,133.828552,177.081604
764.296951,240.973429,136.889923,180.269958
777.613434,239.649271,137.961548,181.666809
791.131454,236.497789,137.333160,180.652878
802.625023,232.118174,135.444046,177.402832
812.118996,226.170778,132.760666,175.553543
819.598228,218.504221,130.825089,178.241699
823.869904,210.726320,129.289368,184.609634
826.890938,203.755510,129.544724,180.756454
828.667160,198.361101,128.486053,178.361679
831.874409,192.267870,126.821434,175.424362
833.158207,187.132730,126.185234,173.910828
833.174622,181.550402,125.299377,172.703415
833.061649,177.558603,125.545525,173.150940
833.226551,174.443460,125.073509,173.396240
835.377514,172.547838,123.252357,172.908493
836.460785,171.535227,123.148132,173.724731
837.551949,171.392786,122.771103,172.854584
839.743477,171.321321,121.579514,171.295914
838.832382,171.471926,121.399506,169.508438
838.178570,171.440088,121.049294,168.385468
836.659313,170.144976,120.617226,167.518845
831.492073,172.461489,122.016342,165.267105
821.595104,174.933306,122.025002,164.826889
809.528751,179.806780,122.402946,166.266403
796.001637,186.018976,123.483788,167.500092
782.016098,196.189653,124.367828,166.359604
766.278278,209.459116,127.822227,168.398315
751.217888,226.960939,132.334976,170.724136
738.674019,251.973253,138.789536,173.253464
724.421402,281.901636,146.966766,178.075409
709.238297,320.952623,156.303864,179.263718
700.445877,361.192095,156.017181,172.175095
699.945381,392.380373,157.629745,167.741653
696.470757,413.572176,158.725418,164.665726
692.716240,431.086786,157.467850,165.294891
683.673004,441.969248,164.230713,205.924072
678.085289,444.467234,157.316727,164.618408
677.687653,441.273233,176.455444,188.237488
678.861259,435.157671,158.902664,168.131271
676.515800,429.642900,166.619400,188.107162
675.757263,424.272921,153.437378,171.470535
673.232910,421.814821,155.636475,155.848892
666.512428,422.037523,158.797470,154.937180
667.387482,421.866121,158.334595,151.194168
660.972511,423.827700,160.421799,157.746536
654.888824,425.734087,161.477295,152.319809
651.894012,428.087580,163.674438,153.912689
647.967293,429.275019,159.290268,136.487946
671.644218,435.616701,136.060501,134.111404
691.944504,446.278109,127.438812,127.091629
698.238976,446.591570,129.859573,138.692734
703.718399,444.206999,119.111420,126.054649
709.625336,446.335997,116.000244,121.387413
710.527740,441.581762,116.635132,123.678780
710.441723,437.102312,120.882179,121.690781
707.844151,426.495989,118.766167,128.943527
704.119541,415.650263,120.014397,131.740875
698.937149,402.717310,126.309662,140.910675
707.521843,383.793985,128.637466,154.377502
735.488083,360.930132,139.266449,154.159409
773.211723,337.892656,186.815018,161.647568
884.409050,333.808809,193.972366,157.946671
1017.908882,343.401697,178.220261,181.220917
1126.661980,383.964693,150.169754,163.889236
1209.938267,458.208792,68.241142,125.057350
1238.755457,507.117407,40.234417,95.003059
1246.655252,524.465630,31.526258,57.388554
1244.954376,521.300333,33.473984,60.870300
1236.263777,512.164446,42.339420,90.996414
1231.827814,501.605070,46.743694,104.597191
1224.171072,489.755266,54.318989,111.533005
1214.556206,479.934359,64.807846,116.442978
1209.171509,463.604296,69.879791,121.598526
1205.652824,444.691042,72.639389,136.247360
1196.295811,428.611200,82.880577,149.374420
1193.585449,415.964495,85.451019,150.456284
1190.738953,407.324083,88.363678,150.798203
1186.955299,393.107988,91.690262,150.859909
1179.230450,383.166636,100.527229,160.089600
1174.921043,368.373316,104.131027,153.280731
1164.446198,358.852663,115.553802,163.937271
1157.888382,349.054583,122.111618,157.234604
1146.162025,337.294893,133.525085,159.446121
1138.158493,328.229273,140.984360,156.080292
1136.697571,320.490160,141.123672,154.872849
1128.569595,310.822100,149.308395,154.104660
1123.472588,303.250414,152.957916,156.280197
1118.224861,298.910013,157.755066,156.657043
1121.842804,300.281633,155.043472,155.691513
1127.080147,304.578089,150.954590,155.862457
1136.006927,308.448870,142.245560,152.814133
1139.437767,303.285883,139.537140,152.171234
1134.936699,294.076021,143.256134,151.945389
1136.061394,285.808558,142.358002,156.840179
1136.041206,279.300264,142.597534,158.286636
1138.807411,275.123804,140.300354,161.049042
1141.072205,270.785532,138.658340,154.113525
1140.787918,267.852236,137.745407,154.102371
1139.987137,261.535822,138.529587,151.285675
1136.838684,254.619593,139.556900,148.185211
1130.420815,242.683931,138.640564,150.695389
1126.650238,231.145060,135.749466,144.722900
1121.922905,215.979258,132.405548,144.006470
1116.684814,199.131060,130.260452,146.207932
1112.125076,182.756403,128.542526,147.770721
1106.972878,169.132158,127.730591,141.767563
1101.188606,157.328753,128.826965,145.898239
1097.073799,148.239626,128.837097,145.959610
1094.614098,140.543184,129.426239,146.134537
1091.488075,136.187525,130.255066,144.491913
1087.710777,131.911394,129.698090,146.365158
1085.159584,126.909723,129.425415,148.065277
1082.702049,125.533800,128.978912,149.075607
1080.653057,123.056337,127.945000,150.158463
1078.908768,121.847078,128.775131,151.898026
1077.799538,120.415232,128.853638,151.706116
1074.976906,118.881693,128.179993,149.553101
1069.207443,115.730692,127.778610,147.852905
1061.703423,111.371538,125.834686,147.100449
1051.343552,108.303560,129.094711,143.195816
1041.431889,103.492586,122.343513,140.218277
1034.580524,98.056955,121.906715,143.177795
1028.873466,92.321100,121.115997,143.225861
1022.618122,88.432657,119.832253,142.209717
1015.165821,83.145761,119.062965,142.275024
1008.336758,79.767633,116.662560,140.513580
1001.573193,77.485132,113.603691,136.844940
999.023201,77.623995,110.740845,134.100174
999.046795,77.627077,109.534355,133.539322
996.891865,78.484224,110.563454,132.810074
995.815342,79.526361,110.012886,131.578888
992.622581,80.102304,110.538727,131.626465
989.101582,79.682955,110.779213,132.125687
984.709896,79.106730,111.178001,137.526245
977.103355,79.667818,110.145721,141.552750
967.000957,80.896524,110.101006,139.684021
954.260887,84.141451,109.535187,139.476700
939.865292,90.486261,109.707115,136.988373
925.245743,98.526606,108.615646,134.023041
905.505726,106.262560,110.084816,133.420883
876.072800,116.536127,114.453293,135.880157
840.360241,132.045092,117.433342,141.699142
794.474861,155.314775,129.037903,145.814072
751.118279,183.068369,139.425751,152.361816
715.257774,230.672403,141.948212,155.080872
692.363449,277.162851,138.026840,140.216492
678.629349,304.678308,134.866562,131.105988
671.563591,314.850298,136.269135,135.194565
671.382347,316.421679,141.218658,140.532028
671.613228,315.496019,149.276001,141.440170
668.582947,316.591600,177.809891,174.001083
665.435547,321.675928,137.405106,155.468109
655.288658,330.057413,141.692596,133.923950
642.653290,341.658998,144.473892,134.948685
629.556725,356.636248,141.006073,127.167892
617.848335,371.759176,144.604187,126.127907
612.477722,381.452528,146.397354,120.630669
617.021614,379.284414,149.082764,124.599525
625.017532,367.030222,148.329391,130.547729
632.706657,357.102839,148.501312,133.358673
638.269722,348.856028,147.242493,134.194946
641.286240,346.823809,144.152634,134.910446
640.221497,348.979029,143.573380,134.498016
635.838066,352.205904,150.085297,134.055679
633.243843,354.683123,156.062073,136.372543
633.292236,353.391306,152.125992,134.362793
623.290977,349.522005,151.084991,141.165604
616.079002,348.044542,152.136871,136.371811
612.431175,344.965990,149.801178,142.855576
613.820984,343.059244,148.075577,147.434021
615.403847,341.158167,149.134033,143.816864
617.526276,339.949366,151.486588,146.176849
619.515800,339.262560,149.399445,148.531662
621.590950,339.639124,149.706055,149.092377
622.782753,339.737391,147.285278,149.864655
624.309959,338.929598,144.459564,143.340164
626.273499,335.693491,144.552994,142.596924
628.242073,333.050776,142.052429,137.101410
631.151802,329.025499,140.496216,136.989609
629.297401,328.049578,141.034912,135.673141
624.917877,329.210161,139.330399,134.489731
619.385376,331.196482,138.900284,133.743408
613.458145,335.008890,139.036850,130.066406
609.476257,337.347155,140.543045,128.294662
605.169762,339.567141,140.675812,128.784988
603.570557,340.315943,141.723038,131.774689
603.946838,340.693895,141.314590,129.485397
604.666084,338.795038,140.550781,129.451141
609.229424,336.064478,138.669098,128.933075
616.287941,329.696543,136.892578,131.814575
626.091805,318.982721,134.412354,132.950104
642.546570,311.651590,126.330093,128.825134
654.802681,308.669733,119.743652,120.343170
663.142242,309.399782,114.706680,116.487320
667.258369,311.049566,111.766174,114.096992
670.938488,311.578882,108.787773,111.512909
680.057732,307.979727,107.644989,105.692421
698.174419,300.416250,109.103569,102.267738
725.563541,292.271307,110.070137,98.057564
759.044567,286.234709,105.736870,93.109825
790.777088,282.695135,98.705421,88.893074
809.496124,278.984423,90.372238,87.042130
814.307007,275.600702,89.788834,91.513031
817.486107,270.121004,91.143311,95.059097
820.737286,262.290644,91.716423,98.961975
823.270367,256.662024,91.894279,101.615944
822.972206,253.544538,91.321625,104.046806
822.381565,249.446848,92.637306,106.773804
825.628220,246.817045,95.607681,109.249382
834.787987,243.841768,95.639587,110.923813
844.942680,240.370619,95.630005,112.601646
855.152782,238.762728,96.620262,114.549118
866.431675,236.598516,96.852699,117.421364
875.716534,236.183222,98.747276,121.603149
883.994732,235.698751,100.148216,127.077950
888.204937,236.076174,100.039024,132.122299
889.236588,237.308649,102.230057,138.755737
888.462124,237.934565,104.960564,143.635132
896.461140,239.694216,94.225533,145.649338
904.136909,243.315874,103.801788,144.834793
907.321968,252.617105,107.643463,147.678802
907.229115,264.009279,106.195198,146.045456
899.441235,268.392824,109.643639,142.867538
897.054390,269.872766,108.678070,142.331482
896.610672,269.507715,105.524307,144.042725
891.512173,267.775057,106.347893,144.097702
888.467979,267.832880,106.193481,142.008789
886.860203,267.355280,104.618263,141.167725
883.536045,265.465334,104.671974,140.138901
885.383202,261.027689,103.824524,138.689728
894.581947,253.682947,108.679352,136.361633
918.928726,242.108912,109.684402,135.057617
943.603985,232.459040,115.911644,134.733826
971.776596,229.082758,122.047501,138.163330
998.640816,226.654055,129.476654,141.461655
1023.282242,227.157412,131.063736,140.108627
1037.502930,228.342440,127.544235,136.914963
1043.319191,227.266146,124.391632,135.293381
1045.390976,223.668802,123.588516,134.934174
1046.386536,218.593218,123.786789,136.410538
1046.777294,213.309343,124.842186,140.051956
1048.573097,209.507448,125.591156,141.040817
1051.920918,203.769075,126.077522,141.227280
1053.060989,196.759554,124.745621,138.088913
1050.357796,187.116549,125.042755,138.032822
1045.153164,177.638552,123.773186,136.994431
1041.024715,170.013933,120.187737,136.306046
1037.964058,162.974138,120.124664,137.177322
1036.747707,157.566462,119.125969,133.736328
1033.836487,154.125666,117.748093,131.227051
1030.306335,146.424768,115.884933,128.075317
1026.325081,140.899736,114.715668,130.504654
1015.831276,133.624750,114.662140,129.870361
1011.821411,130.793692,109.891342,126.212898
1011.984951,128.904242,108.594414,125.010231
1011.707069,128.667391,108.299164,121.375717
1011.662300,129.596880,109.351105,118.087784
1009.446800,128.305120,110.098206,117.801918
1006.644310,127.057390,108.913391,116.856583
1003.144474,124.212343,106.688454,115.178024
1003.203304,122.763414,106.377678,115.171341
1002.631371,120.978735,107.171875,116.659096
999.780041,117.696913,108.624596,117.560081
996.223755,114.749601,108.768845,119.460869
991.648129,112.041899,108.438225,120.331047
988.983215,109.945635,107.513596,121.279922
986.604156,108.380880,108.503830,121.970039
981.362701,107.771475,109.105209,122.569405
976.811398,107.250910,107.965202,122.329041
971.744881,106.694361,107.714569,125.127930
967.890873,106.258139,107.720863,127.700569
965.151958,105.965509,108.185509,130.070068
963.207226,106.309519,108.641685,132.211090
961.272797,106.543352,109.481369,134.966629
963.347591,107.186144,108.286369,137.441422
965.424061,109.019426,109.137276,140.123245
964.996052,110.567194,110.942451,143.408386
962.585026,114.323923,113.094948,147.826202
959.533276,119.567141,114.087425,151.409836
955.331078,128.282976,116.354370,154.782364
953.603195,139.539545,113.882278,153.198303
953.792038,150.133692,113.936234,151.027466
952.280560,160.571581,114.048119,150.002151
949.910721,167.903727,112.069717,150.299469
942.533844,174.929270,111.964035,149.351044
932.433914,184.331812,110.649612,147.412842
922.011856,192.019953,110.700577,148.147217
908.436794,202.842974,111.837822,151.553543
889.741028,219.441126,115.638779,154.649902
864.757797,243.367899,121.488724,153.824921
830.406387,273.481478,131.289078,164.377487
800.359604,314.106356,151.922440,165.446152
768.892746,363.775866,145.668961,158.819046
748.763542,420.012156,145.176575,145.726898
725.208412,478.366201,151.285492,125.983955
717.143112,504.914663,151.881912,115.533882
715.329834,508.777235,150.396957,108.916222
718.521904,496.366957,151.208374,112.984398
724.907822,479.712370,153.259109,111.822136
732.816673,464.200071,151.255554,112.208794
741.318146,447.928797,148.027145,112.383240
747.664459,433.742399,142.169907,111.722160
751.812622,425.532122,143.381027,112.720596
753.248314,417.196787,143.256836,112.144928
757.130165,412.849630,142.115753,110.711311
758.750069,410.099627,140.149384,110.145828
756.165878,411.012922,142.965775,107.791039
754.725716,413.039515,143.377472,106.891785
752.115067,412.719980,143.221939,106.138580
749.043350,413.563906,143.933182,105.467697
743.544434,414.483679,145.841293,104.886024
742.247353,418.796362,143.233185,103.845253
739.162888,419.433416,142.945572,102.690895
735.891518,419.803602,142.087494,102.137840
733.646225,418.026506,140.892410,102.696915
729.446579,414.694956,141.684769,103.508331
727.050888,412.244654,142.001480,103.010742
724.732140,410.647848,139.651672,102.020821
723.995270,409.653727,137.758102,101.534882
721.669571,410.350180,138.058182,100.051460
720.653168,410.012506,137.801376,99.494080
720.327957,408.651857,136.414566,98.967514
720.693893,407.062872,136.439529,99.100502
721.397308,404.506968,135.503647,100.121490
725.363495,396.456553,135.197433,103.845062
733.388634,373.781511,144.311279,145.233414
753.868736,335.775057,156.352661,152.433090
813.872787,308.334566,162.133560,142.522873
904.904213,305.633539,171.521332,151.022400
1017.672203,324.711115,188.942627,169.279480
1135.275986,397.414568,141.278152,181.078018
1200.986168,519.407457,77.212463,149.320511
1235.486958,567.599123,43.654549,87.362228
1238.468300,581.708906,39.783691,99.541710
1225.864573,564.104498,51.706844,114.654732
1206.663651,528.954821,71.813156,134.582657
1187.768768,491.599993,90.803238,155.655685
1173.927673,462.726686,104.494217,164.237747
1165.680798,434.262758,114.319202,170.819595
1158.044909,409.610041,121.955091,174.544281
1149.635262,386.481577,130.364738,170.191895
1141.041493,362.061983,137.886993,170.090103
1133.039242,338.510424,145.996292,170.366806
1118.910527,314.478441,158.981750,171.307785
1104.593129,291.235605,169.900421,175.295532
1085.529423,272.888514,168.721375,172.785919
1062.607525,253.628054,167.879135,176.146988
1036.447445,234.582956,167.101822,175.130615
1004.072850,216.432024,171.742249,178.757492
986.622090,205.418291,157.533112,174.250778
969.314740,195.189745,151.627426,173.218246
948.067944,187.849115,148.541977,171.449188
931.903988,180.963694,143.116531,170.612549
917.905354,177.681749,136.388824,168.495712
907.961499,176.065912,129.679733,164.778046
899.004616,174.988207,127.488762,161.775131
893.140038,174.759180,126.088219,162.487335
888.166531,173.402765,124.816299,162.670380
883.429162,173.607225,124.133751,164.252243
885.623951,173.866510,122.960297,165.600555
886.465394,176.194071,127.295601,167.684509
892.431092,179.359865,126.708870,165.538528
897.577534,182.098352,128.240936,165.737701
901.340199,185.882532,129.767242,166.349213
905.123242,188.423067,129.188950,167.688309
907.454991,192.233446,129.521057,170.258347
910.941151,194.935663,130.682526,169.621063
917.285458,198.863054,134.080460,169.698288
926.448422,203.785532,138.643692,169.148254
935.490658,209.765490,140.650040,166.447250
942.362851,214.332460,137.022781,164.977737
946.065045,217.252764,133.351608,169.099411
946.735287,222.464571,133.827957,170.736588
947.288594,225.712900,134.268707,169.277710
950.198239,232.207506,135.107010,169.850510
955.177426,237.176874,136.802444,166.524139
960.783528,242.794634,138.710480,166.138840
966.938130,248.795198,138.333405,163.993484
971.772976,254.280916,138.116104,159.057205
975.260052,257.798342,137.120712,149.393143
976.741772,261.315561,136.196030,154.158508
978.029385,263.094477,134.701492,149.042450
976.220997,265.539820,134.777374,148.145294
976.505307,267.128565,134.100601,147.945465
976.782628,269.451540,134.020325,149.375259
974.588574,273.324923,136.812546,155.496475
976.590519,279.422586,136.699829,156.616882
978.720997,287.058252,137.373627,157.016998
981.973431,295.501093,139.772018,149.543854
990.023022,303.426943,138.359421,150.340225
995.677235,311.893000,139.499481,147.372223
1002.354039,321.998537,138.207581,147.771927
1006.216275,333.814318,139.420303,144.318649
1009.569432,348.240297,141.501953,143.296829
1013.672497,365.427492,143.790634,143.308853
1019.514813,388.097994,144.725876,142.099197
1030.132969,418.533838,150.277649,145.959564
1048.329709,467.409555,153.797134,135.108398
1073.635846,541.940088,144.636703,135.488983
966.611989,641.669680,265.222137,78.330320
686.357686,447.162904,518.413879,272.837096
414.625477,303.809792,421.866943,214.592758
179.800580,413.523301,130.302811,150.318939
226.371872,415.968590,72.161263,142.917923
227.634903,416.913643,72.615547,141.373215
229.546517,416.292305,70.982140,141.503647
230.942894,415.936356,68.974144,140.655945
229.156804,414.239983,69.324493,148.333389
230.440527,414.431588,63.334835,140.091476
231.904150,414.938050,60.058590,116.574005
234.659340,414.835278,54.806816,104.444557
233.879187,414.615017,53.750454,94.371437
226.304717,415.032677,62.541149,96.126755
221.453679,413.236168,62.548401,98.766373
234.684540,415.388581,52.464790,99.390472
173.277310,402.329056,127.342117,132.423615
242.143919,413.390927,48.719433,99.038765
233.750609,412.675988,61.301922,138.660080
240.501063,413.362748,61.811390,145.325562
246.723094,413.483681,59.342762,148.208817
248.644749,412.927536,63.181244,153.961548
249.085061,415.648110,72.279167,139.887894
247.981102,416.224373,72.914848,136.246262
250.714909,418.671059,76.916290,136.587051
254.706234,419.450959,75.416306,136.577545
259.405690,419.495461,73.644043,137.101730
255.506112,419.704995,81.068291,137.996170
263.198395,421.800370,72.949104,135.105225
255.531556,421.807518,85.718910,138.674545
264.868527,422.042504,71.598190,136.623825
249.131249,424.090935,92.812492,139.075150
255.014733,422.807160,88.012566,138.452637
265.506501,422.075921,73.612282,137.453995
266.719216,421.550950,75.538628,135.728455
263.219090,421.317902,81.628143,136.759949
256.826798,420.206124,86.998177,137.394211
271.075757,423.306931,70.612808,133.198212
270.950551,421.076607,74.694305,136.350906
264.682793,419.545006,81.090874,136.226547
272.386502,418.936562,72.300461,135.775345
265.161583,417.682320,81.978081,137.064102
271.747197,415.402161,73.310883,136.606354
269.743573,415.853096,78.824539,137.457260
269.547764,413.530053,78.842010,136.819046
274.242360,412.834786,73.100464,134.889023
271.813580,411.911103,78.671371,137.588959
273.818417,410.949769,75.805740,135.479279
276.648209,410.476723,73.567360,134.996902
278.080136,408.655419,72.758072,136.138138
278.046494,406.594864,73.973732,135.708069
276.228077,405.557366,76.036469,137.786301
279.895733,404.648758,72.976181,133.747925
262.741494,405.656090,93.272789,137.650131
277.544262,403.431138,71.759048,135.489014
270.361298,400.338151,81.872353,136.115479
275.938275,398.495995,75.446304,137.005966
272.301198,396.868401,77.936218,135.532761
266.861538,394.686684,81.232834,134.935837
268.336926,391.836800,79.145401,138.003586
255.518925,390.905304,91.214386,137.038635
267.995839,387.767800,72.845337,134.862228
135.169983,493.644610,54.222786,42.557217
133.181489,491.242943,55.765343,42.848389
130.683428,487.636700,55.734043,43.668465
129.048871,484.969346,55.799759,43.117828
127.227681,482.185841,55.682831,42.458092
126.050534,480.867230,54.987778,41.255608
122.538371,477.288504,56.035435,42.149921
120.583336,474.088095,55.697929,42.787678
117.976437,471.638600,56.151138,43.311775
115.485228,468.812224,56.434521,44.060749
113.168969,465.494851,57.211388,44.008743
111.667262,462.796818,56.576084,43.322319
108.233922,458.914307,56.591125,43.328964
104.225111,454.583119,56.664745,43.465523
101.952126,452.178046,56.835106,42.951099
98.000403,449.656147,57.682018,43.436668
94.402970,447.195260,57.293068,43.106064
89.182541,445.744381,57.183067,42.614571
85.535843,443.348504,56.697212,42.151657
79.907872,441.799700,58.110168,41.967907
75.108426,439.096438,58.631287,43.079067
71.451785,437.848639,57.046299,39.740910
64.453505,437.556607,58.971889,42.629601
58.165671,438.371462,57.776180,41.468929
48.891203,435.886412,60.512066,42.712421
35.014504,435.706795,61.301506,42.682068
17.026272,436.025912,61.574203,42.926220
0.000000,434.986403,58.011322,44.155445
0.000000,433.368218,35.848215,44.761475
0.000000,435.488217,15.477247,39.031700
0.000000,393.364316,33.626735,73.772324
53.365995,364.239716,70.471588,97.540871
21.352731,308.431149,80.733131,153.736343
0.000000,304.957936,70.218618,151.010834
0.000000,327.959820,46.896556,130.328171
0.000000,362.203347,49.723159,110.493004
0.000000,429.273182,68.276363,120.711731
0.260273,408.472294,45.901020,303.421906
1.566690,470.683629,76.023293,249.316371
132.334432,563.768625,217.006973,142.919693
358.795034,632.626848,70.873734,76.170532
369.773262,614.708193,46.375439,57.299377
363.325781,575.467987,41.347321,49.244816
349.438928,532.268603,42.892906,47.634338
339.682127,489.264446,42.419785,46.520809
329.583437,448.393347,48.317818,57.372231
310.012678,451.199820,85.389206,121.762642
293.909132,417.870413,101.571945,120.825630
287.775591,401.355433,103.473305,101.112183
284.687551,359.364958,100.885803,101.043419
274.743368,309.679388,103.561096,107.053383
267.769426,260.941973,102.256050,109.717239
256.037336,221.592551,104.946243,117.493629
243.241045,199.119372,105.450569,110.780655
231.355524,174.234514,105.759941,109.483871
219.369253,159.057516,105.924072,114.994606
216.676309,152.217272,103.175499,111.797653
213.822397,158.689924,100.475609,108.564262
209.712629,164.232096,98.694107,105.125977
208.711119,171.759917,95.317825,108.522240
208.019087,185.875246,91.566544,105.191727
209.745386,203.936667,90.057091,101.918434
211.991426,222.143576,91.714363,102.899696
222.453028,247.482805,91.964043,103.862534
237.108373,281.154597,91.631927,101.421722
257.310770,319.326948,92.898766,99.965019
282.190626,351.464560,92.845718,106.902626
308.210588,378.110285,104.228584,125.116974
343.791975,409.788523,111.153763,143.718445
386.287832,453.587488,118.238220,149.963654
450.128103,497.852122,114.580444,139.849182
487.131002,603.699305,141.743713,78.704254
558.433107,599.741816,100.777138,84.708710
595.027136,637.862543,109.344147,70.758942
637.420084,631.208914,102.012169,75.971474
690.645540,605.233414,77.300026,50.918629
725.593942,585.274319,70.173729,57.374874
756.088850,577.843733,68.976456,54.566307
771.122560,523.727633,88.502846,105.571823
788.831995,505.014895,86.046318,98.987015
793.044832,498.358752,58.629005,73.978683
796.035339,493.940317,61.966412,56.755585
793.214750,485.863913,71.930069,68.317207
793.266600,488.114332,68.520584,64.522545
786.106596,485.050486,109.197067,79.387878
778.874689,486.459624,91.977379,68.949364
772.067480,488.348459,80.530914,76.464447
771.153295,498.450442,78.686829,68.573837
768.768782,502.358309,80.081924,67.702499
767.934259,506.366896,79.831657,71.033531
769.399080,510.464747,79.826759,72.529999
772.379660,513.983763,76.195404,68.603874
775.939207,521.325873,72.193741,60.909248
780.768061,535.424856,70.320396,57.248451
783.340303,549.320029,69.809700,54.493813
777.676527,573.405516,73.288498,55.895439
782.340399,588.776619,62.985199,53.699131
781.017443,632.149643,61.717384,48.132374
782.608766,678.689564,63.087013,41.310436
817.648315,622.079716,43.757000,47.993816
855.214220,597.220774,72.360786,80.942871
839.520185,657.822613,111.031113,62.177387
770.811697,484.604681,209.138947,187.849838
694.588232,244.668272,149.035828,175.620972
704.711477,188.543600,84.544769,217.835526
730.751566,245.792463,72.615410,170.521027
750.468916,224.556707,86.772385,186.949020
806.314104,110.299498,67.762978,144.930328
841.198383,128.969633,61.245213,159.297028
872.035295,166.800650,54.408424,155.147385
898.288963,202.095831,48.363705,152.013443
925.533871,248.526899,49.329517,153.447266
955.157560,294.480314,50.605728,156.439423
987.639688,334.674116,44.938011,159.815063
1021.577820,381.455908,39.326580,151.620041
1052.197328,418.515570,41.647469,155.628647
1079.280386,449.821592,41.840607,150.326721
1095.879427,469.997358,39.466164,153.688019
1108.579914,478.691488,43.811222,161.375992
1118.449598,491.901533,41.506180,155.962402
1129.066015,500.545034,42.220062,152.188248
1146.360731,488.950567,74.105881,170.421860
1145.107023,494.782538,39.672440,160.997726
1139.398107,488.259375,48.673431,160.160263
1126.168423,488.419607,41.917255,153.859299
1107.591211,483.791861,43.675194,152.535934
1087.851307,473.293356,45.053257,152.774612
1067.929607,466.640211,46.650318,150.716522
1048.555124,458.063742,48.881828,156.470261
1026.219038,453.075659,49.894119,153.666061
990.715610,434.223288,56.162601,146.341812
962.125601,411.584433,65.181244,148.643967
929.685690,390.071646,70.086273,147.276016
890.805143,381.351088,77.193008,151.180481
854.722135,376.208983,80.630325,155.635468
824.603262,378.255331,81.316681,146.891403
806.896463,385.632887,85.692619,154.028381
789.261545,397.171347,85.967094,142.797531
774.971258,406.008726,84.570618,144.253265
748.944734,417.738562,100.980965,169.138687
757.716451,431.794210,91.611053,145.398239
762.664545,428.969107,94.356529,141.828354
745.292650,420.000540,96.543556,161.115402
751.480303,414.968847,98.053505,158.121231
758.481241,410.132780,90.885063,158.085968
768.679186,394.776075,76.603371,156.577026
772.720491,390.667517,76.470772,148.259415
779.105894,385.680189,74.586746,151.166504
782.670217,383.157019,75.628876,158.347977
789.374773,395.382986,77.664467,137.428024
793.730619,401.058081,77.798233,138.313492
795.830526,405.576773,78.990631,143.418137
798.909929,410.886374,77.724709,149.023727
800.975881,409.725866,76.461639,154.899124
803.736658,416.938093,72.464684,151.719177
806.890356,421.110403,73.245667,156.088242
806.778086,426.042265,70.899345,150.929596
809.622511,430.444632,77.512192,150.379562
809.898554,433.721724,81.869652,148.590515
806.599108,442.979536,88.601051,150.708313
811.179636,453.629019,94.804680,132.889511
818.097975,463.137091,93.708847,140.134293
807.250479,469.616346,111.473846,148.369080
810.836424,479.486258,112.035049,139.378342
817.883154,487.047766,111.196594,132.947037
810.212690,494.314474,123.252609,128.610764
811.918173,498.594061,130.191254,122.571182
803.714865,500.786451,134.951874,125.355957
804.525640,499.053289,128.146912,124.764481
809.076845,493.800329,117.617805,126.853592
825.688593,490.595434,97.567711,118.238052
819.411386,486.511217,98.567436,111.914848
809.554094,486.112429,101.179512,113.746361
817.022970,482.441313,89.377380,105.420380
812.393015,480.718210,90.786613,110.155067
801.524183,481.443972,98.865189,106.161949
806.467043,474.724592,88.540443,102.773682
811.095526,459.844469,83.321533,97.420891
809.599241,459.611906,83.535690,96.971069
804.546053,449.714235,88.083626,96.625023
776.826864,449.487764,123.773285,116.787071
799.944872,455.368116,92.330666,84.934021
807.563047,454.552919,85.732254,86.002769
785.770841,455.426653,128.380753,117.219475
806.111822,459.701841,83.380615,89.373077
828.826322,462.238939,62.649002,77.544121
773.941221,438.448828,157.625717,143.401901
803.579546,465.208933,85.255257,88.120583
815.810037,467.497221,70.558952,84.804138
795.763258,462.194174,94.051224,111.627426
804.158304,464.512911,85.850060,91.654594
817.409376,460.985338,74.818497,92.680504
801.009882,456.935640,94.203331,107.161308
788.441725,431.552763,136.258713,130.273468
811.524507,450.518236,81.603279,102.811577
808.637991,445.526197,86.413300,106.997711
815.956255,439.794127,89.235390,102.626556
816.285360,439.215735,80.983521,99.888321
807.164476,429.307779,95.984810,116.542976
818.963606,435.665716,81.532730,99.587357
816.461840,426.177298,86.009590,112.840622
827.487337,419.846605,81.364296,100.709831
817.130964,384.066389,111.542160,144.366028
826.913992,410.683115,92.721161,124.674202
822.192335,342.802290,176.369370,191.674316
834.173265,384.015875,115.100746,179.430801
839.854868,373.922308,91.442436,154.008072
842.260427,368.277052,103.245270,145.572510
843.081373,352.926748,103.492722,166.697800
834.321035,347.715590,106.040680,164.755981
823.406465,334.298101,106.632210,161.418106
793.091261,333.149031,154.117477,217.531921
761.237524,319.934088,161.040710,248.461136
756.864149,307.970228,172.708847,259.626221
753.226873,299.440718,163.276855,269.384583
754.982832,294.766707,169.926315,277.550110
749.909071,286.938292,159.536240,276.500519
752.453085,282.903807,151.007416,266.955719
751.459905,285.223158,150.854980,268.412598
750.537733,282.857817,148.119797,264.068451
751.076055,282.886137,140.434937,262.932404
754.433645,282.127760,131.530182,258.337952
753.465254,286.012266,128.511520,260.982574
747.107401,286.373137,125.152946,276.649200
741.493784,285.599714,119.613945,261.884216
740.476332,285.093634,117.362106,255.260391
736.107473,279.857618,117.549713,259.078125
734.104994,285.173071,110.218735,240.806351
753.517076,277.381300,86.993263,148.119263
762.065275,281.153013,79.740005,158.262238
755.866339,279.560926,80.403137,148.483398
753.431093,283.308523,72.055000,146.081039
749.843954,282.992735,80.296906,144.658325
746.825151,282.419584,74.164284,148.753052
743.312803,281.300673,73.991104,147.228485
739.233187,283.017210,71.730354,147.117615
736.501760,279.924528,105.624664,166.724548
736.115354,282.536245,76.139175,162.255508
734.163027,288.227057,64.045967,144.399399
734.224657,310.520559,124.094337,164.803421
733.324808,294.804953,68.858818,161.801590
726.170706,307.379667,98.274506,166.561462
738.789015,307.137671,66.234360,133.977829
735.246130,326.578749,110.222473,165.037262
735.795875,308.778944,60.794857,164.386261
749.064649,399.749651,96.802597,93.229637
718.979139,332.924612,96.181473,160.533524
707.638067,337.453116,109.379120,164.786270
730.829363,316.418493,66.805489,184.209091
734.871866,330.401289,65.383629,160.226776
734.368856,324.847548,61.817261,143.020660
757.241350,166.724119,64.428902,176.217072
769.074682,130.271666,133.125519,211.392639
753.836191,326.370009,68.440086,218.888458
718.768469,337.434019,129.053680,177.968994
763.957817,352.781553,61.446346,167.178345
773.935663,357.235334,68.341545,143.196045
779.831051,363.915617,53.420643,151.031891
791.113279,376.262510,53.479019,141.932404
800.272137,380.366827,52.025074,106.770615
803.840551,383.608770,49.864594,149.244980
809.128914,390.442991,54.325893,127.918640
815.015449,397.437025,55.172878,137.258118
823.422142,403.456678,52.767941,146.852905
830.226913,407.524176,55.509014,142.713120
836.318956,399.273100,87.667885,156.662476
843.589346,414.210432,63.647980,131.136505
829.887121,397.671324,83.071472,77.596130
894.108381,311.760450,57.069595,85.277328
883.618513,319.926169,74.970627,98.308746
915.611116,248.608152,91.787544,174.258163
936.540487,229.580481,159.190643,210.806793
942.204550,188.323492,256.655365,303.897064
911.396124,158.230261,311.538940,486.072052
906.661688,177.382238,315.443848,483.381500
924.918569,196.727316,306.955963,406.161926
962.809255,190.702169,304.957672,461.942200
967.457296,215.259710,303.528412,391.678925
1002.471685,246.350348,277.528315,438.670990
1006.530597,275.460318,272.163300,413.634033
966.872867,350.229940,308.879517,359.755676
1046.437671,442.699408,227.473907,275.631439
1061.544642,523.532148,211.366776,194.559464
1010.288684,625.786341,262.995514,94.213659
788.208835,447.683866,438.463440,272.316134
552.955935,575.884055,153.131287,144.115945
495.768184,576.202075,184.565323,143.797925
514.358779,569.170610,113.122292,150.829390
476.395114,578.524720,232.733643,141.475280
366.573520,516.487267,341.744080,203.512733
336.484469,593.506844,160.276672,122.797798
393.449412,597.527722,95.377487,119.817688
442.813769,626.710591,103.184418,93.289409
390.846034,594.353075,65.723862,119.967697
394.928164,594.184794,83.147125,124.130371
450.135028,629.141825,88.906860,90.265747
431.794684,622.532229,107.033653,95.549637
372.565883,579.078371,80.228470,138.435532
385.271209,584.213328,78.501045,129.476959
450.953246,616.653170,80.556587,74.011459
448.271735,611.999643,83.850914,83.984558
444.238944,610.410700,79.099205,95.959839
422.326091,599.755365,106.651718,120.244635
438.643851,594.699159,77.884605,116.520134
342.913230,635.229531,68.799004,80.837379
341.422095,636.656289,82.571465,74.812630
345.670020,618.258077,70.104179,82.982773
340.787368,621.435262,68.721443,76.111954
339.648154,620.714334,69.592949,70.912666
338.223407,610.897981,71.487701,73.552513
337.675391,609.648225,70.221642,71.676201
338.097304,604.164750,65.418709,70.380913
337.302340,605.243413,64.965424,65.103226
338.301314,599.033856,65.482552,66.974457
336.025058,584.482793,64.940826,74.361588
334.789542,586.873525,66.190117,70.058914
334.165025,576.587602,61.890965,80.992851
332.280991,579.531854,60.675053,76.199715
355.598531,482.412801,62.715115,104.288513
354.324996,480.455514,64.755928,90.991600
351.800803,482.040540,67.396355,97.184555
352.704490,476.689862,60.681145,87.239182
346.950633,475.679204,76.267715,95.244446
344.749640,475.679467,76.133537,70.939507
349.056052,473.898599,70.528801,79.894035
343.292067,475.035527,83.860451,88.984833
346.634108,473.091584,73.465187,65.836525
347.090186,474.530046,79.858269,83.724586
347.992888,475.013810,76.389351,87.025673
349.125522,470.915566,78.637726,96.738396
348.739570,469.515584,84.838371,73.916962
351.700087,469.800206,79.237495,78.961823
352.903430,468.645211,78.254089,78.086723
354.217894,469.149606,78.097511,89.563042
353.492373,464.496865,81.495850,78.180901
354.796660,464.216355,78.524818,78.891884
356.813060,463.323186,78.073593,78.926056
355.015220,463.384561,81.117851,92.536247
359.101478,462.203931,74.701500,77.086258
361.065158,463.585210,78.470001,91.811218
362.514113,464.535535,72.651985,83.643661
366.538196,467.741021,71.217621,96.508598
238.010337,520.399007,80.155830,102.206665
239.978080,522.981298,81.475227,102.208679
246.454970,525.812017,77.977501,103.234375
250.140819,527.956864,79.558563,104.879005
254.998328,530.483991,77.846107,103.620743
258.380450,533.394559,78.504166,103.891861
261.932593,534.690290,77.376686,103.510452
264.152167,535.419728,79.125954,104.550873
268.211417,536.255048,77.483742,102.962143
272.436892,538.640492,76.895432,102.766754
275.905524,538.331681,77.412788,103.051643
279.308383,541.183690,77.036118,101.860931
282.855899,540.728868,76.823654,102.068825
287.197886,542.554997,75.467834,101.604553
289.648604,542.767655,76.199516,101.006264
293.421397,542.004682,75.280579,101.171310
294.485988,541.856072,76.351318,102.013298
298.130427,542.284898,75.261017,101.810982
298.698306,541.858464,78.575546,104.506683
296.104003,538.488118,84.603233,112.319061
280.066146,543.633046,106.453148,122.259583
171.672969,591.783261,153.391357,104.284653
159.732928,577.775422,195.488052,124.491554
48.712642,559.419179,400.645386,160.580821
605.799334,547.182108,115.063065,113.954987
584.254882,501.427962,94.432091,108.455254
556.732257,462.565047,90.913620,105.256371
528.457313,428.324713,88.263863,107.574287
504.556487,400.111804,84.295403,107.068069
485.804007,377.452937,80.544899,105.851898
471.081962,362.088736,75.356636,103.663979
458.171645,348.290698,73.902824,101.089188
452.479331,339.584689,74.316811,98.198410
460.956378,331.879305,72.562759,96.121933
472.080504,328.341975,71.995445,94.552521
479.951190,328.497874,69.285263,92.194000
483.910541,329.249957,67.310776,90.503189
485.166121,332.851794,67.200127,87.159531
487.844382,331.452387,73.699989,85.978882
504.209208,327.587855,75.934814,86.542267
527.157363,320.228434,71.818321,86.917694
544.048209,310.755538,65.623146,86.218132
558.203835,303.215449,63.120945,86.663300
569.925157,300.281111,61.016132,84.279503
578.505689,299.148322,61.180477,83.929665
588.325457,296.168917,58.411118,82.751907
596.969546,293.283701,58.288956,84.058044
606.810651,292.853938,58.065578,82.379730
616.909612,292.877802,58.199413,81.787598
627.508441,294.607104,57.886093,79.496811
636.512198,295.418059,56.502998,79.398277
641.214379,295.679350,56.198856,78.704674
644.016522,297.707629,56.226345,78.106064
647.584399,299.652091,56.152115,77.972359
651.057919,301.760993,56.178860,78.151558
655.411862,301.776492,55.882198,78.525467
660.490140,302.578669,55.748806,78.740662
665.719205,302.532939,55.160580,78.530334
669.967694,302.112608,55.276974,78.397667
672.258265,302.576834,54.866669,77.076241
678.067222,301.679312,57.035713,78.005623
691.801326,303.577693,58.810089,78.069794
706.144330,310.606696,55.886379,81.553902
709.385615,323.973834,55.450378,80.352249
711.410474,343.701560,55.604244,81.838753
713.575698,367.248374,55.838554,82.696327
712.377721,392.299120,60.202435,81.191147
706.053594,406.621203,59.758923,77.101120
694.065221,405.480307,60.445477,76.302101
680.854575,400.818179,54.928200,74.028122
678.421824,392.308077,52.199615,76.096024
689.529714,361.013281,57.856670,77.814095
713.461451,303.387511,63.434692,86.774239
742.921000,229.529280,76.621094,102.805687
781.675738,161.188056,79.191757,84.319466
826.047976,59.164851,72.675156,86.874893
869.411809,1.519888,63.104412,44.769386
870.032535,3.141375,149.321945,77.929764
932.040751,0.000000,126.388519,39.415650
944.407313,3.419678,122.205048,39.512939
955.055892,1.791582,121.226494,37.185726
970.602862,1.612358,128.890945,36.426132
984.384372,0.851616,131.092636,34.314804
986.283420,1.306271,133.807663,47.829597
969.765056,1.418835,136.604340,86.409035
977.132121,0.000000,65.073364,49.217526
945.416942,69.198652,66.628647,88.567200
914.646193,166.547266,68.023109,93.265297
888.000297,276.004297,65.602715,82.724831
873.725602,356.231363,53.275852,77.729683
872.842185,408.978209,56.589653,74.650818
860.486308,442.236368,66.685287,71.781532
826.337302,448.392584,76.778069,67.007187
784.183654,434.527083,74.918495,72.179718
753.542779,418.334772,60.354633,65.638374
736.023715,404.155035,52.268768,64.653122
727.302764,390.971768,51.197304,63.917118
727.478059,375.100733,50.722904,64.345100
727.871036,351.594202,51.196716,65.085121
733.885415,320.584692,52.820393,67.966156
746.067351,288.637350,58.467354,69.168076
753.209344,260.131174,59.995991,72.447670
727.644660,237.065771,77.056084,77.473038
678.826106,231.580473,83.828842,73.273224
619.326068,239.141722,81.228088,86.335510
561.912417,251.396071,76.089569,84.421082
511.655589,243.192717,75.085190,80.273010
462.341189,233.523012,69.560303,73.191582
417.131156,230.920134,65.232292,68.475372
385.971538,228.279722,63.824753,64.191833
367.369849,227.403874,57.311089,57.380848
353.282529,229.770678,51.501110,54.724663
333.291821,241.958485,53.005901,56.733753
315.794230,263.987026,56.257462,62.576420
323.257541,303.340212,62.831177,73.900047
361.044875,360.986227,74.020576,84.210709
410.946402,429.340632,59.997520,78.040718
432.965138,477.753573,60.294613,72.477562
431.994759,504.980230,62.016315,70.046188
427.355212,517.780958,63.281555,65.459808
422.153460,516.704054,65.289337,64.326111
420.403638,505.368582,62.214581,64.897934
422.309386,476.461283,59.835274,70.787880
432.573840,443.372645,54.427734,69.473549
450.023007,398.240175,56.749249,66.379356
483.346665,342.489493,60.173222,76.290070
526.596459,287.721621,61.278431,71.129799
570.359359,237.045752,63.765114,72.677567
606.000899,189.350664,67.044960,69.210808
636.624658,144.452395,56.224537,66.836205
651.844853,116.462498,51.665737,55.766453
652.398339,90.606953,49.009327,54.624836
643.373010,80.956350,47.772877,53.959839
630.881465,83.522562,47.589340,53.658134
623.034734,93.054022,45.508465,52.991516
621.279189,103.844912,47.194145,57.574654
630.166617,118.022564,49.955208,61.506336
643.716720,136.996140,49.967583,62.353130
655.907636,156.122961,49.178432,69.103027
662.475167,183.409926,46.442112,69.798447
659.507260,211.897543,47.516842,70.718628
652.802890,230.742300,46.541183,65.707642
646.759931,244.725350,43.373837,63.528622
656.817433,255.337513,46.232311,60.333164
674.935903,260.864239,46.314922,59.061481
691.029210,264.745211,43.024334,59.179726
698.884602,264.165022,41.935863,59.290054
701.159633,259.471911,41.375153,60.084480
699.399640,252.482840,41.983562,61.405457
701.675458,248.774374,42.282787,59.993011
708.690198,246.350708,49.995342,58.987438
728.323342,247.174969,52.651173,59.354908
751.464122,251.260378,61.808243,63.263954
788.271247,260.202978,67.577843,67.264862
831.391013,265.122603,65.719200,62.444077
865.606181,254.587580,60.085098,64.490440
887.047072,237.985037,49.888985,64.132263
897.951047,218.820536,51.307903,65.424644
910.248929,201.428961,52.435345,63.344635
926.497878,184.256361,52.945686,63.938187
941.787843,169.500132,51.429874,65.027245
952.161302,155.821333,50.009159,64.537491
960.876237,143.211722,49.894321,65.417450
970.174516,134.101744,50.561405,65.406204
981.449222,125.998068,51.830841,64.419373
992.613511,119.383045,51.669102,63.157566
1004.608958,114.657223,50.962357,62.674641
1014.884829,111.788109,49.646484,62.114101
1024.132382,107.086352,47.811169,63.373390
1031.174464,102.624689,47.985184,64.702934
1035.567496,99.086199,48.105247,65.069283
1038.811400,93.416315,48.085854,63.889305
1042.361850,89.598017,48.685120,64.660881
1046.344441,84.741827,48.232937,64.938354
1050.772963,79.508585,48.697823,64.701622
1055.161391,73.927321,49.375526,65.751694
1061.537644,68.150362,49.463963,66.723335
1065.185552,62.455916,50.141750,66.620468
1066.697942,58.425863,50.028500,65.632080
1067.556069,51.896082,50.119312,65.487511
1067.187289,46.016451,49.919434,65.083260
1066.800525,39.054464,49.872620,64.707764
1065.281320,33.496649,50.319752,64.235260
1061.773284,29.597620,49.846352,65.829491
1061.109795,26.020052,50.064869,65.491524
1061.919513,23.866003,49.834961,65.519836
1062.731130,21.636171,50.296719,64.535500
1062.369080,20.063883,50.388248,64.703819
1059.707015,17.692732,50.038002,64.343063
1057.998084,14.344502,50.017204,63.621464
1054.793693,9.338061,50.371391,64.763039
1051.016484,6.556822,49.817104,64.855270
1046.693482,3.016581,49.322392,66.727654
1041.001258,1.638121,48.814415,66.706711
1038.453891,0.850142,49.171570,66.809036
1037.469956,0.671465,49.432713,64.407295
1039.071546,1.258764,49.135845,61.971283
1039.598348,1.109553,48.599789,61.109245
1037.664412,0.811033,50.034828,62.322617
1033.207816,1.047096,49.562248,62.020351
1029.284215,0.929381,49.264919,62.341476
1026.323314,1.140616,50.421768,62.015625
1024.212947,1.231096,51.441422,60.281532
1021.165860,0.785057,50.190319,55.790157
1001.914452,1.379496,52.417210,49.840874
960.552939,1.665451,60.680565,45.246960
905.985530,2.232922,71.134003,50.444599
827.430419,8.950461,82.270882,65.754150
750.830172,34.972891,83.561905,66.058777
700.076331,64.048117,70.312874,60.425354
680.517430,86.902813,51.924206,51.402454
670.915467,100.394432,45.332935,44.608212
662.062900,108.883907,44.557571,44.913410
651.879031,118.568113,43.984833,45.453476
641.931289,125.968105,43.322166,44.717213
638.511132,130.307604,40.263020,44.341118
635.086549,131.931442,39.817738,45.297390
634.191647,130.598255,40.213833,46.071918
631.877351,128.481926,40.844273,47.181377
630.404948,128.524376,40.427399,47.889095
629.245259,129.702623,40.468639,48.226616
629.006648,132.737154,40.825226,48.694786
628.361312,134.191940,41.301155,49.334637
628.005311,136.748676,41.273640,49.453876
626.716792,139.541443,42.389877,49.749279
627.216689,141.016251,41.304955,50.082989
625.408479,141.925339,41.688236,50.779659
625.295373,143.189425,41.971729,51.441750
622.451613,145.554711,45.351860,52.202770
629.608861,157.943766,39.802731,41.510872
635.516356,157.177378,40.380592,43.625801
646.973939,157.623657,36.529148,45.735180
651.832730,159.389151,37.166698,47.491104
657.435870,164.225996,37.709167,45.316513
661.497245,172.752812,40.526482,40.271015
667.471999,179.729477,37.814491,33.359402
669.709504,172.089710,39.799900,42.833210
669.362739,177.159172,41.594658,37.493832
669.376973,161.995075,41.258541,53.094852
668.124768,157.971590,41.995831,56.948784
668.843497,158.990824,42.560921,58.986168
668.738551,158.973383,42.658981,58.701241
670.333228,160.321207,43.857475,59.762108
675.426761,162.090860,43.948120,60.438194
681.084384,162.670702,44.267059,60.028603
686.216504,162.806322,43.385967,58.656136
688.698201,161.800171,43.256618,57.452526
687.192252,159.554804,43.741570,57.193764
682.135135,157.097016,43.554001,56.809368
674.408009,154.611878,44.642315,57.198391
666.453118,153.033846,44.292332,57.308342
656.402619,152.353342,45.320103,57.935036
648.008593,151.803805,45.737549,58.166222
639.693633,151.499550,46.379951,58.218945
630.957812,150.924898,46.549820,57.304680
622.544326,150.677988,46.635201,57.562141
614.729270,150.942862,46.266655,57.767136
606.946553,150.479971,45.821636,58.418411
597.865430,150.715290,46.264767,58.622211
586.164353,150.569365,49.756519,58.788727
581.433045,152.418970,46.852772,58.331367
575.421595,152.867128,47.054398,58.573845
572.420405,154.150425,45.100693,57.798267
568.037425,155.207863,44.966019,57.519756
564.777362,155.350412,44.464798,57.413460
560.516730,153.734902,43.915443,57.440472
557.706984,152.504507,43.353035,58.714569
551.842873,151.465113,44.962803,58.113029
548.356389,148.462898,43.352200,58.155956
541.381131,146.667816,44.313137,58.793880
528.558713,146.140661,46.916637,57.282944
514.799537,144.830259,47.047615,59.598053
494.730899,144.584049,47.473312,57.569111
470.155190,145.868464,46.791019,53.284737
441.042096,149.964348,48.070263,49.735165
417.560718,159.623461,37.647552,43.967476
407.157208,173.884594,32.046032,34.570332
404.181170,190.044834,64.679367,51.194019
397.962863,198.956694,70.390976,90.839233
392.838519,204.309645,72.804367,87.857269
394.417121,208.048514,81.934822,75.637619
412.824504,217.446875,66.728882,47.588882
433.935529,226.583408,55.184566,52.608906
440.904208,233.337828,65.202347,50.417419
477.724652,220.576695,36.928829,45.242085
441.712779,259.630440,41.677261,38.546215
411.561997,288.919539,34.237537,30.380280
427.126444,312.014708,27.400026,25.076538
408.402580,305.904802,31.521620,35.478889
449.088569,303.637760,59.465836,49.998142
491.084779,246.421080,44.396633,112.948349
423.064643,247.747748,225.038467,146.077759
307.647490,241.645235,71.001251,123.341621
315.754836,243.371874,62.001862,119.317940
304.097827,242.125467,76.250603,118.147697
312.437602,242.462153,66.721046,120.419151
312.059642,242.667372,67.179665,117.651230
313.089299,242.283133,63.086536,116.208740
210.792588,329.637909,45.025814,35.175091
208.953134,329.811417,46.798962,34.327679
209.142816,329.395470,46.337032,35.129025
209.711297,329.269587,46.142101,34.509163
208.864476,328.653050,46.741749,34.199085
209.814116,328.321110,45.636078,34.277897
208.914329,328.655916,46.309631,34.049385
208.766604,328.050432,45.987831,34.027046
209.094096,327.518206,46.061882,34.017860
209.400083,326.744154,46.020451,33.771637
209.412124,326.463324,46.085266,33.975937
209.592879,326.503899,46.013947,34.697582
208.571721,325.679966,46.451710,34.623508
209.292016,326.775086,45.955563,34.237545
208.691466,326.321550,46.232132,34.572151
208.990418,326.134709,46.064297,33.809147
209.369351,326.195332,45.863407,34.128208
209.527675,326.763018,45.651085,34.313545
209.879477,327.065149,46.157394,34.472618
209.291804,328.370304,46.498955,34.007084
209.914723,327.973339,45.549854,34.416279
210.053592,328.327225,45.642921,34.527493
210.700860,328.503378,45.517376,34.242493
210.411317,327.531254,45.868816,34.438557
210.667191,327.570299,45.297344,33.992500
210.351647,327.505732,45.822186,34.578651
210.759709,327.280914,45.974964,34.535091
210.149892,327.702912,45.544788,33.519787
209.718057,329.481732,46.094692,34.320011
210.698127,328.809197,44.965546,34.073055
210.397153,329.157831,45.603443,34.542870
209.927071,329.842346,45.116131,34.080456
209.875930,331.095318,45.572433,34.282795
210.210896,330.841803,44.620899,33.432602
209.683972,330.476626,45.183414,33.814232
210.077088,331.908798,45.692577,33.545910
208.948415,330.535269,45.744312,34.204010
208.868352,330.796341,46.166431,34.454617
208.825387,331.059054,46.099270,34.630089
208.919131,331.418633,45.560310,34.252117
208.036141,330.627722,45.707882,33.782730
208.797368,330.881405,45.537220,34.413807
207.372289,330.852520,46.180775,34.666309
207.901589,329.881148,45.740276,34.735870
207.825881,330.919703,45.517761,34.374275
207.069203,330.703734,45.936359,34.083939
208.000304,329.894337,45.360825,34.468937
207.496831,330.205238,45.679050,34.768566
208.266263,329.123121,45.017063,34.760681
207.312146,329.299397,45.840107,34.798252
207.868739,329.975060,45.714317,34.349880
208.221276,329.567312,45.514950,34.325729
208.171512,330.125757,45.549507,34.045677
209.063420,329.599060,45.849796,34.645916
208.991334,330.238051,45.770901,34.262848
209.451785,330.273914,46.130974,34.204823
209.070136,330.087637,46.267487,34.340179
209.406773,330.567539,46.092045,34.368748
209.806264,329.998966,45.950031,34.447803
210.571023,330.585426,45.419384,34.073895
210.055425,330.519070,45.594761,34.797443
209.984683,330.946671,45.819130,33.880871
209.831405,330.691420,45.884674,34.471298
210.994559,332.057112,45.831924,33.830673
211.409263,331.274414,45.318680,34.105999
210.602256,330.284485,45.602997,33.979000
210.762387,330.585638,45.586582,34.615509
210.724736,331.227331,45.788197,34.634384
209.957379,330.248707,45.935993,34.647236
210.383277,330.943718,45.731064,34.248531
210.765670,331.471079,45.642807,34.254112
209.993289,330.846422,45.730431,34.519295
210.621324,331.020529,46.055767,34.425980
210.679719,331.500153,45.970028,34.579205
210.662314,330.972992,45.853867,34.481365
211.009932,331.073029,46.016464,34.288631
210.954385,330.508179,45.527920,34.251858
210.785190,330.603256,45.943489,34.339565
211.499354,331.208931,45.785118,34.166439
211.936812,330.658569,45.670303,34.683956
211.664758,329.785257,45.659420,34.563911
211.570865,329.901150,45.658913,34.708210
211.860984,330.707892,45.779770,34.653046
210.956391,330.591044,45.978909,33.998466
211.401141,330.172972,45.752449,34.264618
211.769339,331.133240,46.016510,34.064495
210.925897,330.853886,46.154491,33.824467
211.527709,330.567982,45.385361,33.668629
211.816392,330.683416,45.751019,34.072128
211.062823,329.455643,45.904213,34.175716
211.230805,330.170006,45.651989,34.176311
211.757014,330.234955,45.514381,34.347561
211.464438,330.234221,45.663239,34.517319
211.727078,329.966288,45.818562,34.261086
211.943162,329.668471,45.961269,34.192123
213.028420,330.307751,45.185055,34.138737
212.546910,329.561947,45.740910,34.365177
212.278781,329.964428,45.839287,34.582310
212.876933,330.422804,45.453529,33.991669
212.778365,329.435215,45.467346,34.453754
212.283088,329.766363,45.590744,33.970627
212.528006,330.101912,45.418289,34.737869
212.955048,329.936106,45.624111,34.638603
213.455838,330.033165,45.446644,34.461971
213.164134,330.686981,45.798485,34.498928
212.722297,331.157986,45.628708,34.288090
213.039979,331.865696,45.519939,33.622166
213.536160,331.219349,45.674061,33.853687
213.745337,331.833565,45.644333,34.067608
213.921401,332.197540,45.563217,34.794338
213.977656,332.993054,45.764244,34.243031
214.514619,334.437748,45.877758,34.547306
215.267219,334.824360,45.585785,34.465092
215.919183,335.700731,44.343807,33.248024
215.384364,337.321156,45.592201,34.819279
215.753438,337.335119,45.360798,34.370575
215.748708,337.652096,45.753300,34.232807
215.347329,337.853184,45.498104,34.278126
215.751401,338.245651,45.607853,34.495907
215.685643,338.171915,45.761799,34.334969
215.871365,338.554415,45.487125,33.901192
216.177943,339.075951,45.318214,33.772991
216.190482,339.161844,45.332489,33.903740
216.847773,338.743818,45.374977,34.322754
216.197013,339.013594,45.099396,34.285446
216.913644,339.716852,45.458050,33.933571
216.853778,340.339378,45.471123,34.017269
217.037185,340.262442,45.126450,33.613068
216.809951,340.519413,45.711716,33.784733
216.733172,340.624413,45.725700,34.142284
216.026296,340.330401,45.924122,34.097237
216.792344,341.575569,45.666012,34.137661
216.052829,340.021048,45.659584,34.648849
216.747867,340.949574,46.262642,34.627018
216.957047,341.332432,45.780254,34.365345
217.561168,341.994164,45.596443,33.992031
217.023553,342.087732,45.710842,34.389412
217.883492,341.455559,45.100536,34.485226
217.922572,341.432793,45.551231,34.438213
217.701859,341.862579,45.505077,34.391613
218.108590,341.822416,45.465664,34.701981
218.015506,341.487217,45.637337,34.652225
217.947064,342.466465,45.958073,34.421436
218.313243,342.578974,45.651100,34.365257
217.672982,342.637846,45.564922,34.758911
218.442449,342.292475,45.163853,34.154701
217.874268,342.721747,45.387051,34.277969
218.181531,342.962597,45.183933,33.934025
218.411282,343.194700,45.097691,33.884048
218.467643,343.608517,45.368881,33.783772
218.657771,343.016047,45.297523,33.469093
218.385625,343.641955,45.425694,34.401314
218.653018,343.487305,45.154182,33.784725
218.945458,344.145933,45.225307,34.010727
218.697322,343.213369,45.111244,33.762482
219.128795,344.656801,45.117805,33.441383
219.337115,343.361462,45.082741,34.042500
218.590583,344.719477,45.580872,33.905693
218.699027,344.964510,45.233566,33.227272
219.399051,344.756514,45.046608,32.899597
219.466973,344.653601,45.300289,33.257141
219.171542,344.402357,44.743950,33.561722
218.933143,344.803419,45.126694,33.890228
219.861461,344.294649,44.985756,34.028130
219.625852,345.202393,45.167286,33.942455
219.364697,345.236321,45.301655,33.474468
219.128638,345.714943,45.092728,33.716610
219.888728,345.454285,44.923531,33.752117
219.732253,345.685883,44.905273,33.225826
219.784257,346.157938,45.520641,33.931343
219.794684,345.704895,45.004684,33.263805
220.285266,346.574051,45.194649,34.029232
220.278048,345.929468,44.907997,33.975426
220.377829,346.199913,44.070892,32.918423
220.196481,346.261923,44.765469,34.135361
219.675519,346.689655,45.093174,33.562061
219.437486,346.402550,45.406933,33.872906
219.962558,346.480093,44.771278,33.461945
220.132911,346.636492,45.451126,34.207695
219.330392,345.931002,45.756649,33.926018
219.576446,347.098402,45.489166,34.572388
219.890672,346.247837,45.619411,34.735065
220.127723,346.412687,45.558167,34.695541
221.149756,347.473232,45.326370,34.841434
221.141345,347.306147,45.534828,34.997993
220.624080,346.478516,45.706932,35.129940
221.149892,346.729033,45.658665,34.952713
221.636279,347.969961,45.552071,34.570908
221.415400,347.231005,45.798759,34.732033
222.134135,347.700131,45.305870,34.174000
222.015380,348.688173,45.726334,34.279060
221.502137,348.437033,46.024349,33.973373
222.092364,349.268635,46.058464,34.383778
223.746310,348.986361,45.027031,34.332069
224.539920,348.978123,45.339043,34.346027
225.365901,350.287491,45.709846,34.119076
225.662761,350.334828,45.984261,34.681873
225.926667,349.931637,45.474255,34.788120
226.747439,350.712565,45.443794,34.436638
227.745953,351.200413,45.015690,34.432178
227.631396,351.419844,44.552116,33.868576
229.124515,351.979229,43.931236,33.879917
227.973597,352.289333,45.587074,34.298542
