564.000000,303.000000,32.000000,30.000000
565.119171,302.895999,30.604080,31.098108
564.185505,302.479492,31.000999,31.166306
563.903092,302.665562,31.137602,30.944115
564.881409,302.755394,30.601181,30.909866
564.418556,302.754578,31.121048,31.108826
564.054712,302.931154,31.321575,31.021923
563.808229,303.044417,31.298611,31.036715
564.690466,302.094798,30.586033,31.247553
564.955338,302.785821,30.878433,30.918165
564.193745,302.266583,30.887413,31.224844
563.880139,302.415195,30.961432,31.038477
564.358289,302.932755,30.817648,31.170715
564.508450,302.709928,30.912712,31.145742
564.256801,302.921147,31.050714,31.116385
564.115005,303.077581,30.850357,30.965031
564.268353,302.715096,30.725960,30.932190
564.396956,302.315379,30.670153,30.987757
564.707328,302.847727,30.658312,30.911098
564.259775,302.991855,30.870098,30.880487
564.482415,302.581427,30.590498,31.034260
564.553620,302.235286,30.631666,31.044031
564.855486,302.779003,30.592541,30.929695
564.452200,302.910851,30.767811,30.911833
564.676798,302.522358,30.516567,31.033501
564.229378,302.738640,30.771744,30.890778
564.401273,302.327366,30.580191,31.043098
564.679448,302.870699,30.679098,30.983837
563.861555,302.451728,30.730961,31.208803
564.010789,302.184781,30.728697,31.162329
564.256004,302.898411,30.862289,31.099571
564.182508,302.665957,31.068836,31.179605
563.779810,303.035481,31.231213,31.060629
564.415514,302.168237,30.931087,31.326933
563.915560,302.609533,31.302227,31.064793
563.627815,302.900842,31.225113,31.089399
564.398769,303.268344,30.894920,30.879374
564.368660,303.068551,31.060837,30.979948
563.933269,302.293089,31.007090,31.212254
564.631297,302.734176,30.816309,30.906038
563.695868,302.451974,30.937458,31.268934
564.335629,302.916488,30.931618,31.050432
564.294641,302.818784,31.177349,31.149313
564.058310,303.248374,31.258228,31.164278
564.372446,303.206397,30.990978,31.276339
564.034876,302.542909,30.798306,31.294386
564.655960,302.913780,30.882141,31.057190
563.832857,302.637423,30.884518,31.081799
563.947746,302.488398,30.631927,30.969936
564.151732,303.135817,30.654085,30.811985
564.597620,302.047327,30.391018,31.377895
564.518308,302.845123,30.808065,30.894409
564.564825,302.505843,30.661655,31.041262
564.514657,302.235538,30.685011,31.040400
564.612131,302.850268,30.806362,30.895456
563.770983,302.315490,30.725613,31.220659
563.806705,303.050343,30.824198,30.841835
563.787699,302.665415,30.827969,31.030102
563.726262,302.513162,31.105795,30.889357
563.902781,303.205894,31.142666,30.751574
564.132856,302.892962,30.917011,31.393734
563.595589,302.301780,31.182388,31.429522
563.842793,302.325011,31.045189,31.260454
564.689034,302.614666,30.675489,31.702797
564.212982,303.124512,31.051331,31.696915
564.385798,303.279247,31.030893,31.459404
564.507636,302.136677,30.826632,31.725044
564.842300,303.068566,30.823059,31.695982
563.786137,302.986381,31.282204,31.522646
564.575643,302.577905,30.783728,31.413542
564.163379,302.969902,31.057688,31.590591
564.395482,303.088861,30.994711,31.383556
563.862928,302.577937,31.226658,31.380442
564.193320,302.621066,31.000154,31.221994
563.824472,302.868587,31.107220,31.453745
564.050302,302.775444,31.020964,31.319199
563.731556,302.990683,31.027397,31.482197
563.925219,302.916447,31.021679,31.384254
564.148298,302.763882,30.972889,31.435036
564.361346,302.653935,30.893488,31.437582
564.010801,302.912045,30.966282,31.490408
564.210134,302.846595,30.947912,31.423433
563.736184,302.202918,31.046751,31.394747
564.128551,302.884880,30.880165,31.514236
563.648980,302.309196,31.009657,31.355898
564.437508,302.562947,30.768280,31.448355
563.973209,302.865389,31.021385,31.500347
564.160072,302.810369,30.974655,31.329077
563.794575,303.040699,31.017021,31.517296
563.979708,302.993218,30.970715,31.332258
564.620373,302.420858,30.834160,31.197575
564.251002,302.634377,31.082651,31.478056
564.539779,302.576655,31.004335,31.377314
564.311875,302.823770,31.017485,31.509001
564.569593,302.778802,30.995441,31.330427
564.333982,303.017156,31.015827,31.493582
564.638594,302.976669,30.869160,31.346436
564.195109,302.308922,30.992380,31.320862
563.944136,302.574643,30.991245,31.454916
564.232864,302.515330,30.860291,31.348841
563.920433,302.795773,30.990570,31.450508
564.196727,302.752415,30.894342,31.309303
563.902067,303.011902,30.970066,31.456131
564.136897,302.969949,30.952692,31.322798
563.735391,302.287743,30.952192,31.319031
564.632619,302.617710,30.596777,31.419533
564.221180,302.961284,30.883125,31.435328
563.819055,302.289574,30.830198,31.443253
564.673635,302.639803,30.564533,31.436916
564.714128,302.553501,30.762678,31.534462
564.384775,302.954740,30.874264,31.437735
563.979861,302.286038,30.831903,31.442190
564.839190,302.643523,30.542154,31.429049
563.827447,302.366032,30.902876,31.628365
564.053483,302.430716,30.865263,31.368626
564.922498,302.745974,30.560278,31.446407
564.500931,303.111636,30.865662,31.433008
564.059064,302.458910,30.906210,31.418392
563.807000,302.813649,30.874067,31.431173
564.437777,302.307264,30.614819,31.283680
564.753580,303.262920,31.097591,31.169197
564.486120,302.788108,31.263386,31.373186
563.799670,302.768620,31.498377,31.406563
563.909571,303.219729,31.272671,31.543634
563.793433,302.915508,31.244524,31.379494
564.260403,303.045853,31.179939,31.288895
564.695080,303.130898,31.179939,31.288895
563.969001,303.065319,31.487398,31.411446
563.965574,302.691626,31.238575,31.377583
564.414816,302.817959,31.172535,31.278252
563.684670,302.741923,31.445539,31.385462
564.828321,303.174262,30.961323,31.454439
564.039643,303.162741,31.279249,31.422276
564.534748,303.297653,31.054359,31.299606
564.265425,302.867223,31.170216,31.393591
564.509302,302.964145,31.305355,31.310343
563.816929,302.800024,31.352577,31.487537
564.659110,302.496567,31.127337,31.188736
564.433476,302.857523,31.172659,31.365063
563.663566,302.722931,31.388521,31.489487
564.682307,303.156697,31.070887,31.473547
563.890851,303.076342,31.369543,31.511852
563.756000,302.664019,31.155344,31.469189
564.044037,302.790296,31.200165,31.302465
564.358306,302.827554,31.139788,31.302778
564.630007,302.890332,31.219326,31.280569
563.872477,302.732544,31.406277,31.483841
563.880451,303.179111,31.262672,31.556267
563.663477,302.780514,31.219891,31.506813
563.923450,302.958216,31.294031,31.280132
564.279139,302.985034,31.242992,31.279352
564.599859,303.015050,31.259541,31.274374
563.817816,302.837603,31.543598,31.476070
563.726085,302.385827,31.233240,31.482801
564.041882,302.511147,31.264778,31.290207
564.373440,302.540176,31.264778,31.290207
563.607894,302.371650,31.498323,31.464495
564.642516,302.822525,31.118395,31.423706
563.805025,302.719592,31.499004,31.468912
563.827131,303.146674,31.366520,31.542360
563.656116,302.729998,31.233728,31.499096
563.975393,302.869024,31.257786,31.282459
564.305255,302.894900,31.255548,31.284571
564.627936,302.919002,31.227434,31.274881
563.829926,302.739773,31.539442,31.491234
563.864183,303.186886,31.340054,31.539299
563.680516,302.718381,31.126852,31.527731
563.952933,302.799491,31.142778,31.319445
564.227487,302.778467,31.154097,31.315411
564.507600,302.756021,31.154097,31.315411
563.689074,302.567616,31.437115,31.498726
564.678160,302.979615,31.076359,31.477446
563.812811,302.876068,31.445835,31.495956
563.680104,302.386090,31.131643,31.529440
563.957407,302.490535,31.238598,31.228052
564.280012,302.445667,31.248417,31.223518
564.607550,302.398540,31.248417,31.223518
563.826307,302.182382,31.479633,31.414000
563.858245,302.558191,31.320253,31.469952
564.210279,302.627771,31.263020,31.240978
564.704107,302.537291,30.907475,31.364323
564.487125,302.997142,30.982170,31.424845
564.828351,303.036806,30.863882,31.467617
564.517149,302.529899,30.858173,31.511003
564.279716,303.056476,30.975267,31.437937
564.618755,303.106996,30.867378,31.458616
564.315793,302.542291,30.867331,31.549269
564.624433,302.597186,30.898596,31.482447
564.412694,303.046555,30.987234,31.457397
564.789043,303.060618,30.897499,31.383081
564.493000,302.457350,30.885704,31.384007
564.267152,302.870586,31.021360,31.460762
564.660807,302.893563,30.894497,31.372129
564.369753,302.292790,30.884655,31.370611
564.158791,302.727235,30.976318,31.486921
564.499245,302.740975,30.910446,31.382307
564.298756,303.156651,31.003181,31.341789
564.047995,302.497444,30.932713,31.417450
563.860712,302.937125,31.010784,31.326754
564.733013,302.315580,30.686546,31.253269
563.988063,303.071355,31.085718,31.222631
563.842756,302.451537,30.901234,31.276705
564.847292,302.802198,30.557858,31.288837
563.985305,302.624582,31.063250,31.431164
564.490745,302.650317,30.840029,31.368464
564.286512,303.062294,30.986225,31.469589
564.752613,303.101092,30.820061,31.414667
564.512373,302.586921,30.867115,31.453646
564.314483,303.086676,31.013903,31.391880
564.790988,303.112187,30.857340,31.365332
564.560524,302.567046,30.851959,31.339006
564.388204,302.980611,31.046652,31.285482
564.264569,302.419974,30.847189,31.268465
564.110920,302.791564,31.021278,31.310091
564.030414,303.183194,31.039209,31.314276
563.903714,302.640532,30.856054,31.273746
564.888850,302.982410,30.589075,31.259727
564.087419,302.830174,31.058760,31.385916
564.594216,302.847923,30.884428,31.292984
564.473805,303.215626,31.013388,31.411049
564.975893,303.223634,30.909359,31.336439
564.800557,302.693322,30.876059,31.431868
564.710795,303.130726,30.996531,31.433846
564.063462,303.060163,31.181150,31.347570
564.677989,303.056102,30.827890,31.292734
564.505675,302.500707,30.837420,31.317068
564.379040,302.867037,31.015465,31.319286
564.304852,302.310139,30.771706,31.330498
564.189038,302.713340,30.940344,31.378557
564.172330,303.136082,30.915243,31.400490
564.049491,302.711115,30.972826,31.247829
564.030151,303.087340,31.103699,31.443529
564.549077,303.210645,31.096823,31.150076
564.448719,302.668492,31.122444,31.341253
563.762604,302.643941,31.469437,31.190161
564.477825,302.659905,31.079460,31.163847
564.469300,303.040866,31.160246,31.371225
563.799678,303.056784,31.488733,31.184238
564.524755,303.089846,31.080206,31.142620
564.418116,302.562915,31.148220,31.352625
564.750637,302.643720,30.739799,31.351934
564.350389,303.164912,30.800459,31.285227
563.972215,302.634957,30.692900,31.264616
564.084274,302.715847,30.664612,31.370171
564.789037,303.220604,30.373892,31.440536
564.744144,303.384842,30.662376,31.379288
564.296741,302.927050,30.707664,31.357571
563.868659,302.430232,30.694597,31.263544
563.987045,302.492787,30.635834,31.318045
564.076172,302.584304,30.633926,31.313509
564.169768,302.674423,30.629030,31.312729
564.264154,302.760490,30.623882,31.321823
564.336722,302.870140,30.666811,31.368057
563.886182,302.407275,30.709890,31.329599
564.609903,302.902480,30.390133,31.411882
564.526882,303.108287,30.823174,31.319193
564.022600,302.711214,30.869183,31.131191
564.128767,302.786220,30.839039,31.281885
563.713989,303.374749,30.996719,31.251280
564.432093,302.937894,30.550213,31.185110
564.405978,303.035165,30.790689,31.299330
564.001591,302.607075,30.794746,31.246605
564.743497,303.064532,30.514471,31.387400
563.712355,303.132191,30.999516,31.285744
564.436121,302.602042,30.569973,31.348711
564.430680,302.766563,30.790388,31.317108
563.986027,303.418690,30.861305,31.231255
564.603604,302.945729,30.507589,31.244513
564.514334,303.127872,30.712772,31.238062
564.526826,303.307018,30.717497,31.239754
564.506881,303.450397,30.724947,30.962580
564.494699,303.472301,30.759611,30.844902
564.494979,303.431634,30.766497,30.852552
564.427680,303.354750,30.790087,31.233006
563.905440,302.872332,30.770082,31.307156
564.416638,302.442046,30.569082,31.202425
564.327374,302.529288,30.715353,31.241884
564.313027,302.633627,30.711439,31.247181
564.219644,302.724698,30.807707,31.255575
563.673931,303.245065,30.944221,31.259855
564.272911,302.720397,30.533600,31.310534
564.088128,302.843801,30.807707,31.255575
564.866734,303.311599,30.396355,31.291582
563.699933,303.382944,30.917212,31.251034
564.387325,303.033891,30.437614,31.123915
563.710131,302.538031,30.621487,31.326481
563.650283,302.773643,30.756746,31.159988
563.657307,302.925977,30.758446,31.158926
563.657556,303.078141,30.777555,31.177992
563.668406,303.225288,30.789593,31.226395
564.313054,302.868737,30.410131,31.083952
563.576816,303.446468,30.938730,31.040276
563.667821,303.522993,30.787649,31.228840
564.302373,303.172393,30.430593,31.076998
563.621550,302.651680,30.585590,31.345581
564.682667,302.767509,30.442024,31.104753
563.959217,303.355762,30.939400,31.044626
564.047957,303.438881,30.796175,31.224396
564.687846,303.087150,30.428659,31.079439
564.000700,302.570017,30.593891,31.334209
564.107810,302.525997,30.743639,31.866600
564.246585,302.736963,30.794626,31.760433
564.386403,302.896363,30.846426,31.728910
564.551973,303.037767,30.847103,31.733349
564.716542,303.172530,30.843145,31.743654
563.804149,302.095196,30.656351,31.655525
564.490830,302.504030,30.700010,31.903454
564.579245,302.753642,30.840672,31.705408
564.723997,302.966051,30.888721,31.647976
563.808566,303.076147,31.056452,31.525822
564.067032,303.197543,30.886505,31.650110
564.285103,302.204964,30.499817,31.704193
563.788670,302.791754,30.973183,31.639439
564.005563,302.992620,30.921904,31.588963
564.194919,303.166186,30.928888,31.588541
564.487867,303.310165,30.704426,31.557404
564.096346,302.893701,30.701550,31.595457
564.742952,302.571652,30.742413,31.472448
564.415827,303.029155,30.974087,31.562525
564.691663,303.160944,30.970465,31.544918
563.879990,303.194103,31.101685,31.487450
564.224474,303.257247,30.960445,31.604784
564.536401,302.147582,30.450788,31.779146
564.113096,302.779027,30.901569,31.611990
564.399474,302.953844,30.860170,31.573315
564.665198,303.109255,30.860170,31.573315
563.843588,303.169971,30.948048,31.495569
564.178563,303.277130,30.663076,31.576096
563.777791,302.924520,30.681295,31.600071
564.463959,302.597054,30.467300,31.488907
564.475025,302.695442,30.913689,31.597824
564.739074,302.799664,30.886843,31.624977
563.866489,302.854461,31.124519,31.503801
564.240214,302.913668,30.831415,31.639355
564.463194,303.036841,30.840290,31.644701
564.708955,303.186131,30.791563,31.639975
563.920366,302.039509,30.574734,31.646919
564.663589,302.496515,30.502808,31.541149
564.156888,303.029705,30.954107,31.464394
564.464738,303.107573,30.757978,31.646931
564.089702,302.740013,30.910288,31.703094
564.364329,302.903996,30.944925,31.667318
564.660208,303.043911,30.948063,31.673409
563.848370,303.155888,31.148613,31.465446
564.243968,303.199283,30.957239,31.643076
564.554103,302.156540,30.473032,31.792557
564.077225,302.745022,30.927551,31.493752
564.369738,302.816566,30.749035,31.639910
563.972915,302.441813,30.796526,31.691982
564.196203,302.601991,30.750950,31.644499
563.764566,303.123722,31.043667,31.540794
564.070308,303.191214,30.726725,31.682697
564.299068,302.173585,30.274696,31.882994
564.864491,302.634356,30.461678,31.877710
564.294538,302.299125,30.738667,31.701693
564.488082,302.357001,30.628008,31.794176
564.606188,302.518998,30.694790,31.725294
564.797120,302.610119,30.599470,31.681023
564.332818,303.125854,30.813673,31.189287
563.900878,302.519821,30.855577,30.981705
564.418491,302.460291,30.722572,31.069637
564.983245,303.332384,30.698244,31.037838
564.277202,303.217092,30.877268,31.186941
564.149134,302.748978,30.847332,31.069199
564.653464,302.732353,30.730104,31.094986
563.995096,302.670315,30.711178,31.180733
564.428045,302.748088,30.684925,31.035578
564.733285,302.655104,30.794401,31.167774
564.047596,302.515101,30.719917,31.244013
564.325450,302.502396,30.839045,31.169083
564.167245,302.943686,30.712324,31.088871
564.438766,302.900673,30.796036,31.069672
564.713895,302.893978,31.047079,31.096596
564.662097,303.322533,30.770578,31.113983
563.918365,303.219990,31.100571,31.148186
564.688890,302.605514,31.507885,31.156374
564.150644,302.446296,31.370037,31.351152
564.580614,302.420428,31.386715,31.228220
564.011518,302.307993,31.365376,31.322857
564.534745,303.137142,31.193434,31.254768
563.825751,303.048519,31.287340,31.312111
564.163633,303.083505,31.262363,31.120024
563.891941,302.541656,31.342216,31.090502
564.263836,302.465670,31.262917,31.189571
564.596302,302.439180,31.262917,31.189571
563.934329,302.315012,31.251490,31.368908
564.405445,303.197455,31.136070,31.212053
564.082705,302.703538,31.314722,31.152906
564.468460,302.667883,31.301880,31.234394
563.831573,302.581327,31.365358,31.425205
564.190178,302.639882,31.239746,31.174520
564.533835,302.556186,31.176821,31.218515
564.325208,303.011937,31.103811,31.143957
564.069135,302.427028,31.182775,31.227518
564.399095,302.338124,31.168348,31.279745
564.822332,303.105839,31.232700,31.201622
564.128366,303.015113,31.347073,31.313814
564.526324,302.994723,31.342615,31.216410
563.883105,302.913980,31.355585,31.311979
564.298473,302.822663,31.211525,31.284636
564.644699,302.720543,31.231445,31.241470
563.968992,302.567651,31.275166,31.370848
564.349932,302.552869,31.222988,31.200033
564.702236,302.449815,31.229530,31.194319
564.046529,302.322092,31.191397,31.330624
564.563327,303.144290,31.059122,31.201044
564.398962,302.615904,31.111820,31.151508
564.232924,303.041915,31.113558,31.089937
563.879732,302.457515,31.334362,31.129496
564.327806,302.448083,31.163891,31.194029
564.153879,302.984941,31.025509,31.169630
563.814966,302.439704,31.248180,31.268435
564.138949,302.434147,31.179728,31.298332
564.459124,302.443497,31.326565,31.177612
563.803718,302.292430,31.330996,31.225977
564.320536,303.084509,31.187588,31.206379
564.071082,302.541398,31.433458,31.267591
564.508739,302.538110,31.345833,31.251600
563.863394,302.415568,31.329273,31.313089
564.336927,302.500306,31.302372,31.228651
564.769749,302.500744,31.354652,31.297203
564.071131,302.478784,31.517574,31.390043
564.191797,302.943357,31.229717,31.471745
564.577590,303.056391,31.357958,31.343975
563.893012,303.059110,31.498857,31.382742
563.856947,302.679687,31.390781,31.202669
564.326169,302.656802,31.348928,31.346857
563.637591,302.659698,31.494715,31.385452
564.728272,303.086436,31.065062,31.328608
564.439595,302.743395,31.372610,31.161572
563.769412,302.650508,31.480494,31.391703
563.873809,303.113135,31.224459,31.481844
564.258891,303.228966,31.353739,31.348557
564.708728,303.280396,31.353739,31.348557
564.024529,303.282507,31.499540,31.387150
563.953636,302.913181,31.418228,31.238670
564.395151,302.919562,31.347652,31.396669
563.700110,302.956905,31.505068,31.404533
564.706500,302.600615,31.183527,31.170811
564.522074,303.084767,31.357693,31.181005
563.835280,303.011983,31.501085,31.407721
563.791139,302.655508,31.395704,31.226490
564.237209,302.655754,31.345924,31.397736
564.658390,302.741623,31.345924,31.397736
563.962874,302.780018,31.505068,31.404533
564.045981,303.261654,31.288332,31.486534
564.383702,302.323917,31.145620,31.362022
564.704243,302.390877,31.345924,31.397736
564.007506,302.428783,31.505068,31.404533
564.091600,302.909182,31.286358,31.489010
564.547973,302.984011,31.323549,31.157604
563.953954,302.876740,31.438971,31.379622
563.995575,302.396087,31.281891,31.003511
563.912530,302.753640,31.434462,31.343397
564.443289,302.748879,31.285419,31.157774
563.847303,302.645463,31.450459,31.373701
563.971930,303.099507,31.360050,31.488134
563.976580,302.656167,31.236385,31.053556
563.873422,303.039720,31.434462,31.343397
564.411153,303.027918,31.277380,31.179424
563.792790,302.924269,31.442953,31.376438
563.838208,302.424780,31.233114,31.051716
564.796355,302.713519,31.214083,31.117350
564.682856,303.131030,31.428967,31.337305
564.165146,303.125044,31.370514,31.339573
564.706820,303.200655,31.240398,31.031979
564.634607,302.580615,31.254742,31.066828
564.578543,302.954762,31.413990,31.347616
564.062118,302.943895,31.392565,31.375134
564.619768,303.017484,31.235088,31.031332
564.448417,302.390294,31.255785,31.061407
564.271347,302.756848,31.451370,31.297476
564.773616,302.793164,31.297983,31.061026
564.637992,303.158420,31.439196,31.202463
564.025440,303.060655,31.510689,31.274488
564.567821,303.091374,31.297983,31.061026
564.428101,302.507470,31.332611,31.005110
564.318610,302.860392,31.440218,31.198879
563.695060,302.774682,31.547747,31.238523
564.239058,302.788065,31.321980,31.066662
564.134203,303.104974,31.398190,31.350096
564.633728,303.100528,31.285934,31.156733
563.943550,302.952217,31.411545,31.372375
564.450703,302.959402,31.283958,31.159184
563.757698,302.810745,31.411545,31.372375
564.264851,302.817930,31.283958,31.159184
564.708225,302.718504,31.283958,31.159184
564.013888,302.568286,31.405893,31.430964
564.025463,303.016023,31.345634,31.496931
564.009238,302.520008,31.185625,31.132164
563.831361,302.869789,31.379820,31.379776
564.325234,302.879311,31.272764,31.174820
564.763092,302.787624,31.279800,31.174400
564.072062,302.631714,31.441156,31.355911
564.590860,302.631318,31.283504,31.170881
563.984665,302.456032,31.335602,31.350204
564.451845,302.416992,31.285900,31.223969
563.803176,302.257406,31.406389,31.415974
563.835615,302.628709,31.322910,31.540800
564.869206,303.006945,31.169714,31.267513
564.172525,302.841455,31.413342,31.421322
564.161627,302.286870,31.255436,31.159597
564.710889,302.860428,31.342077,31.391541
564.106047,302.694073,31.395496,31.512886
564.118339,303.039916,31.390612,31.621172
564.065535,302.534592,31.273396,31.235657
564.487587,302.351787,31.291595,31.315454
563.859280,302.141079,31.398521,31.504921
563.877280,302.460262,31.367144,31.556374
563.877073,302.807502,31.371372,31.551760
563.908511,302.259948,30.758997,31.528200
564.604719,302.732626,30.898594,31.132679
564.284743,303.021621,31.156923,31.457842
564.647019,302.971203,30.918974,31.426933
564.440664,302.367003,30.775364,31.523134
564.055205,302.854781,31.156923,31.457842
564.437205,302.804793,30.883966,31.422060
564.143887,302.210182,30.848503,31.511246
563.772317,302.695795,31.163420,31.458477
564.189162,302.647550,30.853136,31.349768
563.866887,303.046383,31.132620,31.454475
564.270491,302.990736,30.862659,31.366505
564.069266,302.355678,30.755495,31.501749
564.805000,302.814459,30.810669,31.216206
564.480556,303.154665,31.101219,31.507717
563.784485,303.137038,31.159409,31.432497
564.150635,303.031785,30.866135,31.410322
563.929937,302.419449,30.773609,31.474579
564.642253,302.812089,30.888117,31.209700
564.292624,303.092767,31.159304,31.319151
564.651804,302.960001,30.936169,31.288876
564.433910,302.287386,30.868858,31.386654
564.075450,302.682366,31.190989,31.272505
564.457727,302.528714,30.949978,31.291723
564.117692,302.873827,31.215361,31.276028
564.483914,302.711172,30.968847,31.280979
564.148540,303.028197,31.199244,31.318254
564.511458,302.887351,30.964083,31.279284
564.188612,302.199672,30.992023,31.378778
563.863332,302.581832,31.185904,31.303972
564.218342,302.527701,30.936119,31.167650
563.824352,302.917715,31.158546,31.152119
564.697204,303.275856,30.920671,31.080795
564.361013,302.629752,31.045444,31.238070
564.043789,303.049250,31.263680,31.150066
564.434063,302.908870,31.028999,31.220362
564.176768,302.378448,31.047724,31.211275
563.867377,302.790048,31.281145,31.146955
564.291037,302.682305,30.999668,31.187651
563.961858,303.085008,31.269644,31.145552
564.376522,302.979985,31.003639,31.177481
564.095406,302.437020,31.054260,31.198576
563.798192,302.844768,31.259542,31.148737
564.207574,302.736572,31.004454,31.208160
563.882764,303.146842,31.259512,31.155718
564.304439,303.045866,31.044992,31.225376
564.055895,302.536291,31.120251,31.226719
563.782217,302.950905,31.295338,31.167191
564.217609,302.860433,31.009575,31.203222
563.891994,303.291011,31.284143,31.203623
564.321624,303.221031,31.011553,31.186096
564.052268,302.687834,31.135668,31.197285
563.795322,303.086134,31.285408,31.159061
564.227405,302.991968,31.008524,31.189861
563.962855,302.467596,31.113413,31.194309
563.686023,302.869048,31.297647,31.156786
564.125957,302.721737,31.004602,31.255287
563.802554,303.108831,31.281961,31.204502
564.212660,302.996260,31.053364,31.179371
563.932672,302.402043,31.122435,31.255194
564.804962,302.710258,31.290298,30.894670
564.722288,302.941211,31.388371,31.029902
564.037827,302.715621,31.535872,31.135439
564.546246,302.518946,31.381737,30.973125
564.514272,302.789881,31.421270,31.038540
563.828162,302.560840,31.586260,31.175898
564.354971,302.380055,31.424854,31.013098
563.877687,303.074991,31.479671,31.038738
564.351370,302.825650,31.424854,31.013098
563.667182,302.583865,31.586260,31.175898
564.188517,302.406290,31.417599,31.025509
564.898491,303.017915,31.306427,31.118650
564.151978,302.831553,31.564713,31.175777
564.665077,302.654023,31.413620,31.028669
563.954277,302.426531,31.644791,31.148815
564.511862,302.237166,31.446674,31.020830
564.016306,302.954613,31.582867,30.982758
564.541548,302.679053,31.447361,31.025194
563.837570,302.447230,31.665604,31.167917
564.035295,302.767439,31.400799,31.241383
564.467053,302.625131,31.405890,30.991514
564.434688,302.900349,31.422205,31.057289
563.755589,302.675314,31.547613,31.156925
564.253024,302.491347,31.456934,30.994753
564.982932,303.085075,31.322847,31.084579
564.253577,302.877061,31.547915,31.150282
563.634796,302.700199,31.551605,31.153755
564.133716,302.514563,31.453653,30.992924
564.583659,302.248510,31.453653,30.992924
564.137548,302.904325,31.395100,31.017355
564.804667,302.679844,31.179989,30.977745
564.783849,302.900765,31.220449,31.172590
564.779734,303.221211,31.239346,31.168066
564.197267,303.032252,31.265730,31.124674
564.176192,302.255009,31.034304,31.173393
564.108793,302.588555,31.065372,31.194960
564.057775,302.933374,31.067083,31.193905
563.931273,302.193868,31.047321,31.161337
564.914146,302.437493,30.968552,30.865873
564.301351,303.017373,31.373693,30.952650
564.401999,303.237117,31.074251,31.054651
564.331775,302.476630,30.920588,31.174166
564.253061,302.816645,31.006023,31.185131
564.219803,303.156907,31.005432,31.195417
564.114328,302.455616,30.922314,31.191887
564.082756,302.777954,30.995605,31.221100
564.077341,303.120499,31.038006,31.122345
563.905632,302.355724,31.069534,31.151711
564.887489,302.600035,30.890808,30.913853
564.104878,302.267042,31.247641,31.101154
564.160284,302.560267,31.036304,31.115183
564.114620,302.858302,31.017494,31.119699
564.065105,303.157427,31.006386,31.135296
563.918751,302.476542,31.061958,31.066370
564.890451,302.654686,30.960186,30.889450
564.192789,302.360599,31.244305,31.056955
564.287088,302.622828,31.038799,31.095926
564.286902,302.877763,31.119799,31.129698
564.320390,303.178941,31.134138,31.088881
564.234715,302.392116,30.893333,31.133844
564.236283,302.901213,30.902601,30.936314
564.809525,302.827415,30.673506,30.889925
564.646147,303.282395,30.935383,30.862806
564.049213,303.148846,31.111717,30.875664
564.729867,303.046241,30.673506,30.889925
564.566247,303.498845,30.975767,30.873648
564.019325,303.296612,31.040039,30.965767
564.016640,302.631713,30.814453,30.893129
564.569074,302.509768,30.649725,30.904324
564.405544,302.912452,30.919472,30.931139
565.001010,302.804761,30.681284,30.916647
564.830020,303.233294,31.009485,30.934153
564.304790,303.075357,31.095819,30.954723
564.314775,302.425359,30.854321,30.903326
564.997728,303.177474,30.853161,31.047319
564.365915,303.064485,31.089611,31.036055
564.278152,302.422829,30.950577,31.053726
564.249176,302.862157,31.061661,31.019079
564.197887,303.304482,31.112267,31.008499
564.003033,302.681284,31.142860,31.006954
564.011296,303.123384,30.967413,30.977688
564.410148,303.075076,30.864122,30.900171
564.856736,302.931601,30.784956,30.961720
564.196069,302.816271,30.926664,30.934811
564.639744,302.672133,30.770470,30.977007
563.952806,302.505592,30.956907,31.002747
564.414392,302.397239,30.784986,30.977037
564.972805,303.064579,30.973000,31.100304
564.829710,302.369153,30.921360,31.031439
564.277967,303.101129,31.357243,31.011732
564.392364,302.392474,30.967150,31.019617
565.013901,303.095338,31.082581,31.116743
564.111467,302.360514,30.984371,31.107967
564.002747,302.702479,31.255844,31.068628
564.036383,303.009068,31.247288,31.093100
564.019732,302.286378,31.030758,30.981291
563.946947,302.549019,31.246609,31.088730
563.977549,302.870588,31.257305,31.078312
564.015085,303.192842,31.256527,31.072996
563.994913,302.492293,31.028790,30.890291
564.556452,303.071543,31.135479,31.112881
564.401075,302.418512,31.112232,30.849117
565.007530,302.981021,31.128525,31.105188
564.003329,302.303702,31.264307,30.943499
564.018013,302.571091,31.202454,30.976547
563.954662,302.856782,31.248161,30.902617
563.908169,303.103608,31.248161,30.902617
563.774254,302.346278,31.105392,30.793024
564.348704,302.892384,31.132029,30.977318
564.251313,303.177828,31.243177,30.901852
564.117678,302.423304,31.105602,30.774899
564.695051,302.961033,31.123905,30.984993
564.602326,303.251115,31.223372,30.904615
564.517284,302.479387,31.049370,30.799160
563.853936,303.040607,31.509001,31.008766
564.458723,302.891479,31.057438,30.852022
564.854033,302.700276,31.005650,30.775808
564.173638,302.386136,31.218596,30.922323
564.145728,302.635029,31.189531,30.949440
564.099389,302.898843,31.185072,30.953627
564.139743,303.289917,30.948816,30.992325
564.531641,303.122791,30.862804,30.998665
564.882958,302.956633,30.856337,31.004337
564.193098,302.746103,31.090153,31.187801
564.132493,303.258381,30.995466,30.960777
564.563917,303.073063,30.847507,31.016853
564.917915,302.911935,30.854416,31.024534
564.224570,302.709727,31.105989,31.193125
564.176536,303.223418,31.003435,30.971239
564.612013,303.043331,30.847507,31.016853
563.915168,302.837276,31.105989,31.193125
564.872561,303.276193,30.787563,30.825422
564.148505,302.975360,31.105989,31.193125
564.035817,302.317976,31.039709,31.320332
563.954530,302.896765,31.007368,30.968082
564.395350,302.715435,30.832790,31.010857
564.746748,302.554485,30.847507,31.016853
564.049284,302.347966,31.112980,31.192709
564.004371,302.862048,31.005144,30.970179
564.437372,302.679743,30.861507,31.020016
564.798494,302.522371,30.861507,31.020016
564.109693,302.319513,31.110174,31.188580
564.061206,302.834864,31.005442,30.963573
564.493914,302.649302,30.861507,31.020016
564.854410,302.491945,30.861507,31.020016
564.170229,302.292309,31.099041,31.185417
564.118850,302.802123,31.003435,30.971239
564.548714,302.619528,30.864227,31.022877
564.912357,302.464116,30.856117,31.023474
564.249393,303.226783,31.129372,30.983797
564.159098,302.470121,31.024609,31.313190
564.066658,303.049109,31.007401,30.961138
564.497027,302.863760,30.866434,31.020786
564.852881,302.706071,30.821611,31.021193
564.166839,302.484690,31.081011,31.287640
563.846675,303.190393,31.203806,30.925289
564.441144,302.660773,30.831274,31.321169
563.366226,299.696430,31.290359,35.994347
566.994262,304.852648,31.819582,32.044964
561.635971,294.894423,51.875565,42.262486
566.107054,299.469893,61.061771,37.935673
567.300711,303.111927,53.044880,39.521187
574.863348,301.506969,60.101139,42.526955
592.634083,319.017530,46.597084,32.506931
593.099718,317.218662,46.900282,35.825661
588.378068,314.323372,50.631149,37.342896
590.140161,314.100775,48.116623,36.007389
587.724910,311.054405,50.117229,37.404968
588.520314,308.395191,50.104561,38.670738
589.392871,307.993660,50.600628,42.581894
605.732392,315.600193,34.267608,36.278236
594.847620,313.919640,44.310482,36.484665
593.184083,304.765659,44.966949,42.698112
578.340931,311.392078,57.501686,41.261162
590.585644,312.743492,44.008507,36.808182
586.964762,304.146877,52.026150,39.224464
576.975512,293.383410,60.569424,29.692226
564.484257,274.867705,72.744911,30.849657
544.707165,251.092402,70.575279,37.252758
529.939663,252.236523,82.331703,26.354576
511.423150,250.162350,41.507812,24.094810
481.496992,248.361738,28.041311,24.891300
457.481265,249.998355,36.612980,27.283564
418.540644,243.794134,63.983448,52.867313
370.732094,260.937580,87.955727,53.067329
351.568203,280.920248,88.562988,56.546146
374.376473,303.237034,53.226662,51.174873
360.000935,315.484087,51.680145,40.515913
365.530629,294.096253,68.380310,61.903747
363.323449,269.964398,103.030968,86.035602
370.142441,237.959025,104.843910,117.628014
350.574887,233.899748,112.315445,122.100252
351.213315,238.477786,111.263931,117.522214
351.088719,241.270471,113.445923,114.729529
345.629307,237.738751,139.015137,118.261249
360.894154,235.175471,105.448456,120.824529
361.136494,245.077203,102.769806,110.922797
356.534161,234.660733,116.648117,121.339267
359.743927,241.405810,99.979927,113.654655
341.523278,238.574827,124.901268,117.425173
355.157963,244.480865,110.795471,111.519135
350.707322,249.030204,109.401894,106.969796
350.325261,228.966961,134.528198,127.033039
344.828484,230.050535,121.851097,125.949465
352.532910,240.009665,117.343063,115.990335
353.901165,242.678737,120.737595,113.321263
348.141034,237.195768,139.212326,118.804232
356.250973,241.616580,104.317886,114.383420
333.477307,232.165094,134.111069,123.834906
353.321576,223.476536,112.723251,132.523464
351.471581,245.134432,106.771690,110.241791
358.297581,245.713061,103.496033,110.286939
342.096524,241.092828,128.854141,114.907172
337.813572,226.163289,139.512207,129.836711
350.317185,238.438463,110.571571,117.395493
346.359913,240.711054,123.968903,115.288946
333.170170,229.887487,150.944397,126.112513
349.494175,242.875323,113.306458,113.124677
343.209515,244.206739,123.434982,111.793261
323.530598,236.851874,139.269257,119.148126
352.242432,241.925338,109.161018,114.074662
340.799855,245.251335,119.671967,110.748665
345.045166,241.910129,121.814644,114.089871
336.842289,238.838766,132.837952,117.161234
347.630856,241.921061,114.944229,114.078939
348.489506,246.288862,114.774780,109.711138
340.582673,236.553759,120.869881,119.446241
367.713818,242.538503,97.715622,112.840706
374.567433,251.238351,84.733673,104.589630
379.859749,257.659246,79.773003,98.340754
379.049450,260.684497,83.207199,95.315503
376.167157,261.528764,98.309891,94.471236
326.463002,200.922471,225.440125,155.077529
352.618062,225.781124,115.712769,126.703117
342.495087,242.953713,118.939735,111.841400
329.006718,216.634346,145.353546,139.365654
345.227257,212.768215,121.940361,143.231785
337.926846,177.984671,154.873825,178.015329
329.196869,230.569877,127.553627,125.430123
332.223416,229.225101,128.381271,126.774899
348.428944,240.301569,115.191895,115.089371
332.832173,233.084024,142.494873,122.915976
338.574143,238.435445,119.301888,117.564555
319.595700,202.593104,164.382309,153.406896
157.236157,128.944852,160.398209,225.504608
157.993001,127.238385,162.203491,228.761615
157.899975,125.332915,156.404434,229.996750
158.536816,127.345870,169.181168,227.552322
160.438488,126.616019,158.058792,229.383981
159.135182,126.357356,158.503845,229.642644
158.251393,127.788839,160.052917,228.201492
157.904309,126.990423,158.723953,227.970139
158.658917,127.080068,162.389542,228.393997
158.575940,126.475568,156.905594,228.215912
158.448140,127.936231,163.694397,228.063769
158.525593,126.723769,160.021912,229.276231
157.779606,127.341522,160.797882,228.658478
157.316159,126.551315,160.251816,229.448685
158.383595,126.718956,162.505310,229.041687
160.154583,124.591369,156.554764,229.700668
160.671460,127.001510,166.875992,228.711624
166.817433,125.594597,194.863831,230.405403
156.487446,124.504414,165.079834,229.785721
158.452054,126.407001,161.147202,229.104080
157.730389,125.309475,162.461624,230.317383
158.459927,126.787418,163.932358,229.212582
158.708416,126.749514,166.277908,227.785400
159.531987,125.057352,162.425873,229.417526
159.543530,125.671679,165.744400,229.187042
159.981686,125.430712,162.487900,228.735626
159.932492,125.840464,162.054184,229.211288
159.329632,126.988306,161.916031,228.687454
158.745289,126.691690,161.617981,227.482834
158.818593,127.245897,164.058167,228.754103
159.710957,127.816140,162.974854,227.306122
158.012433,126.548905,157.921951,227.743912
156.915921,128.121682,157.159286,227.609833
156.787182,128.378030,158.085831,227.621970
155.583249,127.422085,157.869308,228.577915
153.938031,127.592749,157.193008,228.407251
155.439854,127.945262,157.734406,228.054738
154.874173,128.875242,158.218124,227.124758
155.209675,128.936423,159.394470,227.063577
154.678502,128.933513,157.828339,227.066487
155.685688,128.292150,167.649292,227.707850
157.384610,126.808207,166.357285,226.937393
156.566403,127.451251,167.730698,227.229797
161.459370,126.306308,188.946960,229.176056
154.624585,128.941874,176.458145,224.223648
343.384102,241.939933,117.868919,113.644768
314.521298,271.927985,114.933212,84.072015
303.766949,289.343028,89.422928,66.656972
317.428723,317.171911,32.947220,38.593170
315.160357,316.391517,32.096210,39.145351
314.204997,314.512243,31.206196,41.204910
313.835593,313.581957,30.578976,42.228539
313.422815,312.004734,30.665808,43.023426
311.849255,310.484260,31.071136,44.713009
309.928698,309.621126,30.734699,46.378874
306.382661,307.975530,30.284735,48.024470
304.933064,307.250960,28.933914,48.644539
302.326613,304.859763,29.149212,50.660728
299.942812,303.481730,28.340687,51.905334
296.703152,303.048014,28.017960,49.229538
292.782609,300.770111,27.788307,49.992603
289.378263,299.360863,28.141706,43.840336
285.918834,296.317496,28.146318,59.682504
281.010696,291.404494,27.330881,64.052971
273.278369,288.216318,26.663210,31.648500
263.160351,281.378396,26.407082,35.151066
253.569268,274.514107,26.475952,31.219702
241.466194,266.502094,29.071627,31.260527
234.681655,259.720771,26.643007,29.717674
225.800953,255.525727,27.777603,29.144337
218.998558,251.610267,27.960993,29.448402
211.964621,252.262919,28.136822,28.464586
205.989217,253.758588,28.406248,28.280239
201.802340,253.212100,33.140446,37.421951
198.998127,257.433221,36.949081,40.348194
199.662478,265.224828,38.829395,53.112820
199.743266,271.588933,35.784595,45.055782
203.955464,278.259162,34.903290,43.432732
213.467957,291.742992,45.027290,62.804626
196.439080,288.782119,75.842949,67.217881
105.800747,214.958191,194.394211,141.041809
120.846669,138.999191,181.684875,217.000809
359.925442,244.698166,99.421982,111.301834
331.088521,247.343819,142.492615,108.656181
321.924054,216.245129,148.397720,139.754871
350.570488,228.454695,109.532707,127.545305
362.971673,236.943065,106.825981,119.056935
341.554154,237.371244,122.512703,118.628756
192.778599,149.506278,153.186371,206.493722
350.947320,233.847267,111.563164,122.152733
274.274502,214.840915,183.666489,141.159085
207.958394,129.709665,192.017761,226.290335
213.539784,129.859624,241.811035,226.140376
207.246808,120.957682,250.266129,234.476852
216.633687,118.802554,248.592224,236.901855
208.969647,116.223742,251.334732,237.126984
211.323613,115.123637,273.226410,240.876363
212.874470,111.592084,248.768372,244.407916
219.179204,108.684851,250.807465,247.315149
222.435887,111.287479,235.486969,244.712521
217.821156,108.944238,261.041748,247.055762
219.756077,112.209279,243.487823,243.790721
205.957623,111.111864,250.663589,243.392410
368.531067,222.642413,101.441750,133.357587
349.532345,237.172250,108.302780,118.827750
336.177262,233.266057,124.917244,122.733943
345.902585,236.295073,112.468063,119.704927
321.930127,236.425880,139.764236,119.574120
331.900799,229.083950,131.500748,126.916050
349.949662,213.100508,112.580574,142.899492
333.345189,210.023597,146.828522,145.976403
346.695027,220.208301,128.658630,135.791699
336.985417,191.266397,135.071869,164.733603
345.373227,221.359769,128.216965,134.640231
354.755608,237.947668,105.705498,118.052332
342.564675,246.103957,124.644188,109.896043
344.839886,210.344810,178.257339,145.655190
355.460351,234.551578,109.146599,121.448422
349.266793,234.412401,124.518700,121.587599
358.337662,235.026673,115.782661,120.973327
344.071660,222.219147,150.307098,133.780853
350.162159,247.533947,111.256897,108.466053
284.897664,189.686316,219.366699,166.313684
341.877606,218.808665,133.894608,137.191335
343.418648,235.586774,124.255211,120.413226
311.908734,224.330504,174.359451,131.669496
323.142979,218.930740,143.781403,137.069260
349.349972,245.910961,111.383102,110.089039
299.544606,210.865431,188.759583,145.134569
350.066853,239.359515,117.430786,116.316322
261.534581,197.547957,268.758698,158.452043
328.238209,222.240074,134.113037,133.759926
350.142968,240.771137,110.996025,115.228863
321.244397,226.265848,163.965469,129.734152
348.805680,242.709321,111.265144,113.290679
224.795048,171.737832,268.412018,184.262168
345.374348,239.315151,113.041870,116.684849
220.857270,290.135050,50.441048,59.712105
235.340160,276.502506,31.809923,62.296207
240.850064,266.694636,28.270081,43.562935
247.752841,266.136755,27.242403,26.824448
252.784823,264.518160,28.058399,23.470299
256.719169,264.346639,28.300089,25.083941
259.644888,265.198202,26.734234,23.175171
262.767059,266.157442,26.463160,23.706863
265.244122,266.720609,26.875488,24.170710
267.232787,267.526317,26.720898,24.336882
266.836439,268.450076,26.938704,25.111097
267.939374,269.039836,30.000364,30.137556
269.354601,268.950453,31.574757,34.487923
268.722783,270.796890,31.065536,30.601032
266.383805,268.058689,48.956673,54.645824
225.942631,232.631357,169.939514,123.368643
347.832745,233.862886,110.503036,122.137114
377.489232,244.096455,83.982056,110.472954
331.252888,212.384774,194.250854,143.615226
347.228367,222.693630,119.639557,133.306370
357.623913,238.039267,101.196548,117.960733
338.452733,236.821460,134.581451,119.178540
361.789567,242.070623,100.930855,113.929377
371.505070,247.409297,88.725677,108.038223
382.978177,241.886363,81.010574,113.573776
332.658772,221.477740,153.394684,134.522260
353.097283,228.765733,106.208885,127.234267
372.959782,240.117776,95.279175,115.882224
374.223530,240.972843,93.187469,115.027157
360.251412,231.061732,121.654472,124.938268
362.210286,238.481771,101.115753,117.518229
370.129647,245.175810,94.231255,110.824190
364.926285,234.416076,100.180092,121.583924
367.807972,244.794967,92.840790,111.205033
367.666134,230.549740,101.668167,125.450260
360.761906,239.615869,105.956848,116.384131
368.510148,244.428746,93.173134,111.571254
373.530919,237.066752,90.669556,118.933248
326.553296,203.819005,185.837387,152.180995
363.907456,241.189757,98.876381,114.810243
352.021580,243.784919,112.546265,112.215081
353.451226,240.317245,119.135094,115.682755
347.045907,242.592716,118.846306,113.407284
338.630978,239.360311,124.598892,116.639689
364.243458,244.967227,96.719940,111.032773
322.361699,235.147905,154.788361,120.852095
328.634144,226.891434,129.211792,129.108566
351.312340,236.017464,110.260368,119.982536
334.703427,237.804394,126.394638,118.195606
336.434834,220.068647,136.467834,135.931353
354.947136,219.144485,109.557671,136.855515
335.154210,234.900840,128.114655,121.099160
332.063099,223.977337,135.467773,132.022663
346.226143,221.347685,122.742332,134.652315
340.492516,213.286300,126.372429,142.713700
170.826947,122.632102,176.072495,233.367898
173.617726,120.244823,199.249115,235.755177
351.828434,237.552957,110.985046,118.447043
269.547665,180.087315,229.474075,175.912685
176.494198,117.900553,183.198929,237.334427
182.064518,122.705248,236.138733,233.294752
170.502835,120.363252,195.479752,235.636748
187.825535,119.320634,223.887207,236.679366
169.516530,119.808655,194.549286,236.191345
183.755215,120.518440,233.506119,235.481560
167.842450,118.498570,193.660263,236.223938
173.632733,119.659725,221.946762,235.371109
369.527241,230.387020,94.296295,125.612980
351.096306,227.099493,118.548729,128.900507
338.043110,226.881190,129.556610,128.137039
362.523690,219.925471,110.791069,136.074529
360.220494,236.176721,98.420898,119.581917
330.343358,222.859113,144.890320,133.140887
343.301865,215.196707,125.606728,140.803293
361.470246,222.313785,105.381844,133.686215
330.145215,246.874723,124.714096,108.358162
315.149685,185.835725,239.979019,170.164275
350.232914,221.963807,113.337708,134.036193
343.937466,238.299176,117.207169,117.700824
339.011113,235.624235,122.973816,120.375765
346.370335,239.537917,116.714844,116.462083
296.346949,287.682308,45.371723,63.887230
293.012482,288.865745,41.831978,55.019257
291.134469,296.056621,40.548485,49.350151
291.094727,296.421606,38.755287,49.107334
290.267109,301.261152,37.834961,45.184620
288.629153,304.380222,37.664051,44.074287
289.162413,307.629219,35.927013,43.503220
286.277558,311.942543,36.918983,41.162643
288.501990,315.346794,32.725079,39.523117
288.749103,319.689933,31.294374,36.028122
286.971512,322.404590,33.084892,32.901436
289.817262,325.075554,29.888723,30.924446
288.284343,327.100171,31.913515,28.899829
288.120631,327.340005,31.935581,28.643154
287.410348,327.360140,31.716986,28.639860
286.387222,327.061798,29.973520,28.938202
286.368297,324.090207,29.005693,31.318029
288.009334,321.592585,24.588305,33.813305
285.713622,318.532585,24.049984,34.698853
282.371096,316.157961,25.310596,35.231030
253.034106,296.785656,54.097660,51.631905
175.353291,232.805748,158.613235,123.194252
131.533528,119.787327,177.655228,235.406265
130.270466,119.441265,177.536697,235.666016
129.365132,118.919788,177.772659,235.967697
130.349164,121.640736,181.438751,234.359264
130.651860,118.968027,179.402084,236.307465
131.366940,119.609179,177.946411,235.797989
130.537541,119.925806,179.121323,235.232971
131.511906,120.352251,179.042465,234.813797
132.519848,120.377497,180.853973,235.079346
132.607419,120.717669,179.817505,234.904007
132.556141,120.380449,180.415543,235.453812
132.958462,120.727854,186.196594,233.986176
133.430790,119.346361,178.127182,235.145401
134.242100,120.347559,191.793869,235.471863
354.280262,240.285002,105.669449,115.253349
338.123166,202.678408,143.584595,153.321592
361.462735,244.143937,96.189819,111.233673
338.233044,230.634454,163.092072,125.365546
355.782082,232.594128,113.581276,123.405872
361.772309,244.404269,95.436699,111.595731
371.796826,237.372918,96.416412,118.627082
364.167008,235.903531,98.400963,120.096469
354.459279,242.064566,104.169205,113.935434
353.568184,244.189742,107.851357,111.810258
347.943291,232.707374,120.417061,123.292626
354.281033,241.338348,106.881287,114.661652
346.648144,242.572945,121.285675,113.427055
346.405526,237.865227,127.732399,118.134773
364.404377,241.694874,103.782486,114.305126
374.463894,257.326666,85.159546,98.673334
369.128827,256.749541,109.024597,99.250459
334.026463,200.517288,215.977676,155.482712
353.260464,237.039207,113.240692,117.511749
358.377190,247.301925,103.801064,108.698075
336.991948,227.622558,154.486038,128.377442
345.270024,220.827118,127.968033,135.172882
355.976277,237.020142,104.359543,118.979858
348.561852,243.570671,118.303566,112.429329
359.558289,247.235035,104.330467,108.764965
323.177395,226.760538,187.847198,129.239462
353.537152,238.662251,107.761841,117.337749
328.572567,238.071909,144.831879,117.928091
301.716069,215.088735,155.287796,140.911265
321.077343,225.961993,155.304077,130.038007
326.131825,232.518148,133.881149,123.481852
341.503930,241.339678,121.765724,114.660322
314.987622,227.692849,150.390442,128.307151
341.247681,243.750649,121.447105,112.249351
313.607380,229.342770,149.949081,126.657230
139.632290,118.323721,167.197815,237.676279
128.040822,120.075252,218.003189,235.924748
129.162365,122.612340,212.979706,232.977524
125.751141,123.540945,221.366241,230.884964
127.019200,122.938406,213.078049,233.061594
123.943654,122.183032,221.321548,233.740189
122.839665,121.490153,213.904404,232.548553
357.229657,233.862750,100.516754,120.038467
343.504204,230.207751,121.830452,125.792249
327.876034,231.348627,134.944885,124.651373
346.222855,219.143597,117.156151,136.856403
355.478726,239.129568,105.404785,116.870432
316.865231,231.098552,146.666748,124.901448
301.688923,204.097936,164.145096,151.902064
357.987935,244.446170,100.904190,111.381195
331.852223,227.925998,140.444046,128.074002
333.804883,226.444070,135.845612,129.555930
369.390065,240.545239,90.394485,115.454761
358.819203,241.851740,98.609512,112.988060
354.037968,241.846766,105.319382,114.153234
338.789093,246.628663,116.699333,109.371337
340.540280,217.048096,124.548645,138.951904
359.225552,230.878517,99.877502,125.121483
354.053586,241.580731,104.551331,114.419269
342.436921,192.673662,88.866692,112.248665
356.567738,262.633493,101.029556,92.631126
355.926831,252.059359,97.479675,103.685280
349.376790,252.791231,112.806015,103.208769
377.721150,244.559674,83.552841,109.674324
356.470520,238.073655,108.435173,117.926345
373.270195,248.824692,86.965218,107.175308
372.820038,262.889527,87.585472,93.110473
303.659085,226.282364,191.738342,129.717636
365.498520,232.901585,99.003563,123.098415
362.288159,249.894197,96.055023,106.105803
364.789288,234.276391,118.816315,121.723609
351.650849,238.322915,112.265129,117.677085
376.997746,246.092861,86.530014,108.926437
383.065316,250.417362,75.580086,104.458527
381.448105,244.823345,87.489128,111.176655
344.069752,224.404699,163.796249,131.595301
366.041569,239.489940,103.096939,116.510060
351.082829,228.671369,165.656937,127.328631
335.928372,236.743624,124.306061,119.256376
320.191624,216.181222,152.790604,139.818778
346.823792,232.380868,118.220116,123.619132
344.682118,243.203209,121.499374,112.796791
366.290284,242.082169,94.818810,111.978081
356.484723,226.265186,109.170044,129.705826
361.915120,238.179417,100.205307,117.115829
355.132870,219.741604,112.393341,136.258396
351.530610,197.947340,120.139671,158.052660
355.492215,218.619041,104.543304,137.380959
371.703854,244.806465,93.287567,111.193535
379.252411,249.015720,82.722374,106.984280
382.925030,254.343054,81.074554,100.711906
378.758347,243.220755,92.389427,111.919823
384.130726,239.712858,82.558273,114.301857
389.194973,245.023638,73.519135,109.607269
402.552660,273.179438,62.868488,59.659683
433.772908,280.781481,34.827530,30.310974
438.283374,282.599913,30.201052,27.397682
438.622406,279.865011,32.358330,28.683189
436.702019,275.429842,36.356331,29.784973
436.703475,272.175222,37.420055,33.185036
435.718287,270.645464,38.248966,34.043304
436.810450,268.814001,38.196201,33.053963
434.343230,267.984579,40.615902,35.155663
434.856947,267.357956,40.346066,36.322056
437.462479,267.759954,37.274498,35.789101
436.308880,269.554102,37.337845,36.320419
438.631873,270.590788,34.782314,33.823479
439.298081,270.839346,33.234276,34.096489
441.007578,271.721187,32.409855,33.767544
442.101104,270.946966,29.206263,33.575752
441.052329,271.751638,30.547527,34.328270
441.266173,271.598558,28.967709,33.872635
441.795291,273.153509,29.325136,33.087715
442.727529,277.173608,27.175322,30.655291
442.660932,283.280276,26.286757,26.469328
442.613497,287.969952,25.840473,22.429806
445.083322,293.780640,20.574446,18.063801
426.111407,289.368704,58.152843,52.218231
374.599503,269.537638,113.119019,86.462362
335.116547,225.793279,170.893890,130.206721
353.129151,222.200434,106.531403,133.799566
356.044144,243.172956,105.642151,111.420380
375.200875,250.314565,85.082108,103.985123
380.908303,251.211934,78.369064,102.019760
330.879281,240.393701,160.294449,115.606299
346.531109,212.809331,119.365181,143.190669
347.730935,157.571154,119.626724,198.428846
339.884495,189.951585,120.953148,166.048415
374.160119,225.827630,88.236252,130.172370
372.301983,243.007008,87.752876,112.256668
376.736729,261.278893,82.882927,92.154854
363.341599,245.593403,98.880493,109.235947
350.243680,238.179108,124.100746,117.820892
340.103650,235.192047,123.124641,120.807953
361.517094,240.454201,100.254112,115.133743
353.362622,249.032597,103.499702,106.967403
289.591607,213.086245,212.024002,142.913755
335.268055,239.323979,127.070763,116.676021
329.619683,228.753901,151.503738,127.246099
354.949822,238.872831,106.213882,117.127169
329.565323,235.623637,147.895355,120.376363
357.847912,240.030263,103.023109,115.969737
333.394158,235.275630,149.965225,120.724370
363.178734,244.903806,96.367813,111.096194
321.890282,227.142043,187.219620,128.857957
356.632428,235.795047,107.748817,120.204953
352.142746,240.415918,117.374359,115.584082
345.799973,234.135876,123.184479,121.864124
350.597371,233.050372,116.819176,122.949628
349.644951,241.569921,113.966202,114.430079
344.328671,245.967902,118.968391,110.032098
345.508091,243.209266,116.365105,112.790734
312.137551,213.694332,161.822678,142.305668
327.267769,210.887785,148.522263,145.112215
357.008679,234.214312,105.962624,121.785688
337.216561,234.260686,129.817245,121.739314
324.012909,228.436000,147.316284,127.564000
128.424073,125.418149,206.657654,230.581851
123.075387,123.911650,209.627609,230.782837
122.359902,123.431685,211.855331,232.568315
122.326989,122.058349,214.529800,233.941651
122.106400,123.838836,214.759430,232.107727
121.945481,123.612243,233.946991,232.387757
116.104134,123.645439,235.820602,231.416580
116.681183,122.553627,245.395874,233.265244
117.345101,123.262001,223.222946,232.022324
119.199227,124.628601,210.685837,230.129700
122.321129,124.777618,204.137833,229.791016
121.342583,124.791061,195.456741,229.444427
120.590348,122.648292,228.108917,233.351708
116.646241,128.264133,233.886169,227.735867
116.946473,126.395693,262.083313,229.604307
357.537869,238.889577,106.601082,117.110423
381.649956,248.928908,76.959549,107.071092
357.306054,262.696460,102.081833,93.303540
352.482377,269.033373,106.935211,86.966627
314.669411,235.487420,154.880753,120.512580
360.602311,234.316277,106.188782,121.455452
356.553246,243.949028,102.056747,112.050972
358.499615,250.486073,101.124397,105.513927
371.825963,240.471029,89.360130,113.236610
374.037274,247.323317,84.474403,108.676683
347.175286,241.096458,113.853958,114.903542
347.179802,251.775707,118.088760,104.224293
329.250611,230.450475,141.956604,125.549525
320.591027,210.943393,140.324112,145.056607
357.929936,241.874563,102.557732,114.125437
315.276749,226.675631,149.082550,129.324369
351.058037,237.162084,116.485184,118.837916
340.128884,239.822062,124.214462,116.177938
348.799481,236.311090,115.420265,119.688910
350.156891,248.272237,111.826660,107.727763
349.988625,233.783636,120.295822,122.216364
356.634957,244.845775,104.160751,110.859543
348.223988,244.590156,118.245628,111.409844
342.928528,231.805187,138.474915,124.194813
355.651188,238.557649,103.707573,117.202522
333.748993,218.522947,156.701660,137.477053
351.960465,239.056090,114.549530,116.943910
351.561013,235.975814,109.993515,120.024186
352.474587,239.191204,112.527023,116.808796
351.794129,237.402449,111.589233,118.597551
348.590127,223.757201,115.429855,132.242799
357.945298,244.205024,102.738678,111.794976
354.062375,246.109966,107.368904,109.890034
352.224492,248.054151,107.813591,107.945849
365.377572,242.068557,94.873520,113.931443
360.046654,240.468757,98.400406,114.858521
356.494187,248.874881,102.195343,107.125119
367.900853,242.055296,91.363518,113.944704
369.262108,241.271232,90.140762,112.717422
374.280709,247.876685,85.173874,107.050705
382.336838,248.392215,77.656647,107.040642
368.514679,245.707427,92.964630,110.292573
378.593602,243.838191,79.343285,110.274940
381.039769,246.775375,79.060661,109.137817
356.830708,235.149093,122.279411,120.850907
367.217228,242.819671,94.245140,113.180329
372.905320,244.979305,84.978882,109.857155
373.541859,246.695633,92.748558,108.749786
379.030755,248.350563,80.189957,107.649437
356.792939,239.100830,120.364990,116.899170
330.522675,221.225372,176.137756,134.774628
352.873215,235.812302,107.031891,119.803345
328.452431,233.224907,157.092880,122.775093
349.475007,240.234371,112.019836,115.765629
341.765221,239.420683,132.286575,116.579317
333.672448,232.705245,151.969742,123.294755
355.712880,245.752254,104.623741,110.247746
364.297833,247.537431,97.087379,108.462569
364.656941,254.518758,108.763268,101.481242
354.461411,232.503931,126.871368,123.496069
344.244240,229.926709,147.598434,126.073291
348.100399,239.571437,118.392647,116.428563
326.145775,216.632535,181.765335,139.367465
354.643620,249.896155,103.098625,104.779678
352.888916,227.711722,138.129578,128.288278
355.564591,236.078880,108.681671,119.921120
346.384198,237.808891,123.101662,118.191109
347.733338,236.342678,133.773071,119.657322
356.101914,239.138632,119.570831,116.861368
333.204857,218.267917,201.728897,137.732083
348.500008,219.246294,128.986801,135.795410
280.132489,285.514589,40.779305,60.899139
279.007266,285.013200,40.920223,63.499054
277.266278,281.186010,44.371361,68.730354
276.492320,276.520513,45.903072,74.021736
278.016852,268.884954,47.854832,78.495155
274.256039,265.127729,50.532494,83.917076
276.875905,259.903642,47.390297,85.827286
284.254401,256.802999,41.318485,80.391090
287.820784,250.463617,38.539753,78.320618
290.354779,245.386014,35.187614,84.711357
298.615614,241.281650,28.271412,37.641872
299.757609,237.940719,27.103786,32.235874
302.431881,233.979551,26.205299,31.764885
305.065064,230.532834,26.181915,30.383249
310.243372,225.207488,25.323269,30.794821
316.049136,221.013925,24.816235,28.319901
323.414861,217.120881,24.412069,28.067553
330.913414,214.245333,24.335098,27.241934
337.973624,213.774737,24.712849,28.921621
345.605798,213.094835,25.196577,27.869560
351.982021,212.729283,24.879755,28.503115
357.175766,213.428561,25.715731,29.409170
360.685766,214.133332,26.274679,29.206415
363.701672,215.462081,26.721931,29.026577
365.311447,215.971976,27.167849,29.393934
366.981361,216.957170,27.542650,29.391975
367.643116,218.499234,27.415627,28.981905
365.184273,219.426252,28.019562,28.707535
363.301377,218.372398,27.977432,28.439709
359.796457,216.470666,27.718473,29.605675
353.689650,215.193458,27.615009,29.107800
349.184865,212.037789,26.550894,28.696527
343.760034,211.488408,25.210913,28.019487
340.031454,212.033342,24.658567,28.886345
339.424320,214.653093,24.622896,28.994484
339.288699,216.779456,24.522739,31.031858
338.221660,218.569602,24.246401,28.901058
334.838434,219.763831,24.160192,27.969481
329.196891,222.418531,26.272181,75.027328
328.707438,228.320986,23.792469,29.180227
329.398676,231.770696,24.020100,37.849808
332.100361,234.514526,24.623672,29.711437
332.971581,236.477863,24.214394,31.015461
330.685466,237.456540,24.011507,29.522448
326.545633,238.496306,24.303625,30.034117
323.247542,238.999662,24.560711,29.875793
321.538119,240.337752,24.702259,31.269880
321.059308,241.953153,24.741104,37.462357
320.485256,242.954643,24.993517,35.053402
319.877789,244.820558,24.901672,34.712669
319.625210,246.133472,25.609421,45.037220
319.388851,246.645740,25.558016,38.512058
318.425018,246.422201,25.180994,50.191864
318.964394,246.074642,25.247520,36.402180
318.983801,246.796552,24.842007,35.427338
320.016848,245.763790,24.487858,32.805241
320.942916,242.921974,24.698023,45.954617
321.277586,241.667137,24.410948,31.280987
321.319890,239.374443,24.261274,40.239178
321.209893,239.997076,24.492775,33.439560
322.824202,240.698728,24.902157,29.591934
324.722758,245.155395,24.401646,33.751644
325.375788,251.860172,25.372196,32.888096
326.119298,259.472940,25.082624,40.104805
325.196621,266.484405,26.861771,46.308636
323.700282,273.413215,26.864094,41.968655
320.318877,276.350519,31.517254,73.716103
316.315167,282.991601,32.195221,67.862724
311.724051,287.369974,35.448147,65.171013
304.316657,288.505910,40.682919,64.611252
296.756289,292.095775,43.452793,60.922367
269.178284,293.135410,66.906059,60.921406
280.973519,296.028717,59.049263,59.957821
205.422810,243.771581,149.870743,110.362701
372.877224,244.347864,87.773193,110.256340
380.687375,246.846979,76.969940,108.469200
353.266015,228.359159,123.204994,127.640841
364.988514,236.390925,109.377670,119.609075
347.329396,232.293310,129.951767,123.706690
357.986783,241.285094,105.842804,114.212563
355.454983,249.198710,106.966156,106.801290
375.339345,242.912492,90.167526,112.951485
356.993824,228.025258,128.051498,127.974742
355.001553,245.228022,110.028717,110.771978
334.562802,228.477010,161.798004,127.522990
336.436902,229.603419,135.822205,126.396581
354.179787,241.351541,105.379036,114.648459
353.618611,248.272916,108.517563,107.682907
344.264241,222.248471,168.720200,133.751529
358.363980,229.387923,102.610260,126.612077
374.850464,245.329078,83.970360,108.907867
383.589459,251.897189,74.354095,103.008888
280.938010,294.917003,50.232800,59.616875
284.923611,293.294620,44.033905,60.158638
287.458636,294.518119,41.406940,60.222076
282.043082,292.911113,48.234814,60.521416
283.519251,298.495229,51.162846,56.095005
277.607605,297.635198,61.819481,58.364802
162.230992,232.571047,184.869629,123.428953
132.177403,127.828981,214.279358,228.171019
366.584252,241.127694,93.320396,113.400375
364.577736,246.212178,95.989799,109.755272
363.089097,258.710011,106.881752,97.289989
354.455277,244.485987,107.687782,111.253815
363.076752,238.032717,118.301704,117.967283
338.728520,214.038049,168.906189,141.961951
356.396996,248.481614,103.478966,107.448418
377.884346,237.072251,103.916313,118.927749
368.168847,244.032036,98.616478,111.967964
373.075074,244.861946,92.335945,111.138054
372.637299,244.703613,102.867012,111.296387
379.684170,243.891731,79.509171,109.787277
385.956429,251.579338,74.539482,103.032608
376.759629,249.651333,94.193794,105.608833
356.891530,204.941170,186.159485,151.058830
359.351609,243.773693,100.443245,111.423935
360.283619,243.370205,103.522095,112.629795
357.896187,251.561934,106.510948,104.145142
355.515835,225.943754,134.922653,130.056246
364.110116,244.790542,101.906273,111.209458
369.578347,235.880386,99.537743,120.119614
380.759671,248.593788,76.658554,105.661133
361.114369,225.977516,164.487762,130.022484
354.509705,226.033695,113.356453,129.966305
357.633103,242.688208,100.623268,112.195061
367.713177,244.573484,93.768600,109.778389
372.589303,251.347479,87.510674,104.519829
373.096673,245.938616,97.480400,110.061384
361.774846,207.519006,177.517181,148.480994
353.717698,245.263024,106.110725,110.736976
339.672123,227.085308,149.244659,128.914692
356.365483,239.260340,106.028778,116.739660
351.249798,236.860356,126.006851,119.139644
346.835537,233.127318,138.535873,122.872682
355.862889,241.123737,103.024200,114.876263
372.040783,244.786550,93.782852,109.893532
369.621441,231.134779,104.351761,124.865221
360.042275,223.840087,121.047203,132.159913
369.478184,248.171935,92.959259,107.775696
371.530980,251.779506,101.873566,104.220494
330.977208,187.371679,301.206818,168.628321
343.642670,217.863826,122.063515,138.136174
380.088753,232.174047,79.446373,122.629623
320.549664,172.013265,232.445755,183.986735
125.240788,123.643641,201.479889,232.356359
126.761700,125.690137,220.568924,229.213440
119.608845,127.322271,223.770508,227.311722
351.330815,238.210210,111.177399,117.084427
300.101002,212.618657,168.120911,143.381343
315.970036,247.159407,143.159515,108.840593
313.626538,257.921970,142.624771,98.078030
311.352154,280.749963,131.069595,75.250037
319.677685,294.995227,69.951767,58.694965
356.196367,294.079242,31.996374,34.210804
357.465125,293.221663,32.425167,34.461712
357.196599,293.709632,33.569672,34.129238
358.822915,293.484919,34.498268,34.195103
361.693799,293.230229,33.119629,33.899521
363.784449,293.282790,32.412464,34.629650
364.610014,291.487754,33.085110,34.684017
364.433489,290.771176,35.167530,36.736404
366.353852,289.117581,33.761665,37.155945
365.510560,287.895684,37.228264,41.340782
367.521183,287.838536,37.229553,45.043243
366.494355,287.011725,35.913857,45.567196
368.349366,287.686461,33.170036,39.949780
363.811585,288.333619,37.817085,40.428322
362.765351,287.770625,38.142876,39.036655
362.746802,289.186940,38.677395,38.671188
365.736689,290.087525,35.905155,37.261635
364.294146,291.636853,37.774860,37.139954
364.552758,292.548060,37.124840,37.270374
366.446625,293.230069,35.020470,37.323441
366.971774,293.405589,33.709171,36.258167
366.222556,292.408246,32.712643,34.719727
365.172369,291.562159,31.063963,34.319004
361.088871,289.326600,34.658066,37.896584
360.186026,288.719939,35.425976,39.185436
358.398329,287.596417,36.991039,39.616241
360.058766,287.393479,34.634155,40.604668
358.324259,284.989858,35.793308,41.982834
357.084441,283.249671,35.478344,43.428097
358.680562,281.030494,32.404037,38.580959
359.628219,277.887177,30.269938,33.184532
360.771440,276.790117,28.753454,31.625067
359.382453,275.268951,29.636530,31.356501
358.202610,274.789645,31.000032,33.380177
360.018900,273.725769,29.878788,31.843073
358.984661,273.975102,31.923815,33.375595
360.037075,273.634404,30.168154,32.911758
361.753284,274.378365,29.230074,30.842064
362.495153,274.817122,28.176115,32.129696
363.243185,274.992703,28.403624,30.657272
363.731519,274.462910,28.540312,31.176361
363.771373,273.726907,28.359362,30.691109
362.762548,272.893040,29.175749,31.804995
362.891224,272.124585,29.477539,31.683670
363.405634,270.665799,29.294285,32.460800
362.984144,269.110284,29.191908,33.401451
359.500777,267.893857,33.331921,37.077515
361.498068,265.743533,31.069668,33.933765
361.457425,264.031953,30.591446,35.736015
350.087723,261.524726,41.579216,45.041897
359.282383,259.207259,33.732773,38.512524
347.326369,256.879601,42.837841,49.437843
347.805840,254.275323,43.466560,49.082817
358.207613,255.037583,32.942326,36.718941
358.411741,254.697579,31.851667,34.661400
360.284988,254.799571,30.405207,33.134281
362.681136,255.440554,28.185345,30.017889
359.332404,257.144929,30.684643,33.861732
360.086127,256.766507,28.716778,29.945587
358.994970,256.269008,28.809690,30.759081
358.801874,255.794285,28.028555,30.565401
357.060477,254.864652,29.591061,32.255325
358.193275,255.221101,28.056879,30.370476
356.352504,255.045691,29.994905,33.139736
358.428110,253.957515,27.586889,28.706120
355.844454,254.393863,29.004383,31.841038
356.475333,255.191688,28.491375,30.951242
356.206050,256.107381,27.555712,30.364426
355.449445,257.376331,26.995893,29.394930
353.002223,259.365983,27.649937,30.544197
349.518133,261.512815,27.576902,30.522139
347.119857,263.572601,27.969645,30.621988
340.645200,265.765603,30.636106,34.238136
338.716022,266.262603,31.118502,36.985516
333.558445,266.798165,35.047073,42.638481
340.121073,269.294823,28.665394,34.175850
342.306818,272.087264,27.645544,32.178326
343.086349,277.752625,28.397226,29.247459
344.907151,284.520249,29.058128,27.636925
344.137318,291.935583,32.039597,31.442778
343.413059,297.955332,31.530352,30.023855
344.137689,300.922011,31.516546,28.282955
343.154706,302.719878,32.428314,29.806057
344.104182,302.195075,35.307697,33.953976
342.997601,303.200700,32.341431,32.859383
344.277268,302.441359,32.261040,30.225735
343.641482,301.600347,32.596668,29.793791
345.650046,301.875486,34.024746,30.466002
344.630309,301.499528,32.363354,32.872658
342.950455,302.774035,36.591728,35.504093
344.232651,304.293567,36.997307,34.642429
343.709361,303.636193,44.254978,36.224663
343.557501,303.915974,43.743023,38.518417
317.166298,298.974650,82.686241,49.460499
292.600972,301.742694,98.153900,51.999577
283.301785,284.514726,133.979904,71.485274
295.413014,291.408490,105.236237,64.591510
300.321324,312.116204,67.442169,41.790279
303.672823,315.218016,55.445774,37.143814
295.674927,315.829193,59.728630,39.033199
297.329585,316.163740,56.027607,39.508240
302.359797,316.076756,49.712009,38.730152
306.203484,316.968706,45.171669,38.488945
308.420783,316.299233,42.847210,38.910305
308.473845,317.576294,42.476116,38.242672
308.649287,317.281473,41.503651,38.437202
311.182513,317.564278,40.090931,37.659695
308.337971,319.573391,41.632751,36.314121
307.638810,320.966917,40.897484,35.033083
311.395794,322.368636,36.396164,33.631364
312.842675,323.765652,30.883064,31.517843
310.778705,325.509839,29.892778,29.814810
307.874713,327.045684,27.873522,28.954316
305.739558,328.674423,27.269398,27.070511
305.487007,329.753350,26.702662,26.246650
304.924139,330.420262,26.535307,25.579738
303.231002,330.929814,26.201525,25.070186
301.257070,332.185964,25.919668,23.814036
298.865839,332.369381,26.150654,23.630619
298.257097,332.195649,25.714323,23.804351
295.779523,331.731138,26.217955,24.268862
294.295115,332.048518,25.277569,23.951482
291.891551,329.249236,25.386690,26.750764
291.814165,327.041613,25.701117,28.958387
290.473837,323.549774,27.394878,32.450226
291.726875,319.231990,26.325357,34.864235
291.594618,316.967924,26.297710,35.878925
291.611050,316.348081,27.081482,36.390034
291.624660,317.417566,27.361895,36.100368
292.169681,319.939758,28.250750,35.132538
292.194829,321.096368,27.434494,34.078136
290.814537,323.610220,28.397348,32.145130
291.013534,325.819945,27.512369,29.967424
290.038048,327.545050,27.335121,28.454950
289.600284,328.426014,27.221788,27.573986
289.355262,329.367246,27.247385,26.632754
289.499028,330.586512,27.488678,25.413488
288.420822,331.163949,27.262140,24.836051
287.519033,331.114644,27.413389,24.885356
286.128479,330.246363,27.468605,25.753637
286.950079,327.434240,26.211346,28.280134
285.630720,324.525034,26.189161,30.928854
287.348108,320.606706,26.873480,33.299477
286.711753,318.243537,27.419413,31.179058
286.541366,315.676526,27.757914,29.909592
284.493193,313.115068,28.133160,28.223289
282.554058,310.101638,28.917025,27.302502
280.965739,306.552726,29.677387,26.965511
281.286335,301.679052,29.357790,27.374481
280.317657,297.999126,29.494135,27.661961
278.000740,295.864841,31.511362,27.304447
277.691271,293.921980,31.953968,27.158461
277.368392,291.552111,31.786982,28.092611
279.647358,291.373392,31.621918,27.811331
281.841624,292.583981,32.983295,28.771776
284.702360,295.279971,31.931059,28.789433
285.605011,296.243164,32.037758,29.093134
286.416023,297.583820,31.178278,28.982014
284.564234,297.059137,32.181370,27.855917
283.449879,296.358018,32.671097,27.812248
286.415919,294.074452,32.290928,28.511904
289.915370,292.859342,30.340672,28.838120
296.112715,290.450898,30.087139,29.445824
301.431592,287.400330,27.958250,29.858591
307.900569,284.985227,28.061876,31.198120
311.488584,281.728093,30.741850,32.772568
317.212582,280.410756,31.292068,32.058151
320.888211,279.666860,32.418686,31.329849
325.094740,279.999185,33.266949,31.811974
328.263728,280.268043,36.141453,32.585079
331.858243,279.289331,38.218582,32.180916
338.369433,278.744648,35.791843,31.443819
343.597924,277.248177,34.155251,31.313456
328.463561,273.852430,51.541134,34.593918
327.007872,270.150949,52.860409,36.029182
339.411583,265.416799,37.606133,35.704315
328.657170,262.131065,47.007401,38.803661
326.606812,258.965476,47.021965,39.592037
326.051915,258.485856,46.074402,39.040062
326.906867,257.954032,42.664715,37.519848
324.337773,257.224050,43.632294,39.898865
323.166935,255.092050,42.846664,40.605919
322.130499,253.987640,42.107342,41.104961
322.166123,252.650703,40.423775,41.214779
322.550654,249.903171,38.342014,42.101337
321.832098,247.748851,36.163403,43.621906
322.391984,244.071216,32.575615,47.423786
322.576689,242.996459,31.424786,48.876431
322.662856,240.606147,32.063885,53.059429
318.418625,239.829963,36.541679,61.015255
317.539944,238.492776,38.975067,67.284111
331.844170,235.653616,25.119606,20.566099
333.635841,235.074635,25.190332,18.907526
333.908110,232.929094,24.396282,18.026770
332.746694,231.373569,24.682066,19.295055
332.451000,228.369654,24.317698,18.817060
331.120724,226.289716,23.195274,17.152451
327.583344,223.997330,23.579414,18.507608
324.671257,222.457344,23.792130,20.780863
321.034603,221.636993,23.806345,24.752857
318.102218,221.316642,24.270800,24.932774
315.000623,221.376258,24.607283,26.746006
312.067835,221.309798,25.818043,25.869602
310.110226,221.110156,27.174858,26.150463
308.661062,221.105982,26.869345,26.022032
307.509967,219.920636,26.293634,26.048241
306.915807,220.741389,26.564611,26.263943
305.289471,220.629311,26.297905,26.238146
304.858937,220.473264,26.959923,26.289330
303.490468,220.956510,27.219688,26.941841
302.291234,222.641436,26.744911,26.869596
301.230984,222.196665,28.013710,26.438108
300.160330,223.146250,27.193913,26.792219
299.491516,223.569358,28.308535,26.499821
298.674115,224.124626,27.641838,27.074602
297.426280,224.625681,26.823908,26.078260
296.755336,224.788827,27.952463,27.422836
294.723984,224.738832,27.211716,27.162811
293.037221,225.294479,28.021399,27.300785
290.769103,225.323403,27.879719,26.961306
290.003935,224.576598,29.197437,27.812626
290.041865,224.855852,28.265820,26.759108
289.581188,225.181544,27.982203,26.280331
288.003330,224.992453,28.442987,27.279928
287.165414,224.224779,27.425840,26.210096
286.289684,224.508330,27.071665,26.621496
285.168924,225.365099,26.513639,26.804350
284.856630,225.235523,27.393278,26.479670
283.909369,225.577530,28.076893,26.964708
283.895636,225.996499,27.518070,27.008118
284.457919,226.313203,26.450298,26.616028
283.960236,226.239564,27.119141,27.090408
282.064536,225.847430,27.221958,27.326321
280.454035,225.762080,27.165066,26.686825
277.990232,224.845153,26.047857,26.350895
276.862095,224.556572,26.624794,25.736910
278.163430,224.763828,26.041214,26.074732
280.163109,225.598825,25.622757,26.327713
282.318254,225.120994,26.630323,26.727039
282.689772,225.533052,27.226078,26.725403
282.201787,224.992598,27.460411,26.402945
282.422075,224.245172,27.402372,27.167419
281.081011,224.843349,26.904812,27.329906
280.313571,224.295887,26.980036,26.993982
281.225276,224.820182,26.662271,27.120304
280.558538,224.515436,27.149786,27.247175
280.979609,224.988727,26.901257,26.500393
281.897361,225.056379,26.579973,26.485235
281.820098,224.620666,26.972750,26.559254
284.122906,224.388492,26.219978,27.017635
285.928944,223.447280,25.786034,27.147755
288.164834,222.125837,26.247406,26.824013
289.783746,222.756059,26.967558,27.154922
292.166488,223.792303,26.430498,27.747976
294.000145,224.184919,26.786072,27.997719
294.272959,226.264782,26.532604,28.145273
294.677712,229.353823,26.576248,27.788954
294.133574,233.793286,26.322056,27.783562
294.056536,237.660154,26.687038,27.267187
292.799036,241.787696,27.247099,28.406681
293.394909,245.592002,26.875786,28.196796
291.093546,249.541825,27.170315,28.204819
290.647367,252.908108,26.353292,28.564356
289.520045,255.473729,26.214642,28.924843
287.914926,257.340782,26.510130,30.003176
287.010739,259.385898,26.227150,30.093014
284.422249,260.807572,26.709854,29.570253
284.415865,262.052427,25.373928,29.204901
281.974199,262.870830,25.895430,29.119915
281.644456,263.965824,25.180784,28.887491
280.667777,264.837746,25.179813,28.738588
280.039173,265.842649,25.244806,28.374840
280.063640,266.977035,25.188456,28.434422
280.150396,267.925157,25.064444,28.494141
280.560017,268.244679,25.000587,28.489618
281.221343,268.419630,25.312946,29.192831
282.072412,267.280066,25.547789,29.488867
283.021224,266.911921,26.205891,28.941877
284.275266,266.667161,26.287878,28.939240
285.209807,266.291969,26.076557,29.434420
284.958783,265.757602,24.977089,28.783993
284.972235,265.901475,25.983387,28.452728
285.058796,266.364031,25.540901,28.327345
285.055088,266.317053,25.053049,28.289526
284.349780,266.796114,24.881817,28.233427
284.781653,266.648737,25.327778,27.955503
284.942554,265.896071,24.759882,28.147833
284.670821,266.196393,25.324146,27.889687
284.236514,265.891659,24.905025,27.894419
284.278960,265.876168,24.997257,27.937256
284.599747,266.071524,25.590866,28.066702
284.368858,264.772535,24.957949,28.322304
284.414330,265.482436,25.361145,28.202610
284.377849,264.174066,24.732035,28.521240
284.176226,264.656038,25.001766,27.814695
283.586504,264.190094,24.737837,28.300844
283.485693,264.401961,25.639896,28.110342
282.817625,264.552373,24.731314,28.336739
282.095515,264.896454,24.356121,27.851625
281.794978,264.984476,25.216671,28.348829
281.870313,264.908378,25.360205,28.228031
281.080151,264.781590,24.149010,27.955866
281.139859,264.332632,25.092903,28.519857
