0.001146
0.030291
0.030519
0.029817
0.030997
0.029786
0.030600
0.030061
0.029811
0.030344
0.030032
0.030788
0.031109
0.030463
0.030151
0.029908
0.030111
0.032593
0.030397
0.030997
0.030843
0.029973
0.030307
0.030023
0.030614
0.030968
0.031327
0.030022
0.031336
0.030799
0.030060
0.030651
0.030113
0.030631
0.029999
0.030072
0.030581
0.032059
0.030334
0.030342
0.029918
0.030303
0.030046
0.029941
0.030016
0.029996
0.029972
0.029925
0.030612
0.030139
0.030323
0.030775
0.029887
0.029782
0.030033
0.030021
0.030804
0.030347
0.030294
0.030219
0.031162
0.030268
0.030500
0.030541
0.029988
0.031148
0.030302
0.030000
0.030513
0.031408
0.030192
0.029986
0.029927
0.030857
0.030074
0.031440
0.030873
0.030084
0.031283
0.030204
0.031119
0.031710
0.030401
0.030263
0.030173
0.030568
0.030778
0.030434
0.030845
0.030263
0.030216
0.030404
0.029896
0.030537
0.029799
0.030874
0.031158
0.030099
0.030415
0.030510
0.030780
0.029829
0.031174
0.031043
0.030093
0.031034
0.030019
0.029894
0.030117
0.029918
0.030192
0.030261
0.030381
0.031129
0.029970
0.030067
0.029856
0.030640
0.030159
0.030171
0.031421
0.030357
0.030221
0.031116
0.029992
0.030077
0.029943
0.029849
0.033227
0.030882
0.030230
0.030362
0.030897
0.030340
0.030393
0.031243
0.030815
0.030699
0.030502
0.030698
0.030241
0.030608
0.029813
0.030591
0.030108
0.030155
0.030020
0.030121
0.031232
0.029970
0.031279
0.030722
0.030021
0.031288
0.030064
0.030201
0.030980
0.030419
0.030366
0.031084
0.030063
0.030716
0.030493
0.030927
0.031784
0.030576
0.029905
0.029829
0.030155
0.030498
0.030759
0.030537
0.030630
0.029955
0.030994
0.030162
0.029919
0.030541
0.030971
0.030880
0.029888
0.030019
0.030023
0.030891
0.030464
0.030342
0.030725
0.030554
0.030530
0.030517
0.029886
0.029947
0.030659
0.029987
0.029943
0.030936
0.030890
0.030099
0.030481
0.029824
0.030792
0.030466
0.030880
0.030191
0.030450
0.029831
0.029917
0.030582
0.030222
0.029752
0.031062
0.030693
0.030704
0.030239
0.030315
0.030636
0.029826
0.029796
0.029757
0.029934
0.031449
0.030405
0.030582
0.030072
0.030238
0.029856
0.030002
0.030448
0.029923
0.030043
0.029931
0.029828
0.029737
0.030116
0.029848
0.031593
0.030350
0.030566
0.030798
0.031150
0.031067
0.030660
0.029832
0.029745
0.030018
0.029834
0.030983
0.031387
0.029903
0.029764
0.030921
0.029792
0.030287
0.029832
0.029989
0.029932
0.030521
0.030199
0.029784
0.030562
0.030432
0.029929
0.031864
0.030414
0.030442
0.030315
0.031340
0.030020
0.030614
0.029969
0.030011
0.029858
0.031056
0.029857
0.030634
0.030194
0.030486
0.030826
0.030176
0.030335
0.030634
0.029763
0.030576
0.030396
0.031329
0.030366
0.029945
0.030703
0.030180
0.030807
0.030173
0.030808
0.030430
0.031111
0.030414
0.029983
0.030190
0.030045
0.030003
0.030377
0.030246
0.030198
0.029959
0.030113
0.030704
0.030425
0.030559
0.030031
0.029833
0.029990
0.029969
0.029969
0.029828
0.030363
0.030224
0.030523
0.029976
0.029896
0.029678
0.030200
0.029947
0.030910
0.030268
0.029806
0.029842
0.030862
0.030067
0.029913
0.030014
0.029872
0.029850
0.029983
0.029804
0.030407
0.030018
0.029997
0.029986
0.030081
0.029871
0.030241
0.030501
0.031504
0.029826
0.030049
0.030191
0.029941
0.029905
0.029949
0.030530
0.030436
0.029741
0.029966
0.029906
0.029987
0.030719
0.029808
0.029832
0.030189
0.029882
0.029852
0.029895
0.029975
0.029990
0.030189
0.029841
0.030570
0.030359
0.029876
0.029836
0.029857
0.029839
0.029733
0.030022
0.030143
0.030051
0.029896
0.029816
0.030139
0.030084
0.029773
0.030070
0.029842
0.029916
0.029932
0.030304
0.030047
0.030020
0.030297
0.030187
0.030023
0.030439
0.030401
0.029850
0.030057
0.030189
0.030230
0.030149
0.030066
0.029849
0.030336
0.030045
0.030092
0.029994
0.030197
0.030035
0.029967
0.029952
0.030165
0.029852
0.030594
0.030032
0.029977
0.030363
0.029765
0.029987
0.030330
0.031540
0.030809
0.031353
0.029925
0.029896
0.030360
0.029877
0.030092
0.030093
0.030353
0.029950
0.029900
0.030265
0.030165
0.030304
0.029876
0.029841
0.029867
0.029896
0.030317
0.031119
0.030242
0.029870
0.029986
0.029940
0.031113
0.030600
0.030472
0.030660
0.029926
0.029941
0.029963
0.029933
0.029882
0.030118
0.029902
0.029879
0.029918
0.030102
0.029938
0.029903
0.029854
0.030017
0.029840
0.030074
0.029993
0.029976
0.030326
0.030113
0.030883
0.030280
0.030309
0.031549
0.029917
0.030827
0.030274
0.029824
0.030184
0.029848
0.030028
0.029884
0.029870
0.029957
0.029818
0.029886
0.030041
0.029959
0.029734
0.030175
0.029834
0.030849
0.029786
0.029939
0.029988
0.029834
0.030002
0.030169
0.030073
0.029860
0.030172
0.030032
0.029749
0.029864
0.030058
0.029968
0.029909
0.030164
0.029867
0.029822
0.029928
0.029978
0.030028
0.029871
0.030183
0.029905
0.029897
0.029924
0.030140
0.030054
0.029831
0.029881
0.029826
0.030451
0.030890
0.031765
0.029776
0.029943
0.029964
0.030003
0.030170
0.030082
0.029872
0.029851
0.030067
0.029868
0.030013
0.029696
0.030011
0.030789
0.029920
0.029975
0.030083
0.029815
0.029925
0.030008
0.029756
0.030386
0.030290
0.030099
0.030267
0.029915
0.029888
0.030039
0.029958
0.029914
0.031012
0.030006
0.029780
0.031491
0.029800
0.031032
0.029774
0.030041
0.029944
0.029831
0.029742
0.029849
0.029761
0.030036
0.030701
0.029730
0.029772
0.030102
0.030496
0.031053
0.030305
0.030146
0.029826
0.030974
0.029804
0.029906
0.029894
0.030041
0.029887
0.029711
0.031248
0.030385
0.029845
0.029932
0.029898
0.029820
0.029745
0.029829
0.030025
0.029735
0.029862
0.029813
0.030386
0.029868
0.030547
0.030632
0.029934
0.030742
0.029907
0.030552
0.029767
0.030803
0.029881
0.030035
0.031172
0.030392
0.030217
0.030077
0.029883
0.030608
0.030196
0.029838
0.030809
0.030817
0.030209
0.031116
0.030071
0.029745
0.031493
0.031048
0.030514
0.030031
0.030158
0.030157
0.029907
0.030063
0.030538
0.029978
0.030596
0.030192
0.031426
0.029868
0.029883
0.030333
0.029764
0.030500
0.029779
0.030677
0.029895
0.030121
0.029902
0.030003
0.029868
0.030444
0.030527
0.030285
0.030115
0.029911
0.029762
0.029978
0.029914
0.030010
0.030840
0.030286
0.030213
0.030052
0.030456
0.030235
0.030769
0.030868
0.029673
0.030147
0.030504
0.029852
0.030565
0.030728
0.030706
0.030204
0.029964
0.030632
0.031163
0.030257
0.029779
0.030013
0.030269
0.030774
0.030063
0.030709
0.030044
0.030340
0.030615
0.031845
0.030247
0.029728
0.031001
0.030259
0.030120
0.029872
0.029974
0.030477
0.030156
0.029906
0.029889
0.030166
0.030133
0.030899
0.030100
0.030414
0.030004
0.030013
0.030332
0.029715
0.030088
0.029796
0.030243
0.030086
0.030874
0.030682
0.030262
0.029884
0.030170
0.031835
0.030932
0.030116
0.029844
0.029860
0.029994
0.031065
0.030904
0.030717
0.031372
0.030305
0.030833
0.029934
0.030292
0.030504
0.030334
0.030748
0.030224
0.029900
0.030085
0.030740
0.030165
0.030693
0.030239
0.030288
0.030570
0.029914
0.030602
0.030097
0.030148
0.030040
0.030183
0.029864
0.030564
0.030381
0.030547
0.030435
0.029843
0.029770
0.029997
0.030554
0.029926
0.030144
0.029850
0.029768
0.029759
0.030937
0.030213
0.029848
0.030124
0.030076
0.029843
0.030675
0.029921
0.029857
0.029907
0.030167
0.030582
0.029924
0.031394
0.030760
0.029914
0.029905
0.030252
0.029945
0.031017
0.029880
0.029888
0.030071
0.029892
0.030022
0.030162
0.029900
0.030005
0.030056
0.029872
0.029933
0.030617
0.029874
0.029862
0.029937
0.029634
0.030356
0.029777
0.030370
0.030875
0.029741
0.029786
0.029787
0.029737
0.029942
0.029811
0.029974
0.029901
0.029934
0.029846
0.029842
0.030078
0.030027
0.030631
0.030133
0.029853
0.029885
0.030158
0.030042
0.029972
0.031010
0.029776
0.029902
0.030119
0.031475
0.029987
0.031814
0.030031
0.030297
0.029936
0.030274
0.029908
0.029680
0.029841
0.030270
0.030043
0.030454
0.030110
0.029800
0.030195
0.029711
0.030596
0.029961
0.029944
0.029727
0.030150
0.029985
0.029811
0.030622
0.031009
0.030019
0.029807
0.029905
0.030090
0.029895
0.029929
0.030167
0.030310
0.029931
0.029824
0.029877
0.030424
0.029801
0.029923
0.029892
0.030198
0.030613
0.030047
0.029951
0.029798
0.029819
0.029934
0.029992
0.030851
0.030590
0.029838
0.029760
0.029958
0.030135
0.030018
0.030957
0.030170
0.030281
0.031258
0.030490
0.030312
0.029922
0.029933
0.029879
0.029906
0.029865
0.030657
0.030113
0.029778
0.029850
0.029888
0.029772
0.030595
0.030670
0.030645
0.029764
0.029808
0.029956
0.029996
0.029893
0.029904
0.029859
0.029938
0.030830
0.030019
0.030305
0.030818
0.029699
0.031122
0.029988
0.031129
0.029894
0.029889
0.030291
0.029949
0.029922
0.029858
0.030833
0.030928
0.030760
0.029924
0.030486
0.029936
0.029836
0.029884
0.029983
0.029913
0.030183
0.029809
0.029834
0.030003
0.030542
0.030284
0.030284
0.030286
0.029986
0.029911
0.030010
0.030555
0.029753
0.029856
0.030024
0.030040
0.030532
0.031081
0.029884
0.030483
0.029903
0.030545
0.029943
0.029803
0.029813
0.030510
0.030079
0.029895
0.030035
0.030074
0.031026
0.029923
0.029639
0.029863
0.029782
0.029821
0.030394
0.030543
0.030203
0.030008
0.030144
0.030524
0.031544
0.030489
0.029878
0.030933
0.029798
0.029987
0.029991
0.029850
0.029897
0.029887
0.029940
0.029952
0.029857
0.029806
0.029950
0.030130
0.029906
0.030473
0.029942
0.029997
0.030039
0.029996
0.030071
0.030390
0.030112
0.030508
0.029842
0.029933
0.030035
0.029862
0.029868
0.030502
0.029888
0.029968
0.029924
0.030543
0.029831
0.029981
0.030072
0.029802
0.030048
0.030537
0.031383
0.029776
0.029844
0.031416
0.030600
0.030047
0.029781
0.029896
0.030821
0.030514
0.030751
0.030779
0.030250
0.029785
0.030304
0.030103
0.029852
0.030009
0.029958
0.029829
0.030003
0.030031
0.030590
0.029787
0.029751
0.030690
0.029773
0.029849
0.030381
0.030392
0.029951
0.029838
0.029941
0.029963
0.030666
0.030318
0.030596
0.030237
0.029789
0.030141
0.029894
0.029895
0.029912
0.029933
0.029711
0.030270
0.029771
0.029821
0.030027
0.029865
0.030373
0.029955
0.029976
0.029992
0.029980
0.030094
0.029957
0.030389
0.030133
0.030483
0.030791
0.030621
0.030003
0.029909
0.030481
0.029998
0.029881
0.031090
0.029865
0.030577
0.030201
0.029979
0.030500
0.030525
0.030014
0.030083
0.030054
0.029988
0.029926
0.030000
0.030127
0.029999
0.029854
0.029770
0.029988
0.030568
0.030064
0.029889
0.030606
0.029902
0.029726
0.029755
0.029753
0.030173
0.029899
0.030178
0.029810
0.029824
0.029941
0.029876
0.029886
0.029791
0.029757
0.030125
0.029745
0.029911
0.030042
0.029698
0.029775
0.029810
0.030488
0.030632
0.029805
0.031535
0.029950
0.030545
0.029768
0.031044
0.030066
0.030260
0.029739
0.030094
0.029866
0.031284
0.030395
0.030287
0.029763
0.029844
0.029934
0.029900
0.029993
0.030176
0.029807
0.029919
0.030455
0.030588
0.030437
0.029836
0.029948
0.030724
0.030249
0.030220
0.030128
0.029895
0.030004
0.029876
0.030492
0.030424
0.031403
0.029935
0.030242
0.029998
0.030093
0.029860
0.030045
0.029948
0.029993
0.029928
0.030086
0.029905
0.031245
0.030800
0.030356
0.029866
0.030036
0.029919
0.030326
0.029796
0.029766
0.029821
0.030062
0.030089
0.030270
0.029830
0.029999
0.030040
0.030115
0.029916
0.029915
0.030552
0.030133
0.030674
0.030099
0.030232
0.029862
0.029965
0.029993
0.031188
0.030265
0.029841
0.030519
0.029804
0.030128
0.030456
0.030183
0.030359
0.029829
0.029882
0.029873
0.029999
0.030343
0.030275
0.030071
0.029937
0.029942
0.029831
0.030497
0.029968
0.030312
0.030657
0.030061
0.029967
0.030393
0.030130
0.030666
0.030266
0.030138
0.030376
0.029784
0.029752
0.030167
0.030083
0.030006
0.030119
0.030130
0.031505
0.030009
0.031151
0.029821
0.030035
0.030324
0.029759
0.029718
0.030023
0.030530
0.030447
0.029686
0.030478
0.030510
0.030606
0.030125
0.029862
0.029944
0.029947
0.029875
0.030121
0.029861
0.029930
0.030064
0.030081
0.030370
0.030100
0.030069
0.029917
0.030062
0.029979
0.030586
0.029937
0.030677
0.030882
0.030671
0.029699
0.030327
0.030098
0.031532
0.030366
0.029959
0.030203
0.030373
0.029844
0.031064
0.029911
0.030184
0.030089
0.029890
0.029966
0.030182
0.029972
0.030589
0.030926
0.029899
0.030148
0.030088
0.029796
0.030066
0.030128
0.030032
0.030992
0.030785
0.030932
0.030682
0.030038
0.030948
0.030744
0.030357
0.031224
0.030055
0.029899
0.029805
0.030873
0.029764
0.030628
0.030190
0.029854
0.030767
0.030751
0.030557
0.030093
0.030667
0.029725
0.029904
0.030255
0.029695
0.030134
0.030868
0.030237
0.029860
0.030063
0.029937
0.030581
0.029811
0.029982
0.029890
0.029852
0.029821
0.030285
0.029830
0.030070
0.030120
0.029911
0.029772
0.029756
0.029840
0.029887
0.029637
0.029918
0.030037
0.029818
0.030379
0.029715
0.030255
0.031246
0.030296
0.030464
0.029782
0.029947
0.029900
0.029810
0.029836
0.029726
0.029827
0.030833
0.030382
0.029886
0.029652
0.029965
0.029903
0.030091
0.029816
0.029818
0.029969
0.030638
0.029992
0.030549
0.030007
0.030172
0.030589
0.030288
0.029936
0.030036
0.029876
0.029689
0.029844
0.029772
0.029839
0.030277
0.029855
0.030058
0.030012
0.030672
0.030178
0.029866
0.030532
0.029939
0.029774
0.029902
0.030509
0.030231
0.029792
0.029984
0.029937
0.029846
0.030520
0.030445
0.030668
0.029797
0.030116
0.030564
0.029819
0.029755
0.029821
0.029732
0.029806
0.030183
0.030008
0.030307
0.029906
0.030099
0.029774
0.029901
0.030437
0.029880
0.030012
0.029678
0.030706
0.030464
0.030414
0.030448
0.030681
0.029882
0.031258
0.029921
0.030303
0.030508
0.029767
0.030418
0.029865
0.029676
0.030029
0.030584
0.029897
0.030758
0.029887
0.029742
0.029957
0.029813
0.029831
0.030353
0.029866
0.029867
0.029844
0.029870
0.031278
0.030117
0.030196
0.030169
0.029795
0.029944
0.029718
0.030390
0.029928
0.029780
0.029773
0.029821
0.030029
0.029967
0.029831
0.029852
0.029889
0.029866
0.029847
0.030017
0.029985
0.030562
0.029849
0.031009
0.030144
0.030658
0.030168
0.030340
0.030059
0.029857
0.030053
0.030059
0.029736
0.029991
0.029940
0.029908
0.029896
0.029934
0.029771
0.029943
0.029936
0.029991
0.029822
0.030007
0.029899
0.029920
0.029833
0.030005
0.030152
0.030267
0.029895
0.029957
0.030009
0.030347
0.030650
0.031015
0.029913
0.030485
0.029804
0.029757
0.029860
0.029844
0.029826
0.029886
0.029779
0.030232
0.029914
0.029945
0.029983
0.029786
0.030108
0.030053
0.029825
0.030038
0.029927
0.029757
0.029982
0.030350
0.030157
0.030276
0.030924
0.030702
0.030399
0.030167
0.029748
0.030658
0.031364
0.029921
0.030011
0.030464
0.029770
0.029849
0.030032
0.029862
0.029881
0.029753
0.029843
0.029734
0.029819
0.029982
0.029839
0.030282
0.030438
0.029784
0.030021
0.030657
0.030922
0.030505
0.029865
0.030133
0.030045
0.030453
0.029906
0.030559
0.030171
0.030652
0.029820
0.029939
0.029808
0.030320
0.030783
0.029814
0.030045
0.031009
0.029901
0.029803
0.029942
0.030738
0.029851
0.030042
0.030113
0.030322
0.030404
0.030570
0.030235
0.030323
0.030104
0.029927
0.030884
0.029791
0.030817
0.029893
0.030065
0.030104
0.030183
0.029959
0.029785
0.030007
0.030642
0.029956
0.031017
0.029831
0.029799
0.030087
0.030440
0.031157
0.029784
0.031229
0.031146
0.030181
0.030736
0.030058
0.030042
0.030940
0.029757
0.029982
0.030479
0.029957
0.030202
0.029794
0.030814
0.029912
0.030046
0.030069
0.030777
0.030931
0.029805
0.029816
0.030967
0.030792
0.029794
0.030877
0.030559
0.030344
0.029986
0.030031
0.030020
0.029790
0.029919
0.029766
0.029901
0.029893
0.029909
0.029827
0.029912
0.030146
0.030071
0.029993
0.030039
0.030247
0.029984
0.029785
0.029783
0.030319
0.029877
0.029792
0.029953
0.030058
0.030423
0.030607
0.029991
0.029673
0.030495
0.029796
0.029896
0.029858
0.029954
0.029940
0.029740
0.029770
0.029887
0.029880
0.030447
0.030586
0.030136
0.029702
0.030017
0.030704
0.030033
0.031185
0.029736
0.030345
0.030030
0.030053
0.030973
0.029830
0.029930
0.029816
0.030143
0.031053
0.029681
0.029816
0.029832
0.031380
0.029853
0.029915
0.030081
0.029899
0.029613
0.030058
0.030011
0.029844
0.030989
0.029774
0.029771
0.030208
0.029821
0.031210
0.029871
0.030362
0.030676
0.030034
0.030017
0.029923
0.030081
0.030920
0.029825
0.029843
0.029713
0.030793
0.029870
0.029713
0.029806
0.029769
0.029810
0.030004
0.029981
0.029870
0.030385
0.029870
0.030236
0.029735
0.029865
0.030317
0.030118
0.030209
0.030828
0.030998
0.029926
0.031002
0.030655
0.029857
0.029813
0.029784
0.030317
0.031194
0.029913
0.030018
0.029885
0.029825
0.030006
0.030011
0.030146
0.029994
0.029875
0.031674
0.030602
0.030544
0.030108
0.030142
0.029826
0.030978
0.030371
0.030470
0.029722
0.029746
0.030410
0.029908
0.030322
0.030366
0.029991
0.030790
0.030573
0.030816
0.030311
0.029697
0.030621
0.030438
0.029956
0.031207
0.030292
0.030181
0.030003
0.029860
0.030640
0.029981
0.030019
0.030447
0.030751
0.029958
0.029953
0.029968
0.030758
0.029736
0.029889
0.029852
0.029676
0.029887
0.030156
0.031021
0.030655
0.029851
0.030259
0.029800
0.029934
0.030305
0.030844
0.030477
0.029754
0.030500
0.029770
0.031132
0.030707
0.031134
0.030696
0.030448
0.029873
0.030009
0.030032
0.029920
0.029834
0.029958
0.030008
0.029907
0.030580
0.030208
0.029849
0.030007
0.030617
0.030001
0.030019
0.030124
0.029935
0.030783
0.030017
0.030348
0.030152
0.029974
0.029946
0.030440
0.030340
0.029829
0.030147
0.029845
0.030114
0.030771
0.029971
0.030843
0.031012
0.029917
0.029899
0.029777
0.030238
0.029895
0.031070
0.029967
0.029816
0.029909
0.029808
0.030144
0.030393
0.029900
0.029801
0.029965
0.030064
0.030681
0.029878
0.029713
0.029880
0.029890
0.030121
0.030659
0.030217
0.029949
0.029742
0.029716
0.029910
0.030503
0.029680
0.030115
0.030426
0.030404
0.030039
0.030105
0.029706
0.029845
0.029942
0.029881
0.031197
0.030477
0.030646
0.030752
0.030219
0.029807
0.030339
0.030202
0.029823
0.029889
0.029869
0.029863
0.029776
0.029781
0.029734
0.029793
0.031057
0.029820
0.030805
0.030362
0.030220
0.031511
0.030162
0.031195
0.029991
0.029852
0.029714
0.030043
0.030057
0.030591
0.031302
0.029797
0.030681
0.030327
0.029794
0.029957
0.030120
0.030070
0.030651
0.030041
0.030484
0.029673
0.030053
0.029967
0.030243
0.030027
0.030011
0.030059
0.030195
0.029717
0.029845
0.030095
0.031063
0.030657
0.030436
0.029798
0.031244
0.029914
0.030924
0.029852
0.030641
0.030428
0.029899
0.029809
0.030001
0.030220
0.030547
0.030337
0.029797
0.030262
0.029933
0.030963
0.029992
0.030331
0.031122
0.031132
0.030761
0.029683
0.029900
0.030723
0.030779
0.029976
0.029897
0.029719
0.029898
0.029797
0.029874
0.031171
0.029754
0.029900
0.031082
0.030716
0.031091
0.030757
0.029899
0.029798
0.029774
0.030363
0.029891
0.030836
0.030226
0.030371
0.031265
0.029993
0.030012
0.030182
0.030448
0.030656
0.030436
0.029950
0.030965
0.031144
0.029918
0.029760
0.030124
0.030784
0.030651
0.030308
0.030008
0.029789
0.029987
0.030238
0.029713
0.030197
0.030833
0.030881
0.029706
0.031005
0.030871
0.030692
0.031011
0.030548
0.030693
0.029745
0.031191
0.030905
0.031291
0.030026
0.030665
0.030789
0.029724
0.030127
0.029841
0.029779
0.029925
0.029780
0.029914
0.029958
0.030154
0.029822
0.030353
0.030070
0.030644
0.030085
0.031093
0.030404
0.030205
0.030660
0.030430
0.031092
0.029710
0.030763
0.029667
0.030163
0.029714
0.030890
0.029971
0.029692
0.029835
0.029824
0.031015
0.030085
0.029876
0.030621
0.030629
0.031085
0.030110
0.030083
0.029765
0.029799
0.030833
0.031309
0.030121
0.031022
0.030746
0.030993
0.029878
0.031357
0.030599
0.030378
0.029921
0.030613
0.029769
0.030352
0.030802
0.031140
0.030515
0.029874
0.029844
0.031071
0.030052
0.029959
0.029890
0.030604
0.030591
0.030350
0.030029
0.029863
0.030849
0.030652
0.030059
0.029847
0.030781
0.030814
0.031015
0.030105
0.029788
0.030058
0.029667
0.030267
0.029876
0.029949
0.030483
0.030443
0.029863
0.030058
0.030707
0.030201
0.030893
0.030028
0.029982
0.030127
0.030928
0.030676
0.029889
0.031459
0.030418
0.030093
0.030057
0.029944
0.029921
0.029865
0.030865
0.030892
0.029815
0.030092
0.030109
0.031550
0.030797
0.030402
0.030655
0.030813
0.030292
0.029887
0.029931
0.030501
0.029932
0.030729
0.030194
0.030041
0.030559
0.030516
0.030932
0.030334
0.030144
0.031310
0.030286
0.029783
0.029891
0.030551
0.030900
0.029799
0.031390
0.030803
0.030515
0.030505
0.030360
0.029726
0.030095
0.030417
0.029843
0.029994
0.029708
0.030943
0.030571
0.030864
0.031309
0.030085
0.029814
0.029895
0.030034
0.030272
0.030299
0.029948
0.029948
0.031235
0.029931
0.030014
0.031077
0.029913
0.031443
0.029771
0.030589
0.030033
0.029785
0.030416
0.029791
0.030125
0.029888
0.030614
0.030615
0.030231
0.029829
0.030161
0.030935
0.029774
0.029752
0.030072
0.030309
0.029964
0.029841
0.029848
0.030515
0.030198
0.030128
0.029826
0.030785
0.029780
0.030488
0.029836
0.030021
0.030879
0.030337
0.029814
0.029749
0.029771
0.030018
0.030523
0.029912
0.029693
0.030224
0.029814
0.029699
0.030712
0.030133
0.029760
0.030039
0.029902
