0.001109
0.030774
0.030387
0.029809
0.031095
0.030165
0.030102
0.030935
0.031752
0.030429
0.030033
0.030586
0.031030
0.030248
0.030493
0.030335
0.029954
0.030733
0.030714
0.031238
0.031419
0.030215
0.031126
0.030157
0.030971
0.029810
0.030917
0.030744
0.029983
0.030780
0.031956
0.031306
0.031767
0.030920
0.031205
0.030596
0.031143
0.030401
0.030090
0.030810
0.031015
0.029976
0.030025
0.029947
0.030192
0.029934
0.029991
0.031149
0.030222
0.030669
0.031052
0.031194
0.030789
0.030160
0.031326
0.029969
0.031032
0.030661
0.030086
0.030779
0.031099
0.031449
0.030647
0.031083
0.030584
0.030345
0.030564
0.030003
0.030272
0.030144
0.031155
0.030903
0.029899
0.030322
0.030748
0.029829
0.031100
0.030975
0.030542
0.031125
0.030115
0.030484
0.030694
0.030278
0.030732
0.030548
0.031095
0.030589
0.030252
0.030568
0.031865
0.030987
0.030710
0.030391
0.030722
0.031508
0.031450
0.030284
0.030728
0.030420
0.029993
0.030164
0.030832
0.030941
0.030929
0.031423
0.030305
0.030034
0.030409
0.030424
0.031348
0.031259
0.030008
0.030603
0.030483
0.029999
0.031197
0.031141
0.030857
0.031224
0.030012
0.031172
0.029756
0.030267
0.031457
0.031043
0.030131
0.029998
0.030120
0.029969
0.029896
0.029832
0.030794
0.031403
0.030645
0.029989
0.029907
0.030489
0.030191
0.029973
0.029934
0.031309
0.029938
0.030469
0.029935
0.031041
0.030565
0.029902
0.030886
0.029942
0.029825
0.030237
0.030085
0.030181
0.029935
0.030650
0.029921
0.030244
0.030645
0.031276
0.031046
0.029926
0.029986
0.030980
0.030219
0.030174
0.029873
0.030875
0.030053
0.029888
0.031009
0.030301
0.030705
0.031546
0.030415
0.030634
0.030002
0.029952
0.030507
0.031041
0.029835
0.029923
0.031131
0.029965
0.030128
0.030571
0.030369
0.030021
0.031386
0.030309
0.031017
0.030798
0.029961
0.030412
0.029960
0.030455
0.030140
0.030681
0.030374
0.029927
0.030532
0.030776
0.030989
0.029818
0.030018
0.029922
0.031104
0.029947
0.030791
0.029869
0.031018
0.030613
0.029897
0.029883
0.030763
0.030048
0.029937
0.031098
0.029814
0.031042
0.030072
0.030215
0.030040
0.030134
0.031492
0.030679
0.030152
0.030243
0.030763
0.030577
0.030881
0.030033
0.029768
0.029862
0.031227
0.029954
0.029836
0.029846
0.030439
0.029817
0.029847
0.030317
0.030134
0.029927
0.030551
0.031289
0.030176
0.029963
0.030363
0.029877
0.030332
0.030335
0.030711
0.030865
0.031040
0.030307
0.031062
0.030292
0.031436
0.030565
0.030371
0.029985
0.029887
0.029967
0.029954
0.030025
0.030156
0.031140
0.029821
0.030689
0.029794
0.030436
0.029897
0.030752
0.030838
0.030056
0.030614
0.030674
0.029933
0.030135
0.029797
0.029963
0.031189
0.030922
0.030429
0.031067
0.031036
0.029920
0.030715
0.029897
0.029932
0.029812
0.029933
0.029922
0.029949
0.029899
0.030014
0.029819
0.030081
0.029894
0.029916
0.030086
0.030286
0.030144
0.030240
0.029944
0.030001
0.029953
0.029855
0.030432
0.031428
0.030769
0.031240
0.029884
0.029939
0.029901
0.029912
0.030360
0.030864
0.029944
0.030850
0.030711
0.030728
0.029886
0.030031
0.030023
0.029996
0.030728
0.029924
0.030638
0.030054
0.030006
0.030398
0.029829
0.029982
0.029930
0.030301
0.030036
0.030733
0.029897
0.030240
0.030788
0.030294
0.030056
0.030090
0.030205
0.031484
0.029927
0.031189
0.030387
0.031234
0.030254
0.030002
0.029856
0.030460
0.030574
0.030043
0.029975
0.029773
0.030454
0.030117
0.029874
0.030168
0.030143
0.030413
0.030428
0.030708
0.030377
0.030258
0.029874
0.029845
0.029879
0.029952
0.029933
0.030058
0.030011
0.029941
0.030904
0.030278
0.030137
0.030194
0.029803
0.030263
0.030109
0.030895
0.029932
0.030027
0.029968
0.030973
0.030136
0.029950
0.030089
0.030254
0.030133
0.030425
0.030957
0.029879
0.030099
0.029859
0.030052
0.030060
0.030898
0.030481
0.030870
0.029961
0.029692
0.030016
0.030637
0.030139
0.030029
0.029681
0.029850
0.030350
0.029961
0.029823
0.030984
0.030052
0.029855
0.030404
0.029756
0.029834
0.030383
0.030550
0.030045
0.030078
0.029972
0.030079
0.029987
0.030040
0.029904
0.029852
0.030369
0.030153
0.030136
0.029864
0.030631
0.029962
0.030030
0.029847
0.029876
0.030925
0.030613
0.029796
0.030501
0.029875
0.030021
0.030627
0.029935
0.029839
0.030553
0.030791
0.029918
0.030127
0.030872
0.029787
0.030025
0.029831
0.030290
0.030069
0.030591
0.029949
0.029896
0.029849
0.030260
0.030617
0.029990
0.029733
0.029916
0.030017
0.029994
0.029818
0.030698
0.029923
0.029974
0.030151
0.029887
0.030367
0.029963
0.030496
0.030541
0.030415
0.029823
0.030172
0.030525
0.029905
0.029899
0.030706
0.029805
0.029805
0.030521
0.029915
0.029780
0.030041
0.030000
0.030159
0.030291
0.030148
0.030113
0.030174
0.030638
0.029945
0.031271
0.030039
0.029796
0.030194
0.030086
0.030477
0.030464
0.030026
0.029950
0.030585
0.030333
0.030533
0.030679
0.030266
0.031045
0.029849
0.030037
0.030710
0.030021
0.030419
0.030881
0.030437
0.030031
0.031046
0.030216
0.031056
0.030972
0.029937
0.029939
0.030259
0.029932
0.030699
0.030819
0.030361
0.030078
0.029879
0.030127
0.030022
0.029924
0.029993
0.029815
0.031093
0.029960
0.030651
0.029842
0.030178
0.030105
0.030608
0.031694
0.029789
0.030173
0.029938
0.030021
0.030948
0.030757
0.029848
0.030351
0.031126
0.030592
0.030517
0.031293
0.029958
0.030241
0.030072
0.031014
0.030531
0.030280
0.030329
0.030486
0.030876
0.030344
0.030170
0.029992
0.029895
0.029860
0.030368
0.030015
0.029952
0.031142
0.029856
0.029845
0.030090
0.029989
0.031548
0.029862
0.030733
0.029987
0.031160
0.030551
0.030125
0.031325
0.030377
0.030696
0.030624
0.029875
0.030813
0.030252
0.030015
0.030167
0.030051
0.029878
0.030614
0.030220
0.030934
0.029848
0.030566
0.029826
0.030080
0.030670
0.030334
0.030187
0.029674
0.030216
0.029942
0.030239
0.030820
0.029997
0.030131
0.029956
0.031086
0.029838
0.030027
0.030064
0.030128
0.031204
0.030884
0.029819
0.030643
0.030510
0.030126
0.030582
0.030154
0.030290
0.029793
0.030100
0.030260
0.030365
0.030012
0.030144
0.030565
0.030149
0.030094
0.030385
0.030882
0.030404
0.030027
0.029951
0.030750
0.029990
0.029991
0.030128
0.030005
0.029921
0.030246
0.030146
0.030838
0.029977
0.030632
0.029925
0.030637
0.030040
0.031457
0.030108
0.029955
0.031503
0.030071
0.030484
0.029840
0.030056
0.030134
0.030478
0.030468
0.029874
0.030834
0.030355
0.030676
0.030162
0.029919
0.030072
0.030362
0.029944
0.029980
0.030604
0.030718
0.029863
0.031547
0.029987
0.030610
0.030212
0.030270
0.029883
0.030371
0.030037
0.030259
0.030103
0.030132
0.029867
0.030156
0.030655
0.030566
0.031142
0.029911
0.031296
0.029922
0.030039
0.029930
0.029977
0.030535
0.029758
0.030542
0.030343
0.030476
0.030073
0.030207
0.030046
0.030462
0.030308
0.029910
0.030611
0.030067
0.029907
0.030176
0.030001
0.030006
0.029917
0.031025
0.030536
0.031303
0.030692
0.030098
0.030707
0.031543
0.030713
0.030377
0.030016
0.030005
0.030135
0.030410
0.029876
0.030737
0.030554
0.029887
0.030165
0.029977
0.030152
0.030006
0.030964
0.030515
0.030370
0.031037
0.030147
0.029845
0.029854
0.030157
0.030945
0.030884
0.031155
0.029765
0.030059
0.030886
0.031915
0.031005
0.030788
0.031186
0.031406
0.030907
0.031416
0.030889
0.030981
0.031574
0.031617
0.030963
0.031299
0.031223
0.031644
0.031194
0.031559
0.030990
0.031577
0.031266
0.031477
0.031235
0.032581
0.032992
0.030685
0.032224
0.032848
0.030942
0.031003
0.031780
0.031542
0.030873
0.030813
0.031850
0.031699
0.030962
0.031119
0.030853
0.030555
0.030978
0.031323
0.030725
0.034230
0.031627
0.031019
0.031803
0.032105
0.033044
0.032138
0.032106
0.030898
0.032345
0.031967
0.032668
0.033696
0.033516
0.032956
0.034403
0.033078
0.033822
0.033123
0.033074
0.032916
0.033704
0.033159
0.032813
0.033156
0.033232
0.033578
0.033733
0.033310
0.034161
0.033007
0.033351
0.034076
0.033628
0.034186
0.033349
0.033790
0.034985
0.033918
0.033474
0.033373
0.033146
0.032825
0.033107
0.032885
0.034298
0.033034
0.033010
0.033176
0.033582
0.033025
0.033084
0.033364
0.033704
0.032872
0.033397
0.033551
0.032472
0.031324
0.031610
0.030786
0.030017
0.029835
0.029909
0.029961
0.029925
0.030068
0.030605
0.030711
0.029857
0.030659
0.029838
0.029920
0.029725
0.030100
0.029686
0.030149
0.029884
0.029810
0.030121
0.031070
0.029875
0.031104
0.030135
0.031018
0.031097
0.030664
0.029968
0.029977
0.029978
0.029949
0.030112
0.033086
0.035334
0.031235
0.031544
0.032810
0.031194
0.030601
0.030942
0.032233
0.030991
0.031868
0.033858
0.034411
0.035133
0.035324
0.034722
0.035549
0.036688
0.036560
0.034500
0.035474
0.034646
0.036218
0.031046
0.030900
0.031289
0.030863
0.031408
0.031342
0.031329
0.031887
0.031248
0.031558
0.031886
0.030676
0.030980
0.032494
0.030924
0.031432
0.031150
0.031669
0.031572
0.033202
0.032863
0.031873
0.031988
0.031318
0.030780
0.032346
0.030894
0.033790
0.031367
0.030652
0.032089
0.031697
0.034710
0.031276
0.030716
0.029937
0.029887
0.030169
0.029881
0.029886
0.029807
0.030011
0.030259
0.030818
0.029682
0.030131
0.030083
0.030706
0.030744
0.031845
0.030791
0.030519
0.032356
0.031208
0.030857
0.031259
0.031774
0.030858
0.030603
0.032021
0.031143
0.030791
0.030669
0.032245
0.030728
0.030604
0.030850
0.030746
0.030929
0.032025
0.030761
0.030768
0.032578
0.030880
0.031588
0.031777
0.031019
0.031672
0.030600
0.032592
0.031385
0.030896
0.031197
0.031802
0.031308
0.031312
0.032130
0.031733
0.031757
0.033707
0.034509
0.031018
0.033329
0.033931
0.034563
0.033978
0.033947
0.034112
0.034391
0.033257
0.035779
0.031805
0.031119
0.031366
0.031604
0.031101
0.032863
0.031509
0.031099
0.031224
0.034315
0.031210
0.031137
0.031301
0.031783
0.030637
0.030465
0.030454
0.030517
0.030031
0.030111
0.031069
0.030210
0.029793
0.030925
0.030880
0.029993
0.030443
0.030466
0.029971
0.029865
0.030039
0.029728
0.029730
0.029872
0.030633
0.031639
0.033470
0.034500
0.033626
0.033679
0.033018
0.033173
0.033375
0.033385
0.033112
0.033383
0.033889
0.034036
0.034329
0.034005
0.031758
0.032681
0.031420
0.032600
0.032058
0.030716
0.030959
0.031353
0.030987
0.031246
0.032051
0.031036
0.031108
0.031571
0.031022
0.030566
0.030901
0.032904
0.031130
0.030641
0.031520
0.031553
0.032183
0.031000
0.030668
0.031913
0.030951
0.031712
0.033669
0.032304
0.031591
0.031652
0.032165
0.031222
0.031578
0.033381
0.033927
0.033732
0.033907
0.034238
0.034276
0.034013
0.032354
0.031449
0.031390
0.031324
0.030764
0.032178
0.031991
0.030572
0.031750
0.031798
0.030815
0.032850
0.031662
0.031624
0.032067
0.031810
0.030746
0.031794
0.030498
0.030651
0.031045
0.030663
0.030797
0.030693
0.030833
0.031908
0.030874
0.030429
0.031079
0.031671
0.030523
0.030640
0.031574
0.032411
0.030735
0.031913
0.031559
0.032020
0.032812
0.032639
0.031338
0.031640
0.030799
0.031415
0.031385
0.031218
0.031974
0.030536
0.030748
0.031536
0.030665
0.030603
0.030743
0.031008
0.030139
0.029915
0.030606
0.030636
0.029836
0.029757
0.031284
0.030559
0.029925
0.031057
0.030923
0.029937
0.030781
0.030046
0.029922
0.030240
0.029914
0.030136
0.029805
0.029980
0.030067
0.031167
0.030685
0.031698
0.032054
0.030866
0.030919
0.030456
0.032052
0.031255
0.032327
0.031598
0.030805
0.031464
0.030478
0.031490
0.031793
0.031114
0.031737
0.031505
0.032917
0.032143
0.032427
0.030664
0.031308
0.030794
0.031382
0.030637
0.032253
0.030653
0.032394
0.031629
0.031887
0.031520
0.030809
0.030795
0.031718
0.031627
0.031373
0.031515
0.031460
0.035433
0.034681
0.033998
0.034791
0.034672
0.035650
0.034423
0.035044
0.034171
0.034069
0.033933
0.034121
0.034730
0.034918
0.035287
0.030682
0.030695
0.030574
0.030919
0.031437
0.030953
0.031663
0.032221
0.031069
0.030975
0.032274
0.030835
0.031870
0.031687
0.031010
0.032864
0.031919
0.031680
0.030923
0.031286
0.031165
0.031105
0.030896
0.031339
0.031447
0.032001
0.030744
0.031234
0.030849
0.030834
0.031953
0.031865
0.030667
0.031669
0.031869
0.030545
0.031490
0.030728
0.031052
0.030804
0.030486
0.030571
0.030514
0.032032
0.032524
0.030755
0.030606
0.030648
0.031329
0.031098
0.032917
0.030877
0.032128
0.030777
0.031729
0.031581
0.030983
0.031094
0.030788
0.032097
0.032131
0.030809
0.032346
0.031117
0.031309
0.032082
0.032212
0.031182
0.031461
0.032266
0.032323
0.030641
0.030114
0.030165
0.030411
0.031176
0.030074
0.030140
0.030876
0.029978
0.031239
0.029949
0.029814
0.030015
0.029822
0.029954
0.030001
0.029942
0.029907
0.030219
0.030637
0.029759
0.030891
0.030024
0.029894
0.030111
0.029943
0.030322
0.030629
0.030192
0.029964
0.029947
0.030139
0.029907
0.030058
0.030012
0.030117
0.029918
0.030065
0.030069
0.030763
0.029898
0.030236
0.030228
0.029963
0.030132
0.030254
0.030086
0.029994
0.029955
0.029940
0.030413
0.029923
0.029963
0.030174
0.030248
0.030707
0.031168
0.029784
0.030641
0.031328
0.029811
0.030631
0.030140
0.030257
0.030176
0.030503
0.030016
0.030147
0.030515
0.030077
0.030664
0.031581
0.030030
0.032179
0.030484
0.030434
0.032203
0.030794
0.031356
0.031605
0.030911
0.032128
0.031973
0.031546
0.031856
0.031451
0.030695
0.031257
0.033125
0.031917
0.031046
0.030299
0.029892
0.030042
0.029973
0.030036
0.030046
0.030360
0.032610
0.034780
0.030673
0.030594
0.030777
0.030851
0.032040
0.032573
0.031234
0.031992
0.031538
0.031583
0.032026
0.030627
0.030678
0.030596
0.032698
0.030750
0.032129
0.030575
0.032287
0.030676
0.031491
0.030599
0.031915
0.032213
0.030698
0.030697
0.030857
0.030639
0.033249
0.031217
0.031852
0.030893
0.031455
0.031426
0.030992
0.031071
0.032334
0.031438
0.030738
0.030545
0.034622
0.031380
0.030577
0.034056
0.034238
0.035497
0.034940
0.031807
0.032245
0.031930
0.032155
0.030623
0.030096
0.029960
0.029947
0.029936
0.029871
0.030288
0.030023
0.030878
0.031016
0.030382
0.030416
0.031006
0.030087
0.031176
0.030604
0.030736
0.030722
0.030167
0.030233
0.029857
0.029880
0.030268
0.030023
0.029980
0.029996
0.030318
0.030097
0.030182
0.030039
0.029962
0.030036
0.030814
0.029921
0.030441
0.030860
0.029956
0.029702
0.030819
0.031274
0.031269
0.029822
0.029976
0.030320
0.029938
0.031382
0.030131
0.030751
0.029892
0.030195
0.030530
0.030994
0.030062
0.030749
0.031064
0.030491
0.030157
0.030037
0.029817
0.029756
0.029885
0.030173
0.030517
0.029955
0.030528
0.029859
0.031145
0.030892
0.030155
0.030505
0.030574
0.029778
0.029892
0.029959
0.029891
0.030692
0.029821
0.030359
0.030692
0.029845
0.029967
0.029839
0.031059
0.029938
0.030061
0.029981
0.030930
0.029881
0.029980
0.029993
0.030784
0.030037
0.030137
0.030043
0.030320
0.031606
0.030588
0.030651
0.031531
0.030048
0.029989
0.030195
0.029929
0.030458
0.030478
0.030110
0.029825
0.030586
0.030311
0.030136
0.030044
0.031217
0.030177
0.030595
0.030629
0.031211
0.030046
0.030020
0.029884
0.029987
0.029991
0.029847
0.030907
0.030861
0.029948
0.029936
0.029705
0.030677
0.030062
0.030054
0.031121
0.031052
0.030315
0.030071
0.029811
0.030747
0.029872
0.029991
0.030025
0.030021
0.030728
0.029847
0.030130
0.029957
0.031075
0.029927
0.029892
0.029940
0.029959
0.031561
0.030399
0.030905
0.030214
0.030704
0.029991
0.030011
0.029942
0.029978
0.029852
0.029890
0.029963
0.030358
0.029829
0.030049
0.029994
0.029737
0.029891
0.029971
0.030082
0.030546
0.030735
0.031203
0.029959
0.030055
0.031188
0.031125
0.029966
0.031145
0.030821
0.030681
0.030106
0.029989
0.029949
0.030699
0.029973
0.029965
0.030168
0.030095
0.029836
0.030454
0.030912
0.030136
0.029978
0.029879
0.030106
0.030632
0.030604
0.029791
0.030255
0.029921
0.030204
0.030616
0.029846
0.030310
0.030106
0.030768
0.031709
0.029837
0.030425
0.029771
0.030087
0.031147
0.030771
0.029858
0.030274
0.029940
0.029736
0.029970
0.029849
0.030009
0.029965
0.029701
0.029788
0.030164
0.029935
0.030767
0.030868
0.029978
0.031218
0.030687
0.030455
0.029929
0.030348
0.030626
0.030516
0.029822
0.030720
0.030804
0.029898
0.029963
0.030260
0.030591
0.029923
0.029962
0.030218
0.029847
0.030752
0.030190
0.030089
0.029849
0.029977
0.030149
0.029908
0.030471
0.030180
0.029843
0.029908
0.030084
0.030394
0.030063
0.030016
0.030543
0.030788
0.029818
0.031306
0.030469
0.030411
0.029844
0.029975
0.029752
0.030451
0.029790
0.029804
0.030014
0.030006
0.029878
0.029677
0.029869
0.030373
0.029748
0.029899
0.031549
0.029911
0.031057
0.030114
0.030775
0.030261
0.030673
0.031420
0.031022
0.030489
0.029868
0.031324
0.030059
0.029754
0.030859
0.030243
0.029852
0.030092
0.030061
0.031554
0.029864
0.029881
0.031146
