0.000961
0.031414
0.032544
0.030923
0.031391
0.031189
0.031146
0.031916
0.031304
0.031108
0.032398
0.032612
0.031470
0.031044
0.032677
0.032997
0.032172
0.031513
0.032236
0.031792
0.031429
0.031735
0.031246
0.030776
0.032827
0.031052
0.031204
0.032716
0.032283
0.031678
0.031708
0.031929
0.031549
0.032247
0.032324
0.032165
0.031448
0.031370
0.031843
0.031270
0.031755
0.031751
0.031481
0.031523
0.032014
0.031894
0.031167
0.031955
0.031781
0.031499
0.031217
0.030981
0.032556
0.030947
0.031584
0.032020
0.031783
0.031717
0.031669
0.031713
0.031507
0.031588
0.031659
0.032787
0.032187
0.032921
0.033422
0.031391
0.031579
0.032043
0.032002
0.031540
0.031742
0.031704
0.031217
0.032983
0.031913
0.032116
0.032182
0.031436
0.032758
0.032809
0.032714
0.032313
0.031242
0.031672
0.031934
0.031514
0.031452
0.032131
0.032381
0.031411
0.031639
0.030947
0.031196
0.032856
0.030994
0.031380
0.031267
0.032371
0.031198
0.030989
0.031850
0.031531
0.031093
0.032084
0.030951
0.031028
0.031859
0.031765
0.032499
0.031609
0.031644
0.032654
0.032021
0.031288
0.031234
0.032795
0.031405
0.032195
0.033093
0.031763
0.032755
0.032061
0.031325
0.031597
0.032197
0.031610
0.031805
0.032709
0.031356
0.032390
0.031758
0.032617
0.032801
0.033709
0.032961
0.032348
0.031712
0.031584
0.033285
0.031707
0.032989
0.032060
0.032907
0.033111
0.031761
0.032465
0.031767
0.032272
0.031671
0.032747
0.031466
0.032787
0.031738
0.032967
0.032045
0.032632
0.031953
0.032994
0.031907
0.031706
0.031851
0.032513
0.032786
0.031629
0.032016
0.031364
0.031690
0.032340
0.031909
0.031802
0.031084
0.031639
0.031802
0.031794
0.031802
0.033196
0.033188
0.032157
0.032899
0.032859
0.032247
0.032059
0.031399
0.032164
0.032645
0.031681
0.033047
0.031638
0.032052
0.031943
0.031918
0.032378
0.033041
0.032119
0.033181
0.032153
0.033308
0.032279
0.033927
0.032352
0.032037
0.032466
0.032954
0.032848
0.032141
0.032267
0.032363
0.034326
0.032280
0.032362
0.032783
0.032384
0.032087
0.032966
0.031817
0.032204
0.032987
0.032969
0.032140
0.032101
0.031348
0.032011
0.032129
0.032621
0.032840
0.032571
0.032077
0.033104
0.033014
0.032128
0.032027
0.032504
0.032887
0.032098
0.031848
0.033450
0.032315
0.032277
0.031905
0.032412
0.032846
0.032276
0.032418
0.033439
0.032141
0.032259
0.032463
0.032278
0.032434
0.032225
0.032146
0.032480
0.032858
0.032765
0.033163
0.032268
0.033439
0.032225
0.031711
0.031957
0.033202
0.032855
0.032215
0.032516
0.031594
0.031517
0.032331
0.031963
0.032223
0.032644
0.032868
0.032557
0.032354
0.031618
0.032696
0.033398
0.032310
0.031565
0.033808
0.032292
0.032147
0.032872
0.031696
0.032676
0.032440
0.032352
0.033080
0.032812
0.032486
0.033286
0.032391
0.032058
0.033299
0.032738
0.033264
0.033653
0.032456
0.033303
0.033320
0.033137
0.033835
0.033238
0.034087
0.033365
0.034340
0.034222
0.033766
0.033561
0.034176
0.033616
0.033846
0.034116
0.034974
0.034336
0.034451
0.034601
0.035109
0.035251
0.034293
0.036032
0.033454
0.035452
0.036613
0.035836
0.035508
0.036172
0.037055
0.036967
0.038008
0.035424
0.036948
0.036406
0.036510
0.036965
0.038610
0.037786
0.035659
0.035106
0.036417
0.037252
0.037415
0.038232
0.036509
0.039273
0.039214
0.035890
0.037409
0.035013
0.035319
0.035209
0.037596
0.036422
0.037565
0.035718
0.037126
0.035247
0.035469
0.036011
0.038977
0.035351
0.036145
0.038058
0.037379
0.035498
0.036101
0.036903
0.037283
0.038536
0.038842
0.038274
0.038440
0.040667
0.038478
0.038272
0.042748
0.038870
0.041828
0.042142
0.044951
0.044805
0.045934
0.048640
0.040376
0.040445
0.040780
0.039282
0.038295
0.037603
0.040879
0.046524
0.048693
0.049550
0.047923
0.047227
0.047631
0.048116
0.044207
0.040409
0.036241
0.038339
0.036781
0.035834
0.038020
0.037114
0.036422
0.037679
0.035683
0.036121
0.038260
0.038383
0.038363
0.038953
0.039088
0.042048
0.041654
0.049356
0.039377
0.039459
0.040031
0.048864
0.046607
0.038376
0.037295
0.036943
0.035458
0.037319
0.039629
0.040863
0.048948
0.047770
0.048216
0.047896
0.048674
0.049642
0.049128
0.048592
0.046792
0.047317
0.046988
0.047768
0.047615
0.047132
0.048787
0.047730
0.048663
0.048545
0.047193
0.048756
0.048395
0.047633
0.047856
0.046543
0.049152
0.048111
0.047706
0.049323
0.047557
0.045649
0.047160
0.047378
0.047733
0.048533
0.051031
0.047302
0.048933
0.049691
0.048708
0.050076
0.048176
0.050211
0.048737
0.043516
0.046244
0.050613
0.047212
0.047913
0.048366
0.048928
0.042367
0.044001
0.039106
0.034876
0.036657
0.037185
0.036957
0.037051
0.035571
0.036654
0.039381
0.037756
0.034728
0.037210
0.035415
0.038179
0.045104
0.044802
0.038885
0.042346
0.039341
0.036645
0.037492
0.037599
0.037060
0.037819
0.037426
0.037635
0.036237
0.037255
0.036313
0.041596
0.042900
0.035690
0.034907
0.035077
0.035143
0.035830
0.037558
0.038154
0.039736
0.039498
0.035246
0.036162
0.037459
0.038356
0.034911
0.036750
0.034600
0.034982
0.036627
0.035006
0.037002
0.039020
0.037032
0.036162
0.037557
0.035728
0.036718
0.034589
0.036497
0.036193
0.034049
0.033628
0.034268
0.033664
0.033581
0.033082
0.034327
0.036759
0.036223
0.033478
0.033383
0.033629
0.034820
0.034259
0.036500
0.036898
0.038003
0.037504
0.036344
0.036461
0.038093
0.035498
0.036366
0.037124
0.036817
0.036228
0.036700
0.036226
0.037621
0.037072
0.037563
0.034702
0.035877
0.036300
0.037768
0.037485
0.037028
0.036555
0.036233
0.035727
0.036445
0.037545
0.037104
0.036904
0.036796
0.036671
0.038641
0.037618
0.037056
0.037160
0.037271
0.036392
0.035515
0.036360
0.036030
0.033535
0.035664
0.036053
0.036596
0.036222
0.038269
0.036877
0.036309
0.037753
0.041263
0.041075
0.038386
0.036889
0.037682
0.037054
0.038057
0.037790
0.038038
0.037929
0.037590
0.039014
0.036175
0.034925
0.034582
0.033557
0.036224
0.036882
0.037328
0.035577
0.033686
0.035300
0.034570
0.035421
0.033728
0.036812
0.035798
0.033889
0.033855
0.034886
0.037038
0.035368
0.034124
0.033934
0.033893
0.035209
0.034431
0.033455
0.034228
0.034257
0.033706
0.034408
0.034491
0.035992
0.036602
0.037423
0.037861
0.036044
0.035700
0.038087
0.036768
0.038301
0.037587
0.037646
0.038437
0.037823
0.037517
0.037410
0.037386
0.037760
0.037810
0.037466
0.038720
0.037863
0.037631
0.038931
0.038154
0.040323
0.037734
0.037952
0.037550
0.038811
0.038510
0.038885
0.037962
0.038227
0.038438
0.037951
0.037803
0.037702
0.039042
0.036882
0.037727
0.037040
0.038007
0.037721
0.038069
0.037653
0.036808
0.037344
0.037432
0.037434
0.038090
0.038715
0.038669
0.037789
0.037153
0.037242
0.035087
0.036296
0.036609
0.037711
0.034320
0.034852
0.034578
0.034268
0.033909
0.033903
0.033249
0.033763
0.032970
0.034022
0.034813
0.033791
0.033724
0.034028
0.034070
0.033720
0.033239
0.033226
0.033177
0.032915
0.033767
0.034181
0.032585
0.032787
0.034238
0.032832
0.033838
0.033446
0.033916
0.032827
0.032877
0.032785
0.035387
0.032655
0.034787
0.035113
0.033522
0.032509
0.032390
0.032710
0.032853
0.032869
0.034022
0.032634
0.032785
0.032216
0.032665
0.032465
0.033581
0.033200
0.032775
0.033447
0.032945
0.032268
0.033290
0.033166
0.034724
0.033454
0.034286
0.033156
0.034590
0.032849
0.033069
0.032928
0.032641
0.033076
0.033474
0.033450
0.033569
0.032466
0.033057
0.033374
0.032962
0.033679
0.034355
0.033413
0.033217
0.033827
0.033694
0.034142
0.033922
0.034110
0.033509
0.033575
0.034474
0.033566
0.034351
0.033829
0.033505
0.034617
0.033246
0.033311
0.034482
0.032986
0.033322
0.034556
0.034035
0.034042
0.034177
0.033871
0.033427
0.034339
0.035275
0.033812
0.034405
0.034335
0.034488
0.034627
0.034089
0.035439
0.033903
0.034189
0.033779
0.034375
0.034407
0.034117
0.033985
0.034705
0.034325
0.033533
0.034199
0.034881
0.035511
0.035091
0.034957
0.034122
0.033643
0.033573
0.034396
0.034487
0.033591
0.033415
0.033319
0.033714
0.033305
0.033694
0.033420
0.033618
0.035005
0.035247
0.033506
0.033923
0.033395
0.033675
0.034180
0.034393
0.034960
0.033490
0.033817
0.033585
0.033929
0.034672
0.033676
0.034628
0.033420
0.033293
0.033845
0.036338
0.035652
0.034999
0.036850
0.039309
0.038717
0.038913
0.037753
0.038914
0.039536
0.040266
0.039091
0.038977
0.039561
0.041049
0.040483
0.040626
0.039683
0.040059
0.039479
0.036702
0.037429
0.038533
0.038342
0.038788
0.038585
0.038169
0.037947
0.037470
0.037798
0.039123
0.037105
0.037262
0.039300
0.038549
0.039538
0.039522
0.037512
0.038609
0.039656
0.037343
0.037882
0.036102
0.038472
0.037979
0.036730
0.039382
0.037771
0.038777
0.039475
0.039363
0.037411
0.038118
0.038381
0.039271
0.039338
0.038433
0.036973
0.037840
0.036657
0.037989
0.038844
0.039208
0.038591
0.038715
0.038333
0.038307
0.038970
0.036842
0.039257
0.038311
0.038986
0.038178
0.038518
0.038056
0.040592
0.038487
0.038722
0.038024
0.038769
0.040182
0.039262
0.039521
0.039942
0.040275
0.040144
0.039262
0.039348
0.039332
0.039938
0.040689
0.039845
0.040416
0.039449
0.040188
0.039001
0.040494
0.038586
0.036334
0.037935
0.037786
0.039245
0.037650
0.038312
0.037713
0.037628
0.036809
0.037328
0.037026
0.036679
0.036217
0.037872
0.034506
0.037116
0.036946
0.036940
0.035795
0.036375
0.037367
0.036421
0.035947
0.037592
0.035957
0.037016
0.036729
0.033964
0.037821
0.034975
0.034748
0.036729
0.036458
0.037701
0.037190
0.036560
0.036924
0.036754
0.036637
0.035060
0.036657
0.036706
0.036091
0.036423
0.036466
0.033958
0.033730
0.034010
0.033716
0.034084
0.032328
0.032402
0.032817
0.033842
0.034330
0.034545
0.035551
0.034723
0.034452
0.034187
0.032259
0.032047
0.032608
0.034301
0.034103
0.034011
0.033862
0.034246
0.034783
0.034599
0.034717
0.034212
0.034663
0.033161
0.033671
0.033588
0.035552
0.034792
0.035737
0.035206
0.034693
0.034174
0.034246
0.034287
0.035174
0.034683
0.034623
0.034869
0.035157
0.035308
0.035999
0.034535
0.034873
0.034564
0.034964
0.035004
0.035231
0.034923
0.036125
0.036672
0.035173
0.035057
0.035880
0.035069
0.035493
0.036122
0.034607
0.037064
0.034936
0.035506
0.035324
0.035188
0.035172
0.035418
0.035646
0.034596
0.035350
0.035553
0.034522
0.034699
0.035702
0.037010
0.034485
0.034994
0.034519
0.034989
0.035175
0.035320
0.035177
0.034553
0.034754
0.035034
0.034834
0.035088
0.034609
0.035420
0.034573
0.035024
0.036478
0.035111
0.035791
0.034756
0.036113
0.033818
0.034565
0.035244
0.034484
0.034889
0.034536
0.035681
0.033933
0.034541
0.034403
0.034106
0.034240
0.034953
0.034491
0.034831
0.034645
0.034571
0.034627
0.034535
0.035833
0.036412
0.036528
0.035391
0.034564
0.034281
0.035818
0.035158
0.034417
0.034448
0.035251
0.034721
0.034945
0.035298
0.035587
0.034277
0.035128
0.035761
0.034330
0.036914
0.034744
0.034506
0.035365
0.034574
0.034859
0.033929
0.035098
0.034258
0.034737
0.035941
0.033807
0.033970
0.034533
0.033914
0.034131
0.034354
0.034012
0.034511
0.034944
0.036229
0.034371
0.036297
0.034064
0.034604
0.034254
0.035922
0.033873
0.034948
0.034033
0.033523
0.034817
0.033370
0.033610
0.034574
0.035457
0.033317
0.033949
0.034584
0.034020
0.033395
0.033374
0.033438
0.034244
0.033536
0.034842
0.034959
0.034748
0.035236
0.033463
0.033390
0.033413
0.033743
0.033483
0.034467
0.033386
0.033921
0.033480
0.033411
0.034306
0.034173
0.034460
0.033340
0.033421
0.034032
0.033546
0.033607
0.033373
0.034224
0.033643
0.034241
0.033399
0.033149
0.033233
0.033321
0.033518
0.033423
0.033285
0.034707
0.033590
0.035196
0.033485
0.033833
0.035387
0.035074
0.034156
0.034207
0.034361
0.034839
0.034878
0.033736
0.033989
0.036902
0.034873
0.034901
0.034874
0.034436
0.034571
0.033932
0.034431
0.035613
0.034650
0.034564
0.035828
0.034483
0.034316
0.034316
0.034523
0.034723
0.034549
0.035684
0.034928
0.034526
0.034778
0.035740
0.035657
0.034784
0.034762
0.034764
0.035770
0.034645
0.036397
0.034936
0.035900
0.034859
0.034655
0.034836
0.035541
0.034688
0.034732
0.034611
0.034385
0.034366
0.034518
0.035217
0.035505
0.035041
0.035438
0.034532
0.034280
0.034332
0.034661
0.032982
0.032283
0.032151
0.033401
0.034205
0.033132
0.031900
0.031710
0.032921
0.031571
0.031704
0.031598
0.032862
0.032173
0.031605
0.031821
0.032568
0.031707
0.032240
0.031960
0.031804
0.032080
0.032065
0.032265
0.032240
0.031636
0.031277
0.031587
0.031708
0.031597
0.031479
0.030819
0.031505
0.031062
0.031417
0.031764
0.031388
0.031593
0.031814
0.032743
0.033006
0.031889
0.032517
0.031744
0.031968
0.033465
0.032317
0.032600
0.032593
0.034489
0.033806
0.033768
0.034453
0.034870
0.033988
0.033830
0.036640
0.035400
0.035065
0.034951
0.034654
0.034257
0.035112
0.035189
0.033858
0.034118
0.035477
0.034221
0.033532
0.033511
0.034222
0.034000
0.033694
0.034772
0.035073
0.033437
0.034730
0.034834
0.033774
0.035514
0.034876
0.035624
0.033781
0.033884
0.036393
0.033479
0.035375
0.033970
0.033944
0.034063
0.033497
0.033864
0.034742
0.033996
0.033751
0.033965
0.036567
0.034430
0.034456
0.034836
0.034836
0.034496
0.035083
0.033767
0.035777
0.036844
0.034630
0.034990
0.035265
0.034687
0.035339
0.033941
0.035260
0.033814
0.034073
0.034160
0.034947
0.033462
0.033261
0.034534
0.032995
0.033258
0.033457
0.033331
0.034489
0.034282
0.033409
0.033285
0.032988
0.032982
0.033227
0.034029
0.034449
0.033179
0.033374
0.033605
0.034267
0.033260
0.033264
0.033436
0.033683
0.033492
0.033743
0.033217
0.034032
0.033047
0.033542
0.033450
0.033876
0.034238
0.033119
0.032888
0.032743
0.034189
0.033442
0.032779
0.033882
0.032957
0.032826
0.033447
0.033538
0.033737
0.032959
0.033323
0.032894
0.033124
0.033443
0.033196
0.034744
0.034322
0.033695
0.033938
0.032891
0.033185
0.033452
0.034871
0.033510
0.032926
0.033030
0.032875
0.033129
0.032861
0.033465
0.032867
0.032701
0.033014
0.033037
0.032912
0.033183
0.032882
0.033006
0.033692
0.034211
0.033879
0.033031
0.032828
0.034333
0.034747
0.034432
0.034323
0.034167
0.034162
0.034354
0.034588
0.034461
0.034099
0.034147
0.033722
0.033753
0.033923
0.034281
0.035143
0.034883
0.034588
0.036582
0.034494
0.034655
0.033122
0.033299
0.033230
0.035192
0.033925
0.034325
0.035234
0.034152
0.034198
0.035837
0.035244
0.034525
0.034967
0.034886
0.035882
0.035079
0.034930
0.034968
0.035236
0.034864
0.034358
0.034840
0.034026
0.034034
0.034405
0.034494
0.034372
0.034190
0.033664
0.033100
0.033352
0.034205
0.033815
0.033829
0.034137
0.034645
0.034776
0.034613
0.035108
0.033583
0.035101
0.034747
0.035262
0.033518
0.034644
0.034173
0.033957
0.034402
0.034101
0.033691
0.033579
0.035560
0.034208
0.035412
0.033830
0.034188
0.034479
0.033938
0.035386
0.035354
0.034963
0.034773
0.034193
0.034455
0.033981
0.034333
0.034909
0.035552
0.034532
0.034893
0.033835
0.034331
0.034103
0.034096
0.035371
0.034687
0.033927
0.037364
0.034382
0.033769
0.034505
0.034608
0.033908
0.034158
0.034309
0.034530
0.033874
0.033751
0.033385
0.032965
0.033921
0.033015
0.033718
0.033412
0.033487
0.032979
0.033105
0.034404
0.033274
0.034114
0.032975
0.032964
0.032875
0.033536
0.035935
0.033774
0.033999
0.034616
0.033332
0.032982
0.033687
0.034087
0.033044
0.032854
0.033158
0.033461
0.033380
0.033471
0.033640
0.034135
0.034064
0.034018
0.033660
0.034312
0.034771
0.033773
0.033697
0.033523
0.034439
0.034502
0.034014
0.033594
0.034197
0.033324
0.033117
0.033310
0.033599
0.033056
0.034122
0.033280
0.034084
0.033977
0.033400
0.033562
0.032760
0.033199
0.032726
0.032691
0.033312
0.032333
0.032677
0.033710
0.033128
0.033261
0.033329
0.033153
0.033232
0.034183
0.033957
0.033276
0.033157
0.032919
0.033542
0.032684
0.032888
0.032702
0.032576
0.033256
0.032044
0.032564
0.033719
0.032716
0.032810
0.033359
0.033791
0.032647
0.032620
0.032380
0.032586
0.033610
0.032835
0.032611
0.032579
0.032880
0.032542
0.032573
0.033912
0.032576
0.032575
0.032470
0.032608
0.032712
0.033072
0.032822
0.032488
0.033394
0.032656
0.032522
0.033489
0.032282
0.032517
0.032337
0.032535
0.033689
0.032555
0.032615
0.032312
0.032800
0.032403
0.034086
0.032261
0.032574
0.033614
0.032545
0.032187
0.032346
0.032562
0.032217
0.033130
0.032544
0.033467
0.032393
0.032354
0.032688
0.032300
0.032402
0.032334
0.032316
0.032564
0.032545
0.032436
0.032604
0.032840
0.032273
0.032930
0.032721
0.032610
0.033436
0.033751
0.034950
0.033403
0.034137
0.035503
0.033674
0.033885
0.034027
0.033633
0.034552
0.033876
0.034298
0.034123
0.035072
0.034272
0.033860
0.033838
0.034426
0.033979
0.035344
0.034296
0.034211
0.033725
0.033835
0.033969
0.034585
0.033909
0.034027
0.034103
0.033643
0.034479
0.033735
0.033866
0.033944
0.033796
0.033765
0.033981
0.033675
0.033665
0.034387
0.034279
0.033601
0.033823
0.033920
0.034399
0.035059
0.034069
0.034125
0.033888
0.033631
0.033967
0.033994
0.034507
0.036039
0.034557
0.033763
0.032067
0.033405
0.033052
0.034470
0.033898
0.034962
0.034056
0.033196
0.033853
0.033597
0.033937
0.034575
0.033956
0.036060
0.035137
0.035464
0.033912
0.033748
0.034144
0.035080
0.035261
0.036185
0.035184
0.034744
0.034450
0.034731
0.034252
0.034057
0.033533
0.033706
0.033533
0.033753
0.033509
0.033998
0.033897
0.033938
0.034229
0.033241
0.033256
0.034083
0.033214
0.033644
0.033485
0.033507
0.033737
0.033390
0.033733
0.034051
0.034287
0.034270
0.034284
0.035312
0.034110
0.035455
0.035403
0.034822
0.034411
0.036425
0.035596
0.036323
0.034210
0.034851
0.035109
0.034273
0.034825
0.034350
0.035892
0.035241
0.035109
0.034773
0.037968
0.033947
0.035198
0.034508
0.034464
0.035184
0.034836
0.034870
0.035166
0.035994
0.034417
0.035851
0.034546
0.035586
0.035581
0.034464
0.035933
0.034477
0.034654
0.034340
0.035345
0.035235
0.034886
0.034641
0.036410
0.034564
0.035975
0.034885
0.035966
0.034593
0.035116
0.034700
0.034953
0.035205
0.035292
0.034948
0.036136
0.035734
0.035180
0.036422
0.035210
0.036432
0.038796
0.035830
0.036203
0.035486
0.035069
0.035277
0.035484
0.035881
0.035870
0.036478
0.035108
0.035294
0.035638
0.034900
0.034855
0.035154
0.035382
0.036013
0.034845
0.035118
0.034771
0.035623
0.035288
0.036206
0.034727
0.034855
0.035042
0.035653
0.034632
0.035066
0.036848
0.036770
0.034797
0.035403
0.035332
0.035532
0.034990
0.035779
0.034493
0.034742
0.034311
0.035236
0.034908
0.034662
0.034970
0.034551
0.034829
0.034520
0.034624
0.034691
0.034339
0.034776
0.036115
0.034907
0.034940
0.034352
0.034561
0.034395
0.034296
0.034969
0.034437
0.034047
0.033974
0.034134
0.034596
0.035505
0.033000
0.032326
0.033495
0.032230
0.032139
0.033833
0.034416
0.033645
0.034268
0.032897
0.032360
0.034207
0.033737
0.033047
0.032474
0.032125
0.034411
0.032122
0.032991
0.033891
0.033062
0.034305
0.032587
0.033896
0.034740
0.034485
0.033981
0.035360
0.034214
0.035412
0.034472
0.035869
0.032905
0.033346
0.035024
0.034072
0.034015
0.032023
0.032227
0.032085
0.033471
0.031964
0.032200
0.032104
0.031748
0.032265
0.032931
0.031724
0.032564
0.033117
0.032944
0.032617
0.033668
0.031789
0.033124
0.035475
0.034295
0.035182
0.034210
0.035362
0.034793
0.034209
0.034453
0.035609
0.033679
0.035055
0.034894
0.034300
0.034340
0.035519
0.035204
0.034013
0.036383
0.036515
0.034685
0.035240
0.034427
0.035338
0.035805
0.035339
0.034260
0.034877
0.036043
0.033754
0.034734
0.034119
0.034740
0.034471
0.034565
0.034268
0.034869
0.034547
0.033822
0.034419
0.034710
0.034752
0.034713
0.034928
0.034443
0.033477
0.034370
0.034260
0.034107
0.034531
0.034277
0.035099
0.034092
0.034342
0.034971
0.034084
0.034468
0.034969
0.034243
0.034419
0.034359
0.033982
0.033926
0.034297
0.036075
0.035754
0.034177
0.034210
0.036136
0.032989
0.031968
0.032895
0.034443
0.035354
0.034044
0.034278
0.034105
0.034029
0.033771
0.035007
0.034521
0.034431
0.034370
0.034509
0.034139
0.034996
0.035356
0.036119
0.034318
0.034785
0.036273
0.035264
0.035091
0.034275
0.035041
0.034870
0.035557
0.035054
0.035583
0.035009
0.034717
0.035071
0.035522
0.035562
0.035027
0.034746
0.034478
0.035282
0.035086
0.035059
0.034697
0.034645
0.034731
0.034735
0.034793
0.035622
0.035928
0.034633
0.035273
0.035105
0.034810
0.034539
0.034699
0.035232
0.034600
0.034983
0.034638
0.034465
0.035024
0.035663
0.035948
0.035146
0.035211
0.035727
0.034440
0.035858
0.033849
0.033787
0.034601
0.034433
0.034868
0.034673
0.034337
0.033378
0.033399
0.033785
0.035508
0.035746
0.035433
0.034499
0.034821
0.035975
0.034652
0.034116
0.034285
0.032892
0.035345
0.034573
0.034923
0.034586
0.035981
0.034812
0.035932
0.034781
0.034818
0.034875
0.036014
0.034894
0.034283
0.035696
0.035030
0.033721
0.034407
0.036350
0.032040
0.034261
0.034368
0.034879
0.034749
0.035493
0.034550
0.034767
0.034334
0.035422
0.034925
0.035885
0.035669
0.034357
0.034070
0.036238
0.035791
0.036216
0.034271
0.034200
0.034784
0.034943
0.033949
0.035061
0.034512
0.034945
0.035291
0.036644
0.038607
0.036530
0.035958
0.036957
0.035653
0.035336
0.036601
0.035011
0.034511
0.036352
0.035364
0.034084
0.034052
0.034451
0.034045
0.034379
0.032835
0.032254
0.032398
0.032308
0.031567
0.031568
0.031601
0.031254
0.030975
0.030702
0.030738
0.030789
0.032937
