431.000000,146.000000,87.000000,111.000000
430.750664,140.476261,87.079361,108.905449
428.553345,136.241489,86.723389,109.792686
430.002373,130.851234,81.536240,111.657547
430.109547,127.139812,81.104179,111.178871
431.692039,124.958466,74.497696,110.800476
431.497353,123.220295,73.417404,109.792259
431.326084,121.214321,71.065605,109.591927
431.880863,119.150814,70.794640,109.505226
431.664433,118.663219,69.953239,108.168404
432.324062,117.483704,68.921364,107.025818
431.647766,115.290810,68.816010,106.812881
431.893597,114.211544,68.349922,105.977486
432.280678,113.212475,68.525101,105.942116
431.882458,115.044250,69.702217,104.528839
432.271301,116.413994,69.438904,104.332962
431.874653,116.703064,69.547325,103.992584
431.577625,117.879719,68.604759,104.413109
432.655159,119.357155,68.380295,104.501968
432.675911,120.270935,68.465347,104.502289
432.677292,121.430634,68.966827,104.482758
431.843536,122.798801,68.278351,103.999474
433.077156,123.170036,68.114944,103.868637
431.836334,123.326813,70.372314,103.784821
433.106335,123.105740,67.899879,104.232094
431.209000,122.134789,69.148529,104.146774
432.968174,121.391327,69.299339,104.257965
430.677662,120.584072,69.127403,104.265663
431.991615,120.629929,69.648026,103.993286
430.293591,119.529613,69.262428,104.098610
431.975937,118.511528,69.894745,104.732193
429.242233,117.580391,68.754364,104.814926
427.525215,117.309998,68.134232,104.278687
424.911598,116.638657,68.719406,104.514038
423.074455,115.518318,68.926315,104.695999
421.748413,115.014767,68.276306,105.114967
418.685619,114.049294,69.282997,104.903397
418.297981,114.226730,67.548355,104.970703
416.007061,113.250702,68.135567,104.971405
414.096989,113.636909,68.528343,104.905411
413.772583,113.107735,67.845459,104.707199
411.688633,112.917873,68.473106,104.315712
412.395332,111.981674,68.153397,104.509918
410.730732,111.763332,68.446190,104.392830
409.773144,111.561043,69.131142,104.621323
408.963219,110.771759,68.202682,105.094971
409.318558,110.974190,68.059418,104.615158
407.974865,110.954590,68.574928,104.404968
409.831642,110.631641,67.830765,104.389610
408.832512,111.044571,66.811813,103.466034
407.911934,110.223515,68.237869,103.503258
407.752060,110.004555,67.499268,103.673233
407.541908,109.250759,68.971237,103.822823
407.710220,109.237759,67.061310,103.739510
408.020901,109.118202,68.648476,103.560898
407.992828,109.031956,67.192963,103.572350
407.207527,109.825573,66.125107,102.667458
407.313530,111.103897,73.775589,102.495331
406.387005,111.070171,68.908821,104.960915
405.772449,112.879055,67.674278,103.552834
406.147972,114.231133,73.939133,104.749008
406.397469,116.120556,65.723434,104.311256
406.226753,117.253872,69.506424,103.384377
406.440495,117.057823,64.906761,103.464554
405.842976,117.980927,66.955956,103.196564
405.873634,118.162052,67.179123,103.553703
405.165462,115.358311,67.676735,107.220604
405.276432,114.388763,68.175407,109.171753
405.285660,112.109955,67.956909,111.304810
403.723534,110.773979,72.207169,113.297928
404.515388,108.961826,70.052780,115.393852
403.650658,107.704098,75.658432,116.791267
404.842121,106.371235,69.264275,119.015434
405.378067,105.296986,77.135223,120.058189
404.703323,107.567280,71.917603,118.541862
405.238834,107.165096,72.511833,118.918129
405.370045,108.679230,71.744621,117.783203
404.536705,108.751869,80.694351,118.312454
404.685841,111.469917,76.093010,116.493332
404.563538,111.928947,79.607635,116.544296
404.428143,113.873585,77.329445,115.870445
404.424648,114.809780,81.310402,115.890968
404.575356,116.050266,79.026962,115.787895
403.795315,118.121017,80.637550,114.605286
403.799416,119.676022,78.348679,114.744728
405.013046,120.396152,79.055328,114.664787
403.931507,121.923046,79.195061,114.562752
402.881401,123.437759,78.577560,114.236023
402.573341,125.084133,78.161514,113.845619
402.300632,127.312206,76.769096,112.835945
401.963642,129.225929,77.667107,111.645523
401.214161,130.602257,76.716667,111.511093
400.885197,131.351933,77.641167,111.401176
400.067440,133.044964,75.256386,110.774452
399.908970,133.661152,76.577232,110.842461
399.199478,133.731419,77.392609,111.004478
398.441891,134.744812,73.091438,111.178131
397.290829,135.680286,78.204140,110.012474
396.204098,137.147404,75.501686,109.813560
393.786163,136.982925,74.723419,111.217316
391.194424,138.101856,78.739326,110.181084
390.112495,139.131203,76.992355,110.242569
388.884285,139.467793,80.610611,110.292839
388.215019,139.800488,76.401016,110.728859
386.693489,140.748283,75.200790,110.497208
384.943817,141.671619,79.430298,109.876671
384.393833,142.630764,72.282677,110.043587
381.720177,142.517673,82.872513,110.600365
382.161705,144.691490,71.897995,110.355728
381.374443,144.549503,79.389145,110.009636
380.778236,144.584927,72.166489,110.271370
379.679173,144.195969,72.771568,110.843719
378.920666,144.003090,71.794411,110.924423
377.415989,144.918037,72.458031,110.830276
376.678181,145.884247,71.977104,110.216736
376.215328,146.733070,71.387703,109.892654
375.200218,147.697353,72.352615,109.591438
374.039444,148.884312,73.280853,108.608543
373.629036,148.685345,70.662125,108.702309
372.774868,149.481052,70.440468,107.722343
371.998096,151.044548,68.526207,107.887772
371.250710,152.422245,70.442215,106.892906
371.012924,151.852062,67.488800,107.037971
371.369152,151.331226,69.950661,107.746178
370.874439,151.430893,67.268547,107.082916
371.157284,152.834244,70.861244,107.214630
370.856853,151.797359,65.528114,107.471107
371.273216,149.959148,69.320877,108.638802
371.645153,151.258877,66.568398,108.028542
372.318504,149.228043,68.394394,108.869415
372.309631,149.383049,66.857239,108.816818
373.139297,150.924881,68.683899,108.219269
374.054348,149.435238,65.687111,109.155006
374.397560,150.003517,66.354172,109.066330
374.560856,149.020130,64.701408,109.360985
375.270763,150.360687,66.962593,108.925079
375.461884,148.901859,64.149231,109.867699
375.716919,148.584930,66.612000,109.941071
376.417450,148.372314,64.718079,109.468323
376.651184,148.443268,67.619965,109.448730
376.251877,147.931805,66.068298,109.833656
376.811485,148.215099,64.949692,109.685188
376.766338,147.085510,64.624550,110.177734
376.665558,148.558384,65.724701,109.186852
376.632187,147.419682,63.944611,110.048576
376.463856,147.686275,66.353081,109.962410
376.956188,145.678383,64.185219,109.855972
377.415440,144.332241,67.174217,110.143257
377.135178,142.920170,64.349152,109.442284
377.674488,141.156921,65.371391,109.879120
377.790359,140.645824,65.021332,109.000282
376.619251,137.297325,65.288048,109.545181
376.187489,135.101009,64.742607,109.723915
375.824055,134.035530,64.065514,109.331009
375.666916,132.452171,66.799622,109.335526
375.376606,131.316650,65.316216,108.660400
375.322563,129.798180,65.640030,109.457504
374.972263,130.252003,67.017204,108.992210
375.752335,129.647079,64.958588,109.016663
373.639317,129.078129,66.419426,109.608177
374.455101,130.027340,72.310501,109.064003
373.809036,129.637089,66.498474,109.175804
373.451443,129.365051,65.811470,108.178741
374.370697,129.849686,69.816498,108.744934
374.219589,129.176228,65.448181,109.090935
374.422031,130.558884,64.017509,108.494324
373.384563,131.894100,66.042030,106.605324
373.383324,132.083843,64.965317,105.880226
374.432671,134.053013,66.538223,103.007561
373.346531,134.459263,68.866997,102.122276
373.271629,133.932114,70.770248,102.784821
373.567265,134.232845,70.765160,101.899971
373.983593,133.458660,71.953529,101.951515
374.277607,133.604450,72.785789,101.825127
374.259644,134.175861,76.147461,101.105827
373.552525,134.196186,78.381920,100.719078
373.532322,133.367943,82.645866,100.825790
373.560211,133.543007,84.322174,102.520462
373.101830,134.842041,85.388382,100.050568
372.537018,134.949535,86.956146,98.883461
372.359631,135.414997,87.683846,97.869164
372.237179,136.000542,87.823708,96.782547
371.779503,135.997059,87.167862,96.634666
372.362904,135.700466,86.873589,96.752480
372.735920,135.513992,86.908592,96.765930
372.662510,136.677792,86.109367,96.596016
372.955219,137.752789,86.359734,95.241890
372.045303,137.138447,87.162354,95.728416
371.994404,136.338264,86.646629,96.731796
371.922390,136.990471,87.617348,96.013840
371.387909,138.936592,87.899261,94.297470
372.524837,139.206638,86.726723,95.526237
371.540627,139.589836,87.832199,93.955032
370.946903,139.882809,86.194542,92.715736
369.658203,140.545197,85.846375,91.877228
369.561077,141.217735,83.758247,91.371201
370.734634,141.728348,83.647980,89.905426
366.902679,141.932129,81.224060,90.664642
367.141216,143.136295,82.800636,89.951866
365.625404,143.076733,80.524948,89.838387
366.630035,144.222881,80.452423,88.958382
366.137535,144.550884,83.453140,88.815102
366.263054,143.826984,81.024734,89.520531
362.572601,142.794632,86.409821,89.996674
364.733410,143.767487,80.097084,89.146027
363.170853,143.348583,82.824402,89.281776
362.467319,142.702446,80.595482,89.971115
362.000164,142.575806,80.761147,90.376038
361.724190,142.483444,79.860184,90.576752
359.889248,143.369129,79.362282,90.818535
359.968842,145.479321,79.653931,89.272072
355.959206,144.399281,82.564438,89.921623
357.785454,145.227001,78.966629,88.778664
356.948582,145.429104,79.950706,89.477547
357.089935,144.885674,80.613251,89.702682
356.844990,143.549068,79.614311,91.975716
355.533222,142.835423,80.666527,93.137383
355.988960,143.936298,80.831802,92.896477
356.613701,144.731968,80.847672,92.784721
355.790184,145.641476,80.900467,92.901222
356.293003,146.278313,81.763512,92.178238
355.290665,147.131844,79.667908,93.526016
356.174126,146.750763,80.036423,92.643188
356.064697,147.494278,80.578979,92.888123
356.027809,148.538738,80.061111,92.820442
357.211479,148.468582,80.067703,92.296722
358.333958,148.394516,79.481499,92.557190
357.387798,149.709892,82.690804,92.942612
358.805157,149.442318,80.284462,93.201393
359.968185,150.712433,79.490265,92.210907
359.445206,152.125057,80.760925,92.457802
360.893150,152.545467,79.181747,91.908028
360.003712,152.006641,80.122612,93.596794
360.101833,152.546898,80.265907,93.427414
360.038734,152.726471,80.611465,93.806580
360.355083,151.639618,80.631233,96.192627
361.186516,147.990032,79.995193,101.062660
362.797905,139.256157,76.400406,108.905045
361.397408,130.765705,77.953110,118.465569
357.679981,122.705643,78.885704,125.910583
358.388134,113.081932,77.924995,134.588333
357.446468,106.057442,80.035805,128.572556
356.490551,100.698380,79.992470,128.739594
355.689625,93.112228,79.161308,132.429138
355.932335,89.216110,76.628250,111.279236
355.630932,91.226696,77.792976,100.516823
356.059868,95.989059,75.352402,102.668304
355.815056,101.069756,79.605515,129.674911
362.007603,104.647572,68.633049,118.312035
364.890709,103.140186,65.078537,100.747673
365.524956,94.711815,66.275497,110.617172
367.106411,88.046124,67.087715,115.408516
365.419785,85.559887,73.171570,119.119148
365.761715,88.684250,75.910927,120.944611
366.088276,92.749527,76.688164,143.640839
368.015289,100.224243,74.393768,133.190735
364.229561,110.927353,79.000320,121.990845
365.548748,122.488010,75.452858,116.760002
366.389042,131.816601,71.855339,113.548134
367.848705,142.386276,67.629829,110.990540
368.100006,150.790855,63.841919,107.182663
369.826736,157.615398,66.967255,112.514900
369.443104,160.249767,64.178917,116.337135
364.251949,163.348362,69.910530,115.763268
365.382317,164.389019,68.794235,114.005043
364.532513,164.693748,71.020515,114.908096
364.021778,164.290043,70.167107,115.594109
364.546928,158.127972,70.259384,119.999397
367.472595,152.375187,66.219940,126.947136
365.828907,148.642365,69.747856,129.916107
364.391880,137.879913,72.139671,139.768036
366.745350,111.831749,64.200249,162.045731
368.199347,92.653809,60.793324,172.476776
366.831062,92.805458,59.461899,170.070541
369.656378,94.555763,59.443775,152.083694
369.199324,85.315529,58.019566,146.312149
367.714869,93.375526,55.908367,132.879135
368.336424,95.449471,56.961826,129.617661
367.791325,99.003937,56.964012,130.713898
367.224178,89.585442,57.958107,140.204880
366.374371,94.965866,62.603432,136.656921
368.281162,90.134300,59.000145,138.822067
368.015036,90.466812,60.837086,142.103821
368.265491,83.264877,59.721764,148.441925
367.364782,77.900246,60.460285,157.447556
367.673313,76.640488,59.695549,151.573303
367.753946,79.329300,60.432995,141.337616
368.370049,77.880363,60.628525,127.322189
365.706717,74.730713,62.863270,121.794983
366.589117,75.412781,59.315327,120.264038
365.673187,76.310932,59.331146,119.741386
367.882828,78.010021,58.583130,117.490211
365.575422,78.215080,61.884739,116.940048
366.317038,76.335812,61.709187,118.043648
367.181929,74.591160,63.051945,119.083794
366.396294,75.459385,64.847824,118.674644
368.947678,73.204620,65.298492,118.340179
368.695496,74.892181,66.757416,119.262482
371.749695,73.943222,64.179291,120.197266
373.805666,72.637905,63.831020,120.102089
374.061363,72.071068,64.917007,120.092361
375.175659,72.903500,66.447662,119.780251
374.872250,72.491241,68.989632,119.910217
375.254223,72.277779,68.964546,119.762283
376.519325,71.125790,69.570633,118.282875
377.879681,71.657188,67.480202,120.806686
376.896927,70.709095,68.009094,119.285088
376.384911,69.887714,70.721939,119.599419
376.606403,69.741474,68.644554,120.403984
378.058044,70.015251,69.058502,118.183517
372.907913,68.038124,71.597168,119.719254
378.194256,67.826706,68.900856,119.759705
375.719040,66.935928,68.581329,118.183075
378.126331,65.393066,67.222740,119.804901
377.251244,65.102623,68.115128,119.549850
374.910240,64.029179,69.639694,120.090538
370.828060,63.779041,72.346138,120.312950
371.600147,63.503502,68.425804,120.264053
367.607506,61.868454,66.966599,119.031677
366.143612,62.435986,67.336281,119.876625
362.423714,61.639656,66.659561,117.518356
359.653671,60.249783,65.768311,119.629860
355.714260,60.218517,66.830482,118.984261
352.256966,59.787682,69.569443,119.247604
349.145424,61.392883,70.950790,120.837494
348.643505,59.390480,69.344460,122.339066
347.024673,58.625839,69.775116,121.087250
348.412247,59.076912,66.643158,119.009323
346.718590,58.058048,68.128128,122.460381
342.574043,56.604633,71.185593,121.426933
346.140766,57.614525,66.905357,118.915054
339.441547,57.185181,74.264641,121.933746
342.356083,57.058567,70.101952,118.728813
336.090969,55.147026,77.289986,120.357346
341.940670,51.379959,72.688057,125.828125
341.066402,40.579765,66.363380,130.139267
336.223747,32.889313,67.437515,140.318512
304.352062,30.490959,97.419838,150.941605
303.783730,154.967979,79.704941,204.952957
308.354763,157.482712,76.570564,202.055817
306.871273,147.843513,79.802315,211.637863
308.258228,148.757652,79.226036,211.180008
308.578846,179.800224,82.104942,178.304825
303.144154,176.140999,92.063683,183.383713
304.696190,178.645134,92.262527,181.338699
309.955406,204.465515,91.561661,154.099243
320.345455,197.822227,82.540779,161.853958
325.716038,215.151566,80.768425,142.802460
327.672615,217.670509,84.753647,141.378647
327.794880,212.078720,90.744591,147.921280
330.591045,218.593895,89.117104,140.278564
330.627060,237.010082,92.843353,121.857201
329.543362,238.430569,94.548470,119.503349
328.789093,222.839569,95.766296,137.160431
329.563728,248.423042,95.400375,111.123123
329.532921,250.309296,96.002029,109.116058
329.151001,248.311485,95.924286,110.632858
328.964920,243.590630,95.366943,115.055771
328.067822,239.745094,94.401863,119.717300
327.778667,222.322342,92.901253,135.028625
329.419411,139.818478,74.278519,115.924355
330.205017,134.344337,67.245941,118.706314
330.636501,133.134506,66.272346,119.345215
333.141026,133.954952,59.850609,99.601173
332.740116,137.662418,59.659782,108.610863
331.646179,140.500381,70.726257,102.432343
329.161713,140.248829,76.854401,100.713860
328.357059,146.673176,82.649284,94.042229
326.226933,152.902267,89.502983,84.838623
327.833763,158.358593,88.503342,102.290810
327.469810,155.018463,85.203262,82.486115
327.124084,154.136791,80.816132,84.059669
326.192360,151.136108,80.092941,81.406219
325.474380,146.269627,79.357819,82.967216
324.564266,140.753540,78.003975,84.946014
323.649284,134.320335,76.698471,87.196701
322.811203,127.735355,77.108521,89.993828
320.403500,125.629753,75.463783,87.935501
320.946106,112.620373,74.026886,95.689491
318.048130,105.715630,72.668846,100.892197
322.608982,85.065807,61.224724,117.505135
316.391235,85.045067,66.810730,141.937149
311.671513,96.209198,85.652397,254.888855
310.474987,106.977020,88.259682,229.075806
308.813290,88.439148,91.813911,241.278503
308.254433,116.316902,98.670029,218.555161
306.874733,121.245842,106.143845,213.975845
304.342194,119.770630,113.561890,216.610352
304.168480,117.560478,115.709854,221.033218
304.849033,108.248917,127.049980,229.591888
306.468910,137.436600,136.046738,200.116608
305.763077,142.223030,136.020966,193.947556
304.837509,158.666504,142.088654,176.339661
303.651573,167.854790,143.517654,165.262772
302.252563,168.929878,146.006287,162.154648
302.837280,179.865685,143.392883,150.140152
301.147377,185.839867,133.975388,142.744034
301.749100,188.419807,147.836456,139.913254
301.695381,189.283035,144.799911,137.491547
301.223076,190.864655,144.355362,135.060303
300.241470,191.244278,143.867706,132.847260
300.075439,190.102592,144.455200,131.788834
300.083191,189.936333,144.026062,131.774612
298.888596,190.014923,142.859039,131.764099
299.053429,190.247856,142.620987,130.646744
297.901703,191.322746,143.625427,129.839310
297.515633,192.321205,143.864914,129.118271
296.842529,192.651184,143.481506,129.116943
296.123817,194.034409,143.672165,127.812286
295.774910,194.707638,142.302170,127.840279
295.585320,195.191235,141.487686,127.768593
294.587006,194.562889,141.582214,128.145462
295.387009,196.104916,141.228973,126.477547
294.075157,196.430145,140.937210,126.973999
293.706978,197.005711,142.093002,127.265068
293.744583,198.667702,140.220551,126.814072
293.082375,199.014538,142.384262,126.929482
292.690018,200.874908,140.658600,127.228516
292.064705,201.782520,142.703903,127.563683
292.804893,204.002171,141.491348,127.068657
292.228043,205.920918,142.329437,127.252098
292.091431,208.088776,141.582275,127.660278
292.387695,210.380554,141.981689,127.757751
292.198631,212.622051,141.765213,127.819618
292.081268,214.418625,142.727295,127.869781
292.360085,217.257004,141.267685,127.737762
291.755592,218.432819,142.834335,127.748802
291.934982,219.509628,142.319550,128.023224
291.492218,221.307190,141.659302,127.176514
291.740509,221.361885,142.171265,127.049789
291.495956,221.834671,142.006805,127.557648
291.598099,222.823624,142.571259,127.167755
291.618805,223.494289,141.103394,127.176094
291.630363,223.611076,141.052628,126.313065
291.645912,223.697037,142.989365,126.932770
291.495369,224.328423,141.888229,126.683792
291.133980,224.391495,142.510117,126.821503
291.376930,225.030258,142.419479,127.170563
291.738670,226.113159,142.622086,126.253479
291.797363,226.483643,141.151733,126.111145
293.116417,227.027958,141.277664,126.124443
291.938850,228.451599,141.358383,126.378723
292.397835,229.411854,143.246506,125.847130
292.405136,230.241734,141.107391,126.405876
292.775581,231.320850,141.868759,125.848534
292.427452,231.816181,141.519180,125.635338
292.282944,233.617214,139.763275,124.265327
292.265160,235.645882,138.924271,122.478195
292.964500,237.579990,139.092850,120.768913
292.835999,239.105968,140.071533,119.095131
292.811348,240.503914,138.352402,117.496140
292.018806,243.511215,140.844528,114.804169
293.116585,243.494968,140.536362,114.315849
292.338715,243.077755,139.283691,114.099922
292.411804,245.637283,139.588135,112.398224
290.724884,246.864491,139.359619,111.385521
290.779015,246.783745,137.609451,111.550674
289.495125,246.378201,137.771713,111.536140
290.345886,247.231030,138.532166,110.781837
289.346428,247.897167,139.665604,110.273964
289.461617,247.522427,137.966354,109.787971
289.702713,248.094982,137.387970,110.610817
288.938515,248.030193,137.291794,110.000587
288.920593,247.604988,136.582092,110.214340
289.245659,247.612904,136.442276,110.161888
289.040405,248.015808,136.774231,110.072083
289.539871,247.841957,136.217804,110.152084
289.349648,248.016354,137.348984,110.195808
289.239197,247.825405,137.247803,110.283211
288.972916,247.681580,137.190887,110.273132
288.859062,247.428329,137.463638,110.565460
288.709663,247.602673,137.632919,110.223671
288.217186,246.750404,137.439041,110.917770
288.731972,247.445030,136.893478,110.670303
288.622940,246.735855,137.624603,111.101227
288.517838,246.910740,138.542023,110.755730
288.204842,247.776592,138.873764,110.475319
287.389534,247.050808,138.809982,111.387581
287.618576,246.663811,137.757111,111.361832
287.792526,247.876678,139.853363,110.289368
287.679649,247.657085,137.481216,109.541298
286.710342,250.379150,138.856049,108.623535
285.810074,251.078808,137.287262,107.069801
286.006668,250.287983,138.886993,107.875938
285.992470,249.400845,137.762314,107.972542
285.466957,250.207260,139.173019,108.046478
285.378288,250.334465,138.670181,107.794693
284.383904,251.880733,138.094986,106.439522
285.178917,250.234596,137.448685,107.400192
283.634689,250.680668,137.814850,107.770195
283.048080,251.031307,137.740509,106.196419
283.364693,252.028145,136.852707,105.914230
282.767189,252.424763,137.121078,105.657921
282.964043,252.492352,137.071976,105.671852
282.318176,253.186001,137.495239,105.051704
282.089577,253.242527,138.125656,104.623589
282.093216,253.708237,139.816742,104.060883
281.137123,254.618923,139.581467,103.633919
281.315849,258.438347,139.692947,100.349258
280.566887,258.495510,138.915848,99.633369
279.121483,261.009998,141.773758,96.878441
279.132851,263.002083,147.712875,95.430527
278.630592,263.983768,144.810104,93.221550
278.397995,267.099865,141.389496,91.321083
278.473289,267.988174,144.700943,90.771942
278.454002,269.840584,145.686661,88.885056
278.879356,270.364010,145.297073,88.051888
278.490204,272.708988,143.126404,86.298332
279.238510,272.104038,147.550995,86.837151
278.845894,273.357098,139.373886,84.730995
278.331528,274.500221,145.335480,84.222397
279.211433,274.908234,139.049240,83.689392
278.703041,275.944168,144.263657,82.881622
279.708862,276.541737,142.799744,82.334373
278.986282,277.377014,143.666107,82.060852
279.941650,278.154354,143.039551,81.188240
279.700256,279.610588,141.660461,79.991287
279.953728,280.184258,144.115189,78.719437
278.769547,281.118732,142.740021,77.913292
280.408966,281.658070,143.166321,77.138145
280.297714,282.835590,141.312103,76.329124
281.291031,283.280983,141.374115,75.360275
281.467255,284.240547,139.466675,75.204086
281.714973,284.444263,140.596786,74.503990
283.527779,283.686893,142.579086,74.917534
283.064796,284.550835,140.952866,74.225235
282.457031,285.134712,141.212524,73.762436
283.733818,284.830799,141.991409,73.510246
285.662476,286.752586,135.958862,72.101242
285.493004,287.018932,141.035049,71.744179
285.855988,288.901180,143.332520,70.442665
286.824333,288.917187,153.438370,69.392220
288.012848,289.210903,134.479004,69.474159
289.173538,290.858665,134.409546,68.040237
288.568619,292.829880,138.271484,66.558807
288.995140,293.554867,146.477585,65.702095
288.776337,295.019535,147.088318,63.900017
289.764183,297.281572,146.206467,62.397091
289.868225,299.295025,142.691315,59.895760
289.825142,300.031727,142.834579,58.531853
289.760826,302.563335,146.750717,56.591103
288.596741,303.891817,145.031189,54.712337
289.088165,306.470615,139.002197,52.372551
289.360031,308.943478,130.624115,50.107460
289.521545,312.494101,128.251068,46.650074
289.350449,315.993826,123.698792,42.691334
289.877754,318.467890,124.063797,40.560375
290.669617,318.471483,110.514587,40.761623
291.023335,324.280937,117.590477,34.917831
288.567467,328.830773,121.763870,31.166945
290.232075,330.473136,116.846428,29.274462
290.981644,331.710855,102.468689,27.586987
291.819782,331.584435,102.746239,26.673384
292.434643,334.729365,99.935799,23.909769
296.667282,334.096465,96.332245,25.403872
327.798206,338.795485,63.242180,20.200487
321.926720,339.880088,69.349792,20.082888
317.234112,340.255574,73.427773,19.744426
323.628040,342.208690,67.391899,17.355207
313.236618,344.000133,78.876129,15.999867
328.931356,343.196448,61.465229,16.803552
326.432940,346.429524,62.818462,13.570476
318.615803,338.964838,70.908379,21.035162
249.592484,246.583471,149.194901,111.973289
242.923237,73.839223,90.242195,49.136223
248.808857,74.210082,84.661049,58.161228
239.571648,77.318876,93.763824,78.658760
231.304501,76.442495,103.042564,74.378746
231.220005,77.186582,103.184669,77.985237
241.176231,78.814679,94.099060,74.864449
251.125977,79.228894,84.396500,70.774361
239.923222,81.365720,93.752724,78.439369
243.631672,81.048478,92.121284,65.377441
248.352299,80.052785,87.208717,76.156792
250.627247,78.126653,83.400703,70.350182
250.204369,74.482419,85.665039,72.896950
250.305050,68.455327,83.525108,72.641014
249.726673,64.328008,83.399910,73.251884
246.938599,60.623433,85.961960,72.466148
248.330074,57.432428,86.245995,75.462387
248.436230,56.879148,84.746147,73.808449
248.183094,55.570329,83.966316,72.212189
249.046539,54.470712,85.483322,74.936966
248.687099,54.635671,83.638329,70.079704
248.828808,53.651555,85.036125,72.483788
248.688660,52.844674,84.368454,71.066330
249.023571,53.157705,85.268211,71.970207
249.074829,52.638078,84.029495,71.743256
249.934933,52.338056,84.461754,69.989754
250.900154,52.716787,83.490784,73.126915
252.547451,53.592195,84.081230,71.635132
252.498520,53.788457,85.152084,72.598137
246.665604,54.653287,91.663559,74.089180
251.920231,54.986612,86.517128,70.792160
258.567551,56.063680,81.382217,73.298332
255.751812,57.629396,84.525658,71.900299
260.370380,58.455468,81.812294,70.576859
260.155792,59.158311,82.658310,71.248810
261.051601,59.974344,81.585381,70.531296
261.438248,60.872052,81.002548,70.445961
262.631832,61.872148,80.485558,70.752258
262.530552,62.955121,80.453377,69.812935
260.807007,63.474584,82.585587,68.669273
249.596004,63.327924,93.340141,70.185066
233.268227,58.691045,107.596100,55.761253
261.979465,65.155454,81.484200,70.601601
263.426819,66.394330,80.758438,67.828560
263.389690,66.404416,81.415886,67.841042
258.549698,67.414769,84.964188,71.830009
263.520493,67.009477,80.469986,65.371765
255.676914,68.177098,87.706764,68.376610
242.908848,67.125802,98.614418,69.929337
266.405216,71.065824,78.771278,59.785255
260.230080,70.622239,83.238983,70.182922
264.114197,72.188852,79.861069,66.267197
261.833134,73.188909,82.428780,70.450920
265.123695,74.471326,78.914368,64.140755
262.750198,74.662545,81.068314,66.011887
268.627724,75.623315,76.580872,67.623795
264.954533,77.900995,79.841438,66.509872
268.075901,79.193845,76.255775,64.361214
267.934406,79.844327,76.979805,66.793404
267.412010,80.437005,76.327362,64.417526
261.838486,81.243997,82.835648,68.660721
257.392075,81.560239,85.327744,65.036293
239.941307,79.385370,100.080444,73.514297
259.414520,84.345193,86.228256,63.684647
260.446133,83.432515,83.524071,69.699242
230.457981,82.378507,111.389107,67.825935
249.314911,84.947587,95.255875,66.048767
269.418301,87.297902,76.586418,56.522728
267.785206,89.869630,75.800758,68.930084
266.950951,91.490667,76.214966,64.487877
259.698349,90.868194,84.678513,63.382816
233.275471,86.676992,108.065163,68.577354
236.269520,87.639497,109.144875,68.289795
270.248180,93.286325,74.755852,53.693314
265.431999,93.431232,77.241943,62.451778
264.738216,92.571597,78.783348,54.816219
266.729279,95.531738,76.948044,59.329197
261.377769,94.678846,81.140717,64.704262
159.045677,79.421254,187.020294,55.928032
157.710617,81.297139,190.002182,55.482048
161.266251,82.826823,185.480392,52.657482
160.956612,83.760419,186.797791,51.036476
159.213890,82.941060,187.399414,56.679710
231.779480,87.387964,106.362900,64.442215
253.210987,89.175870,89.653328,62.963875
152.860779,75.327998,191.738266,57.441998
160.510468,71.820104,186.342514,62.508324
249.418114,84.161924,89.610596,52.888893
253.829609,85.084329,82.232552,58.152542
158.023415,74.147857,189.036469,54.335545
157.672462,69.629178,184.363281,57.950508
169.185631,55.385743,165.372284,96.363831
225.822594,69.060971,118.245453,64.522591
155.932526,66.847537,184.570297,57.711330
159.289139,63.513257,183.052017,66.982857
227.384392,73.969842,115.292908,60.672165
254.198662,78.892812,82.821350,58.781670
151.654678,64.616935,189.226151,52.345844
250.608871,76.339055,90.101639,49.325371
163.912933,65.517453,178.477371,61.384773
207.385101,63.739320,133.747147,105.000427
223.419861,66.557042,130.637039,83.840324
202.313919,71.926477,143.019943,107.130081
244.396629,66.598621,98.559540,61.688076
167.254303,62.988149,169.860367,54.278465
162.860283,63.185981,178.232483,57.360920
169.678162,52.229917,173.387192,86.856117
211.782150,53.356458,146.317398,97.244026
170.401245,37.847482,153.824509,99.909195
235.701233,70.677434,117.155991,92.102928
173.196648,56.887265,162.683777,70.036232
176.268089,27.592012,156.538208,138.682404
178.763924,59.119308,158.980011,61.198856
163.326164,60.472390,178.173126,59.857376
183.438416,47.733957,155.166519,97.022781
196.632790,64.995548,136.790405,52.313992
169.979477,65.499326,169.034164,50.842293
172.380386,64.990001,172.195633,44.977673
169.209877,67.132920,171.172546,48.253571
173.471802,67.115653,169.327866,44.264729
167.945404,67.617627,170.194534,44.781685
171.694069,66.595769,169.982574,44.610374
169.791473,64.873716,166.922836,47.183144
172.880264,65.380220,164.922470,45.471008
170.432556,64.654340,166.308914,45.592751
171.639885,63.750362,164.225311,46.707409
172.047325,63.616451,164.267792,46.427898
171.814941,62.844264,163.424271,46.583721
171.711807,63.617675,164.287216,45.470615
173.824486,62.398643,162.288727,46.434376
172.548576,62.166885,162.783783,46.754826
173.299706,61.046083,161.098602,47.987305
171.059967,61.650361,164.842575,46.636169
171.795959,60.779205,163.560654,47.339695
170.244072,63.208415,169.170319,46.218822
171.961159,63.449783,168.784088,46.777988
171.986366,62.235799,165.686859,47.845879
170.048225,63.698726,168.304657,45.235119
170.122658,62.251416,168.213989,46.565742
169.588509,62.461875,167.879181,45.909199
171.797508,63.607396,169.684082,45.637047
165.009956,61.566802,167.394867,48.409428
167.982048,61.853337,167.943146,47.194084
166.726479,63.007800,168.732422,47.189510
164.947006,61.559064,167.720352,48.553261
164.096481,60.015407,168.695236,48.845654
168.027710,63.018584,168.190079,48.136417
165.743584,62.227746,166.872986,56.367935
198.653641,66.826196,128.268204,53.159561
248.835777,72.583575,78.588501,36.225399
256.801064,73.877084,67.970306,34.052994
260.941729,74.964692,62.719601,32.747787
259.363241,74.080293,63.600925,32.675217
259.185879,73.849540,62.580391,33.242344
257.215406,73.334048,63.660999,32.785366
250.168388,72.690374,68.020020,33.827965
237.861851,70.756568,77.053642,35.347172
242.208767,72.416051,69.613625,33.552498
242.899906,72.539026,66.896568,33.720993
226.984989,71.935306,81.320473,34.940929
232.212982,70.890161,72.954300,37.694031
234.078106,72.774169,68.674370,32.663349
223.620106,70.868594,79.181252,35.124218
236.206280,71.034538,64.521873,35.631657
227.023663,70.533902,72.921410,34.864098
236.597202,71.172418,61.498909,34.007950
232.300480,70.259673,65.327873,34.426609
227.825283,70.436746,69.048668,34.877945
233.291386,69.354020,65.149834,35.634521
227.305477,70.022939,70.097939,34.266273
229.890034,69.128171,67.296501,37.947884
230.610054,69.031928,65.833908,35.852146
231.070320,68.899305,69.401077,37.741859
224.274872,69.599611,74.269241,34.862656
229.436691,69.598064,72.971664,35.304028
228.473789,69.878806,73.574348,35.517139
229.335815,68.858363,73.796951,42.903362
228.433685,70.035531,73.796432,45.855667
228.508335,70.558187,76.041847,42.927574
227.579643,69.893735,76.153198,41.249062
239.624367,72.084045,65.726074,52.659092
132.211143,54.775912,177.691879,56.316921
149.295776,20.670732,157.663544,132.577179
270.602531,274.166532,102.020370,85.833468
271.075172,275.933272,100.397812,82.764313
272.037556,276.168093,99.785484,82.696159
272.320747,275.922343,99.540421,82.583931
272.056446,275.830470,99.083549,83.106972
271.713593,276.171012,100.955780,82.892838
272.036518,275.782637,101.411827,82.442169
271.629395,276.743323,101.320068,81.946365
272.096161,277.641097,102.823364,80.942352
272.487358,278.155028,98.129562,80.448700
272.705261,279.528166,99.859802,79.354614
272.810474,279.243376,99.240227,79.856354
274.022060,280.125510,101.460823,79.028793
274.145935,279.533995,96.939453,79.237701
275.227169,280.283343,99.825325,78.321281
276.389359,281.184432,96.044128,77.533752
278.357513,280.793643,96.243896,78.120598
279.464706,279.286353,102.018585,79.282242
281.407513,276.437384,97.104042,81.783524
282.034119,274.616183,98.768799,84.292046
283.213543,271.650672,96.817329,87.599747
284.422916,266.319689,96.630547,92.027367
284.714348,262.725871,91.824844,95.778938
286.120193,254.938349,88.718231,103.364296
283.657188,248.949557,105.425735,107.261162
278.534523,242.788371,78.365372,115.131203
272.279671,235.250163,84.789902,121.961128
272.516201,231.384635,77.879738,124.396957
272.599098,229.041152,75.317703,128.237000
267.336597,222.122344,79.713799,134.297333
265.079296,218.558623,82.586067,137.640045
262.502350,212.037024,80.095795,144.657852
260.097733,202.930899,78.999939,145.176376
258.904884,198.315657,75.232803,148.564270
259.923504,194.494094,70.128792,153.009277
261.925026,188.539237,70.365677,156.786850
259.987141,180.443366,59.610130,166.176468
254.031332,172.880339,60.266773,166.150726
250.866068,170.561011,58.369213,156.563004
249.766867,166.030554,59.037403,149.748642
250.568050,161.896109,58.072762,140.722427
250.777088,158.645365,58.969963,125.141426
250.898371,154.851225,58.361340,124.537811
250.786081,151.184722,58.252758,124.747620
251.177435,147.657244,61.243397,125.677452
250.887285,140.640616,62.489864,128.919785
252.263641,136.390898,61.668915,131.183228
253.575302,129.959052,59.942535,138.263077
253.955669,126.935706,63.004372,141.633560
253.845013,121.812720,62.113228,147.137405
253.899940,121.864585,60.793411,148.126877
253.563868,116.970191,59.471996,152.600754
253.218277,113.154441,58.708862,154.689499
253.471939,113.800986,59.147675,155.467270
253.131523,113.203444,59.344162,155.224030
253.487885,113.534636,59.228119,155.128235
254.364403,112.143859,58.712204,156.949585
254.341713,112.769469,58.778275,155.419678
254.528996,113.627867,59.588097,156.025574
254.979439,111.075278,59.051346,157.396927
255.904179,107.973998,59.921165,160.792297
256.315422,106.313857,59.708725,162.667450
256.055435,112.985221,57.007385,156.491501
255.882137,111.769675,57.059456,157.177841
256.500603,111.835196,57.868393,157.513870
256.267691,111.592795,57.469074,157.674759
255.508011,114.677657,57.862518,155.460846
253.657423,113.674147,59.062077,155.334686
254.500120,111.217658,57.874516,158.849808
255.229736,109.202742,57.838257,161.079224
255.881760,101.524123,58.207367,169.209412
256.590149,111.338278,56.634735,158.092056
257.868679,102.455321,56.256905,167.889313
257.096226,113.833922,56.395195,155.970825
257.351599,114.182555,55.336811,155.712891
256.894005,117.559943,55.507614,152.457077
257.474358,118.659682,55.323318,153.252625
259.704844,120.775603,53.129681,152.098846
260.852896,119.051352,52.852863,154.288864
261.053333,124.193930,53.013451,150.374802
260.955976,122.617964,53.415226,151.734558
260.542582,121.864813,54.058208,152.955124
260.327543,116.374518,55.210117,157.861252
261.460333,120.796355,54.391224,153.475189
261.383265,114.548430,54.137493,160.344543
261.943426,119.632544,53.930103,155.826767
261.555912,115.022368,53.697319,160.297455
260.996729,124.212813,53.654522,152.645172
256.599983,122.122336,55.460983,154.633835
252.384281,121.643599,56.030235,156.039429
250.089018,116.090125,55.755100,160.697250
248.799021,123.277663,54.648998,153.891998
246.423262,117.264868,55.232395,161.230026
245.712772,126.475958,54.359978,153.670395
244.154282,120.510184,55.209167,160.574966
242.841892,126.716719,55.325462,156.726288
240.886768,127.675055,55.989922,156.749557
240.361736,123.211028,57.209114,162.088745
239.337925,123.007750,59.120079,164.987030
237.583336,127.276038,61.161148,160.917221
235.928204,134.800284,61.741890,155.441879
234.442127,127.917990,62.097466,162.729385
232.560966,131.885245,64.448380,159.074326
232.266994,140.643576,63.882912,152.145370
230.818268,144.666503,63.311096,150.174469
231.116407,147.261870,62.625584,147.018402
231.508776,147.541098,62.267605,147.883133
230.004646,144.727759,63.146591,152.614761
231.020267,147.985091,62.606377,149.541870
230.486300,151.675490,63.120571,146.569244
228.143726,152.252448,65.625389,147.070908
227.831711,152.916594,66.470062,144.394257
227.115402,154.434691,66.528107,143.130737
227.762981,155.248313,67.220741,142.291214
228.483475,155.718711,68.084167,141.718277
228.637680,154.003508,68.001556,140.945648
230.327667,157.639159,67.852600,139.778290
231.479790,155.646979,68.755692,137.682846
233.171021,153.765959,67.613678,136.511993
234.099449,154.304526,67.729752,132.644302
234.522205,155.051795,67.507042,127.632339
235.041222,154.305663,67.509872,121.171112
236.345539,154.178229,67.352043,115.135422
235.468384,153.753466,68.036011,113.806358
236.823658,153.880053,68.928520,112.234550
237.543159,154.188445,68.878677,111.495941
238.045376,154.968421,69.032784,111.758133
237.751553,154.908686,68.195320,110.165718
238.405830,154.880381,68.446823,111.011543
238.443615,155.487609,69.038185,110.419250
239.136303,155.239050,68.787514,110.459641
238.660561,154.966204,69.204330,111.393272
239.535587,152.156870,69.146294,112.257210
239.937778,152.316409,69.185265,112.012993
240.598278,151.885375,68.512062,112.010162
241.335354,151.528124,68.443123,112.602531
241.739021,150.412631,67.787125,112.555077
241.805939,148.190554,68.672333,113.068321
241.983109,147.434607,69.358063,113.220596
242.511398,146.272555,69.219696,114.793449
243.690102,145.179610,68.486343,119.638367
244.533241,145.202742,68.266647,126.816406
245.187702,143.062232,67.505455,136.552567
246.668903,142.889739,67.886742,137.010956
246.528221,143.301344,67.647446,139.477631
247.502987,144.742903,67.395546,138.684601
248.023003,143.733435,67.457443,140.674057
247.586353,143.659918,68.012932,141.581039
248.626556,143.693793,67.593201,142.384842
249.155510,144.585471,67.509109,140.094345
249.618416,145.032874,67.295425,138.215836
248.324818,146.479987,68.276146,136.014145
250.143291,140.137030,69.315742,142.998550
249.726582,146.923895,67.589378,131.662918
249.379215,144.776297,69.682152,131.753891
250.117332,148.321955,68.487228,126.455727
250.419113,146.921969,69.505463,125.968285
250.733902,149.273310,69.424072,124.301247
250.178070,149.452502,69.109283,122.201134
250.484524,149.992842,68.224953,120.937958
250.871376,150.193999,68.899918,127.355713
250.786980,150.730109,69.349503,131.936020
251.189110,150.384169,69.813461,133.753601
251.690216,150.604155,69.942413,135.387726
252.058575,152.484084,69.245979,132.521332
251.866730,154.181204,71.090210,130.558151
252.238480,153.597960,70.733704,129.757172
251.730740,153.000060,70.251991,128.895935
252.062508,152.409346,69.774918,129.250885
252.703888,149.758620,69.992310,131.977051
252.326649,153.940230,68.591362,131.932648
251.415432,153.412970,69.729134,131.456436
251.302197,153.437956,69.301094,132.449005
251.501545,153.237776,68.451469,133.878662
252.103012,153.314261,68.035492,135.340622
251.874119,152.089728,67.223442,137.461166
251.566685,153.822463,66.916801,137.017151
250.979710,152.361708,65.840813,138.262024
251.863716,153.684302,65.585403,138.038681
251.226242,151.703711,65.267151,141.121140
251.660797,151.413207,65.691620,142.867310
251.185383,151.661498,64.091728,141.481598
248.583763,151.426192,64.283371,141.691620
244.346607,151.798461,64.164787,141.049408
240.775608,152.340346,67.588127,140.126129
239.056190,150.439849,67.578415,135.439392
233.672333,151.688712,72.326447,140.170181
230.599052,153.283019,74.348007,136.770386
229.333504,153.177390,73.753067,134.689346
227.003994,150.293593,73.827339,135.453705
229.050568,145.042555,70.873840,136.514954
229.995605,146.338896,69.338837,137.963409
232.482773,149.147246,66.091858,137.767029
235.557188,143.717269,63.842411,142.891449
236.831505,146.522017,63.682114,142.167664
239.029202,147.402144,60.500923,141.182556
241.423784,150.191733,57.848507,138.664932
243.895386,147.737692,55.326172,139.228622
245.144178,148.759604,54.906712,136.748184
245.759993,150.810004,53.906254,132.640213
246.706837,148.830824,54.044426,132.333649
245.804493,149.711394,55.163200,129.275299
247.418024,145.679839,53.373363,133.786011
247.358116,149.723288,53.968796,130.054733
248.367464,146.679579,53.939327,135.086578
248.974871,147.116385,53.305874,135.153946
249.451929,145.949256,53.413952,136.039597
249.363712,146.133261,53.107872,136.619583
249.793953,144.542212,53.485489,139.140213
249.567547,145.993071,52.727638,138.635101
247.659990,141.890532,56.630215,142.956909
246.700495,146.540084,57.647472,137.870911
244.143204,141.243743,59.529846,142.610535
244.457096,141.563483,60.750877,140.684097
240.584618,140.888800,65.351852,141.418961
239.088871,129.009703,67.251274,155.494873
238.728577,143.020178,65.718781,139.059494
237.052738,140.742705,67.646721,140.224304
241.083168,145.173384,64.575851,136.510651
239.810707,140.993346,65.509781,140.223602
241.323524,139.197707,64.843338,141.988281
242.634579,138.980101,64.100563,143.076385
244.369909,142.095084,62.516376,139.954453
244.951208,141.420035,61.339130,139.949051
244.800966,135.544150,62.442959,148.721695
246.087070,143.904296,61.378716,141.130249
246.116972,145.352339,60.855961,139.778412
245.735683,140.747649,61.107307,145.700012
248.158463,133.791266,59.790283,152.224594
246.211988,142.573302,59.577671,144.581696
247.625757,139.057364,59.606335,146.794571
249.769501,146.293334,57.883698,138.922241
250.927923,145.750205,56.169453,136.748489
252.497818,140.537039,53.237030,139.696640
255.504269,151.111899,50.868843,127.267136
255.419453,142.532118,50.453514,134.649841
256.564554,151.164706,48.623272,126.176109
257.309523,143.065199,48.825474,134.213135
256.776241,144.263060,49.538887,135.271271
256.671297,146.362944,48.885830,134.711487
256.491779,142.739730,49.819939,139.729279
255.174520,144.980178,50.661579,139.656342
255.287289,145.131720,51.880806,141.664597
254.189913,149.089598,50.843838,140.483765
255.864416,144.079733,50.565540,146.852554
253.648872,147.253371,51.868942,143.381805
255.028942,135.164672,52.975655,154.628754
256.068113,150.148764,48.136814,138.444717
255.501858,144.382811,50.164162,141.467621
253.781404,149.494032,50.703609,133.501129
255.281424,146.895377,50.921040,133.064316
254.299402,149.301207,50.991589,129.972229
254.755209,148.862982,50.580463,128.209091
254.747074,148.592635,50.367973,129.106415
254.779398,149.219386,50.728893,127.651192
254.528894,145.935797,51.216564,129.782791
255.726780,149.679743,49.360863,126.932289
255.890129,146.167929,49.964981,129.688736
256.284529,150.724158,48.125462,124.999344
256.149654,146.854697,48.488716,128.540695
256.164749,148.861582,47.437012,125.826454
257.145512,147.508593,48.067101,125.883781
254.933296,148.098258,49.164505,124.212051
255.879023,144.233214,50.910809,127.597321
255.503517,148.060061,48.202133,123.746300
255.326313,146.189368,50.926811,124.884140
255.400080,145.213172,49.962811,125.381882
255.367126,145.266215,49.794678,125.415901
254.728016,144.613730,50.422295,125.682571
255.231865,146.668887,50.643082,124.233574
254.609131,147.632269,48.884430,123.670792
254.212137,144.937689,52.191082,125.732224
254.957397,147.277629,48.951263,122.040108
254.531029,145.917151,54.035355,124.095078
253.824018,145.781161,49.326694,125.231407
254.843071,143.433318,53.848129,126.397064
254.292442,143.309889,54.312851,127.801117
253.921055,137.335631,55.524101,134.318787
255.863487,83.699202,63.105057,190.666473
253.887924,151.587550,53.723175,119.068672
254.219822,143.056281,56.790276,128.058701
255.259665,136.721495,55.799946,133.717346
255.690994,78.185561,66.090393,192.555695
256.151176,152.280669,54.172958,120.905945
255.363573,153.315623,56.377285,119.361458
255.408884,154.969550,57.633831,118.348465
255.654125,156.241255,57.829292,116.791595
255.861980,158.155127,58.428749,116.144028
256.065624,156.883738,59.971474,117.276619
255.836292,157.197501,59.750023,114.967941
256.309107,158.297663,60.270519,114.464180
256.904831,158.371192,59.856293,114.628189
257.063549,160.278197,60.003273,114.130157
256.675783,161.734713,60.207760,111.768791
257.275209,162.190131,60.448788,111.739090
256.793251,161.852320,60.985031,110.361305
256.887861,161.169085,60.653934,112.216606
256.988388,161.447623,61.218842,113.008347
257.050821,163.220496,60.643566,112.997726
257.854942,162.859324,61.104111,113.310829
256.994047,163.452925,61.327976,115.324371
257.375277,162.497923,61.179592,114.132141
257.463867,164.487513,60.368530,114.806709
256.276461,164.408557,61.495510,114.371239
256.070135,164.121314,61.674610,114.926163
256.331015,163.772154,61.121815,117.770599
255.986830,167.234484,60.213413,116.236809
255.543661,169.150931,59.296680,118.221848
255.091503,170.420832,60.769722,117.666084
255.058992,171.345389,59.804165,118.052231
255.590612,173.507228,59.481159,117.215034
255.367237,175.131823,59.710991,117.025414
255.643755,174.379614,59.542751,117.938736
255.421446,177.502761,58.332615,115.107880
254.524693,179.112933,59.351128,113.180412
255.172338,180.504145,58.888966,112.763313
255.589224,180.789149,58.069080,113.244270
255.023123,176.372084,58.664722,119.374786
254.852516,173.407916,59.370316,122.654137
255.828091,175.535208,59.261940,122.025833
256.561504,114.512053,67.107521,186.353699
255.155540,128.746794,66.058426,172.745483
255.471661,113.793898,70.342323,199.745209
257.626408,132.398535,63.312248,171.502060
257.568707,121.697180,68.526711,190.301376
257.702227,182.372950,56.516079,120.717476
257.563484,178.763880,57.321426,122.769264
258.047825,169.605055,58.596886,132.447449
257.817123,180.967639,55.763916,121.184196
257.665028,179.363131,54.553307,119.876152
261.021032,177.997321,53.255878,119.508713
259.128620,180.306212,55.928001,116.281616
259.472166,178.420844,55.028507,116.270584
260.489534,179.421500,55.693264,112.319931
260.658098,176.096987,58.147121,114.649681
260.260984,171.461466,58.359440,116.890602
260.082182,171.467856,57.864292,116.484756
260.954874,171.703349,57.350323,113.879494
262.398308,171.131541,57.884354,112.948555
262.456326,169.858828,58.234840,111.950798
262.701477,168.840861,60.133606,112.461800
262.559240,168.839755,63.085896,111.000145
263.102180,168.242270,64.989944,110.872482
264.353840,168.089659,66.386406,111.520905
263.796253,165.148650,68.687431,113.286713
264.702229,165.889338,69.521233,111.929726
264.720776,163.453337,70.398201,114.356171
264.501720,162.806674,71.551521,114.709068
263.628117,155.988356,71.975121,121.301910
264.914734,156.326052,71.482727,122.142082
265.007702,156.643046,71.988350,123.579475
265.860165,156.505618,71.998909,125.254570
268.707249,159.065619,69.859764,120.864883
266.199154,155.792533,71.405525,128.652969
269.233803,156.637877,68.740402,125.765137
269.866474,152.129302,69.013634,129.200104
268.112629,154.241126,70.411064,129.381973
270.199856,155.163733,70.733009,127.085983
271.251221,150.011122,68.958130,129.139984
269.616047,153.015086,70.563438,127.017128
271.793961,146.719031,68.182068,128.723282
271.980980,151.815390,68.121017,124.188095
270.668842,153.374968,67.549095,120.874512
271.562683,151.653193,66.911377,121.204170
270.041687,152.895232,67.392151,120.225555
272.283680,151.215983,66.880699,120.206734
271.507412,150.289401,67.429298,121.942467
272.356667,151.312674,68.668320,120.512436
272.492115,143.564101,70.570946,126.803162
273.300133,130.891280,71.159897,139.671204
272.994156,125.971037,71.123962,142.559967
273.705585,108.639121,67.848137,157.223953
274.439354,101.016425,63.883224,165.060226
275.407669,66.687369,63.015503,199.801071
274.844353,76.790495,62.385666,191.824310
274.441261,62.997313,64.535538,210.913727
274.246216,78.577216,65.312592,195.552628
272.862411,92.665633,65.137695,172.544617
277.179529,83.076384,62.146099,181.900848
277.567360,85.943251,61.329605,176.692200
278.586733,79.137633,62.437527,184.454315
279.940372,136.359103,63.824059,126.189842
278.988247,134.273615,69.469307,124.315285
279.859676,148.180434,70.991524,109.603729
279.235584,151.617686,75.202171,114.670906
280.501812,150.734889,72.366737,108.412331
280.500835,154.531420,69.651039,109.828636
281.856125,156.680827,64.479309,107.668282
281.014408,157.018386,66.015312,113.312805
282.017139,157.423571,66.486168,103.542931
281.663700,158.103819,66.958611,111.100128
282.675598,158.992159,66.737762,102.859978
280.282028,160.264685,68.245697,104.601059
280.283569,162.404120,68.460052,97.270248
279.342209,163.489440,66.179779,96.095306
277.353741,165.659384,69.886086,95.085434
275.555794,167.349314,72.175674,95.474922
271.304577,167.323622,78.267860,97.083008
270.874878,164.506652,79.594513,98.989227
272.038433,165.454081,79.468269,99.450325
278.120556,170.421244,75.951180,93.183022
283.139931,175.535456,75.290268,89.574318
287.553814,178.561095,77.008400,86.133209
291.670631,182.463023,76.898483,84.454048
297.678150,185.097384,74.996971,86.237083
302.434490,187.121874,73.757942,87.016167
303.170391,184.196406,75.588966,94.189461
306.267868,183.307265,75.682220,99.599579
313.776287,178.364768,70.371315,108.227493
318.757034,179.209967,68.233032,109.594803
321.666748,185.620661,67.927887,106.951149
326.902985,179.664633,64.972961,113.687210
330.923370,178.703280,63.966766,118.126884
331.467472,177.783827,65.063683,126.143707
331.787582,178.364684,64.215668,130.081177
331.199848,178.989943,74.256767,134.494598
331.586281,177.333037,74.903610,141.929504
330.818565,173.720801,76.289749,146.333054
332.343472,180.967116,87.901192,146.258820
331.770435,182.778014,92.436729,145.318115
330.048801,184.835967,89.943596,144.306458
327.096561,182.647696,91.303032,144.590958
326.018642,182.434287,90.442818,144.868851
323.698189,183.234152,89.182785,143.653946
322.981239,183.821692,88.319382,143.109726
321.239479,181.657759,88.048019,148.407623
322.361286,182.812399,86.945457,160.090347
320.204399,187.389136,89.867508,170.201889
320.531612,190.308470,88.699165,168.095337
323.397182,208.813223,85.443367,149.870987
320.258209,213.515990,90.754456,143.874695
320.773266,229.431723,88.411171,129.027054
328.912827,245.341483,79.268829,112.808304
321.518551,251.826338,83.184090,106.512299
315.414562,258.088191,56.206825,100.909004
312.482050,261.215418,58.018139,98.114174
315.686596,251.146929,80.976875,108.746819
326.026716,119.587618,52.676640,93.561516
322.818760,124.097224,59.174736,112.029152
325.267622,126.014151,56.702183,102.133041
325.006838,151.335105,61.936275,84.537613
325.315052,172.755660,69.703056,72.039886
345.603157,181.621108,63.718399,75.141327
356.217598,195.657332,67.586166,77.731415
365.192970,210.914321,68.808243,115.447937
373.266853,230.025889,71.519791,112.213814
366.239784,256.301787,86.999191,101.825836
368.666420,268.213233,96.040085,89.880630
367.241802,268.772246,108.087440,90.022125
316.691343,264.568019,61.090366,93.685432
315.730337,265.033774,60.590229,94.562210
318.074436,266.554438,66.831078,91.937325
317.133911,268.120150,60.202759,90.065575
317.805878,266.423903,79.179901,92.556488
317.445957,268.170840,84.076714,90.892906
317.315098,266.819800,80.352104,91.711288
317.270489,267.941599,84.196297,90.476570
316.347092,267.820056,70.158081,90.833549
317.489094,267.229193,78.487297,92.130234
316.324436,267.554446,84.214745,91.835075
317.039349,267.381442,84.809853,91.956688
317.035931,266.431948,85.599556,93.045341
317.356121,265.842776,85.609688,93.710869
316.945965,264.066348,85.437508,94.738152
316.802753,264.511958,85.353508,94.806740
317.192856,263.627684,85.523376,95.233246
316.860729,261.195124,85.449989,98.332008
316.869057,260.213637,85.530197,98.711884
316.319523,259.696013,85.218163,98.897736
316.502361,261.187728,85.310249,97.868378
316.206207,259.354384,85.255737,99.694702
316.701744,261.311312,85.359512,97.313011
316.424561,259.970725,85.432373,98.637955
315.383240,258.973498,85.035461,99.593285
314.724640,260.488482,74.423828,99.482872
314.545834,259.030409,68.173347,99.462402
314.085594,259.279029,72.846603,99.396652
312.231663,260.292826,65.622978,99.016731
316.749641,267.228995,49.080887,90.568741
315.437550,270.138247,47.333794,87.603355
315.330542,273.587145,48.563007,83.496147
316.186354,277.514361,46.551853,80.010124
314.978939,270.134562,51.541237,87.789711
309.672508,271.463591,52.517990,87.040833
309.993046,279.950083,57.731956,78.830544
305.646025,279.179888,55.805424,79.856956
294.759735,271.986849,65.141998,83.241539
288.421478,275.881312,76.045685,80.453102
369.678167,259.582482,31.924946,49.122753
369.328240,257.015223,31.375074,50.799782
369.172031,259.124442,30.755836,48.795547
369.219490,257.555571,30.548660,49.790833
369.247746,259.312594,31.196037,48.614510
368.862351,259.698853,31.240934,47.870220
368.896237,259.677371,31.236059,47.386482
367.776066,260.190453,31.653343,46.590923
368.111711,259.246796,31.006178,47.546169
367.449348,259.613595,31.462418,46.770687
367.341714,258.815680,31.318571,47.129318
366.054483,258.219134,32.334881,47.721794
366.424750,258.233941,31.256334,46.552074
366.043959,257.391499,31.131413,47.196232
366.262796,256.920512,30.618603,46.956978
365.797990,256.420415,30.892073,47.465534
365.891005,255.870825,31.383213,47.659149
365.219296,254.413621,30.852852,48.424252
364.998856,254.567151,30.721878,47.808613
365.513010,254.974808,31.310482,47.499065
364.975331,254.588359,30.296133,47.429665
364.558160,254.505093,30.525328,47.196629
364.480843,254.147643,30.023987,47.017532
364.398989,253.947981,30.551159,46.439758
363.930010,254.054970,30.438351,46.245998
362.948635,254.792586,31.519524,45.945847
362.330222,254.852400,31.943361,45.832642
