0.000808
0.031194
0.030943
0.030631
0.030267
0.030746
0.031303
0.030753
0.030108
0.030542
0.030249
0.030336
0.031242
0.030088
0.030521
0.030149
0.030368
0.030468
0.030315
0.030226
0.030489
0.030383
0.031114
0.031289
0.031280
0.030913
0.031284
0.030818
0.032404
0.031704
0.031475
0.030350
0.030816
0.031573
0.031688
0.030901
0.031965
0.031422
0.032242
0.031291
0.031714
0.031126
0.030825
0.031430
0.030759
0.031230
0.030764
0.031193
0.031001
0.031252
0.030789
0.031042
0.031482
0.031269
0.031158
0.031645
0.031776
0.030623
0.031096
0.032058
0.031109
0.030765
0.031265
0.033251
0.033179
0.031344
0.031963
0.031146
0.030528
0.032049
0.032886
0.030928
0.032193
0.031698
0.031447
0.031810
0.030506
0.031908
0.031261
0.031600
0.032681
0.031648
0.031564
0.031889
0.031870
0.033268
0.032013
0.032729
0.032485
0.037761
0.033368
0.031810
0.031593
0.031614
0.033322
0.031205
0.031613
0.031299
0.031781
0.032221
0.032078
0.032177
0.031629
0.032010
0.031619
0.030927
0.031742
0.032229
0.031759
0.031711
0.031443
0.031140
0.031559
0.031596
0.031982
0.031627
0.031721
0.031989
0.031454
0.031467
0.031785
0.031716
0.031088
0.032508
0.031768
0.030848
0.031604
0.030599
0.031361
0.031789
0.031745
0.031225
0.030687
0.031808
0.030972
0.031458
0.031200
0.031118
0.031058
0.031797
0.031083
0.031298
0.031879
0.030576
0.031285
0.031555
0.031694
0.031474
0.030782
0.030733
0.030845
0.030552
0.031156
0.031316
0.030691
0.031455
0.031042
0.031116
0.030368
0.030906
0.031757
0.031617
0.032536
0.030368
0.030890
0.030780
0.030518
0.030911
0.030743
0.030685
0.030606
0.031371
0.030885
0.030949
0.030643
0.031439
0.030914
0.030622
0.031063
0.030885
0.030540
0.030960
0.030631
0.031065
0.030499
0.030518
0.030672
0.030885
0.031589
0.031221
0.031741
0.030890
0.030778
0.031298
0.031456
0.031296
0.030979
0.030767
0.030742
0.031160
0.030302
0.030685
0.031924
0.031536
0.030641
0.030606
0.030392
0.030580
0.030338
0.030421
0.030529
0.030580
0.030235
0.031026
0.030936
0.030923
0.031596
0.030889
0.030936
0.030317
0.031013
0.030541
0.030719
0.031393
0.030526
0.031118
0.031393
0.031126
0.031377
0.030832
0.031538
0.030523
0.030728
0.030428
0.030749
0.030805
0.030517
0.030582
0.030720
0.030918
0.031494
0.031174
0.030687
0.030847
0.031536
0.030425
0.030679
0.030299
0.031654
0.030451
0.031224
0.031558
0.030442
0.030687
0.030526
0.030996
0.030749
0.031037
0.031043
0.031066
0.030553
0.030918
0.031163
0.030525
0.031521
0.030363
0.030759
0.031293
0.031288
0.030660
0.031109
0.030825
0.031860
0.031686
0.031241
0.031058
0.031510
0.030927
0.030700
0.031054
0.030844
0.031404
0.030851
0.030721
0.031408
0.031116
0.030449
0.030943
0.031072
0.031174
0.031091
0.030711
0.031572
0.031143
0.030910
0.031982
0.031176
0.030682
0.030604
0.030850
0.031602
0.031195
0.031041
0.031381
0.031083
0.030867
0.030958
0.030724
0.030951
0.031920
0.030612
0.030735
0.031005
0.032178
0.030843
0.031167
0.031817
0.031442
0.030567
0.031317
0.031251
0.030717
0.031044
0.030673
0.030550
0.030554
0.030610
0.030274
0.030683
0.031827
0.031376
0.030753
0.031845
0.031222
0.030436
0.030826
0.031433
0.031763
0.031208
0.031552
0.031310
0.032235
0.031713
0.031264
0.032344
0.031916
0.031502
0.031969
0.031436
0.032156
0.031033
0.030761
0.031189
0.031041
0.031358
0.031331
0.031729
0.031858
0.030760
0.031101
0.031127
0.030851
0.030644
0.031634
0.030769
0.030785
0.031125
0.030767
0.031562
0.030809
0.030573
0.031199
0.031832
0.030982
0.031426
0.030220
0.030690
0.030650
0.031417
0.031294
0.030484
0.031232
0.030820
0.031600
0.031150
0.031558
0.033144
0.032501
0.032097
0.031827
0.032194
0.032236
0.033122
0.031676
0.031894
0.031237
0.032058
0.031717
0.031721
0.031479
0.032863
0.031738
0.032644
0.032794
0.032786
0.032276
0.031921
0.031347
0.031495
0.031942
0.031566
0.031668
0.032182
0.032705
0.032963
0.031152
0.031114
0.031435
0.032481
0.031214
0.032836
0.032021
0.032283
0.031652
0.031668
0.031394
0.031655
0.032051
0.031766
0.031267
0.031358
0.031094
0.032112
0.031563
0.031966
0.031475
0.032796
0.031322
0.031542
0.032133
0.031857
0.031810
0.032598
0.031666
0.031529
0.031883
0.032141
0.031243
0.031240
0.031595
0.031823
0.031406
0.031258
0.032094
0.031790
0.032084
0.031492
0.031473
0.031361
0.031843
0.031729
0.032470
0.031831
0.031952
0.031051
0.030748
0.032464
0.032205
0.031570
0.032051
0.031194
0.032837
0.031646
0.032435
0.031080
0.031731
0.032028
0.030864
0.032421
0.030794
0.032791
0.031722
0.031345
0.031808
0.031700
0.031944
0.031001
0.030930
0.031394
0.031590
0.031311
0.030891
0.032375
0.031955
0.031376
0.032055
0.031003
0.030991
0.031477
0.030756
0.031110
0.030741
0.032216
0.032630
0.032310
0.031707
0.032163
0.032012
0.031116
0.032243
0.031268
0.031616
0.031734
0.031151
0.030590
0.031704
0.031624
0.031064
0.030940
0.030546
0.031141
0.031533
0.030693
0.031110
0.030609
0.030755
0.031606
0.031490
0.030554
0.030357
0.031693
0.031569
0.030385
0.032044
0.031899
0.031679
0.030857
0.031003
0.030605
0.030535
0.031507
0.031139
0.030505
0.031030
0.030895
0.031245
0.033143
0.030952
0.030593
0.031786
0.031913
0.030433
0.031406
0.030860
0.031761
0.030794
0.031080
0.030541
0.030000
0.031561
0.040491
0.031901
0.030351
0.030260
0.033148
0.031262
0.032122
0.031699
0.031779
0.031975
0.031645
0.032399
0.032256
0.032375
0.032417
0.032542
0.031344
0.030824
0.030819
0.030670
0.031053
0.031802
0.031428
0.031619
0.032454
0.031352
0.033164
0.030979
0.030984
0.031420
0.031821
0.032704
0.031442
0.031111
0.031785
0.031841
0.031174
0.030234
0.030355
0.032063
0.030510
0.030860
0.030630
0.032123
0.033393
0.031370
0.032443
0.030851
0.031169
0.030972
0.030907
0.032067
0.031703
0.031031
0.032148
0.031180
0.031798
0.031172
0.032044
0.034858
0.033131
0.031422
0.031505
0.032135
0.031268
0.031587
0.032098
0.032020
0.031402
0.030626
0.030558
0.030787
0.030631
0.030335
0.030489
0.030446
0.031030
0.031075
0.030879
0.030787
0.030420
0.030366
0.030937
0.031797
0.030540
0.030621
0.031814
0.030552
0.030202
0.030537
0.031473
0.031320
0.030935
0.030622
0.030694
0.031315
0.031014
0.030537
0.030598
0.030824
0.031092
0.030526
0.032217
0.031002
0.031346
0.030746
0.031097
0.031419
0.030443
0.031791
0.031592
0.030658
0.031887
0.031677
0.030531
0.032539
0.030506
0.030761
0.030851
0.030680
0.030498
0.030253
0.030997
0.030449
0.030668
0.030487
0.031307
0.031255
0.030437
0.031690
0.030315
0.030127
0.030464
0.030821
0.030730
0.030733
0.030229
0.030499
0.030409
0.030126
0.030925
0.030697
0.030253
0.030281
0.030861
0.030446
0.031069
0.030134
0.030849
0.030354
0.031061
0.031216
0.031539
0.030339
0.030840
0.030747
0.031226
0.029888
0.030679
0.030711
0.030812
0.030530
0.030964
0.030510
0.030062
0.029912
0.030732
0.030083
0.030893
0.030453
0.029985
0.030803
0.030621
0.030707
0.031013
0.029799
0.031029
0.030119
0.030149
0.030318
0.030381
0.030040
0.030210
0.030594
0.029836
0.030605
0.031283
0.031949
0.030973
0.030627
0.031375
0.030215
0.030722
0.030550
0.031091
0.031192
0.031399
0.030279
0.031095
0.030505
0.031134
0.031710
0.030624
0.030576
0.030859
0.030375
0.030361
0.031719
0.030561
0.030851
0.030518
0.030432
0.030622
0.030593
0.030504
0.031124
0.032014
0.031689
0.030554
0.032917
0.030906
0.031170
0.031099
0.030999
0.031701
0.031599
0.031580
0.030472
0.030986
0.030615
0.031323
0.031275
0.030706
0.030487
0.030347
0.032015
0.036062
0.030565
0.031178
0.031094
0.030691
0.030588
0.030869
0.031911
0.032002
0.031428
0.031182
0.031170
0.030556
0.031459
0.031245
0.031730
0.030302
0.031929
0.031003
0.031012
0.030388
0.030609
0.030899
0.031137
0.031557
0.031421
0.030361
0.030316
0.030758
0.031582
0.031525
0.030274
0.030756
0.030867
0.030908
0.031211
0.032139
0.031015
0.030882
0.031637
0.031562
0.030313
0.031261
0.031231
0.031433
0.030907
0.031666
0.030621
0.031667
0.030427
0.031784
0.030269
0.032019
0.030890
0.031117
0.030679
0.030482
0.031188
0.030697
0.031018
0.031217
0.031615
0.030987
0.030888
0.030769
0.030509
0.031618
0.030830
0.031322
0.030889
0.031058
0.031626
0.030262
0.032013
0.030491
0.031774
0.031638
0.030969
0.031152
0.030246
0.031053
0.031079
0.030386
0.031467
0.030451
0.031163
0.030470
0.031390
0.030633
0.031026
0.030814
0.030583
0.030375
0.031258
0.031025
0.030750
0.030849
0.030263
0.031294
0.031575
0.030709
0.030557
0.031559
0.031564
0.032400
0.030800
0.030575
0.030505
0.030283
0.030508
0.032196
0.032150
0.032087
0.030487
0.031694
0.031268
0.030860
0.031415
0.030248
0.030923
0.030372
0.030471
0.031134
0.031184
0.031142
0.031314
0.031588
0.030724
0.030449
0.031574
0.030767
0.030943
0.031653
0.031012
0.030963
0.030345
0.030922
0.030538
0.031214
0.031133
0.030979
0.030833
0.031079
0.030681
0.030753
0.030779
0.030975
0.031392
0.030694
0.030337
0.031100
0.030267
0.030137
0.030080
0.030228
0.030517
0.030859
0.030149
0.031560
0.030635
0.030380
0.031617
0.030548
0.030371
0.030828
0.031153
0.031103
0.031381
0.031351
0.031409
0.030789
0.031696
0.030430
0.030249
0.031019
0.030946
0.031560
0.030232
0.031176
0.030442
0.031737
0.031908
0.030895
0.030650
0.030485
0.030323
0.030319
0.030244
0.030178
0.030282
0.030453
0.031232
0.030872
0.031165
0.030298
0.030322
0.030969
0.030761
0.031518
0.030244
0.031589
0.030455
0.030932
0.030411
0.030287
0.031275
0.030342
0.030969
0.030250
0.030162
0.031505
0.030326
0.031698
0.030564
0.030462
0.030665
0.030583
0.030373
0.031247
0.030508
0.030230
0.031477
0.031159
0.031321
0.031002
0.030370
0.031303
0.031936
0.031255
0.031475
0.031808
0.030281
0.030505
0.030926
0.030076
0.031192
0.030795
0.030243
0.031661
0.030449
0.030499
0.031759
0.030354
0.030305
0.030124
0.030138
0.031016
0.030288
0.030908
0.031066
0.031722
0.030749
0.032157
0.031530
0.030871
0.030411
0.030882
0.030364
0.030298
0.031115
0.030877
0.030978
0.030498
0.030197
0.030343
0.031005
0.030689
0.030559
0.030426
0.030882
0.031757
0.030386
0.030873
0.030826
0.031455
0.030904
0.030342
0.030973
0.030582
0.030897
0.030289
0.031072
0.030978
0.030676
0.031169
0.030748
0.030497
0.031273
0.031142
0.030554
0.030666
0.030161
0.030522
0.031645
0.030005
0.030901
0.031926
0.030962
0.031018
0.030402
0.031549
0.031339
0.030532
0.031543
0.031236
0.031819
0.030852
0.031545
0.030753
0.032749
0.031875
0.031183
0.031394
0.031078
0.031136
0.030714
0.031434
0.030725
0.030522
0.032063
0.031311
0.031798
0.030702
0.031263
0.031372
0.031616
0.030787
0.030484
0.030822
0.031075
0.032009
0.031756
0.030687
0.031464
0.030886
0.030262
0.030715
0.030521
0.030714
0.030632
0.030588
0.030363
0.031370
0.031558
0.031421
0.030478
0.030245
0.035497
0.033287
0.031811
0.031205
0.031235
0.030108
0.031450
0.030640
0.030926
0.030260
0.030299
0.030321
0.030754
0.031108
0.030338
0.031465
0.030984
0.030805
0.031444
0.031331
0.030409
0.030615
0.030697
0.031615
0.031094
0.031018
0.031074
0.031249
0.031509
0.031219
0.031648
0.032825
0.032868
0.032803
0.031458
0.031799
0.031884
0.031243
0.030703
0.031759
0.030769
0.031177
0.031817
0.031284
0.030975
0.031829
0.030792
0.032013
0.032331
0.030723
0.031171
0.031488
0.032335
0.030910
0.030234
0.030301
0.030924
0.030958
0.032152
0.030267
0.031189
0.030293
0.031017
0.031271
0.031386
0.031692
0.031687
0.030941
0.030258
0.030501
0.031341
0.032792
0.031386
0.031967
0.036802
0.036616
0.037816
0.034023
0.031215
0.031040
0.031435
0.032133
0.030642
0.031143
0.031015
0.031105
0.031377
0.031128
0.031338
0.031217
0.031358
0.032505
0.031511
0.031187
0.030831
0.031103
0.031115
0.030240
0.030862
0.030230
0.031718
0.031460
0.031003
0.031496
0.030056
0.029990
0.030169
0.030311
0.030892
0.030135
0.030044
0.030133
0.030771
0.029999
0.032931
0.031556
0.032356
0.033373
