0.000884
0.032397
0.031746
0.031915
0.031285
0.032162
0.031581
0.030890
0.031510
0.031124
0.031597
0.030487
0.031548
0.031306
0.031530
0.031629
0.031261
0.031342
0.038801
0.031583
0.032578
0.038532
0.035871
0.037026
0.032447
0.031961
0.031576
0.033349
0.031735
0.030969
0.032184
0.031740
0.031539
0.032504
0.031704
0.031828
0.031072
0.032861
0.032477
0.032694
0.032318
0.032868
0.032307
0.033356
0.032829
0.032692
0.032337
0.032056
0.031763
0.039950
0.032120
0.032419
0.031731
0.031624
0.032129
0.034957
0.033560
0.033067
0.037030
0.031507
0.031706
0.031934
0.032081
0.031927
0.032131
0.031336
0.031169
0.031561
0.032586
0.032022
0.031913
0.031698
0.031591
0.031974
0.031892
0.032665
0.031599
0.031859
0.032141
0.033205
0.032056
0.031638
0.031724
0.031998
0.033132
0.031476
0.031780
0.031673
0.032190
0.031397
0.032029
0.031696
0.031643
0.031116
0.032808
0.031423
0.031699
0.032308
0.031943
0.032233
0.031696
0.031039
0.030850
0.031132
0.031123
0.032202
0.032265
0.031526
0.032621
0.032490
0.032170
0.031304
0.031443
0.031947
0.032050
0.031763
0.031936
0.032361
0.031084
0.031494
0.031672
0.032162
0.031309
0.030704
0.031655
0.031370
0.030649
0.031417
0.030767
0.032179
0.031489
0.031248
0.030983
0.032133
0.031850
0.030687
0.031755
0.032088
0.030844
0.030590
0.033151
0.031234
0.031192
0.031207
0.030904
0.031760
0.030815
0.032211
0.031799
0.032317
0.030931
0.031437
0.032052
0.031458
0.030518
0.030949
0.032158
0.032484
0.031748
0.030997
0.030540
0.031856
0.032306
0.031829
0.032188
0.031559
0.031255
0.030801
0.030879
0.031049
0.031180
0.031149
0.031276
0.030765
0.030815
0.030818
0.030762
0.031189
0.032289
0.030771
0.030881
0.030654
0.031580
0.031599
0.031326
0.030601
0.030560
0.031314
0.030457
0.031696
0.030400
0.031202
0.031642
0.030727
0.031256
0.031273
0.031552
0.031489
0.031581
0.030738
0.031649
0.030714
0.031552
0.031031
0.031695
0.030526
0.030508
0.031680
0.031220
0.031171
0.031805
0.030923
0.031163
0.030771
0.031193
0.031522
0.031419
0.031867
0.030483
0.031810
0.031323
0.031618
0.031021
0.030960
0.031812
0.031568
0.032148
0.035189
0.032594
0.031284
0.032186
0.032546
0.031978
0.032897
0.031725
0.031988
0.031689
0.030742
0.030784
0.030482
0.030728
0.031045
0.031731
0.030772
0.031788
0.030803
0.030523
0.031262
0.030472
0.031904
0.030450
0.031716
0.030371
0.031084
0.030637
0.031535
0.030727
0.030712
0.030566
0.030465
0.030402
0.030752
0.031732
0.030466
0.031731
0.031886
0.031774
0.031112
0.031770
0.031398
0.030302
0.030171
0.030698
0.030970
0.031142
0.030456
0.031707
0.030690
0.031728
0.030695
0.031636
0.030574
0.030446
0.031866
0.032494
0.031862
0.030543
0.030842
0.030461
0.030636
0.030673
0.030511
0.031527
0.031602
0.030713
0.031416
0.031405
0.032321
0.031096
0.030548
0.030543
0.030584
0.030777
0.030902
0.031176
0.031449
0.031315
0.030808
0.031475
0.030501
0.031381
0.031643
0.031384
0.031231
0.031467
0.031740
0.030610
0.030356
0.031531
0.031036
0.030803
0.031446
0.030275
0.030291
0.030308
0.031650
0.030524
0.030248
0.030175
0.030327
0.031361
0.031029
0.030322
0.030360
0.030432
0.031665
0.031276
0.030517
0.030002
0.030020
0.031057
0.031243
0.030594
0.029970
0.031215
0.030220
0.030055
0.030693
0.030176
0.030570
0.031219
0.031046
0.030500
0.030078
0.031393
0.030411
0.030023
0.030952
0.030946
0.041046
0.030234
0.030242
0.030260
0.031064
0.030152
0.030031
0.031680
0.035925
0.034128
0.032041
0.030575
0.030870
0.034505
0.033928
0.036710
0.034075
0.033827
0.034505
0.036187
0.036044
0.035653
0.033731
0.035832
0.034326
0.034453
0.034680
0.034932
0.036006
0.034757
0.034669
0.034648
0.034193
0.035939
0.034730
0.035413
0.034941
0.034736
0.036478
0.034730
0.036070
0.036357
0.034663
0.034793
0.034159
0.035238
0.035096
0.034960
0.035089
0.035748
0.048091
0.035463
0.035543
0.035377
0.036076
0.035531
0.035643
0.035718
0.035401
0.035491
0.034221
0.031340
0.030803
0.032095
0.032751
0.030234
0.030925
0.030175
0.030115
0.030125
0.031197
0.030389
0.030671
0.030068
0.030314
0.030190
0.031315
0.030764
0.030136
0.030064
0.030558
0.030299
0.030299
0.030069
0.030819
0.031351
0.030719
0.030857
0.030809
0.030331
0.030927
0.030983
0.030450
0.031754
0.031355
0.031871
0.031896
0.031197
0.030867
0.030642
0.031733
0.031672
0.032012
0.032754
0.032590
0.031228
0.031913
0.031027
0.031459
0.031207
0.031789
0.031084
0.031828
0.032116
0.031360
0.033296
0.031409
0.032158
0.031303
0.032160
0.032217
0.032358
0.032479
0.031805
0.032862
0.032239
0.031654
0.032225
0.031292
0.032310
0.031201
0.032316
0.031954
0.031764
0.032035
0.032013
0.031804
0.031404
0.031980
0.032092
0.033028
0.033196
0.031742
0.032626
0.032601
0.031206
0.031587
0.030504
0.030396
0.030788
0.031211
0.031049
0.030618
0.030852
0.032205
0.032193
0.033007
0.032707
0.032879
0.032044
0.032257
0.032268
0.031967
0.032838
0.031776
0.031388
0.033153
0.032518
0.031552
0.031566
0.031982
0.032381
0.032722
0.031531
0.031843
0.032659
0.032436
0.032224
0.031643
0.031564
0.031700
0.032851
0.032525
0.032050
0.032714
0.031783
0.031922
0.032700
0.033177
0.032106
0.033296
0.033756
0.031777
0.031744
0.031859
0.031945
0.031807
0.031925
0.031502
0.032570
0.032074
0.032177
0.033256
0.031611
0.031742
0.031852
0.031773
0.032051
0.031916
0.031937
0.033445
0.032312
0.032063
0.032115
0.033270
0.033513
0.031901
0.031905
0.032174
0.031911
0.032033
0.031670
0.032705
0.032489
0.031796
0.032698
0.032697
0.033641
0.032456
0.031890
0.031803
0.031538
0.032890
0.033053
0.032864
0.032225
0.031789
0.032826
0.032218
0.033794
0.033506
0.033412
0.032995
0.032946
0.032952
0.033072
0.033398
0.032630
0.032298
0.032767
0.033057
0.034893
0.032040
0.032470
0.032667
0.033320
0.032922
0.032526
0.032437
0.032623
0.032824
0.033809
0.032963
0.032883
0.033208
0.033381
0.032446
0.033098
0.031957
0.033736
0.032175
0.032681
0.032720
0.031808
0.031975
0.032391
0.033124
0.032089
0.033115
0.031396
0.032477
0.032206
0.033145
0.032259
0.032083
0.031837
0.032067
0.031358
0.033709
0.031686
0.032480
0.032825
0.032006
0.031475
0.032188
0.033451
0.033766
0.032898
0.032592
0.032870
0.033064
0.033539
0.032396
0.032315
0.032466
0.032848
0.034127
0.034307
0.032910
0.033260
0.032787
0.033139
0.033491
0.033283
0.033471
0.032494
0.032925
0.032817
0.032053
0.033249
0.032186
0.032058
0.032133
0.033428
0.032647
0.031845
0.031674
0.032866
0.031992
0.031972
0.032482
0.031748
0.032847
0.032012
0.032664
0.033533
0.032167
0.031882
0.032558
0.032008
0.033369
0.032101
0.032029
0.032902
0.031708
0.032778
0.032826
0.032540
0.032565
0.033484
0.032523
0.032604
0.032432
0.032043
0.031893
0.032532
0.032530
0.032776
0.032342
0.031719
0.031270
0.032130
0.031164
0.031976
0.032082
0.031858
0.032105
0.032090
0.032891
0.032615
0.038594
0.034465
0.032428
0.032670
0.032136
0.032893
0.031698
0.032067
0.032075
0.033961
0.032531
0.032690
0.032093
0.033573
0.032690
0.032783
0.032369
0.032594
0.032067
0.032094
0.031028
0.033319
0.030779
0.031269
0.030562
0.030782
0.030767
0.030345
0.031538
0.030799
0.031015
0.030791
0.030329
0.030815
0.031524
0.030400
0.030677
0.030441
0.031386
0.030799
0.031705
0.032347
0.031436
0.031117
0.031677
0.031758
0.031017
0.030483
0.031208
0.030642
0.030739
0.032724
0.033535
0.030885
0.031891
0.031686
0.032102
0.032939
0.031901
0.033060
0.032349
0.032377
0.032192
0.032922
0.032899
0.030928
0.032800
0.031869
0.031678
0.031444
0.032407
0.031290
0.031559
0.031541
0.031988
0.032142
0.031530
0.031238
0.030880
0.030525
0.031386
0.031479
0.031425
0.031350
0.032671
0.031869
0.032092
0.032388
0.032201
0.032921
0.032207
0.032591
0.032575
0.033057
0.032527
0.032432
0.032530
0.032628
0.032952
0.032490
0.032534
0.032819
0.035783
0.034486
0.032543
0.032697
0.033421
0.033461
0.031196
0.031383
0.032401
0.032221
0.032138
0.032349
0.032388
0.031893
0.033375
0.032112
0.032466
0.032251
0.031665
0.032858
0.032889
0.032133
0.032396
0.031906
0.031458
0.033409
0.032012
0.033231
0.033468
0.032715
0.033307
0.033037
0.032223
0.032487
0.032219
0.032085
0.032101
0.032043
0.031315
0.031538
0.030801
0.031673
0.032281
0.032232
0.033036
0.033040
0.033320
0.033464
0.032887
0.033560
0.031989
0.033158
0.031796
0.033232
0.032624
0.032339
0.031552
0.031541
0.031010
0.030762
0.031189
0.031532
0.031737
0.030703
0.031150
0.030807
0.031568
0.030894
0.030718
0.030841
0.031850
0.030798
0.032124
0.032380
0.032821
0.030823
0.031128
0.030873
0.030868
0.032391
0.031255
0.030596
0.030936
0.031532
0.031847
0.031125
0.031584
0.032012
0.031916
0.032527
0.034092
0.032112
0.032983
0.031827
0.033117
0.032479
0.033704
0.031874
0.032757
0.032879
0.032652
0.032407
0.033029
0.032004
0.032169
0.032308
0.032475
0.031933
0.032362
0.032416
0.032704
0.032540
0.032564
0.032859
0.031778
0.033124
0.033749
0.034748
0.033130
0.034098
0.031772
0.031190
0.031164
0.030746
0.030769
0.031615
0.030753
0.032019
0.030838
0.032195
0.032074
0.030890
0.031689
0.030904
0.030834
0.030848
0.030915
0.030846
0.030826
0.031415
0.030421
0.031068
0.031160
0.032109
0.032036
0.030698
0.031843
0.032005
0.031690
0.031962
0.030691
0.031734
0.031109
0.031148
0.030527
0.031431
0.031138
0.030636
0.031990
0.031457
0.031503
0.032109
0.031622
0.032240
0.032327
0.031666
0.031005
0.031828
0.031549
0.031010
0.031219
0.030828
0.031436
0.030775
0.030933
0.030930
0.032095
0.031155
0.031614
0.030765
0.032865
0.031851
0.031950
0.032075
0.032033
0.034426
0.032658
0.031250
0.032396
0.032043
0.032620
0.032040
0.031375
0.030825
0.031220
0.030778
0.031625
0.030723
0.030894
0.030768
0.031681
0.032277
0.031213
0.031671
0.031446
0.031768
0.031653
0.032000
0.031881
0.032838
0.032107
0.031388
0.031584
0.031840
0.031376
0.031478
0.031214
0.031701
0.031060
0.031278
0.031853
0.031266
0.032275
0.030720
0.031719
0.031188
0.032098
0.031318
0.031805
0.031911
0.031046
0.031562
0.030981
0.031027
0.031924
0.031243
0.031475
0.031439
0.032384
0.031042
0.030623
0.031053
0.032065
0.032514
0.031427
0.031733
0.031608
0.031340
0.032518
0.031161
0.031055
0.031004
0.031346
0.030596
0.030974
0.030897
0.032736
0.030979
0.030757
0.030998
0.031773
0.031722
0.030798
0.030791
0.030787
0.031419
0.031019
0.031109
0.031208
0.031155
0.031378
0.032640
0.030861
0.031939
0.030644
0.031174
0.031887
0.031909
0.031287
0.030673
0.031035
0.031089
0.031616
0.031260
0.030619
0.031524
0.031127
0.030811
0.032454
0.032059
0.031876
0.031609
0.031655
0.032345
0.032692
0.031028
0.031420
0.031069
0.031245
0.031917
0.032715
0.032925
0.032727
0.032247
0.032898
0.032731
0.033842
0.031705
0.032651
0.030900
0.031652
0.031583
0.030648
0.031717
0.031103
0.030648
0.030908
0.032153
0.030564
0.030288
0.030568
0.030437
0.030568
0.032105
0.031259
0.031260
0.031706
0.031893
0.030919
0.030558
0.030556
0.030517
0.031049
0.031568
0.030831
0.031343
0.031661
0.030792
0.031427
0.031168
0.031411
0.030724
0.030430
0.030164
0.029869
0.030679
0.030183
0.030348
0.031189
0.030513
0.029904
0.031199
0.030728
0.030316
0.031483
0.031432
0.030673
0.030502
0.030534
0.030888
0.030755
0.030847
0.030694
0.031371
0.031466
0.030481
0.030527
0.030849
0.030694
0.030621
0.031797
0.030680
0.031307
0.030612
0.031873
0.031867
0.031676
0.031900
0.031267
0.030580
0.030629
0.030955
0.031715
0.031860
0.031413
0.030638
0.031500
0.031289
0.030507
0.030729
0.030343
0.030889
0.030526
0.031125
0.030712
0.030491
0.030650
0.030594
0.030124
0.030686
0.030038
0.031121
0.030075
0.033250
0.031026
0.031355
0.030513
0.030676
0.031183
0.030242
0.030371
0.030267
0.030136
0.030633
0.031045
0.030497
0.030672
0.030604
0.031037
0.030522
0.031591
0.032413
0.031075
0.030744
0.030074
0.030172
0.030243
0.030791
0.030072
0.030238
0.032151
0.034361
0.038712
0.037000
0.034714
0.036288
0.037654
0.037939
0.038053
0.035300
0.036254
0.035695
0.036525
0.038426
0.039348
0.035189
0.035833
0.035754
0.034666
0.035337
0.034676
0.033687
0.030445
0.031239
0.030430
0.030869
0.030598
0.030347
0.031776
0.030853
0.030985
0.032095
0.030600
0.030631
0.032123
0.030464
0.031425
0.031380
0.030970
0.032163
0.031874
0.031435
0.032235
0.032389
0.031452
0.031576
0.031297
0.031054
0.030991
0.030561
0.030293
0.030397
0.030501
0.030303
0.030702
0.032105
0.030912
0.031033
0.030870
0.030861
0.030891
0.030865
0.031015
0.030465
0.030677
0.030507
0.032086
0.031515
0.030247
0.031197
0.031064
0.031244
0.030205
0.030827
0.031185
0.030339
0.030399
0.030611
0.030498
0.030501
0.031715
0.030471
0.030066
0.030298
0.030196
0.031294
0.031246
0.030539
0.030239
0.030055
0.030123
0.030904
0.030838
0.030970
0.030714
0.030250
0.030238
0.030329
0.030597
0.030376
0.030696
0.031630
0.030500
0.030796
0.031235
0.031984
0.030751
0.030121
0.030877
0.030851
0.030169
0.031499
0.030735
0.030296
0.030341
0.030716
0.031477
0.030593
0.030381
0.030313
0.031217
0.030515
0.031055
0.030205
0.031232
0.031381
0.030481
0.030809
0.030201
0.030590
0.030883
0.031320
0.032154
0.030804
0.031547
0.030217
0.030773
0.031153
0.030500
0.030771
0.031224
0.031272
0.031381
0.031492
0.031376
0.030949
0.031647
0.031150
0.030503
0.030450
0.030286
0.031410
0.030400
0.031483
0.030675
0.030202
0.030656
0.030424
0.030466
0.030962
0.030580
0.031065
0.030434
0.031432
0.030469
0.031720
0.031618
0.030345
0.031556
0.032456
0.032154
0.031022
0.030603
0.030533
