822.000000,522.000000,164.000000,99.000000
835.319382,516.671162,161.950714,109.737267
857.754692,507.748047,151.374405,119.524536
865.306458,498.616005,152.143188,128.734604
865.501213,498.754326,157.849991,129.039139
877.228226,491.224617,152.252228,135.310959
894.241638,482.013474,136.972290,142.972931
899.254761,475.195915,139.609924,147.794266
907.944092,456.351616,138.948608,162.896439
922.776222,445.743622,133.788071,168.676270
926.479271,446.283333,132.283890,168.132248
942.343384,438.107002,122.859131,172.400314
959.752151,440.562462,116.917999,172.475540
969.944519,441.600403,136.708191,183.763855
979.932289,449.083969,132.669968,178.578766
990.372047,463.828438,120.691086,163.919052
989.289154,464.308037,121.459351,163.357803
996.604473,479.571274,113.454811,149.300140
997.706718,491.920013,108.770340,136.843628
993.883686,502.001816,107.905663,129.191010
991.514481,516.643837,107.385284,118.008224
988.532574,522.221310,108.588722,127.675667
990.020977,523.203728,108.519508,125.567581
981.940842,509.312347,117.825714,142.231018
977.302124,510.591187,119.465759,142.164246
967.887581,511.315697,127.119797,142.066360
954.209778,515.682076,138.301025,139.166611
948.524094,519.811111,140.939178,134.849335
948.650566,519.231102,140.325272,135.701004
942.010597,520.338173,141.972153,133.750961
930.076080,523.713676,146.262939,133.108231
914.317619,529.423313,153.598404,126.494072
887.985680,529.139587,173.055862,125.921326
872.184288,528.598381,184.107559,123.867996
871.033958,529.571201,186.857925,123.391045
864.417511,529.847565,185.202271,122.048279
863.142189,526.147644,176.870285,124.260315
859.450172,526.581627,166.603806,125.267776
853.284470,527.376713,166.964508,119.616386
843.034309,525.282150,171.356430,117.466705
842.465996,523.384663,170.743484,121.259483
837.357185,524.199585,173.519699,117.569336
831.748314,523.405689,180.386795,119.128014
817.526688,523.251831,195.749054,121.521851
809.932526,525.353649,199.990967,124.798012
807.787865,529.890575,195.754959,119.076088
808.985283,531.069180,195.635818,118.593086
801.776268,530.844891,185.670853,119.300148
797.684166,530.474297,167.203140,119.948746
793.441261,527.258682,151.649765,124.688080
790.869965,527.447910,148.946167,123.247002
766.607445,524.109657,168.650345,125.727890
766.673210,524.783607,169.637589,125.108688
746.705505,520.684090,184.768372,129.931931
749.510452,519.464577,178.941132,133.901047
737.820992,511.204147,184.734421,140.979706
731.456635,514.075035,174.010803,138.304642
731.447342,501.637344,163.021637,149.375702
726.956894,504.266167,166.542389,146.197464
721.735207,491.264885,157.333115,157.320816
719.124443,484.704491,154.065811,162.884903
712.228127,479.123817,155.503220,165.578781
708.770935,475.790222,155.000244,168.176453
690.906273,469.191788,165.917557,173.535065
702.366081,475.547020,154.692154,168.412003
669.549133,479.141792,179.094421,165.267075
688.736336,476.112373,140.732773,169.528244
677.866707,472.705505,125.176071,175.205688
676.209000,470.858391,117.569000,176.680557
673.009769,471.452728,115.357658,182.033752
675.191242,478.881424,113.415367,172.265411
665.410198,484.648911,115.200539,176.418854
662.939690,494.412239,113.630569,171.020248
656.993969,481.588333,112.944313,187.789581
658.203419,499.674553,108.352257,170.939468
653.616627,501.938148,106.357689,169.997482
655.096664,503.884537,105.183502,167.155853
641.468117,498.922470,114.990341,178.141022
635.762794,497.598389,113.947617,182.218689
628.916649,493.814819,113.878250,186.193481
636.077084,491.828568,101.925179,189.831146
628.515732,491.679985,103.207733,189.945633
628.443588,490.680679,103.973236,192.684540
624.763332,490.666336,105.663521,192.783112
619.082710,485.652008,106.737228,199.007507
623.643139,481.991653,102.244728,202.924591
625.914913,482.516388,101.357430,202.065063
622.725952,480.748528,103.352051,203.518204
625.183598,482.907852,101.682732,202.159027
622.993874,480.964149,102.087631,203.776291
623.410992,479.016434,102.011147,205.061371
624.285271,478.691238,101.078873,204.227936
624.216537,478.019325,99.971954,204.951584
622.204433,479.419685,100.718330,202.702194
623.117687,479.220047,100.872414,203.228424
620.341988,480.291801,101.008224,201.720718
619.606739,481.716583,102.033287,201.657349
618.060795,479.321098,103.035698,202.476273
616.808529,482.566200,101.417122,200.621017
618.869881,479.004776,100.514694,203.889374
618.276955,478.636398,99.999130,204.080170
619.654213,478.331345,98.158798,203.401642
618.850395,476.926399,99.359818,202.189072
619.364792,478.039604,99.256439,199.940445
626.529133,476.707779,92.709923,199.837555
624.443428,482.373199,95.038193,195.997192
624.420719,478.208931,97.211845,200.989609
625.350853,474.758301,101.650772,206.205261
625.215340,472.735725,100.934555,208.075912
621.659275,471.878098,105.165092,212.532806
621.956654,473.686882,107.905418,211.324600
619.223675,474.346130,105.321083,214.482971
620.085827,474.002220,105.414650,213.487137
618.960789,478.346169,106.664665,212.773849
621.371803,476.720436,103.350388,204.064133
616.701439,478.099663,110.521378,219.789810
616.104630,484.259010,110.853851,215.420090
615.675163,467.572357,111.068924,231.255249
613.143135,462.793259,114.920944,240.684174
612.082672,482.815025,117.952271,222.582169
609.923096,459.664009,110.767944,243.366806
612.639576,469.818748,114.369591,243.805130
611.075081,464.024391,115.720566,252.693466
609.791740,494.741760,123.091629,220.924561
612.413261,487.539986,112.506546,229.861862
605.901833,477.664032,119.957932,238.864136
602.416939,478.458527,125.291489,237.954346
602.326069,493.181404,125.778709,221.152695
600.840336,477.510010,126.188042,240.006226
605.074120,479.561378,121.124100,239.244797
601.839561,480.976311,123.015213,235.210281
605.316490,479.630234,120.820084,237.571625
604.862572,469.914337,122.118729,240.744019
607.296860,466.649490,119.454315,240.358002
609.027985,458.440620,118.432312,243.981674
607.568371,450.673805,120.091225,245.673813
606.110149,434.231750,123.351601,261.410095
608.860020,424.700027,120.414238,263.778778
608.848179,413.536301,119.786064,262.540558
610.684467,410.801163,123.617210,255.817291
612.054581,417.340363,122.219269,244.028442
612.029354,407.606224,120.441170,250.944717
613.469753,402.674751,120.991463,255.499619
612.606125,409.995155,122.905365,247.330307
611.615688,407.185417,122.771431,245.192825
612.005096,422.146019,124.492859,230.555130
611.263653,426.542580,127.577370,221.733566
608.756599,434.886040,130.036728,217.535355
612.742790,420.825348,126.480728,229.808228
608.453094,431.927734,129.875122,217.939819
607.546837,420.638214,129.640396,224.861389
608.711758,435.043739,126.422676,214.342392
601.529968,411.322983,133.144470,233.978180
602.423958,420.840919,129.243942,228.541550
600.268867,433.477577,135.455002,215.337692
600.097305,413.512924,131.096344,230.961029
598.583153,428.571907,129.522293,220.209518
594.138817,411.309860,133.104813,233.269623
594.414742,422.442810,131.911301,226.384583
593.413673,426.435745,132.766403,223.550629
595.307892,434.811058,130.448425,215.296524
591.492653,421.202698,133.726730,224.147461
591.435524,399.720718,136.358444,245.836517
593.572029,426.476616,131.345261,219.291092
591.719742,415.360039,132.963043,224.422928
593.045052,429.295288,133.020676,216.534790
591.682182,421.941071,133.651688,218.229675
590.797676,423.981468,134.002304,220.022720
591.623215,412.482430,134.256927,229.622849
594.746826,424.712990,129.102234,216.360397
594.208092,407.592819,130.820694,233.473969
607.876358,421.939262,116.145355,181.981522
600.439629,419.665871,123.094681,204.622971
595.408840,415.498207,126.622932,221.694931
609.928841,417.582672,111.779404,181.823242
590.608864,399.839996,135.152084,230.889038
591.110962,394.721970,135.143738,241.602020
589.006996,402.938988,133.630356,239.296219
589.948990,395.661156,137.098114,251.055130
593.739632,398.051849,130.659775,242.723145
592.153572,402.953690,130.302780,242.284882
595.183853,401.299973,125.778046,238.972076
590.708000,408.086044,131.013443,238.424225
586.335739,524.085194,127.225067,126.641441
589.347382,419.835045,130.172180,212.186661
588.713951,416.006927,133.050003,234.877991
587.482193,421.822708,133.328339,230.012421
587.468254,421.799644,132.757584,233.075027
584.667953,425.300507,136.494049,234.850037
581.245689,425.721985,140.324234,237.071655
579.642677,425.902176,143.877304,236.881866
579.294991,428.612427,142.845505,241.768127
578.198441,433.346230,144.373566,241.649277
576.633865,433.991760,147.814056,246.953369
575.024734,435.699692,149.841583,250.547455
578.575729,437.265717,156.155853,251.743469
578.872879,435.417236,153.940460,243.090515
582.195496,437.367210,153.784058,255.808487
583.263580,437.479790,155.527710,255.057083
590.204803,437.759041,153.737000,255.295273
587.469131,436.887482,155.771454,256.398499
592.439957,438.247940,156.700287,253.785553
590.429054,436.341782,157.434616,257.982941
590.919792,435.167725,157.801834,259.436951
590.923393,433.474670,160.458389,259.557617
591.468857,431.709839,158.326508,260.944824
593.994637,430.054474,155.252243,260.807739
594.425049,427.750671,155.463623,261.034363
595.005470,430.288727,152.986740,258.582825
594.617371,427.989105,153.413086,260.553345
596.557442,429.151657,151.137558,257.905365
594.334030,424.768097,152.121307,260.187317
598.738968,427.443512,150.113617,259.389282
601.238319,425.251060,148.298447,247.801346
607.487198,423.850517,140.268280,253.772415
600.162636,436.360573,146.618515,239.264572
601.055298,426.993393,148.734924,254.798737
600.792000,434.628990,153.107285,250.567947
600.489616,424.775307,153.173172,248.846542
606.672768,427.099503,147.568466,255.063263
605.196762,424.667992,150.560028,245.128616
630.603916,425.160645,123.931694,205.268982
612.784271,420.168106,141.892151,237.140961
611.303223,421.153290,142.502625,245.562012
618.523888,419.102036,135.856888,238.650543
605.049370,421.609108,147.605606,248.645798
610.925598,426.405403,143.456909,249.889084
606.587402,431.357643,146.415344,223.639511
614.438072,424.922256,139.269791,239.313934
613.527092,426.040497,138.881729,223.342468
601.079079,422.531143,149.747665,248.515350
603.751701,430.378799,149.288956,242.357025
601.656273,427.080383,149.934952,233.090515
603.672546,423.699638,147.846497,244.595169
602.619720,419.721008,148.915405,238.665894
607.185822,415.867126,143.327087,241.037354
600.994965,419.957230,149.282654,234.426788
601.691147,422.761757,149.457794,234.665878
599.645195,425.002808,149.887100,244.758606
596.597000,433.561005,153.654144,232.076050
594.042763,402.628906,156.690659,271.863159
597.558716,429.608627,154.348206,246.725494
594.047112,428.283501,156.683914,232.690079
596.862427,412.935532,153.514954,263.057404
600.863258,420.042557,151.460678,250.680389
595.657181,415.891129,156.558990,251.548798
602.909149,416.884949,152.567932,245.051941
601.704750,416.419662,155.626938,233.970306
600.208794,413.758125,156.773636,239.894638
597.099831,414.827690,164.795334,230.122269
595.460449,412.868507,165.966431,245.882858
593.563568,417.675827,167.087219,241.552032
599.629005,412.894577,156.790817,245.536407
594.085831,414.381805,161.012115,246.514526
603.342979,410.761940,156.862747,233.562180
597.428520,410.722404,159.604996,235.676529
596.313286,410.372803,163.891678,235.130066
596.090424,408.837799,163.735413,234.286682
598.325829,407.165421,161.373184,228.875519
611.690216,407.044418,147.510742,192.317413
614.250580,406.269791,137.902527,215.703461
603.432114,404.311722,157.495697,235.494232
616.249725,401.617523,145.571411,191.876221
612.996300,398.580879,146.786087,191.646957
627.143486,400.825539,125.101151,199.642319
628.017067,404.373482,130.206406,196.447739
612.465858,404.634605,141.136703,207.952164
596.845482,403.643326,161.960831,234.378998
602.920296,398.929810,151.698288,220.893127
594.606155,400.982483,160.706512,236.145386
594.061539,400.594810,159.042755,235.370071
601.247650,397.678207,150.989746,220.547638
590.656433,398.405914,159.190369,237.170105
595.792831,396.627541,155.620026,233.054550
615.638039,392.003807,134.524216,197.801407
619.462029,397.792145,129.378006,206.126099
607.987358,396.101166,144.619339,212.290039
598.060333,394.001923,153.815247,228.911194
615.976501,389.363274,134.546326,186.784561
610.538002,390.479385,136.695114,223.441315
597.580673,391.978043,150.193268,229.009796
616.828384,389.039619,134.145050,187.388412
620.278267,387.939438,128.092148,203.450104
618.597214,386.336098,128.871613,204.082687
608.581612,385.763863,141.210678,209.805527
592.883781,385.411667,156.706314,236.142181
625.710831,385.279579,126.875885,173.644333
588.046204,384.327805,163.079041,226.122284
587.540009,382.631554,162.496582,240.915604
595.360970,383.147324,158.862411,243.141571
602.800331,384.077118,151.011642,230.419800
585.928589,383.623459,167.349670,252.215546
596.054741,381.178596,162.485550,239.110764
583.258972,382.238022,171.399231,266.340607
624.757278,381.681473,141.010773,213.198822
596.286621,386.350632,160.341248,232.062225
579.102440,381.768158,177.665115,272.014282
626.784004,382.483444,141.015610,183.216339
597.618523,381.965271,161.651260,246.187256
575.249588,380.765869,185.859039,277.678101
587.283539,376.718163,174.944214,254.647171
569.369812,382.509735,188.215393,271.406067
564.043800,380.291519,197.425278,279.164642
555.209717,379.837753,203.505554,299.637604
572.462006,379.476501,198.736816,274.656372
557.281334,380.574677,207.471573,306.048401
563.008827,375.443100,204.733383,280.072174
550.177200,379.701584,215.685333,319.786774
591.008316,372.103874,187.151398,242.505753
582.658867,365.982697,180.778152,258.504333
603.731430,362.001968,158.215912,266.212494
572.316032,352.299789,204.640213,277.846222
544.160751,335.929749,228.801849,334.436279
546.363350,335.531876,230.209641,324.542572
546.039993,330.449265,227.467072,325.773346
535.804985,328.097946,232.562088,338.857086
534.886391,326.000259,236.550034,337.838959
528.360306,324.798584,239.379791,341.557495
525.667572,320.381744,248.544556,351.058411
550.188751,312.118835,227.917480,341.683228
519.070160,306.089844,258.362061,388.740967
584.212219,305.663986,215.860046,291.497223
514.405746,306.159332,261.619843,364.043762
518.241898,297.587326,261.576447,389.717926
528.508026,293.347458,258.337769,375.044464
524.590698,288.215851,257.331970,379.063293
512.984375,283.390182,266.621765,391.069611
511.138626,281.881882,269.431061,409.397369
517.784866,283.328644,264.561554,398.054016
513.757462,282.366272,266.789337,405.048950
571.663414,269.363312,223.114151,357.930237
587.195061,265.236862,212.696121,365.713287
534.053848,257.517731,261.604645,401.753113
514.834824,258.063492,279.190277,431.352020
521.569031,265.976822,278.231750,403.434784
513.745026,260.443695,290.180786,427.596497
505.242264,267.439758,312.240997,429.572510
599.671677,257.888916,223.423309,358.391235
601.392319,238.543442,230.337006,392.184113
560.546906,229.694534,274.608887,423.640106
531.128403,228.910416,300.271576,462.301361
519.160736,208.272552,323.684448,458.029602
515.635086,209.621674,335.243195,459.483093
569.444351,205.143036,283.664215,408.936218
539.599045,174.257874,324.117401,476.787842
518.448578,171.989487,354.038208,483.982452
596.285751,157.693268,283.908295,375.187683
616.408813,153.697678,258.764099,412.616974
635.582581,137.981750,248.519836,352.361328
609.160675,136.158295,271.873047,369.699158
630.485031,124.058075,263.421600,365.449768
593.731796,120.763382,300.476288,475.810150
638.712936,121.586014,262.334442,358.748138
613.474609,123.863571,287.342834,423.410797
646.729172,138.096497,258.052338,382.146240
612.278549,136.572968,292.093353,446.661682
653.317810,135.699356,261.774963,348.451141
662.759857,144.432632,261.208740,380.279633
660.078339,138.272461,265.571167,356.692505
665.944870,149.286041,268.711395,387.000793
661.888702,142.520035,272.060913,354.618134
652.279221,139.088287,283.098236,414.152283
639.649750,115.893448,299.767700,478.389130
646.025742,148.093918,289.394989,382.423248
667.083099,102.713562,271.584229,379.315674
658.941330,89.429474,284.240082,381.878479
653.784012,102.856628,290.022614,454.388062
621.119461,122.377838,325.300934,431.439880
629.545456,81.817688,313.098114,452.951050
629.412506,102.932114,322.446533,467.276886
636.962997,75.414719,313.608978,444.318024
646.515778,75.260712,338.737305,452.841858
635.331100,65.363037,371.340302,474.816772
645.569000,62.117249,355.090332,463.729248
643.985138,51.070236,360.942871,444.104767
628.175797,40.203522,392.709747,529.063538
624.980743,54.560028,342.165771,520.279968
601.251770,13.098358,393.032410,611.594910
618.886337,44.786163,397.423431,587.565002
603.590393,8.363068,421.685486,700.860657
575.444550,13.175262,453.770630,655.479919
554.020401,12.033020,480.222198,672.094727
517.289978,15.520172,516.690857,701.459534
659.909393,13.985733,382.928833,481.383636
662.458633,6.375183,380.016632,518.290771
648.848862,8.586853,398.942474,474.874268
677.731232,6.020538,365.025391,447.073059
651.383087,3.598724,391.733643,397.876038
653.426575,8.470795,382.808167,392.878113
634.233810,25.065475,395.281830,493.969757
489.969879,76.784454,527.958862,607.719788
476.191742,37.371826,550.423340,652.769653
475.196228,26.519043,545.429993,671.878784
469.624634,62.660583,559.485535,624.901123
468.661224,37.199402,547.582275,628.362061
463.015167,77.767517,538.010864,572.729980
478.936401,1.140289,547.316101,650.309631
509.881714,18.609161,520.218933,558.838440
626.601044,13.574707,403.323975,427.870483
683.083862,6.124985,342.940125,338.246857
658.292633,8.356430,358.863281,462.065216
691.654800,8.025757,336.610382,327.265503
684.207809,2.228394,339.413666,339.802856
660.116028,2.991882,361.166687,406.791138
688.806213,6.048920,341.867126,314.804382
676.608337,4.092590,351.746033,327.372192
672.765060,11.593155,352.911591,387.386566
695.389038,5.710449,334.729309,319.771606
685.916473,6.117508,345.285156,327.384491
677.419312,5.036133,351.738831,373.392212
649.225555,11.931519,378.151123,437.167480
654.251434,6.664078,380.531616,422.591644
643.560165,4.579636,387.830658,427.302155
634.307068,8.781982,402.100647,455.829590
622.606277,3.812973,409.742950,492.965607
599.057800,0.227417,427.556213,545.286621
473.912079,15.180145,562.143799,666.546204
685.493546,8.935989,356.499176,465.406097
693.248276,7.386398,350.326019,398.110870
600.644745,19.942154,465.133301,405.569427
590.347321,20.402496,594.590210,586.772766
731.707153,4.481750,533.087097,605.297607
895.888947,10.748825,372.186157,385.597198
956.494812,5.839096,322.524109,329.192047
922.626358,6.868851,345.738312,316.523773
965.633286,12.138870,312.186981,313.598480
930.196976,4.809326,341.824860,393.145996
851.691437,17.598618,412.954590,376.338898
825.145737,28.591431,423.749237,476.777100
712.577240,11.114227,536.658691,678.024475
744.510468,6.557098,517.212402,677.926086
724.310120,20.125061,530.354065,696.455444
718.422729,12.352631,524.845642,698.616760
694.965454,34.553497,521.435242,659.685242
666.714951,2.377258,508.617401,708.874878
630.124878,13.794739,515.138367,695.855103
632.601807,9.282745,502.619080,691.751160
625.116440,12.793030,492.394745,693.075806
590.099533,8.841919,493.917572,701.694580
571.287506,15.043610,499.508667,693.949402
572.629364,5.155792,506.484375,695.746765
564.125504,3.634888,494.854889,700.369141
575.192078,7.710602,487.691956,690.040955
554.145126,4.865997,506.170624,693.817078
549.009308,12.891144,507.944702,696.733093
543.251862,4.599823,505.067017,704.554504
528.883942,6.785126,510.269653,704.526672
514.259216,9.821869,499.580139,690.316467
508.875214,13.033661,507.029541,706.584045
499.215607,6.641327,489.875122,701.966125
492.238037,6.875305,501.183044,705.310181
481.861420,5.681458,496.260986,693.702026
483.305862,9.783112,488.633331,688.020447
461.577118,10.243500,504.115967,698.033752
471.804321,5.341675,498.299255,705.485107
461.862610,6.043671,503.255676,704.937561
450.993591,6.214874,505.964417,703.536560
460.945007,0.884705,502.871155,678.674194
492.218063,0.000000,468.544769,638.821564
484.011292,2.018295,480.513489,690.653381
469.658752,6.517899,489.878967,695.154907
461.550751,2.283737,502.307617,709.877625
461.144836,5.420486,513.686096,704.059692
450.085876,4.837662,544.287415,706.532959
451.893738,83.054611,526.882629,631.372253
450.350922,21.996994,543.367676,698.003006
451.298920,14.457420,540.702637,696.880981
454.117126,36.058678,534.027649,682.897217
438.945343,11.722466,563.239868,700.041077
469.064362,27.893883,523.657104,687.705078
453.304291,3.466209,543.746582,709.324097
479.191681,11.749382,526.183472,687.510925
552.921890,23.016441,446.761871,506.008545
540.043686,51.622917,475.091766,650.028503
495.539459,11.976982,530.403931,686.469788
529.234070,22.939751,514.659729,675.978821
531.593750,12.581657,527.366882,673.408142
521.225769,13.660423,549.871155,655.003784
522.528412,6.760643,541.405273,690.992310
627.801208,26.543419,449.874084,523.030762
528.378906,84.920647,513.587341,541.745300
720.641037,81.956657,342.504486,433.722107
744.286667,79.206078,345.037323,257.157104
719.574753,62.623528,363.922943,282.231873
727.505508,84.310997,377.516632,277.882935
741.928329,45.408806,350.054169,318.685974
731.733017,3.740593,352.824677,376.447937
717.245926,94.710732,344.407379,307.423431
701.725494,8.415245,345.611450,364.770508
687.174225,19.943764,350.362183,373.592499
717.629333,36.075569,318.999939,387.965607
722.361343,78.140938,310.532257,295.212677
698.683868,58.126854,289.624634,310.262817
437.931747,324.925751,382.903168,217.148544
539.263748,59.196144,369.510040,404.878754
434.479248,8.056084,470.915100,634.300720
426.306519,13.815849,486.345520,605.150574
564.954910,8.353096,368.871979,463.500885
535.372360,23.896049,409.461639,499.110046
608.597519,24.120415,347.806732,485.664978
608.855774,14.419456,319.231750,408.980835
627.944046,15.095650,298.521149,396.240753
628.840744,23.659767,306.745941,394.671112
604.124680,11.955208,328.107635,401.484894
607.428146,9.736397,321.377289,402.493805
622.997681,10.424141,324.721130,349.920319
612.116638,12.438896,317.290588,427.503479
625.391556,23.660149,300.233307,387.696716
619.936829,6.288933,312.256042,374.417908
633.480331,6.689079,313.863251,341.063416
534.568253,20.838478,416.652130,495.721893
512.437454,10.297966,450.923248,571.648621
653.384262,8.258400,322.202972,339.989227
641.856369,29.597115,320.573700,290.741608
623.180862,53.113548,366.838043,261.208862
611.265793,60.342392,369.956512,255.469437
659.144806,12.923531,318.951294,314.490265
620.786667,13.562096,331.956024,375.174561
633.388428,4.875267,337.802185,437.211304
604.708588,6.395775,354.384521,423.521729
593.217575,1.429680,356.264984,471.451477
630.910324,38.738747,292.355804,319.902313
649.719116,15.213371,293.582458,337.090149
604.204926,10.907066,318.862793,375.815308
588.064621,13.546989,314.802704,484.139587
633.621155,24.919136,279.266174,329.537750
636.594376,24.572243,274.141388,371.904144
645.542282,32.729164,245.111786,336.556854
624.587173,38.197563,273.639923,349.228088
632.470688,51.679527,271.232391,348.563721
647.332092,71.110298,251.497253,340.368805
611.344360,86.460106,267.720886,359.569214
556.085403,77.395287,351.623566,485.683350
587.774841,75.041695,269.124329,400.310455
609.166443,93.878258,293.585022,382.763672
583.748840,104.127174,307.289612,386.750214
600.489243,108.510643,271.002289,356.588623
584.263016,108.213890,285.196442,375.363892
602.278687,112.445183,260.059998,331.565857
574.531982,113.358849,284.897156,352.264404
578.452789,112.119514,276.804321,387.872467
605.773445,118.478508,248.642746,297.163391
615.196144,120.047478,222.550522,280.437561
612.007553,125.249763,227.125458,306.110016
612.957253,124.725563,216.385483,282.754730
609.006851,130.396828,224.260529,298.362030
618.827492,130.611671,200.226547,277.459198
584.303810,135.988777,244.738266,324.430206
554.594955,131.846107,281.796600,426.666840
565.825592,134.540779,261.556641,361.920929
610.888367,138.262215,216.986755,287.974396
618.575882,142.973488,197.247589,260.443939
602.323303,147.358528,219.342346,307.098541
605.444862,145.085533,212.196396,295.851074
582.608215,143.296761,241.577576,309.341705
516.621887,140.051628,298.585999,418.775818
512.530304,149.122856,304.871826,398.878357
511.778595,143.809563,297.492310,415.752258
501.365814,142.757774,300.583862,426.970825
518.910156,141.255623,290.851868,405.220490
514.931030,139.465889,290.443298,413.256256
515.641296,131.573891,303.830750,423.278412
538.420547,136.943733,280.629791,378.899933
521.324417,129.785240,293.294220,425.121094
512.070297,132.293571,298.771820,419.374695
513.874603,124.339226,304.966675,415.014954
526.719223,125.729393,295.470551,408.046021
524.346451,125.770134,300.168732,402.884705
527.316101,125.205345,297.229187,408.070190
516.393738,125.025795,309.544983,414.186127
520.550095,125.827888,291.560883,406.198517
560.502670,122.039284,277.344208,426.405121
584.605881,117.668144,239.013519,336.569275
552.477478,117.375221,266.528259,404.380341
527.371078,116.103905,284.181244,421.030029
517.236481,125.632484,296.001465,410.339935
507.078049,125.104362,307.786591,407.307434
508.023987,126.034157,301.716125,412.070404
512.763947,128.837669,291.924438,411.953125
508.104797,129.730019,285.876282,404.962616
533.985901,130.376686,278.197815,375.941864
521.816681,122.819496,285.989258,409.601776
515.756882,126.446861,290.767426,442.943970
512.268494,126.282982,296.960388,395.932007
515.301239,124.174706,292.134888,420.096436
510.837860,129.996513,299.390747,405.342590
514.509811,127.891518,293.368866,405.278778
508.648819,126.873253,302.598907,436.553833
508.929687,130.285332,296.859558,412.730530
525.018677,125.326225,280.485413,400.031799
528.383636,134.942543,271.221558,407.753510
522.476776,135.916817,283.265625,425.578888
521.661469,145.144722,279.178345,392.591583
579.435242,138.049187,241.500305,344.695862
545.943649,154.979729,275.527191,409.185974
600.205490,163.840981,237.406342,397.757904
639.047256,172.323875,210.414093,303.858276
618.399956,191.849388,233.742020,372.370361
586.452042,180.478493,265.965973,417.484955
579.739532,195.607964,295.146362,401.915955
591.072662,200.211693,284.645752,405.519287
585.250031,198.487144,302.596069,424.280029
643.859512,202.209633,263.052887,407.878510
615.938675,206.311806,300.700104,393.100800
606.487274,203.610100,315.747559,416.436707
602.215851,199.736717,321.320801,417.656982
599.379044,202.341240,316.714386,425.585999
598.707840,197.117790,321.827789,458.694519
616.432068,188.916008,301.594543,404.887756
623.304916,186.172295,305.010712,429.461243
612.260376,202.659142,312.798035,405.251099
611.341568,184.746971,308.086578,430.948975
609.791183,185.665535,320.753510,448.969147
611.910217,185.570473,326.231750,423.911224
606.098969,190.551353,328.338867,425.170410
607.203735,187.684685,333.861023,413.681458
609.383957,187.824501,368.142792,421.382538
649.136444,177.004921,318.882568,349.555634
671.281731,187.748055,251.329788,345.525543
684.866959,189.123497,236.768341,317.216919
690.479950,191.375145,233.519287,291.048218
629.897263,184.944786,286.936859,413.957764
610.861816,184.361015,307.399597,426.943054
610.566437,159.049171,311.775635,444.218719
633.899490,194.307671,279.083038,356.788147
681.688057,181.418709,233.581345,303.308990
675.789665,165.594032,239.715897,387.972748
692.405312,167.693581,211.468369,276.851532
664.276947,174.432838,275.319214,368.635834
678.121391,164.336128,225.077713,330.040192
637.428833,169.627678,273.886536,432.564880
659.280289,174.080147,268.943512,347.125641
693.115471,166.643517,236.963577,282.306274
687.750854,161.367058,237.152771,279.205261
684.523239,160.957283,240.879486,306.540924
640.432053,154.971886,282.505585,443.058594
662.654572,169.608986,265.978760,351.730804
682.720795,146.448586,239.789185,297.419037
693.706512,141.317314,226.931763,333.498840
698.271263,138.241188,226.583389,263.166473
693.463730,138.569283,244.232513,270.896393
692.232903,138.224251,237.480423,303.890167
698.918449,132.354027,223.604080,296.531616
691.485420,121.140511,232.151413,341.524445
697.294449,164.978783,223.312408,287.155518
696.499016,124.418434,241.371414,281.584076
692.828186,160.199547,240.248596,247.338623
669.290741,137.509026,247.252686,351.510193
658.268875,147.117577,284.315826,379.247192
633.298187,167.049690,293.101562,374.403473
631.257401,152.885902,291.099152,406.582245
616.580338,134.865013,305.894806,440.949463
614.652710,192.003059,307.200500,364.512970
625.939178,206.686180,284.269165,285.301025
618.671219,100.494270,296.694489,463.427399
616.434326,194.116264,307.200745,409.755310
605.752991,149.039024,316.580627,431.705322
610.783493,128.437492,275.269623,467.139343
614.142227,122.809883,282.568878,480.967438
608.285889,122.218163,299.421936,483.601440
602.580780,111.301186,287.296143,484.412689
611.729233,109.262886,277.350677,494.898834
605.535980,112.541588,281.459961,495.468506
606.854202,118.959709,276.895782,490.981995
604.477585,116.512474,275.951630,493.403687
607.446106,117.067406,281.247009,495.410278
597.669662,123.477058,280.268036,494.178009
601.694687,124.098824,295.429047,494.829620
593.321152,132.074074,279.553802,483.997772
596.043167,134.914955,280.391266,484.132050
590.925812,113.983131,295.964722,509.129486
591.537384,123.512383,284.152344,502.013733
592.396210,154.566902,302.548340,470.729645
592.362534,131.298744,271.713593,489.915741
600.162872,142.257118,273.633667,478.540619
588.161514,145.663078,280.551178,482.437683
589.470901,136.010277,275.627228,492.698730
592.778427,164.971657,271.817230,461.790131
586.100861,124.291649,270.246094,509.824951
588.231262,177.931999,281.625549,451.283630
583.769104,132.254250,285.068176,499.660248
587.418640,164.166267,283.982483,475.777618
580.464294,161.014153,280.208801,476.888000
586.617615,142.349937,271.457825,495.966919
581.627457,167.143013,284.271759,473.741486
575.601013,152.219566,304.211365,489.603027
576.942932,172.366249,265.794495,471.532440
578.489044,147.689354,267.649658,488.204834
577.612366,187.575371,275.679382,451.089172
578.462219,143.785957,275.039124,504.180084
577.935349,183.963768,279.084808,463.753662
572.101868,199.620766,281.771912,444.102264
571.839279,172.052849,287.761444,475.518127
570.987961,199.440559,284.486786,452.504059
566.542206,216.261665,316.839355,421.771515
569.838135,210.922661,299.530701,436.669128
565.815689,207.990990,301.514557,429.216064
571.147614,182.591225,275.267700,472.387665
576.139435,149.259224,271.995850,502.098785
568.605835,196.109581,322.433655,454.072632
574.240891,157.081337,298.225311,492.553680
571.534103,178.694221,286.147919,475.936920
572.037445,234.121758,286.899414,424.325256
560.891159,302.287392,293.553070,305.776947
577.359085,287.731071,296.780182,340.059875
583.797333,248.767265,275.817871,395.707947
603.256760,189.285469,274.344574,432.164948
641.171661,193.553261,239.384888,304.621918
649.928833,202.694908,220.205017,312.509277
650.376122,199.627419,216.400162,279.106293
640.873512,205.038094,235.944199,334.663361
642.387512,206.164482,227.957581,315.547668
656.412872,204.645241,209.582153,282.674774
656.784981,205.760979,206.266525,243.825745
665.098274,202.852692,204.183273,245.280624
667.833054,207.566887,202.193207,258.357727
668.535614,206.763008,213.693359,265.513580
667.148643,207.282845,197.619156,260.515533
662.003014,207.737984,221.352188,256.900299
662.411789,206.407143,211.883514,255.241425
658.138802,207.274834,228.619308,265.222351
656.785919,205.701973,225.320923,274.755280
659.009972,201.015480,222.250870,269.040375
657.749733,204.620102,224.090073,244.096146
664.993103,201.917091,216.809143,236.050018
669.243607,201.252701,209.647003,243.408340
669.014763,192.409912,212.201248,236.069382
666.243011,199.279266,215.616699,227.895615
670.589035,184.238083,208.853241,236.940872
683.669098,203.318970,191.820435,225.127731
667.637787,181.578690,214.662231,233.572342
654.356117,196.515289,218.762314,244.315353
663.762001,183.901512,217.621567,246.913757
671.689507,184.396904,207.744583,231.350098
667.183792,190.872810,203.695953,258.595428
676.065773,179.397690,203.184921,233.198257
670.139801,187.167839,198.860596,229.808472
675.656509,177.626091,204.842560,245.173218
667.446754,182.108871,207.953720,238.919815
669.770966,172.730492,205.839600,258.480652
670.278648,175.262405,208.485611,239.476883
667.413040,185.121262,196.160431,234.263077
667.800911,176.747032,210.224533,279.428894
669.647980,170.631248,206.968628,234.012756
670.565384,175.357765,200.509308,227.209137
680.617081,180.196144,195.689606,223.257843
675.630211,171.781769,205.571915,235.190231
677.358475,175.081406,201.670807,224.018204
685.871536,173.356926,191.937897,226.312500
678.984032,171.746521,203.297012,229.729355
691.229164,175.004456,188.964218,220.473007
679.907265,167.545120,209.009995,236.747086
703.622429,171.807426,184.856277,216.042419
686.462105,170.099602,197.812607,234.608643
690.946663,166.143875,198.522934,221.565140
692.981033,170.573631,197.419647,236.838074
691.937637,159.216347,208.726166,239.221588
692.246964,155.598244,210.379364,234.228058
694.399620,148.050819,206.979446,252.298370
693.900314,145.519669,208.485870,243.744095
719.079231,166.866386,174.004745,240.450928
674.526230,164.494125,229.925385,246.389786
686.695297,144.674919,218.671722,259.726929
681.330429,135.761421,213.844452,258.235199
682.264732,135.680489,209.059952,275.273163
701.446159,142.458153,195.287796,256.541687
683.797409,144.167564,206.901947,266.706726
679.223068,138.797432,223.334808,263.471405
697.035858,134.707069,197.541870,258.518463
687.814537,193.391083,201.071304,223.948776
694.204727,174.688232,200.328033,229.375717
700.886681,168.465187,192.427872,248.124542
703.242889,176.151443,183.792236,221.230057
681.464470,140.714531,214.449722,277.029907
672.447250,139.553635,221.528229,253.870010
695.068039,187.651382,190.041901,242.591873
677.704727,191.073097,209.173553,219.394562
676.674690,158.511589,213.471054,249.811768
670.804832,147.948860,219.885208,256.146088
695.667915,149.036713,187.144028,255.995285
667.359528,153.761497,214.981384,271.325745
664.924828,146.176216,222.624100,261.317474
672.827515,146.031181,205.504517,278.937744
662.752113,143.981895,216.602585,272.637390
668.708557,136.177147,214.273071,280.835999
677.768959,149.786308,204.655075,272.869263
663.152145,146.329567,224.771881,266.572540
660.530396,149.125618,222.973877,264.383148
667.084335,153.243858,212.692047,272.649109
649.747414,153.346931,238.341843,250.755585
650.422264,151.315651,227.972366,274.340363
649.465218,155.882080,239.855698,252.581406
647.732788,152.948418,234.650024,280.022461
650.048378,165.674446,238.970505,263.393402
643.141762,148.313179,242.811691,286.877045
647.023109,150.239128,229.764084,275.871582
650.744095,151.550056,226.935638,274.680756
644.151840,155.202042,233.819489,255.908279
645.373611,155.584846,227.236053,275.207123
648.621895,153.780205,236.561874,259.512573
645.448929,155.308296,228.841278,249.977875
648.296051,162.542915,233.646423,247.148773
646.611473,159.517265,230.550613,272.035034
651.171661,155.694252,230.970154,247.597931
643.462303,163.643127,230.604446,245.707870
646.174049,156.413254,231.465378,254.233780
649.107391,157.427437,222.886658,276.329071
646.134277,158.514320,231.223145,247.993439
653.028381,166.884979,225.772339,248.004807
643.992630,156.418922,235.214935,286.849274
646.439423,158.748238,241.559998,257.674042
646.342804,156.076729,233.354797,259.154510
646.794121,158.213631,230.046890,285.134369
645.837425,156.824455,238.820023,258.349976
646.044342,156.702477,232.175964,286.878113
645.095642,157.063560,240.022827,258.216858
646.129204,157.668922,229.232193,276.306061
644.318962,156.237572,239.372330,257.381897
645.395645,152.204536,232.297821,287.539642
646.145309,157.661797,234.213531,257.645996
644.947250,156.039986,232.265411,285.019745
644.365822,154.692345,237.993820,259.511658
644.166878,163.775047,231.589706,274.538879
642.448105,155.364861,237.540924,258.767212
646.706696,160.653328,230.045837,282.211517
639.921234,164.872261,240.162170,257.640472
647.685799,158.473518,229.661240,265.183929
643.980171,156.208794,234.549057,289.463257
640.685524,158.056587,242.552902,267.481293
640.120499,153.786095,239.843964,272.141541
631.993561,156.534126,245.623108,280.933075
631.244164,146.392296,238.181229,273.542419
617.738312,148.273476,251.829285,279.415192
636.215515,148.348778,236.742188,259.588074
635.818817,149.402733,235.992249,273.873108
636.382111,148.327324,234.335266,259.264893
634.288750,143.485085,238.847427,284.216949
636.388809,129.213921,242.796722,274.172119
639.174644,127.850365,234.616653,265.952576
640.474617,126.644249,233.745468,259.863953
628.364113,133.735634,246.975510,267.529938
637.296402,127.956505,237.571991,263.117371
641.995384,135.877213,232.782425,249.851151
627.832695,126.026375,237.923233,263.336151
629.592392,133.091118,231.294464,265.440674
619.217514,131.013710,243.151642,312.695221
628.976189,123.118202,237.171890,263.891876
635.016953,133.801491,227.253693,268.282013
630.512451,125.731346,230.226685,258.143860
635.384956,123.113228,224.826645,274.039154
631.269913,121.183586,227.899384,261.865112
625.130516,122.926094,237.654861,274.565521
625.454712,119.990150,231.605225,286.943390
627.553223,119.684181,229.505371,305.715851
625.819107,122.068230,232.138153,269.134644
631.998840,121.430321,225.848755,286.408264
630.037987,127.726418,227.427322,267.948883
634.552399,128.355705,224.406677,276.909546
631.228943,124.994896,227.584839,272.134460
642.314110,137.707405,217.457108,276.351776
638.571220,133.399040,228.722061,276.216797
658.540123,152.982292,205.964310,276.244385
629.669113,135.171196,235.613312,271.448975
645.338753,139.739937,230.350204,289.824677
625.180801,133.593895,253.651093,325.538391
600.977539,125.266975,277.598877,374.665009
591.463654,128.814400,283.513367,331.134125
549.561386,203.836113,329.260162,394.343262
537.342606,137.662407,350.791351,508.702881
526.090103,200.889275,369.056122,431.974487
522.697250,195.954506,355.755280,459.237091
525.887024,155.219139,332.598267,455.409729
522.822235,199.317284,353.071350,466.462952
514.133850,176.494942,381.405884,463.497406
531.523178,111.829796,324.905548,572.123840
526.810684,175.422646,350.476776,503.440338
513.980347,180.892937,362.628174,438.667114
529.124634,120.657646,326.059937,555.623657
526.249924,133.722130,338.748810,540.268860
522.941345,123.326927,342.033936,517.807312
526.729630,114.775475,343.099213,543.495911
525.620850,116.999046,343.532349,543.952332
522.393112,95.562950,341.898224,553.843567
527.600266,148.746132,328.057404,510.719635
520.264130,213.655342,321.796204,382.835297
511.926163,211.254021,361.365570,404.357666
504.245422,146.687111,345.138306,446.262238
525.426025,199.508064,354.551270,446.104950
536.272690,114.793922,323.961212,500.221344
560.023987,108.918831,294.904053,469.546844
554.729187,103.840157,303.134644,485.359711
554.621506,109.004265,303.123566,476.480713
547.457123,111.705391,317.043030,461.388885
556.738342,115.363213,291.358032,443.769165
540.988617,116.268883,315.159241,531.702454
557.036026,119.059929,296.179169,471.821899
568.554916,126.952568,293.716583,450.827637
547.601776,121.785469,324.658875,504.457123
575.625732,127.765129,321.504028,474.474731
578.561844,124.897942,289.179535,520.195679
564.027634,125.380882,312.505890,527.263123
576.345230,133.583488,307.158783,490.638306
571.865219,125.771690,309.585968,525.304749
587.008316,123.006477,307.498871,499.659760
583.556732,125.012672,297.242493,479.440704
590.488846,123.337440,295.459564,497.154816
617.154938,122.163429,273.480896,444.220734
617.268768,115.608147,285.941223,481.711548
597.253098,116.538887,294.402374,507.869354
649.502892,112.037987,253.406693,435.378235
588.690689,121.623650,306.846649,555.351807
615.060181,131.540611,280.540527,496.943787
596.893738,125.141380,304.833618,539.993591
573.540054,109.510094,323.680267,557.881165
584.247787,197.928978,346.666901,475.554138
606.431046,146.922264,294.018524,451.357727
606.170609,119.502556,301.138275,515.877441
621.357498,124.854607,292.392670,470.233276
606.591431,128.783531,293.818604,524.866272
607.122467,114.183220,294.592590,530.874634
602.133530,116.361870,313.799225,517.823242
571.936768,266.994972,343.466919,384.234283
585.428101,165.535179,316.958252,458.168030
610.760208,143.709236,285.508026,445.214447
600.387253,125.731255,298.931793,538.686401
577.479294,211.845329,329.142731,488.933838
560.364487,164.581963,329.442535,543.073486
573.822525,204.511848,325.468353,506.431000
570.475418,176.082512,319.269257,527.796631
587.762711,220.831734,304.579926,471.980316
576.435806,173.074974,306.223114,533.306580
585.112762,178.709831,313.250061,526.002930
614.723083,244.953545,294.436646,443.569214
578.760605,199.890556,318.945465,502.864624
604.656769,198.604927,302.277527,507.352509
604.411148,185.892815,314.247772,522.271606
634.855804,211.812538,291.396057,490.918121
618.656250,199.593224,309.197388,501.688416
631.404190,228.932274,324.509491,486.848694
631.321747,199.726494,327.238220,512.893433
649.233688,201.997765,308.821808,508.677307
662.698471,204.442299,294.660919,504.120026
663.883362,195.724815,302.844727,512.410217
662.782104,189.090935,326.377808,516.043091
655.932877,177.800652,339.401459,524.720947
660.725388,161.270500,335.100372,545.312744
661.137527,168.788078,332.830292,534.572266
664.380081,152.030876,334.987762,544.729004
663.648773,152.445824,341.486267,542.820740
663.574799,163.016960,346.377869,528.329834
671.776398,158.404259,341.721985,530.316956
679.482330,156.812309,333.849915,532.603882
671.515259,157.969933,330.301392,532.162170
669.027939,183.343376,342.911530,509.350342
684.771576,165.876244,320.749695,517.673523
672.469604,160.301506,339.053589,530.814819
674.305496,171.891411,343.948456,524.821289
681.237000,170.821190,335.280029,514.315002
679.868332,161.186729,336.104279,540.571472
681.292816,165.675499,338.506775,512.979675
676.359436,168.989708,328.205322,531.146912
678.158936,180.728737,320.369019,489.287750
712.931793,234.978554,279.114441,417.537994
679.409210,201.313789,306.417786,502.188202
675.461273,208.651909,307.595032,463.626221
683.703506,213.287514,297.015472,489.213898
668.825760,211.929390,318.271576,464.802582
657.048157,232.701622,324.292603,445.732727
654.605377,229.546516,308.265564,446.621307
661.067581,236.352928,299.606293,463.352966
663.697479,238.493233,304.862366,440.077606
659.728165,222.236641,297.268890,478.096527
660.509399,250.489189,300.572876,447.965698
658.616531,267.590950,304.657440,414.151215
664.828262,268.198296,291.072968,398.787964
666.842300,268.579659,286.859100,437.308685
710.427803,242.648872,241.028427,342.244354
672.316345,245.397133,288.554932,446.644196
664.851105,265.124229,297.938904,438.653381
666.573792,287.488136,300.349121,412.260773
710.891006,259.452293,255.899261,370.115662
679.920441,280.184822,300.505676,412.844696
669.107742,256.243172,302.747772,440.907318
678.513535,290.242088,298.745880,411.669250
688.028458,272.037849,289.937836,406.557709
688.467285,256.065620,282.102783,421.948456
676.373779,261.955833,288.383423,411.280457
677.978821,247.022408,284.447754,426.369720
668.381042,264.028786,297.856812,430.034454
738.890526,238.290977,235.655960,307.141174
690.441284,227.852989,284.724609,416.965759
729.665787,237.383476,245.627899,364.829590
751.307915,235.761940,218.043472,300.481232
709.732712,230.688744,267.664581,441.813538
696.088120,253.893471,279.131012,373.234161
685.228592,249.115669,285.655975,410.817230
692.204071,224.651573,272.112244,435.240295
686.747910,245.635002,282.740143,392.735107
683.685699,222.295586,290.247986,448.676880
676.525482,226.503548,296.657410,443.605804
674.080353,262.709709,303.098206,418.409912
727.799919,247.725533,244.693863,331.160736
680.634323,237.926918,296.795929,426.156647
666.432129,235.746895,299.205444,417.336151
682.722946,241.302544,273.368561,370.661133
669.371078,230.626869,284.938263,427.381134
668.263565,244.750755,291.829681,393.398132
719.219994,235.660255,231.598099,262.456940
741.558456,204.366402,201.088043,295.350555
727.358932,241.403847,209.083893,324.100494
704.763863,242.888680,217.005478,309.285370
717.796021,242.766777,201.187744,287.842651
749.145706,243.994072,174.623627,241.739990
739.425537,216.972855,179.533875,233.619034
734.790085,237.621132,192.132172,244.853729
714.500885,217.561104,202.131714,307.390045
721.700096,200.728249,194.906998,330.804535
729.344719,201.967705,188.390579,256.507385
694.234138,203.894508,221.517380,360.086761
676.897980,220.266243,240.073853,361.759796
673.898903,212.093895,236.165512,341.503784
690.618767,226.770729,213.171463,289.641327
730.701256,222.991280,166.430313,234.984406
741.284561,236.159203,162.700409,223.795532
716.701942,236.018242,186.759995,249.072815
691.322212,238.922844,210.969528,350.815002
687.011467,247.264137,219.518387,339.560028
685.790955,257.846550,223.104797,338.989929
691.884377,268.644615,216.954086,338.555664
683.003464,280.757561,225.461517,338.467712
673.278587,286.075813,233.815445,347.462921
691.250145,308.059944,218.870743,343.073639
690.392197,326.441841,221.540131,349.577057
691.417404,337.399925,222.780609,349.934570
696.765556,341.276344,220.287674,340.209564
729.564888,346.668434,188.540451,267.610931
746.984657,324.767586,168.364609,252.328033
732.241295,307.836754,186.344864,327.210083
694.818077,314.480995,234.597061,386.821136
711.788864,357.566643,217.893158,337.940369
695.581779,332.883995,230.445877,369.395020
698.489586,356.504021,231.330582,354.926941
696.184982,362.315559,230.245453,343.409821
701.954865,348.868095,222.127563,325.730530
704.408875,358.829964,227.955627,307.868073
702.889511,352.894142,232.349457,339.726044
696.258781,343.046684,231.036453,364.613342
695.285530,359.654121,238.476608,353.465485
702.896027,351.848503,235.279663,362.536194
696.161240,343.364708,255.973236,362.186523
700.600800,330.869713,239.129150,375.016724
701.434700,340.137291,239.148605,371.313721
699.340347,333.405006,257.902374,368.568573
709.393860,330.882362,225.422302,358.137177
702.181618,330.200478,237.834946,380.522797
705.143730,333.532997,232.147537,372.183197
707.833832,329.524010,230.934204,379.075806
705.974739,316.508156,230.594406,390.773651
701.939148,323.791862,251.060364,374.961243
708.228516,308.424934,230.709045,376.696075
712.949295,295.921333,229.828156,404.355133
703.247284,327.404045,242.901733,364.570862
703.071327,273.240761,235.837265,416.188934
705.749458,303.929253,235.989792,382.837585
704.527550,279.396706,238.541519,413.899139
706.371254,311.837242,231.971909,374.508789
701.347404,262.625999,242.088577,431.393799
711.135078,319.962517,225.806686,367.905334
705.599983,306.821053,231.015671,387.701691
703.762314,298.121483,232.913910,393.484985
701.378937,316.152458,239.502930,378.168762
698.430321,304.538017,241.331802,379.405090
700.166672,316.128014,233.714203,376.816162
699.627808,308.793037,232.985657,386.487701
698.761650,291.418602,240.793045,404.649658
692.866592,308.137520,255.781891,390.946198
696.150337,277.314125,244.801926,410.751312
696.273201,360.062569,238.285568,342.047882
703.815346,306.912361,247.070908,393.114288
696.286530,321.271706,256.762329,379.114349
697.715034,340.714790,242.128830,357.015411
695.797791,321.943413,226.890686,374.931458
696.689903,359.087502,240.713516,347.727509
697.429611,333.198143,245.860687,380.341675
698.997147,331.690269,234.814606,364.689087
695.046219,324.806831,236.297150,386.719025
700.077003,326.393333,226.018051,373.929810
688.502838,329.285774,231.857178,384.429474
680.250931,322.127403,237.552155,387.174927
674.150467,338.956764,243.368927,363.636688
675.237587,339.038124,237.390488,366.516815
671.238396,337.398766,233.394852,360.476318
668.751213,339.202538,229.800369,369.887817
664.162224,347.148582,230.197220,361.843262
660.813332,335.140694,231.618637,373.708160
657.150574,347.657173,232.282532,365.150909
652.245895,341.390694,238.448212,364.972931
660.255653,346.298164,229.118027,367.093292
659.026505,358.123070,231.443878,352.466064
658.629150,323.517937,232.116150,389.414612
667.558670,296.682564,227.580597,408.237213
668.611183,330.484108,227.564072,381.042328
669.524536,348.497459,227.090027,357.100464
672.527275,368.566322,224.079544,346.474213
662.886147,333.526543,227.811996,374.636658
674.335060,387.972343,212.636581,279.502258
667.953209,348.260567,217.283096,367.934845
660.971786,341.774757,225.349213,369.024750
663.114441,376.189613,222.852600,330.063446
653.065872,344.429420,225.614288,365.696625
655.001289,361.657707,223.982346,342.441223
653.305443,349.875603,222.136612,363.300354
651.326714,382.223885,223.940994,333.515289
644.618065,358.489784,225.796280,350.672089
649.388885,356.192360,224.958740,361.049530
644.946877,364.486656,225.936996,344.818848
645.105965,357.145500,225.782394,355.234558
644.417542,355.761711,224.803772,355.292664
643.882545,356.777779,223.843979,356.102692
638.914246,337.007164,227.646667,373.286133
642.764992,350.990852,224.150620,360.540436
645.568222,361.928383,221.448822,351.700897
638.821617,325.475685,225.120010,384.614349
642.455887,352.705269,224.103058,358.558380
638.450737,332.004555,227.421341,380.212494
640.203232,328.627144,227.596893,381.255890
639.360344,322.819252,226.338089,391.419647
642.977646,329.880211,223.168549,383.802124
641.743134,353.623390,223.570312,359.065887
638.281059,344.595360,222.793289,364.179321
643.368538,344.318886,222.277023,370.617279
635.689522,347.152870,226.177780,363.872650
635.851784,337.144279,229.207748,374.146545
637.969276,341.175331,227.005478,370.070892
632.375763,336.038918,230.078979,377.059296
635.043266,342.321770,228.058426,373.614929
640.429306,347.813622,222.801849,365.839722
636.819435,343.672020,221.836288,367.655640
636.238007,344.266273,224.574707,367.471771
636.779633,343.424904,218.728271,365.946014
636.152679,345.000511,244.987427,362.751099
636.841331,343.093773,216.818497,359.590576
631.982094,346.437660,225.091171,359.097015
631.510513,345.137886,224.967438,356.709503
632.949455,344.260719,226.139236,358.681732
632.745522,345.174721,222.137558,358.702362
630.108307,347.221001,266.674072,355.486145
631.789871,352.492775,233.401398,332.946747
632.242920,354.323647,247.810242,351.973114
632.669838,359.231590,217.288193,345.177490
630.132660,359.173409,265.180908,346.992950
636.528999,359.413124,212.430832,338.147064
631.545883,363.103752,220.128265,346.470398
628.968910,365.373390,251.315414,344.977386
629.882195,370.301399,216.923172,341.119293
627.331741,372.735435,217.480499,340.690063
627.027115,375.767326,222.335968,339.276184
628.105003,378.319267,218.336441,334.982361
627.907021,378.710655,221.857895,337.694092
627.343102,381.081703,218.369156,333.007050
627.694679,382.669319,222.370712,334.575104
626.955040,383.853645,217.060318,332.326691
629.654335,385.320473,219.900497,328.457001
628.103775,386.243767,216.527985,328.718933
628.421371,387.258492,218.790863,327.685211
630.343811,387.429146,217.144470,328.845612
635.542427,393.470695,210.154221,323.889099
639.412369,396.245476,208.442657,318.361633
638.042633,397.392189,213.887573,319.550995
639.556313,400.199593,211.066147,316.149811
633.868317,403.883644,214.849243,313.065887
636.096825,405.960991,215.506363,307.321350
638.402245,408.510872,210.870621,308.802032
639.272316,412.928749,209.038193,300.827240
635.833504,413.941261,208.396896,301.545746
639.265160,414.687386,207.209122,300.386017
629.879616,422.651894,216.764267,290.015228
632.092445,429.270241,210.854721,285.343964
617.362434,431.970787,220.781418,283.117188
612.765144,441.241676,226.626877,275.506927
611.689789,441.211998,228.255859,275.140259
615.889618,444.427376,221.210938,271.437775
609.927376,447.349770,223.205612,268.799530
602.907097,452.078697,228.470047,264.284424
600.664833,454.239738,232.797104,262.616394
596.754730,455.943108,237.383423,261.679871
597.607094,455.946175,238.264389,262.321198
598.856461,454.929726,232.082550,260.415131
594.981873,455.992058,249.330017,260.810974
597.305832,454.556343,228.884979,262.826813
605.405052,455.626442,224.985123,261.436859
600.173416,455.179741,229.675568,261.861633
598.617737,455.124565,231.023254,262.200134
601.413330,454.938240,230.519226,260.899323
601.926285,453.607872,231.566193,263.876343
601.567978,453.657188,234.476776,261.651123
602.821869,453.896217,234.545166,260.883270
600.642204,450.638847,235.265823,262.961365
603.497360,450.561363,229.538055,263.113892
602.115852,448.270470,232.213181,263.676880
607.735817,447.417183,228.127792,263.062775
604.989731,444.918144,232.412567,262.343689
605.801186,441.212059,232.573105,261.581543
609.641983,439.649376,231.876862,259.550781
606.748207,439.390541,236.432968,258.153046
606.641357,437.051262,235.565735,259.985168
609.754967,435.332085,236.245132,262.150330
610.175331,433.004219,230.384995,263.593414
611.805786,431.116142,231.169739,264.811340
611.104240,428.929390,231.919510,265.770172
611.219864,427.997993,230.525665,267.042267
614.189674,427.698189,227.301865,266.675812
617.230095,428.010582,224.861282,266.909180
615.744339,426.903206,226.258209,267.359283
622.480698,426.516731,218.202484,267.848663
615.521927,425.653755,224.247833,267.185089
618.490982,427.968407,221.678253,266.470337
616.000526,429.077995,221.312729,265.293396
618.437721,425.402687,217.143173,268.954926
622.455559,419.138298,215.715164,277.027527
626.001488,415.466209,209.035049,279.859009
619.128418,405.768822,221.933899,290.639648
618.473335,403.217613,223.744675,293.334473
623.493698,397.063866,219.947357,298.508789
635.389320,383.042473,211.814438,313.095764
639.235092,371.181694,207.694794,323.522034
645.110245,362.907616,205.972443,336.819824
644.286102,343.331810,208.592407,352.476196
636.869415,347.481636,214.985352,349.734650
642.614052,332.796654,212.269638,364.890015
649.501625,330.551399,210.187851,365.688019
645.478798,325.677986,214.073715,370.584747
647.613014,322.671532,205.867050,374.127441
646.668465,318.392204,203.121628,372.595154
648.334679,321.118584,208.850601,366.234924
645.366882,322.062706,209.871765,364.669800
645.792641,320.711082,214.441879,371.699219
637.157265,309.366264,212.368393,383.640320
639.583496,307.391304,212.458435,383.836456
638.251717,313.462715,216.047897,378.413239
636.858383,310.690224,215.831879,378.520844
637.045502,315.909843,210.679321,353.225525
638.224586,326.554817,217.649033,368.023956
624.497078,320.697212,230.952682,376.318878
636.006363,308.646507,218.354645,389.603638
628.290756,334.215355,223.695648,358.192749
636.095749,314.980965,215.586639,382.068390
626.432404,331.949211,226.592651,359.381287
635.291512,308.719978,215.530563,387.286896
627.741959,337.069756,227.233673,359.030945
638.627869,309.461220,213.781555,388.073090
634.868233,313.639061,224.076584,381.306763
629.945457,314.102119,229.298599,381.988556
637.104836,313.422920,221.470932,383.877960
630.781616,315.230904,228.322327,383.000153
634.021637,312.342583,222.395142,387.854675
632.363327,315.012459,226.815033,386.247101
631.303230,312.065971,228.264938,387.951355
637.708946,311.629189,221.433487,392.366913
632.719223,313.571449,227.808441,390.594452
635.653313,313.006462,222.039505,391.740417
630.913506,319.105019,226.662186,378.631439
631.397430,324.539360,225.569580,372.118225
631.179413,317.738594,225.254761,387.317413
631.558952,315.215446,230.101883,391.750549
634.943077,325.710976,224.412613,374.827484
629.149849,315.094719,227.238571,391.155457
626.049751,328.929085,227.194992,356.568634
637.423820,316.458488,215.222855,392.649353
628.344124,316.247215,227.020798,392.118286
631.294792,331.165291,222.664505,371.847687
625.699699,318.152412,224.104691,388.630890
626.782944,338.256264,224.007538,347.361542
625.468567,316.974358,224.747986,387.274841
630.877739,325.758308,218.517899,368.347076
629.330399,316.385384,215.887115,385.768585
627.872993,316.983162,219.900558,382.051788
634.417366,319.398003,207.441452,384.507141
625.583534,321.114067,221.050278,391.751526
628.192459,318.901329,218.287994,376.836426
640.503296,319.154381,205.386292,378.299072
628.754776,317.576637,218.711456,370.732635
633.351494,319.650154,212.509354,386.945709
634.910316,317.721626,216.818954,364.467316
632.330070,321.483864,218.542679,353.544769
628.855392,480.571846,208.654144,234.110138
698.964363,310.649017,155.885422,232.962265
697.979668,314.302330,157.278091,274.070129
691.256851,309.543831,162.423798,286.109467
672.588989,312.105034,178.038330,327.420532
689.067581,314.331818,156.125946,222.352707
705.045792,315.091125,146.865204,224.335373
696.721207,314.026581,156.782562,228.969711
704.168251,314.592552,146.224167,226.527283
705.285919,312.228958,145.735962,215.801956
695.333420,312.396011,154.801422,206.175430
699.187706,315.595291,150.536209,196.810440
701.918152,323.212852,146.995483,179.447144
695.854919,314.949272,150.436890,194.852539
700.731735,317.986656,145.233246,186.036316
692.084068,315.201561,153.691849,193.110046
697.721115,318.861237,147.805328,187.993759
694.637543,317.757126,159.684998,186.867630
700.217972,320.092461,164.163422,190.244507
697.096947,319.401291,157.698624,191.915970
697.406059,319.987389,163.193619,195.239685
688.925865,320.218964,164.122147,196.077682
697.371346,321.486656,166.553146,207.019836
700.302681,324.877937,157.749252,194.974335
699.062279,323.001083,166.494522,207.654251
707.960442,332.994682,154.015030,181.370972
710.504570,351.325424,145.006119,158.712540
705.022728,323.058670,150.266251,197.384903
711.106674,335.266273,146.985138,182.835175
710.569855,342.949409,151.086243,180.094940
716.590050,336.393471,148.007462,183.384369
736.555473,378.246178,130.335159,140.850159
729.005707,343.907486,143.248108,177.000748
737.390480,374.352104,135.477463,143.638123
732.834335,355.381905,143.853668,164.150909
740.057793,361.068596,138.756241,182.947327
743.674522,374.732651,139.332047,153.796829
740.564194,372.450882,140.522247,173.464310
741.728401,368.187141,140.219589,165.468231
741.763924,341.561928,139.770065,204.470490
736.382500,336.786690,147.551285,256.054230
735.489220,345.830078,149.899002,206.882065
732.102699,350.339500,151.695419,273.126099
735.291435,382.190979,143.110611,184.508224
738.660347,365.691376,145.432480,199.897079
737.779861,370.212090,144.538483,242.641052
721.030479,352.800446,159.439957,252.523239
717.405205,367.616119,164.101578,243.809616
713.657768,366.878471,167.133316,284.811035
693.225349,357.155312,181.269516,329.265533
672.930923,361.006798,203.280975,337.399231
681.884598,357.621132,191.450531,338.258087
675.439323,360.140587,195.714981,348.767517
675.122902,363.375862,189.962204,333.643158
666.946785,356.357933,207.510605,342.179504
664.755775,359.331490,205.749802,340.426849
667.529770,356.290749,204.960358,330.112335
660.580299,356.439690,210.730881,335.227417
658.965469,353.438515,213.612152,332.257599
661.101402,354.479225,209.067947,334.522614
664.112816,353.245613,205.808548,328.565765
660.531860,355.503212,206.201538,328.353668
660.894279,353.613274,206.241104,328.576660
657.626671,355.546516,210.401199,326.226532
655.610443,355.938530,211.492981,325.372681
653.700867,357.538017,211.807861,324.067139
651.676468,360.921455,198.980194,319.984711
639.557915,362.723351,201.435318,326.043518
633.896446,371.784218,205.347488,319.951324
632.847023,373.642433,208.881516,317.466095
641.967651,376.954185,207.307251,319.839417
644.097084,382.054436,205.995651,310.657715
642.466682,385.546883,206.870224,310.415009
641.518867,388.699913,208.536240,311.953674
640.493820,394.679802,207.116364,312.425903
638.097824,394.553978,211.007843,312.127014
637.232887,394.484520,208.919235,311.826965
634.817383,400.923698,209.604248,309.611816
633.088066,400.592567,214.228653,311.648468
628.658646,402.648247,216.113495,310.635376
618.348572,404.547539,225.554932,309.413208
612.051514,404.706322,232.599487,308.979065
632.742455,408.578911,208.865311,307.379272
627.680450,408.578316,214.689148,307.215302
616.993324,409.479561,220.549973,307.318451
626.336624,413.245216,214.278778,302.214386
623.491989,412.945305,214.766388,304.492554
617.858353,412.467705,221.954681,302.359619
608.247765,412.115456,229.004349,303.214874
608.309052,409.599480,229.015564,304.474243
619.278244,413.293358,214.109039,303.303894
618.728615,409.872612,218.622726,306.968018
613.567657,409.737465,224.560120,305.599030
614.348984,410.273018,221.532867,306.335175
610.575562,407.543343,227.263550,308.998260
596.805595,402.450035,243.501602,313.090027
597.012833,401.735893,241.639496,310.513794
581.488266,391.228432,256.751862,318.087555
599.608391,394.188866,238.828140,314.213196
580.975830,390.836693,254.802856,313.946716
587.462379,382.392281,247.273117,316.625092
588.640251,384.289360,246.407852,310.225220
575.988693,371.437477,257.533722,319.609528
604.869736,388.342613,226.974030,300.750671
568.333801,370.489296,265.214111,317.168121
599.875473,387.619865,233.314972,302.070435
565.051743,368.168343,268.255524,316.778290
586.717293,373.573921,247.193588,310.728485
604.353226,367.592445,227.368011,315.525665
604.224419,364.101051,228.740982,318.455353
585.032326,357.627342,247.474899,322.023132
611.919090,366.925514,217.947342,313.392242
605.490700,372.681389,224.711472,305.798340
605.277580,377.557457,226.060440,299.541077
606.434616,375.287422,226.329498,302.072113
621.272400,403.829964,211.636353,274.060150
616.669731,405.554314,209.617569,271.625244
616.176826,410.763466,212.918320,267.477081
613.304985,405.497917,213.247208,276.953491
613.951462,417.602135,210.157013,267.397156
610.076111,424.416374,214.924072,260.063110
607.850037,427.292915,215.652222,257.103729
600.545219,431.525833,220.901382,254.015213
598.564980,433.693687,219.056808,252.380066
593.794365,436.443573,220.971085,251.196701
593.036270,439.551414,217.284515,248.558044
594.634399,440.479973,215.864380,249.354736
595.403008,444.691528,214.938370,247.491928
599.918861,447.264458,211.165329,247.511353
591.452843,446.543114,218.615311,249.239563
595.086456,451.743759,214.083313,247.527237
591.941483,451.895111,218.591034,249.526291
595.731873,455.704178,216.409912,247.887527
589.011406,459.348747,222.703629,249.158447
588.212036,460.687614,221.006714,245.287720
587.513527,453.640907,222.443893,255.222443
586.223145,464.565506,223.342041,246.012039
583.532188,461.527565,224.047806,247.836700
580.041534,468.001648,225.787781,245.048691
575.153564,461.852791,228.002441,249.362152
573.781830,468.834129,227.483093,244.585754
573.644463,465.756927,229.899429,247.030930
573.237541,469.501389,227.321548,245.119400
577.806274,463.401924,223.062866,250.101410
569.977539,470.431137,229.663696,245.059219
571.088852,466.440796,229.793854,247.437241
572.142067,469.725395,226.719650,244.872559
572.513939,469.519318,227.841019,244.403732
573.905159,471.253723,224.563095,242.658432
579.693436,470.598305,217.076263,244.475861
578.809540,472.682976,218.535583,241.911377
579.070442,473.741364,216.720932,239.730026
579.113167,473.940521,215.223984,240.038498
579.273018,474.009888,215.250595,241.505600
578.106522,475.056725,213.503754,239.149475
577.894753,473.622643,209.618454,239.784363
576.602951,473.503716,209.193878,241.040771
574.056435,472.546074,206.867844,242.621582
574.750137,468.578621,208.886688,245.348724
575.779572,464.586235,207.607605,249.662720
573.551498,468.810539,211.905670,245.193115
572.462883,468.423676,210.993423,246.270065
573.579475,465.886246,208.362778,249.010818
573.638817,455.465492,209.307083,258.829620
572.857697,469.570473,208.736877,244.389923
571.143631,460.933212,209.868988,253.931778
571.858215,456.671898,210.625488,258.027283
571.382370,452.676994,210.582428,261.622559
571.470703,432.388542,212.313843,284.378296
569.490936,462.101616,214.751282,252.410156
572.417511,457.649574,211.076843,257.225739
571.697151,455.507607,209.482040,260.678131
569.869316,455.185127,211.922012,260.539276
571.723305,447.910500,210.810593,267.956329
572.185638,443.399269,213.917297,271.549225
571.511024,457.947731,214.452805,255.964386
571.650543,461.918304,212.379578,254.216476
571.124649,462.687729,214.184052,252.395157
571.251381,472.404259,213.610275,243.310852
571.684258,474.592827,212.875381,240.827759
569.847809,470.303017,213.207092,244.511749
572.204292,472.555580,214.645370,241.640533
571.799988,473.051727,213.813965,241.960983
571.532791,474.051605,213.329559,241.162888
571.467819,471.229790,212.903839,244.409668
573.261948,472.834602,213.227203,241.820770
571.812820,472.449997,213.572479,242.678726
574.138405,470.082756,212.199265,244.648193
576.577957,468.129646,211.167816,247.849945
576.674522,469.036064,211.942215,247.096558
575.285324,459.852882,211.436432,257.034576
577.332428,441.825127,212.560242,271.259644
576.246925,474.249123,213.199509,240.194122
576.663162,468.423187,210.909515,245.881760
577.703606,454.865562,217.818008,257.306213
579.397125,472.061432,215.643982,242.537888
579.773315,402.956062,247.111206,305.391815
578.227798,406.057945,246.318573,306.784851
576.529358,401.444862,260.314941,312.108551
578.382294,406.741371,250.618713,306.463165
576.609276,410.908867,253.872513,301.099365
575.867676,412.355400,250.198242,300.333374
574.002701,416.865044,257.319183,295.824707
575.371719,414.993355,254.685883,295.698090
575.456078,417.304787,255.569046,294.428986
576.823227,420.221657,254.956696,290.327057
576.802399,424.700417,251.807922,285.527863
577.947060,426.411537,244.829269,283.854889
577.533401,429.160652,243.797089,283.110809
577.777702,425.796776,245.761612,284.489319
576.371712,423.374107,245.966171,286.550232
584.458755,418.902382,246.667084,290.199127
577.182175,410.515587,260.229523,300.943909
581.667862,412.826775,252.577606,298.368774
576.231354,407.476463,253.013977,299.749329
579.451286,416.514610,245.475357,293.732849
579.582916,404.122612,252.360779,305.432251
569.588280,459.035469,234.188797,249.059174
555.028244,462.730568,245.246735,247.167877
557.690086,464.775146,246.175735,245.979843
547.538902,402.104362,252.615433,309.613647
553.502167,399.702324,237.935120,308.399170
554.213654,401.318672,233.742249,305.504974
552.818695,373.861397,226.446106,331.009369
554.512581,351.462349,223.340317,351.512421
566.757545,354.419807,211.061935,349.533295
557.994751,332.211098,216.777954,373.693268
561.917648,320.139275,211.740997,387.066650
553.642395,313.347252,215.430664,389.544983
545.350044,305.556267,222.188705,399.851440
549.665909,304.140297,221.283417,406.180450
546.739471,301.481117,224.808289,408.989899
546.887672,313.448723,225.721359,404.371338
549.738327,332.893867,222.285065,386.736908
563.479492,302.935951,208.054077,415.801666
553.931618,328.057533,223.119186,386.831696
577.438614,322.268898,203.709930,394.987457
574.432037,317.016869,200.659973,362.360291
572.472916,315.997231,206.291840,394.522491
588.110565,343.456978,193.545349,370.788544
587.764046,323.776314,196.015732,366.026337
594.345413,351.839836,198.135345,360.069946
605.523766,336.533760,190.271194,363.825043
598.796867,339.464348,191.563004,356.744751
613.110916,346.083290,183.981903,335.756134
606.444176,345.685341,180.124100,270.166168
610.720688,353.823875,196.974274,287.525208
622.175430,352.913673,189.067596,276.981110
619.742050,362.004738,202.586212,309.938873
612.965614,349.575462,207.335007,356.099792
607.641747,363.918877,219.207474,319.965210
608.691467,366.427589,230.363159,323.897003
595.895218,369.575844,254.620697,317.811310
637.283333,351.427238,214.118027,361.949219
647.281342,329.915993,211.523743,384.742218
656.418709,359.144325,182.880356,353.569366
657.584381,347.647728,180.946960,362.021790
657.779610,341.100960,201.511948,370.244843
652.720497,341.580711,190.552902,370.292664
665.314636,339.800331,182.477783,368.467804
661.072372,340.206078,177.952057,373.521057
661.967758,343.437706,186.959991,369.251038
659.853760,336.417229,185.200439,376.361694
666.861382,330.954247,176.520035,379.209045
660.165504,330.857201,182.917770,381.624817
658.794289,326.155876,184.312668,341.584473
666.732864,344.044624,176.615692,372.270233
662.347618,336.903618,178.638992,371.436035
656.232765,334.622063,186.468063,376.200806
649.864738,324.392494,196.148697,384.553864
645.632027,329.930077,198.674911,380.423157
652.281776,334.265083,190.142624,377.689667
658.140831,333.523064,188.899368,377.163818
648.249893,331.752892,199.388153,377.760315
655.177223,337.972755,192.279831,374.026276
640.833633,337.175102,206.435516,369.844849
657.206947,342.349098,192.694138,368.345612
638.995255,340.103416,215.171600,369.867615
649.908592,354.412605,204.245682,356.855194
646.895828,345.981361,205.333832,356.511017
646.850647,358.274300,211.491455,352.746429
651.792099,364.712502,224.152740,339.894806
647.134186,365.698006,235.607605,345.490082
651.062469,369.630211,234.399353,344.222351
653.776871,363.134117,224.007050,346.975891
652.227264,363.984184,223.048889,348.084473
650.484825,370.407005,221.229324,343.381531
653.775444,374.439629,213.298111,338.717896
656.541641,372.323097,211.525970,342.091705
656.699600,374.259987,215.102509,340.697540
657.571213,369.648186,216.869904,343.993774
658.100212,381.800926,217.220840,333.558655
659.200287,365.748161,213.585999,349.309570
668.086159,379.984627,213.868698,334.800873
668.432518,377.126244,210.649246,337.768127
665.789063,381.607826,213.887451,334.087433
667.570793,384.398567,210.810440,331.082001
669.914474,383.653664,208.335724,332.460968
673.434402,381.340904,203.015594,334.958801
678.043495,381.105797,202.947678,335.926086
683.558975,379.048714,201.230316,337.414398
685.167374,385.564247,208.259369,333.090363
683.590172,358.308342,210.515823,359.184326
684.810875,400.546974,207.668045,316.168365
685.567719,380.326973,198.583313,335.933685
664.510887,406.145210,203.604324,310.405853
687.918060,383.680336,169.208801,333.903717
690.648972,386.708672,165.125885,329.682495
688.211021,387.779488,165.449173,328.651581
686.905396,383.728630,166.790283,332.396240
687.795723,377.800941,166.176010,339.176056
684.951149,382.203041,173.243088,335.731110
686.638580,381.613197,166.379211,334.619904
686.277374,383.565895,168.592590,332.162872
688.490425,382.834618,165.534164,333.565247
689.708908,381.471733,166.081451,334.809814
687.395287,383.755821,166.300735,331.104065
689.370377,382.090828,163.349457,333.881195
687.520958,378.057304,165.369705,337.100586
690.711349,378.259819,160.890900,337.331665
686.845673,358.975868,167.954651,354.739532
686.975639,365.802315,172.342789,347.551727
684.282585,362.823479,174.111954,350.194824
685.830978,391.053841,174.203644,324.007050
685.422859,369.767525,169.117172,343.902069
688.762093,396.855873,169.445663,314.225983
700.236725,389.662407,168.951111,300.689819
688.163605,368.636971,177.025818,341.658783
698.611221,393.301094,168.876556,314.959442
702.685150,387.941261,169.314392,323.666046
714.693016,371.900887,162.746414,326.903290
719.931381,388.647499,166.552277,314.327301
704.230301,367.761772,191.306976,334.645996
698.415527,381.924889,191.408691,323.978455
694.698700,376.927071,213.750671,313.392059
696.970604,375.582466,221.660110,314.751434
702.579025,377.024040,224.963776,311.712769
704.216774,373.480659,227.992477,310.466400
708.900284,368.121162,231.496307,308.324677
702.565247,374.261375,231.224365,309.266907
711.648193,368.921379,236.171875,305.541870
718.676964,372.393013,229.644485,306.551361
726.652283,370.992867,230.285889,295.214081
736.666046,380.466393,216.000305,286.237732
747.450920,383.399391,224.608658,286.936920
746.005829,386.501198,220.914612,290.391388
748.654068,392.428703,224.276825,280.599243
752.762657,397.775139,225.768387,276.153442
753.338394,403.897240,226.362274,271.312439
754.751534,406.616341,223.920395,266.401337
753.120346,410.107048,224.628448,262.619141
753.454140,411.100441,224.109665,261.901398
753.971306,414.729095,223.396866,255.372604
754.479286,414.982048,224.249313,254.134277
754.565353,415.293831,221.973419,259.773163
752.379463,415.349327,225.996323,257.018860
754.764397,415.854362,222.282242,257.971313
753.895126,415.112068,223.106110,261.572479
753.095413,417.202156,223.355316,257.273285
755.315521,417.060097,217.137268,257.630890
754.761894,417.742088,216.105240,255.386047
750.859856,418.588631,217.974625,240.969086
751.456711,419.375633,213.123810,263.043762
748.020088,418.156425,216.121201,228.524780
751.952881,418.765968,210.508423,236.182404
753.446251,419.756668,210.489944,255.968094
755.392448,420.956970,212.014908,187.782700
762.865501,419.545006,205.320938,191.598572
760.382591,423.608055,206.866104,237.978088
758.646492,422.299538,205.852341,259.748199
754.848946,424.451065,212.705124,251.989578
752.432854,426.234612,212.789993,262.289062
752.405838,429.408691,212.365265,255.438950
753.130928,432.215454,211.388840,255.071884
749.193848,433.550987,213.488953,254.358093
750.436218,432.740654,212.867737,253.305786
749.299637,433.598351,211.077423,259.562561
749.642815,433.508034,212.537064,258.890778
750.297569,435.462151,206.406265,255.000122
748.802711,434.462868,203.201157,257.269928
752.380959,437.958122,202.900864,255.785034
750.117790,436.945206,201.290115,254.180984
750.245895,439.089905,205.839447,250.735214
749.806030,443.430794,196.879333,231.620453
753.606758,442.446732,187.959763,203.579910
760.882477,441.596939,178.575806,189.060806
757.006432,438.659149,180.655838,251.729294
751.745575,444.484779,182.094177,236.820953
752.890030,444.397926,184.769257,260.216949
754.031738,448.181023,177.473511,261.270996
757.758408,451.323059,168.784943,214.208847
755.513229,449.367676,178.083466,249.637314
750.214317,452.286163,178.297745,248.131393
749.634064,451.395363,177.061646,264.229034
752.498413,450.728745,172.004456,231.945938
747.393135,454.458115,182.070053,255.751724
751.211731,452.908600,171.180176,246.518356
750.667137,457.091393,173.624588,256.047668
748.272736,456.021988,171.403137,253.447220
746.841026,455.194130,175.347977,256.184601
746.090279,456.749908,170.830429,255.248459
743.780266,456.704987,175.178360,252.948410
743.084549,455.008476,171.681976,257.656006
740.263824,453.272110,172.003967,253.093704
739.662689,452.139351,176.676331,262.796844
738.111565,450.739357,173.920670,257.020416
737.612427,451.427895,177.427124,264.043243
735.850403,446.360970,175.285034,263.364716
735.650635,451.316597,173.649292,261.785614
735.250916,449.346260,173.921997,263.693451
741.483994,446.969383,167.194366,266.987854
745.498726,447.062248,161.962265,266.884766
750.396278,442.337166,161.334641,271.668549
748.069054,448.218468,157.954544,264.755676
752.975014,443.638145,155.630417,271.237122
751.113289,444.141975,154.931870,270.746185
752.818817,444.743935,153.368591,268.955109
751.367546,444.660255,155.356339,266.879669
753.965012,442.341591,153.115021,268.992523
753.609489,443.024513,154.137466,267.381256
753.610939,435.787682,154.534470,275.393066
752.773056,443.193016,155.194489,269.448608
754.469299,436.264641,155.184692,275.840332
752.784317,442.175316,155.551239,270.057068
754.994591,436.198784,155.209549,275.657410
754.943474,440.977028,153.588760,270.091522
754.507454,437.009544,155.740524,271.906982
753.748627,439.506645,155.202637,269.833191
754.232910,434.659538,156.372986,274.794922
752.674744,431.856300,157.866028,276.086212
752.696007,433.263145,158.105484,270.384338
754.987419,431.356026,158.948196,255.675751
752.927330,431.492287,160.945206,268.117462
753.610359,425.416298,159.232590,262.676849
751.404953,425.741356,161.370636,267.482544
751.070061,419.557411,161.951553,273.452728
749.768028,420.116066,160.062943,272.883759
749.464691,419.840965,161.735657,271.401489
748.631790,417.174797,159.968231,266.894470
746.506676,417.664070,158.228958,268.793732
746.696503,417.998573,159.135681,267.451263
747.286911,417.641319,159.180450,267.428955
744.591675,415.678185,158.244507,269.008423
743.651169,420.250725,158.246857,264.442566
741.996750,415.685143,161.835480,259.752258
739.337982,419.287346,163.839417,265.724854
739.350822,420.993660,166.547501,263.952240
739.152000,421.731773,167.728226,256.984558
734.345726,423.016823,175.082596,254.408722
731.840508,425.609856,188.358658,256.432007
727.076553,427.138725,194.914398,221.070190
727.447479,424.682854,200.086975,259.179932
719.360413,427.341354,209.639648,238.120255
722.459938,429.988625,208.029465,237.462677
719.978905,432.342873,214.173416,225.773224
720.357773,431.073219,222.567291,245.799103
716.903015,434.472397,231.412964,253.186172
710.353348,438.799835,246.485687,244.641891
706.405487,443.241676,261.007263,249.362457
709.181137,440.545341,255.975250,251.357178
712.108047,448.973511,260.660004,245.560043
704.694656,456.948471,274.956390,240.115860
697.849258,458.978264,288.035370,238.431519
700.823776,460.560287,290.267242,236.881363
698.917404,462.700203,296.412262,235.925873
699.302094,463.012756,296.026062,236.253647
706.024918,463.175217,292.939423,235.254654
698.802078,464.783150,303.348480,234.771454
705.686630,462.588593,298.307037,236.103928
704.112457,465.008919,302.275818,233.708588
697.304031,464.929024,309.234589,233.781830
708.039719,464.858582,297.377594,234.202621
703.162033,466.646477,305.496368,230.630249
710.536407,466.019569,297.339417,230.649567
703.240662,465.237579,305.820679,230.415329
713.105621,461.102165,296.437683,231.903809
704.005432,461.437241,305.662720,229.670059
715.192429,459.747574,293.714874,230.988724
704.674438,459.712502,303.470093,229.088898
703.358017,456.554237,304.011383,226.620148
700.596390,452.747658,306.212738,229.432281
700.806808,450.060364,303.372101,228.269272
698.522171,449.570717,304.840546,227.992706
703.964905,448.643921,299.562744,227.883163
697.984604,446.549156,303.803253,227.919617
701.348053,443.835968,297.953308,228.691940
700.765182,444.586182,297.935211,228.207504
697.206863,444.216057,299.576263,227.532104
693.318954,443.156998,304.406158,228.914017
701.913773,440.417908,295.025116,232.234482
697.704346,442.836029,298.952759,228.431442
697.157837,442.966591,298.802246,228.903473
694.741501,443.427498,300.120758,229.289276
691.644272,443.215805,303.322174,230.286026
699.340576,441.301857,294.025024,233.435333
689.876083,442.392189,304.050079,231.520172
697.275864,441.893860,295.026398,231.674545
685.925095,441.690048,305.818146,231.566910
676.575699,440.742966,310.962372,232.815201
668.247391,440.043816,316.567352,231.272949
673.843231,435.395020,303.547180,237.756821
673.563812,434.778610,300.808411,236.775284
667.466736,422.319557,293.665771,248.509186
681.439758,405.130089,268.110107,270.829529
686.754906,383.669121,243.868607,290.278442
691.934921,362.313454,225.236603,310.413361
685.565895,340.299843,225.448898,333.608185
694.219345,342.406380,216.633575,334.052826
693.132118,325.020546,211.382370,352.324738
695.526688,320.129799,210.490936,353.185089
698.656403,313.939644,202.470154,362.782074
733.182899,360.797386,165.878464,223.600037
702.221115,357.729149,175.742950,326.404480
701.056862,344.589500,173.553635,328.442078
694.205002,328.353798,173.509308,353.697662
681.104713,306.685005,181.115158,376.844696
662.069527,329.032936,185.202255,359.950714
647.518089,318.374138,193.787064,376.749390
670.747307,324.055550,169.747452,372.177216
650.403000,331.658684,190.548004,365.111938
658.261978,335.228081,184.009979,365.625366
642.565704,335.868553,198.921448,367.794739
637.740555,329.406441,190.987640,374.816376
628.641632,324.112831,191.516907,382.150787
606.334366,317.620445,206.820892,389.913269
611.954231,311.870262,198.634018,395.083313
572.601433,305.654488,231.084488,402.208832
528.073532,326.981285,214.812897,292.624207
577.796425,303.789391,194.092331,345.277893
560.694099,301.418816,210.430405,371.886353
556.350563,304.062538,231.557297,403.410553
557.035591,298.436180,224.174545,413.595764
554.589729,299.398384,223.809799,410.250702
545.952293,303.441566,231.678299,410.581573
567.245590,308.769127,208.489532,404.882874
578.641083,310.856361,195.948059,401.983307
586.149590,310.038292,189.379166,399.237976
596.167976,312.821022,177.782578,397.180450
604.502449,314.523170,168.677841,397.896149
610.955345,316.661293,161.385208,393.661041
610.239395,315.599159,161.617767,392.219025
611.134201,317.816948,161.155792,389.858765
611.957512,315.860451,163.332535,387.490021
613.385605,315.479332,160.148712,385.710632
613.193573,315.860207,162.513977,386.261383
619.692429,307.881630,155.561066,391.856232
626.280556,305.207939,152.973312,396.603638
630.355347,302.333122,153.028320,395.826172
633.223839,300.651588,150.642532,395.715485
634.396568,299.785240,150.495804,396.612610
634.028984,302.132591,153.633682,391.834900
640.913818,300.616859,149.598999,387.166412
640.010437,300.676003,154.898071,385.829987
644.819542,295.676964,157.828201,387.776184
646.024628,293.312279,162.628235,389.025208
647.038406,295.298561,162.161224,385.379303
649.512856,296.471413,162.121384,384.679474
648.545341,294.447838,171.285782,386.039978
643.928062,293.851448,179.207596,385.766571
645.456390,293.184792,183.375916,387.101959
649.919785,294.487526,181.252228,384.924103
650.036064,292.014397,180.692398,387.713867
649.507751,290.811028,184.644653,387.205322
649.251396,287.312172,188.103897,392.313385
647.989861,285.281517,190.582413,396.658997
651.668694,285.508690,192.610977,394.219543
650.934181,282.630623,193.227951,396.931000
650.367676,278.670326,195.150635,399.616974
647.545410,278.514290,211.285645,400.940643
652.416740,285.081566,199.064835,390.008972
645.591125,281.028465,225.776611,399.227844
654.021286,287.311089,203.996246,379.627441
648.606674,284.250877,201.713165,397.680847
649.849106,279.341972,223.110626,400.383057
651.308899,288.655968,199.992432,375.278015
649.814713,277.827034,212.437958,394.347015
650.355019,288.528633,202.585617,392.097626
638.955101,279.683174,224.919266,400.840668
649.980843,292.400307,206.294052,385.166656
638.920654,283.422646,230.022949,398.001740
652.908218,294.247459,199.169769,376.324646
643.988052,283.175743,221.101044,395.176453
649.947563,294.056633,197.099747,372.106445
642.966721,285.864403,217.775177,392.791077
650.032951,290.858238,204.898087,388.308655
642.767006,287.420311,210.260544,392.519470
645.756569,293.088783,211.460739,386.261017
648.616714,285.335884,214.635101,390.875824
644.778336,291.877754,208.708221,386.225922
646.649437,281.789604,216.319656,393.524414
646.905891,290.314857,213.856918,382.195099
649.438492,287.093163,203.092987,396.928772
644.876854,278.486290,216.790359,399.929138
642.358459,294.028114,213.882324,383.976105
649.951286,286.180092,209.394547,391.835114
642.220848,293.649940,215.341141,385.531158
639.326729,292.556389,214.717880,390.075073
651.115456,290.871315,204.865402,390.986969
642.108635,297.086540,212.030167,389.063721
644.011169,295.306145,213.784912,388.196167
645.904938,300.675774,207.778503,370.939819
647.405891,295.812462,206.689072,390.432800
650.033318,301.805260,203.356949,376.978699
638.892868,301.932106,217.836212,382.277618
650.408455,303.965889,206.340927,378.993134
637.096275,302.833824,216.636795,385.571106
643.844170,305.940163,210.668716,390.309967
644.491936,301.990074,211.808609,393.437195
639.336998,310.863243,221.663895,388.930359
642.497299,305.362526,231.514069,375.983063
635.864578,312.514046,223.105194,373.128510
635.667824,311.831245,218.773972,385.859955
636.240204,313.568886,219.764587,385.989288
634.518616,315.909309,232.470825,386.658417
630.687981,313.491325,247.788467,379.326782
628.517166,314.448982,244.551727,384.863495
625.334572,318.457695,252.170944,370.796631
624.925354,317.608131,245.486694,366.707428
622.542290,318.291451,246.170547,384.882050
623.076965,318.392128,254.221191,378.271759
619.511581,319.336525,257.132233,378.232208
618.940979,318.443092,257.169556,377.108673
616.656982,320.864876,254.950806,377.547211
618.962234,316.885719,261.615326,388.259186
624.531021,320.349648,253.617889,379.991974
619.667587,319.437477,253.287750,381.885773
619.765091,321.301170,256.208588,382.344788
618.587860,318.459328,252.793396,381.072296
617.770271,319.651131,252.803818,385.470062
617.399597,319.473366,258.071777,380.423370
618.272873,319.608955,246.620026,383.583099
614.741127,320.699089,253.015671,382.974243
615.519768,321.259499,252.728409,379.036896
617.361595,321.882149,250.311111,373.179657
614.695259,320.944099,244.703964,383.478973
614.031731,320.696678,251.387589,385.068176
615.425179,323.537773,246.886093,382.606689
619.850800,322.461281,239.985901,384.995026
618.381531,323.421135,241.457886,379.171631
619.092590,324.013206,243.948608,382.261169
624.548965,321.185265,230.384369,384.096375
620.439651,322.270210,237.685272,383.510468
618.926765,321.824303,235.999496,384.007874
619.678505,319.150093,230.614182,388.653046
622.693619,321.231834,225.301117,383.453430
623.999512,322.128197,222.869507,384.059753
619.916168,325.363167,228.504944,380.838959
622.921265,327.667366,235.033081,374.439667
622.285126,326.782524,231.763733,378.675903
619.307144,328.457680,239.087372,379.611603
627.232262,325.050255,242.000687,373.723450
623.130432,326.239815,228.891357,376.824554
622.769745,328.381584,231.115784,376.049438
625.477699,327.990227,223.127243,374.237183
624.065971,323.733253,233.163467,380.533478
622.843269,324.346748,226.284409,375.285736
622.293457,325.487755,238.302979,377.047668
621.897293,327.341011,230.499237,373.408539
621.657616,328.165779,230.424759,375.125824
627.643646,333.569710,221.563171,368.580048
626.429405,339.211388,235.582596,362.541199
629.587173,338.865700,225.282440,358.296051
628.995079,344.090416,234.307571,352.690002
629.291046,342.230247,222.430847,357.063416
629.432434,346.861351,235.808960,349.482361
625.189011,342.107780,240.857208,348.563843
621.422264,343.886009,239.100052,354.902527
625.762085,348.719048,235.988403,338.923462
627.685745,349.246346,230.090057,344.524261
628.732185,346.025536,231.753036,354.344543
633.721466,347.993645,227.708069,351.467773
630.689812,348.410789,225.824234,341.306946
625.670616,351.472221,237.001175,334.205444
628.123558,350.272896,231.729813,345.939667
626.623253,350.172722,233.675003,344.497192
625.945320,350.346550,233.120956,342.980347
627.719231,350.945030,228.772476,339.021423
627.093895,350.316856,233.029739,338.629089
630.344078,349.591591,229.544510,343.742218
627.166069,348.194847,229.571426,335.441467
629.265251,348.414314,226.950455,341.247772
633.763985,347.106911,223.297226,330.601593
627.467560,347.862679,226.528381,347.476410
629.818367,347.370354,218.677353,349.111694
631.162033,351.436607,214.964386,342.140442
624.365448,350.178825,219.145081,344.105469
628.344902,349.677635,217.166397,333.133728
624.439384,348.801094,221.250748,352.535736
631.948700,350.262001,218.447937,346.268219
650.763023,346.700539,200.282913,259.726471
682.865707,349.418663,165.591217,215.630676
669.746941,347.219398,178.228531,275.183990
680.247467,344.150871,166.562561,226.786865
681.666756,346.387878,163.315414,238.511703
674.772926,345.584679,169.498642,240.181946
648.622925,341.490318,194.379883,326.237244
655.194382,341.627739,187.513580,324.300903
645.715485,345.147346,198.035950,321.697845
678.746559,342.741112,160.946701,259.638611
680.308304,346.185707,161.212250,237.799530
665.715393,339.225044,174.489868,311.332184
647.086655,337.616600,192.159698,317.337158
666.018394,333.559425,168.643997,230.860931
677.132675,338.672646,157.981598,288.954437
665.875839,332.081276,168.230377,231.855438
669.487930,335.338387,165.284088,294.328156
662.227715,329.896049,170.579666,224.179932
662.307938,330.961044,167.490692,243.729141
636.356926,328.325249,194.069412,319.177490
638.756180,324.840187,183.871246,279.872711
650.318138,327.631752,175.442520,285.571686
659.431206,331.607658,166.668900,294.130493
651.656563,326.249763,174.373947,261.792938
606.604401,324.001015,221.070679,332.109283
597.909546,325.615578,221.976257,352.480988
598.289192,325.197990,222.676315,327.597534
591.845741,325.497215,219.137436,351.609070
595.497147,324.618279,224.418976,334.385254
594.339722,326.472618,222.072083,345.306824
589.409996,326.350441,226.129532,330.046417
591.727348,329.666588,218.671829,333.903625
640.945396,336.093063,172.031265,250.491470
622.608818,331.584648,192.630386,240.024841
597.699318,327.785011,214.482224,316.816376
582.595139,325.578621,222.690338,342.334503
588.730453,322.673546,226.783722,307.701294
634.357002,330.913574,176.498642,214.106125
658.497879,342.293533,150.859772,215.581192
660.539307,326.570503,152.422180,222.639008
654.395676,327.774780,158.990997,234.246506
667.542130,327.543846,145.233185,220.891174
657.384491,326.142715,155.257629,246.302383
656.605545,327.623253,158.570160,224.058472
668.561378,326.139282,147.291306,211.780441
659.881134,324.571487,154.341431,224.699783
657.013748,322.859238,158.301483,209.498184
661.794502,323.325363,151.588974,204.111465
655.162354,323.472458,157.292969,235.647171
663.817009,323.185555,157.476639,204.006500
658.437614,324.796837,157.936722,222.070435
632.110893,324.087448,184.188126,244.910904
631.107353,324.526077,183.209244,224.102371
664.874825,327.075897,141.698593,199.574509
633.989883,327.170479,172.730804,248.977448
581.242569,321.684120,227.543976,333.317596
578.151207,329.851524,224.089737,338.778564
577.887291,328.473793,241.017960,341.814056
588.084290,324.073784,226.445862,306.874573
584.857094,326.347023,224.614487,335.046844
578.725784,330.385384,232.971832,352.632599
590.831139,328.336418,228.057877,324.733704
586.787544,335.558372,226.755295,317.101807
581.388634,335.402992,232.850723,348.325409
613.040154,332.666267,203.364456,280.355743
601.747902,338.877159,213.154160,316.899414
579.896339,339.598106,230.588364,325.977417
578.367355,339.234291,238.012299,342.783661
580.919937,340.236015,235.203888,344.316345
583.751129,341.765678,236.832764,321.626526
579.861549,341.479088,233.128647,338.480591
582.025642,342.346962,240.728317,316.312714
579.738876,344.851433,234.056366,329.787048
583.671951,343.189507,232.191437,343.176453
582.217781,348.647209,235.216599,328.789246
584.462502,349.822838,229.956650,328.272217
585.887321,351.581596,231.991165,309.218445
583.889618,348.713005,227.644653,331.093567
582.867783,353.368477,229.478363,321.089752
584.021675,351.789665,230.633347,327.783752
583.975220,352.558769,230.156311,340.908142
586.366859,351.599098,230.077133,332.009125
583.319397,352.407158,228.393616,326.938660
582.857704,353.009132,228.416611,325.279877
583.399712,352.311287,228.003494,327.036652
583.041161,351.539742,227.523453,332.474640
580.766998,353.436623,229.465210,338.001801
584.916809,354.855186,228.847107,322.166626
583.436562,352.820122,227.285385,349.443054
589.849480,355.554375,222.774734,327.928772
585.477837,353.465340,224.596878,321.657379
580.833916,351.858315,226.154739,351.120697
593.483742,353.081856,217.351547,327.276642
581.903381,354.432426,226.800720,345.370544
585.745132,355.619164,224.719269,337.241089
581.230003,354.295525,224.427628,329.482117
579.984520,355.781914,228.338760,344.681702
581.489197,355.668663,225.289490,330.938965
576.900932,353.898308,227.687698,341.351868
590.130287,357.612587,216.634628,294.773163
582.459167,353.067238,221.906433,342.971161
580.665565,354.249702,224.806259,316.651154
575.117180,351.301964,228.424393,334.480591
570.579529,353.271935,231.438782,345.881836
578.908470,350.601234,222.736588,344.392670
575.929253,350.816002,225.740189,335.468384
570.771751,352.091194,228.530533,338.453033
574.587692,351.558495,226.625336,333.369995
568.543831,350.960686,229.512131,344.248230
583.659271,347.085503,216.367676,331.053162
571.692215,350.876869,224.442780,321.099579
567.001099,349.024910,227.726135,345.108673
582.914940,345.474068,216.004776,329.268219
570.466469,346.575356,225.694809,330.268768
568.981789,345.110008,225.615463,350.011963
573.882782,344.328011,224.429688,330.859528
571.078667,340.869926,223.190140,328.129944
567.546112,336.985466,223.092407,337.893494
564.370377,339.337990,230.017731,337.750946
566.585007,335.882957,227.009979,333.677490
563.592316,334.931252,225.400146,341.914032
582.623436,331.107536,211.143448,306.416443
572.416443,333.120171,220.674133,352.542664
613.789757,326.266685,181.580460,283.034180
647.016754,337.278351,151.246704,253.413437
615.221313,332.558037,190.093079,280.584839
594.399117,330.794884,229.082809,322.098694
567.256737,329.470009,242.289322,356.759430
573.653084,331.083351,238.586105,326.470245
564.555519,328.016502,230.322006,330.514221
570.834366,321.900627,228.901642,323.373291
574.258957,324.298759,215.778534,337.989502
571.233040,321.018150,216.354050,321.528503
568.037109,317.984673,215.636902,355.151489
555.066910,317.146721,224.237091,348.830444
567.110222,316.495232,219.962357,357.289429
555.750908,317.223015,226.236282,357.429932
555.847183,315.698402,227.471100,364.186920
561.056580,318.254219,222.448181,351.677460
552.597176,315.684380,233.712326,356.629272
559.090782,315.798363,233.948624,353.836243
553.253929,316.335548,228.920181,361.511505
553.991341,316.303551,227.342941,356.746765
551.383873,313.869179,234.255875,367.435089
552.536942,316.077293,243.192413,367.022400
549.244171,317.670830,235.284424,366.368408
553.419861,316.461510,235.230530,377.127136
555.398628,318.887901,225.937302,365.728943
546.148819,317.817055,245.463654,372.756256
549.289520,319.657143,232.144409,378.198883
553.294144,316.074104,227.123932,379.882416
546.274887,321.021111,230.277679,379.784912
550.877586,320.576225,227.924088,378.846558
548.886940,322.013206,235.070297,379.900818
551.282814,322.989159,227.236069,376.658630
549.095184,325.374718,235.686523,378.317810
550.209137,319.558037,226.153809,377.806885
550.130440,324.866859,228.309006,376.421051
548.525787,324.775246,225.401489,377.717926
546.720078,328.018349,225.496429,375.812653
551.045219,324.027763,222.028885,365.933594
546.968422,327.648109,224.950546,352.429596
551.589165,328.459785,224.178909,353.535004
540.641914,327.637550,223.841476,373.824493
545.643929,328.108727,227.111740,374.843811
542.557205,328.765602,226.067535,367.476349
540.362457,328.580040,232.443115,368.109070
546.406303,326.669594,229.916092,364.280060
540.529457,329.009850,251.780136,349.715149
541.372192,327.624245,259.288513,353.909821
544.087708,327.299416,247.701477,351.784454
543.637726,328.590141,240.761353,355.291016
538.561806,324.802406,244.363266,369.698273
542.127052,326.068748,241.927353,373.938293
543.441284,325.131233,235.979919,366.882538
547.534401,323.957573,222.450668,373.651611
542.798485,322.733452,226.453629,371.956665
547.308540,322.715050,228.813644,362.492126
545.637146,317.273613,223.401794,374.283813
547.366486,317.640984,228.794434,376.443726
560.532379,312.008720,213.672729,348.491211
546.436241,314.046577,223.976212,369.079071
551.201500,314.707146,227.068863,370.808960
548.714844,308.347343,230.111633,364.584595
545.612114,308.564339,230.327713,372.426361
544.475983,301.586342,235.586060,370.187408
544.191299,301.460182,239.587067,364.362701
546.327332,300.369255,234.261902,371.718872
549.375938,300.125298,223.919937,363.942261
552.818611,300.458733,225.527023,350.870483
560.871246,298.709328,214.005371,338.034332
564.657333,296.602760,208.646454,333.151642
561.446625,297.143684,223.077759,357.676971
551.594391,297.096535,223.417480,374.338043
549.273422,298.266106,232.782684,373.133423
550.146240,296.591881,235.561707,363.239807
563.770508,295.257347,222.666931,339.140320
588.609993,296.795464,198.818527,299.930908
600.872795,298.027870,187.892654,320.088898
589.488625,297.187492,199.294907,340.367310
559.336945,296.079414,227.734375,354.658661
562.020454,295.224709,224.121628,375.160431
555.397263,294.146126,232.964691,378.281830
562.558716,293.754829,225.920959,372.789520
559.339806,292.174492,231.732193,364.188599
571.613365,294.774284,217.510757,343.148804
583.938507,300.049614,201.514038,287.823364
575.785172,294.325905,215.268585,315.483917
614.026855,296.522453,178.031433,258.822266
609.930908,297.188850,187.225281,262.432465
597.591064,293.808632,208.611877,337.429474
575.226952,297.826180,235.347916,361.827972
566.547974,293.872704,239.807068,366.482361
564.367432,293.976067,242.589050,358.479858
564.052208,291.956459,241.488541,378.309601
560.848541,295.163750,244.671753,370.701294
562.179405,294.509529,235.409439,374.966888
558.595642,296.831978,239.894958,372.693817
559.966957,295.918007,235.534897,376.094513
561.161163,301.056526,231.457275,363.180634
560.286995,297.947090,231.377487,376.931976
565.061340,301.789894,228.004333,371.631622
569.903282,301.897011,219.492569,368.133698
561.625031,297.602501,227.588501,375.302551
562.740143,295.739647,235.800415,380.975159
581.763512,302.521950,219.479141,314.551788
578.481110,299.990181,220.256348,369.123993
565.217331,296.920036,232.045746,368.241455
622.575027,304.997513,176.169098,220.820999
624.075081,301.483971,171.566208,268.126282
576.136719,299.614311,216.325073,368.772949
569.855263,311.874977,220.919479,360.080231
569.859711,306.722176,224.937317,362.749481
568.471878,312.635292,226.294037,343.739532
570.844505,316.864220,220.882767,359.574036
566.167976,308.478905,231.362289,373.698303
573.184578,323.824684,226.205063,347.934601
570.641319,319.280907,233.357864,358.079163
574.304138,319.291771,232.556274,359.810242
571.768852,321.282082,234.424210,361.340729
569.767509,327.414131,236.851700,345.765350
577.978638,328.815498,224.744385,347.375458
570.654022,333.888313,227.402161,344.525482
565.005699,327.154427,229.115433,356.779388
565.493561,325.190514,231.631897,357.144592
559.026413,336.834953,235.913239,347.408936
558.575363,345.930687,234.776520,338.585510
552.094246,356.317192,241.866562,334.461670
543.594124,365.735603,239.836655,325.343842
515.839706,391.073662,264.843781,300.724365
523.750877,388.872292,246.846268,302.950226
468.872116,411.808662,289.775177,277.827606
435.905884,425.365517,309.784180,263.950592
401.366821,440.424316,337.197510,255.263657
347.879211,452.984238,397.368774,246.889908
280.724487,460.422058,452.496826,254.734848
277.514221,461.998817,458.734863,254.981964
226.741821,468.083237,486.209106,248.093399
186.640182,475.897675,465.936554,240.495773
156.130280,433.164711,441.238342,277.482574
143.132797,450.350807,412.457184,261.320465
92.393127,460.471069,388.136841,249.879257
89.706085,461.789307,388.581604,249.907944
50.135925,467.576813,356.983032,248.972702
20.824738,453.324242,343.145935,263.729797
0.000000,469.489052,367.967728,249.418121
0.000000,479.175674,349.261101,239.026443
0.000000,492.275345,340.194286,225.815750
0.000000,496.129433,341.079016,223.450226
0.000000,486.056183,340.994510,232.046066
0.000000,473.120987,298.374132,241.745071
0.000000,461.511559,252.756081,256.834778
0.000000,451.276863,218.599736,254.669525
0.000000,447.703835,179.406847,239.651398
0.000000,442.643433,180.541284,245.314804
0.000000,452.372597,153.286397,258.069489
0.000000,466.149971,133.667620,251.973480
0.000000,467.844307,120.221841,205.912201
0.000000,465.283447,114.256188,239.879745
0.000000,453.819481,111.859082,226.138794
0.000000,453.239189,110.560293,203.173340
0.000000,459.669106,85.814929,185.808197
220.742460,516.207294,106.750786,118.700386
338.983385,593.918514,137.763565,123.762260
311.267839,562.119987,186.229630,148.192261
329.763368,547.437508,184.493759,171.857513
