0.000824
0.030738
0.032087
0.031235
0.030503
0.031905
0.030573
0.030424
0.030553
0.030781
0.031167
0.030286
0.030715
0.030538
0.031667
0.030917
0.030550
0.030410
0.030179
0.030527
0.030351
0.030461
0.031218
0.030226
0.030958
0.030221
0.030465
0.030794
0.030228
0.030219
0.031518
0.031100
0.031090
0.031889
0.031351
0.031574
0.030434
0.031290
0.032163
0.030618
0.031237
0.030960
0.031087
0.031183
0.031082
0.031063
0.031769
0.031900
0.030811
0.030883
0.031040
0.030977
0.031851
0.031940
0.031197
0.030540
0.030437
0.030940
0.031887
0.031823
0.031637
0.030969
0.031931
0.031269
0.030932
0.030993
0.031847
0.031191
0.032097
0.032402
0.030763
0.030499
0.031336
0.030325
0.029943
0.030092
0.031074
0.031939
0.031678
0.030440
0.030758
0.031144
0.031110
0.031264
0.030582
0.030968
0.030645
0.030833
0.030777
0.031982
0.031260
0.030422
0.030240
0.030257
0.030925
0.030323
0.030145
0.030894
0.031490
0.031186
0.031176
0.031063
0.031596
0.030653
0.031089
0.030508
0.032138
0.031481
0.031047
0.030796
0.031386
0.030836
0.031965
0.031746
0.031135
0.033167
0.030806
0.032708
0.031140
0.031317
0.031978
0.031631
0.030986
0.030891
0.030821
0.031012
0.030955
0.030816
0.031076
0.030997
0.031070
0.031249
0.032469
0.031832
0.030714
0.030734
0.031073
0.030877
0.031074
0.030889
0.031575
0.030660
0.031200
0.032336
0.030962
0.030834
0.030900
0.030974
0.031322
0.032402
0.031504
0.031342
0.031056
0.031498
0.030888
0.031226
0.031104
0.031845
0.031937
0.030647
0.030559
0.031169
0.030761
0.030996
0.031016
0.031647
0.030824
0.031538
0.031537
0.031685
0.030607
0.030953
0.030572
0.030512
0.030635
0.030408
0.030791
0.030954
0.030382
0.030484
0.031636
0.031072
0.030289
0.030447
0.030348
0.030752
0.030920
0.030770
0.031594
0.030396
0.030769
0.030616
0.030634
0.030764
0.030997
0.030986
0.031014
0.031775
0.030477
0.030948
0.030473
0.030454
0.031040
0.030749
0.031900
0.031752
0.030655
0.030711
0.030458
0.031008
0.030357
0.031147
0.030435
0.030571
0.030425
0.030336
0.031089
0.030925
0.031536
0.030526
0.030968
0.030373
0.030475
0.030449
0.031698
0.030704
0.030889
0.031121
0.030960
0.031024
0.030810
0.031679
0.031176
0.030722
0.030942
0.030945
0.030761
0.031304
0.031441
0.030917
0.031681
0.030873
0.030783
0.031049
0.030810
0.030720
0.030747
0.030827
0.030645
0.030848
0.030761
0.030654
0.030640
0.031089
0.031700
0.030996
0.030754
0.030622
0.030625
0.031071
0.030911
0.030421
0.030368
0.031886
0.030571
0.030309
0.030914
0.030386
0.030928
0.030497
0.030489
0.030476
0.030450
0.031230
0.030540
0.031299
0.030659
0.031894
0.031290
0.031159
0.031664
0.031132
0.030630
0.031003
0.030647
0.030377
0.031540
0.030560
0.030656
0.030382
0.030565
0.032043
0.031188
0.030247
0.030282
0.030256
0.031004
0.031863
0.032384
0.031152
0.030850
0.031196
0.032052
0.031800
0.030730
0.030767
0.030964
0.031323
0.031499
0.031413
0.030741
0.030395
0.030668
0.030634
0.031531
0.031429
0.031050
0.031894
0.030539
0.030708
0.031302
0.031895
0.032094
0.031523
0.031304
0.030976
0.032153
0.032125
0.031057
0.030930
0.030679
0.030630
0.030566
0.031416
0.031431
0.031035
0.031837
0.031574
0.031076
0.032108
0.031469
0.031329
0.031215
0.031899
0.032661
0.030830
0.032528
0.030951
0.033651
0.031404
0.031986
0.031762
0.031293
0.030962
0.031610
0.031251
0.031779
0.032257
0.032652
0.031121
0.032410
0.032041
0.032539
0.030968
0.031020
0.031267
0.031470
0.030870
0.032058
0.031719
0.031565
0.030879
0.032364
0.031388
0.031645
0.031685
0.031867
0.031331
0.031932
0.030389
0.030579
0.030938
0.030782
0.030517
0.031662
0.030890
0.031007
0.031480
0.032381
0.032272
0.031365
0.032514
0.030884
0.031696
0.030894
0.030937
0.031824
0.030878
0.030694
0.032240
0.032276
0.030907
0.030725
0.030723
0.031891
0.032303
0.031110
0.031548
0.030773
0.031012
0.030869
0.030929
0.030942
0.031052
0.030986
0.031103
0.031198
0.030754
0.031084
0.031266
0.031046
0.031825
0.030776
0.032007
0.031304
0.030965
0.032354
0.031699
0.030986
0.031435
0.030884
0.031193
0.032155
0.030973
0.031287
0.032174
0.031293
0.032080
0.030752
0.030747
0.031029
0.030734
0.031052
0.032046
0.031653
0.031879
0.030758
0.031830
0.031820
0.030773
0.031192
0.031029
0.030719
0.030785
0.031701
0.030815
0.031081
0.031214
0.031086
0.031832
0.031721
0.030774
0.030641
0.029986
0.030830
0.029976
0.030017
0.030597
0.031150
0.030422
0.031046
0.030337
0.031023
0.030522
0.031054
0.032047
0.031197
0.031615
0.031843
0.031861
0.031499
0.031416
0.030979
0.030529
0.031454
0.030563
0.031275
0.030603
0.031129
0.031481
0.030757
0.030738
0.030769
0.030961
0.031717
0.031579
0.030511
0.031387
0.030698
0.030366
0.030472
0.030739
0.030686
0.030768
0.030941
0.030343
0.031259
0.030887
0.030929
0.030782
0.030795
0.030846
0.030768
0.031104
0.031506
0.030622
0.031507
0.031280
0.031172
0.032603
0.031163
0.048832
0.032736
0.033741
0.031034
0.033893
0.032026
0.031484
0.032019
0.031261
0.030772
0.030830
0.030876
0.031885
0.031644
0.031975
0.031450
0.030919
0.031955
0.030639
0.031373
0.030669
0.031756
0.031396
0.030544
0.032122
0.033007
0.032015
0.031017
0.030830
0.030388
0.031029
0.031425
0.030475
0.031781
0.031484
0.030995
0.030741
0.032849
0.031195
0.031281
0.031567
0.032566
0.031587
0.030558
0.030534
0.031114
0.031394
0.031776
0.031527
0.030962
0.030221
0.030414
0.031374
0.034740
0.034912
0.033450
0.032424
0.032350
0.032776
0.032742
0.033306
0.032950
0.032251
0.032868
0.033200
0.033933
0.033771
0.034213
0.035245
0.034537
0.035852
0.034973
0.032392
0.033103
0.032411
0.033014
0.032794
0.032248
0.033500
0.033852
0.033335
0.033006
0.034293
0.033512
0.033916
0.034280
0.033975
0.034490
0.033854
0.034341
0.034022
0.034469
0.033255
0.032980
0.033485
0.033439
0.033775
0.032723
0.032659
0.033757
0.033984
0.033775
0.033709
0.033065
0.032970
0.034137
0.035140
0.035728
0.035377
0.037244
0.034691
0.034672
0.033586
0.033588
0.032965
0.033288
0.033099
0.033770
0.033183
0.033242
0.033952
0.033622
0.033767
0.033390
0.032743
0.033152
0.033522
0.033300
0.033707
0.033216
0.033256
0.033073
0.034418
0.033586
0.033657
0.034295
0.034788
0.034711
0.034970
0.035283
0.034104
0.034108
0.034537
0.034247
0.034390
0.034245
0.035060
0.034677
0.034630
0.035669
0.033520
0.033306
0.033114
0.033520
0.041084
0.034723
0.034628
0.035122
0.034768
0.034266
0.033314
0.033248
0.032796
0.035530
0.033351
0.034696
0.033378
0.033633
0.034372
0.034988
0.033749
0.033678
0.032807
0.033289
0.034547
0.034510
0.032911
0.032363
0.033011
0.033311
0.032393
0.042076
0.032158
0.033388
0.043872
0.032617
0.032933
0.034996
0.034479
0.033592
0.036266
0.032737
0.032734
0.032452
0.032832
0.032897
0.032725
0.033706
0.033047
0.034633
0.033967
0.034081
0.033812
0.035515
0.034044
0.036059
0.035674
0.033163
0.033488
0.033341
0.033791
0.032601
0.032367
0.032462
0.032277
0.033304
0.033156
0.032064
0.033846
0.035301
0.032105
0.034770
0.033691
0.033309
0.033368
0.033056
0.034017
0.032716
0.032036
0.033639
0.033045
0.033693
0.034717
0.033388
0.033646
0.033219
0.033402
0.033567
0.034820
0.033811
0.033897
0.034485
0.033563
0.033837
0.033855
0.034600
0.033695
0.034154
0.033726
0.033422
0.033983
0.033364
0.033573
0.034716
0.033426
0.034738
0.034910
0.035184
0.034368
0.033293
0.033122
0.032887
0.033208
0.032495
0.034136
0.032654
0.033554
0.033213
0.033774
0.034777
0.035963
0.033530
0.033654
0.036156
0.033753
0.033344
0.035253
0.033845
0.033686
0.033899
0.033552
0.033455
0.034487
0.033708
0.033621
0.033392
0.038496
0.032704
0.034563
0.033055
0.033936
0.034120
0.033811
0.033251
0.034019
0.034163
0.033622
0.033320
0.033327
0.032593
0.033486
0.032280
0.031910
0.032390
0.032081
0.031828
0.031205
0.031363
0.031952
0.032318
0.032226
0.032152
0.032652
0.032471
0.033188
0.032084
0.033202
0.032984
0.036807
0.034516
0.032641
0.032681
0.032874
0.032531
0.032289
0.034238
0.032347
0.032454
0.032884
0.032148
0.032961
0.033814
0.032173
0.033119
0.032346
0.032634
0.032282
0.033730
0.033507
0.032364
0.033465
0.031895
0.032416
0.035711
0.032903
0.032559
0.032961
0.032409
0.035200
0.033037
0.033081
0.032280
0.033008
0.032545
0.032402
0.032411
0.032921
0.032603
0.032631
0.033241
0.032741
0.032171
0.033462
0.032798
0.032847
0.032794
0.032173
0.032036
0.032298
0.032136
0.032820
0.032421
0.032321
0.032647
0.032225
0.032854
0.032785
0.033014
0.032542
0.032866
0.033912
0.032932
0.032920
0.037214
0.032454
0.032016
0.033067
0.032291
0.032067
0.033726
0.032538
0.033007
0.032814
0.034547
0.032252
0.032524
0.032513
0.033408
0.032428
0.032246
0.033218
0.035024
0.033962
0.033413
0.032456
0.031824
0.032308
0.035731
0.031655
0.033701
0.032424
0.032151
0.032075
0.032716
0.032320
0.032133
0.032391
0.032994
0.033311
0.032856
0.033479
0.033186
0.034067
0.034498
0.033233
0.033142
0.033280
0.033133
0.034021
0.033211
0.033188
0.032951
0.033329
0.032723
0.033271
0.033262
0.032307
0.034195
0.033285
0.032533
0.033446
0.033278
0.033775
0.034329
0.033541
0.032826
0.032281
0.032435
0.032348
0.032486
0.033038
0.032394
0.033575
0.033482
0.032999
0.032911
0.033287
0.032540
0.032428
0.032507
0.033621
0.032522
0.033246
0.033159
0.035515
0.033629
0.032989
0.032817
0.032433
0.033001
0.034624
0.033275
0.037387
0.033404
0.033338
0.042373
0.032768
0.033836
0.033808
0.033244
0.032696
0.032119
0.032489
0.033016
0.032837
0.033765
0.034235
0.033781
0.033293
0.033023
0.032814
0.033590
0.034156
0.037115
0.033794
0.034173
0.035903
0.035989
0.034747
0.034879
0.034615
0.034626
0.035090
0.035685
0.034225
0.035313
0.035392
0.034714
0.034430
0.034665
0.034345
0.034804
0.035318
0.034800
0.035831
0.034491
0.033550
0.034167
0.033766
0.033165
0.032853
0.033793
0.033362
0.033375
0.034140
0.032881
0.033347
0.033515
0.032652
0.033194
0.032342
0.032254
0.032817
0.033160
0.031982
0.032127
0.032975
0.032338
0.032477
0.032226
0.033223
0.031953
0.032359
0.032122
0.032115
0.032050
0.031999
0.031708
0.032947
0.032229
0.031992
0.032562
0.031887
0.032029
0.035781
0.032198
0.032046
0.032429
0.032281
0.034146
0.032338
0.032094
0.032099
0.032110
0.032117
0.032548
0.033784
0.032683
0.032541
0.033106
0.034019
0.032607
0.032554
0.033105
0.031717
0.032220
0.032761
0.032357
0.032273
0.032691
0.032300
0.033271
0.032260
0.032263
0.032396
0.032382
0.032229
0.032327
0.032409
0.032386
0.035384
0.034309
0.032353
0.032894
0.032307
0.032599
0.032810
0.033011
0.032988
0.032990
0.032348
0.032333
0.032645
0.032789
0.033068
0.033125
0.034570
0.032722
0.037485
0.034304
0.032216
0.040633
0.033477
0.032620
0.032712
0.032919
0.032430
0.032269
0.033440
0.032438
0.034156
0.033981
0.033119
0.033462
0.033323
0.034132
0.033693
0.034170
0.032398
0.032657
0.032678
0.033560
0.034472
0.035305
0.033240
0.033754
0.033823
0.033932
0.034056
0.035669
0.033590
0.033870
0.033200
0.034626
0.035138
0.033139
0.032696
0.032749
0.033473
0.033122
0.034105
0.033670
0.033509
0.034582
0.033952
0.033719
0.033083
0.034672
0.033775
0.033926
0.034424
0.033851
0.034323
0.034256
0.033486
0.034117
0.034065
0.035136
0.033551
0.033539
0.034443
0.034055
0.033351
0.034828
0.034851
0.033522
0.033818
0.033183
0.033832
0.032600
0.033220
0.032811
0.032125
0.032290
0.032662
0.032035
0.031945
0.031734
0.032437
0.031955
0.032442
0.032263
0.032177
0.032346
0.034547
0.032751
0.032422
0.034166
0.032412
0.031623
0.031949
0.032477
0.038773
0.034730
0.032749
0.034365
0.032526
0.032488
0.032181
0.032426
0.032564
0.034293
0.033053
0.033181
0.032905
0.033416
0.036467
0.035103
0.035428
0.035101
0.034572
0.033814
0.033775
0.033961
0.033504
0.034253
0.033607
0.033475
0.033704
0.033512
0.032665
0.033618
0.033345
0.033456
0.032761
0.032435
0.034023
0.032865
0.032154
0.033430
0.032514
0.032392
0.032631
0.032393
0.032570
0.032265
0.032573
0.032763
0.036419
0.032526
0.032564
0.032822
0.032086
0.032469
0.032628
0.032435
0.034641
0.033235
0.034179
0.033021
0.033670
0.033081
0.032878
0.033020
0.032225
0.032813
0.032796
0.032484
0.032791
0.032299
0.032424
0.032619
0.032556
0.031734
0.031832
0.031815
0.038096
0.033969
0.036152
0.031940
0.031747
0.031513
0.030933
0.030657
0.031582
0.032765
0.031034
0.031220
0.030400
0.030327
0.030911
0.030244
0.031972
0.030684
0.030995
0.031415
0.032186
0.031547
0.031365
0.031478
0.032268
0.031726
0.031875
0.033063
0.031864
0.031838
0.031890
0.032439
0.031966
0.033118
0.031765
0.031782
0.030759
0.031132
0.030273
0.031304
0.031042
0.030295
0.030770
0.031325
0.030683
0.030743
0.030906
0.030003
0.030369
0.030545
0.030762
0.031326
0.030726
0.031613
0.030844
0.030574
0.032476
0.031471
0.030894
0.032018
0.032329
0.032148
0.031224
0.031736
0.031348
0.032281
0.032338
0.032126
0.032824
0.032199
0.031807
0.031938
0.032636
0.032967
0.031761
0.031637
0.032459
0.032237
0.032355
0.031554
0.031929
0.032330
0.032889
0.031331
0.031435
0.031351
0.031165
0.031347
0.032093
0.031916
0.031291
0.031398
0.031414
0.031451
0.031599
0.032260
0.032006
0.032043
0.033049
0.031647
0.031677
0.031702
0.031361
0.031152
0.032102
0.031727
0.032664
0.031670
0.031322
0.031299
0.031071
0.031129
0.031199
0.031847
0.032634
0.031896
0.031898
0.030783
0.031891
0.031211
0.032071
0.030913
0.030867
0.030834
0.030781
0.030351
0.031808
0.030872
0.030732
0.030400
0.030456
0.030916
0.030691
0.031520
0.031792
0.031754
0.032131
0.031937
0.030621
0.030593
0.031341
0.030654
0.031895
0.031609
0.030516
0.030657
0.032234
0.030920
0.031333
0.031438
0.031645
0.031588
0.031909
0.031005
0.032484
0.031785
0.031730
0.031935
0.031939
0.031923
0.031167
0.031895
0.031933
0.032073
0.031037
0.031617
0.031411
0.031545
0.031974
0.031341
0.031442
0.031326
0.030970
0.031269
0.030699
0.030778
0.031040
0.030506
0.030841
0.031756
0.030687
0.032020
0.030687
0.030767
0.031597
0.031079
0.031348
0.030453
0.030642
0.032175
0.031883
0.031490
0.031421
0.030854
0.031127
0.031120
0.030540
0.030598
0.030679
0.031211
0.031691
0.030908
0.030704
0.032135
0.031253
0.031523
0.030634
0.032140
0.030801
0.030781
0.032450
0.032423
0.031125
0.031418
0.031113
0.032239
0.032913
0.031127
0.030783
0.030833
0.031472
0.030435
0.030688
0.030632
0.030356
0.030570
0.030479
0.031173
0.030970
0.030285
0.030110
0.030921
0.030237
0.030258
0.031113
0.031167
0.031621
0.030422
0.031750
0.032015
0.030633
0.031183
0.030909
0.031261
0.031297
0.031677
0.031427
0.031956
0.031591
0.032324
0.031952
0.033107
0.032027
0.032544
0.032465
0.031848
0.031447
0.033092
0.031889
0.031762
0.031737
0.031505
0.031554
0.031434
0.032520
0.031800
0.032425
0.033076
0.031440
0.030669
0.031757
0.030507
0.030306
0.031213
0.031555
0.030680
0.030234
0.030431
0.030694
0.031966
0.030572
0.030818
0.031466
0.031392
0.031112
0.031276
0.031253
0.031259
0.031897
0.032579
0.031891
0.033131
0.031980
0.031359
0.031634
0.031585
0.032584
0.031897
0.031883
0.031975
0.031596
0.032037
0.032491
0.032276
0.033329
0.031341
0.032447
0.032448
0.031397
0.031929
0.031569
0.031671
0.030846
0.030929
0.030464
0.030994
0.031376
0.031150
0.030795
0.031471
0.030732
0.030756
0.031154
0.030788
0.030803
0.030290
0.031394
0.030249
0.032172
0.032263
0.031753
0.031583
0.032997
0.031562
0.031984
0.032053
0.031617
0.031866
0.032031
0.030598
0.031988
0.030517
0.030607
0.030399
0.030544
0.030698
0.030714
0.031891
0.030696
0.030502
0.030445
0.030788
0.031220
0.030446
0.030435
0.030563
0.030341
0.031660
0.031318
0.030577
0.031301
0.031750
0.031561
0.030957
0.031650
0.030541
0.030720
0.031410
0.030574
0.030658
0.030828
0.031249
0.030670
0.030380
0.030396
0.030358
0.030056
0.030219
0.030754
0.030314
0.030592
0.031526
0.030642
0.030575
0.030846
0.031118
0.031378
0.031054
0.030431
0.030546
0.030651
0.031192
0.031287
0.032644
0.031636
0.031155
0.031458
0.032495
0.032520
0.031383
0.031276
0.031431
0.031499
0.031360
0.031779
0.033145
0.032327
0.031414
0.032837
0.031455
0.032256
0.031943
0.031759
0.032514
0.031519
0.031128
0.031850
0.031826
0.031697
0.031801
0.032644
0.031635
0.031637
0.031762
0.031855
0.033150
0.032044
0.032062
0.032200
0.032540
0.033450
0.032658
0.032448
0.033662
0.032567
0.033005
0.033176
0.033169
0.032249
0.032146
0.032355
0.033542
0.032974
0.032804
0.033402
0.033032
0.032185
0.031971
0.032907
0.032823
0.032958
0.031986
0.032410
0.030655
0.031890
0.031046
0.031255
0.030743
0.030707
0.031210
0.030955
0.030650
0.030776
0.030918
0.031700
0.030740
0.031120
0.031140
0.030538
0.031362
0.030915
0.030858
0.030973
0.031600
0.030491
0.031674
0.030521
0.031303
0.031975
0.030933
0.030880
0.030299
0.030599
0.031026
0.030640
0.030524
0.031417
0.030831
0.031053
0.031847
0.030640
0.030641
0.030469
0.031748
0.030515
0.030599
0.032253
0.030678
0.030770
0.030392
0.031151
0.031630
0.030922
0.031532
0.030937
0.031210
0.031081
0.030743
0.030653
0.031656
0.030681
0.030500
0.030377
0.031717
0.030983
0.031003
0.030663
0.030909
0.030711
0.030718
0.031596
0.030895
0.030942
0.032280
0.031926
0.031264
0.032142
0.031065
0.031478
0.032512
0.032369
0.031467
0.031511
0.031362
0.031571
0.031462
0.031699
0.031579
0.031396
0.031341
0.032296
0.031419
0.031685
0.031213
0.030370
0.030621
0.030566
0.030374
0.030490
0.031639
0.032037
0.030546
0.030396
0.031788
0.030431
0.031112
0.030828
0.031627
0.031295
0.030767
0.031119
0.030581
0.030717
0.031057
0.030642
0.030769
0.030833
0.031491
0.032080
0.030841
0.030666
0.030582
0.030560
0.031144
0.031196
0.030551
0.031567
0.030709
0.030664
0.031475
0.031071
0.030805
0.031812
0.031067
0.031105
0.032546
0.031569
0.031317
0.032084
0.031691
0.032263
0.031918
0.032051
0.033066
0.031785
0.031985
0.032259
0.032770
0.032010
0.031889
0.032723
0.032238
0.033126
0.032928
0.032565
0.033056
0.032489
0.032542
0.032135
0.032234
0.032552
0.032654
0.033076
0.032883
0.032769
0.033043
0.033058
0.034873
0.033308
0.033037
0.033859
0.032954
0.031747
0.033345
0.030530
0.030526
0.030387
0.031684
0.030841
0.030493
0.030714
0.030550
0.030745
0.030431
0.031368
0.030578
0.030578
0.031668
0.030759
0.030722
0.030688
0.030654
0.030604
0.032253
0.032296
0.030913
0.030605
0.031060
0.031019
0.030583
0.030961
0.031487
0.030894
0.030650
0.032414
0.031891
0.031464
0.031259
0.031989
0.031763
0.031832
0.031398
0.032239
0.031747
0.031484
0.031146
0.031578
0.032570
0.031759
0.031734
0.032114
0.031917
0.030716
0.032053
0.031703
0.030682
0.030734
0.031557
0.031840
0.030894
0.030834
0.031490
0.030794
0.030232
0.031188
0.030625
0.031184
0.031167
0.031113
0.032067
0.030958
0.031051
0.032360
0.031190
0.031095
0.032679
0.032021
0.031726
0.032360
0.031014
0.030860
0.031034
0.031457
0.030982
0.031521
0.030807
0.031475
0.031005
0.032143
0.030866
0.031078
0.031645
0.031185
0.031632
0.030413
0.030776
0.031466
0.030632
0.031996
0.031888
0.030883
0.030601
0.030503
0.030657
0.031670
0.031199
0.030642
0.031264
0.031074
0.030541
0.030742
0.030489
0.030739
0.030588
0.030770
0.030568
0.030652
0.030486
0.030691
0.030749
0.031429
0.030574
0.030436
0.030824
0.032379
0.032043
0.030656
0.030881
0.031714
0.031887
0.030855
0.031170
0.030792
0.030922
0.030817
0.031369
0.031033
0.031877
0.031247
0.031044
0.030794
0.030847
0.031223
0.031660
0.031467
0.030781
0.030891
0.031196
0.031083
0.030977
0.031738
0.030689
0.030689
0.031400
0.030977
0.031639
0.031088
0.030721
0.030698
0.031853
0.031762
0.031776
0.030929
0.030735
0.030628
0.030924
0.031423
0.031862
0.030717
0.030690
0.031109
0.030674
0.030632
0.030629
0.031279
0.030997
0.030587
0.030508
0.030950
0.031303
0.030438
0.030460
0.030876
0.030218
0.030352
0.030130
0.030314
0.030274
0.031331
0.031096
0.030703
0.030553
0.030330
0.030352
0.030555
0.030405
0.031551
0.031341
0.030966
0.031232
0.031132
0.031462
0.032524
0.032949
0.031163
0.031115
0.030815
0.030672
0.030586
0.030539
0.030754
0.030286
0.030904
0.030908
0.032206
0.031744
0.030438
0.031642
0.030240
0.030030
0.029891
0.030136
0.030180
0.029950
0.030262
0.031728
0.031057
0.031013
0.031139
0.031046
0.031255
0.032369
0.031772
0.031030
0.031325
0.032006
0.031182
0.031751
0.031177
0.031138
0.031980
0.030941
0.031941
0.030857
0.030987
0.031044
0.032343
0.031127
0.031741
0.031096
0.031886
0.030976
0.031157
0.031113
0.031862
0.031271
0.031336
0.031031
0.031020
0.031645
0.031087
0.032887
0.031122
0.031043
0.032255
0.031278
0.031558
0.031225
0.031303
0.031386
0.032026
0.030752
0.031050
0.032354
0.031177
0.031472
0.031192
0.032427
0.032210
0.031125
0.030952
0.032493
0.030609
0.030987
0.030658
0.030942
0.032437
0.030640
0.031193
0.031179
0.030932
0.030317
0.031281
0.030995
0.030978
0.031075
0.031075
0.031060
0.031159
0.031104
0.031673
0.031201
0.030723
0.030863
0.031154
0.030960
0.030581
0.031811
0.030534
0.030910
0.031074
0.030359
0.030099
0.030737
0.030074
0.030802
0.030150
0.030467
0.031382
0.030271
0.030068
0.030323
0.030216
0.029876
0.030220
0.030647
0.030520
0.030005
0.030124
0.030026
0.031080
0.030491
0.030068
0.030433
0.030744
0.030308
0.030009
0.030156
0.030489
0.030965
0.030509
0.030265
0.030621
0.030488
0.030625
0.030961
0.030563
0.031482
0.031325
0.031472
0.031227
0.030963
0.032740
0.030981
0.031679
0.030841
0.031323
0.030505
0.031157
0.032272
0.031335
0.030964
0.031007
0.030659
0.030850
0.031609
0.031437
0.031939
0.031091
0.032085
0.030694
0.030869
0.030918
0.030742
0.030806
0.030790
0.030922
0.032077
0.031675
0.030877
0.031915
0.030845
0.031345
0.030428
0.030639
0.032153
0.031475
0.031512
0.030422
0.030768
0.030488
0.031977
0.030800
0.030665
0.030931
0.030950
0.030803
0.030665
0.031878
0.031410
0.030878
0.030778
0.030641
0.031119
0.030505
0.031219
0.031292
0.030514
0.030435
0.030978
0.031352
0.031848
0.030568
0.030506
0.031020
0.031020
0.030683
0.031014
0.032118
0.030519
0.031040
0.030976
0.030406
0.030701
0.031144
0.031349
0.031374
0.031613
0.030503
0.030683
0.031239
0.030532
0.031528
0.030559
0.031476
0.030480
0.030542
0.032037
0.030871
0.030986
0.030756
0.030526
0.030501
0.031746
0.030565
0.030505
0.031399
0.030545
0.031396
0.030598
0.030587
0.031328
0.031757
0.032566
0.031366
0.031192
0.031287
0.030420
0.031226
0.030568
0.031634
0.031437
0.030821
0.030528
0.031852
0.030554
0.031195
0.030590
0.030813
0.030902
0.030471
0.031092
0.031414
0.030532
0.031243
0.031679
0.030687
0.030856
0.032130
0.030770
0.030886
0.031536
0.030587
0.030634
0.030876
0.030204
0.030478
0.031281
0.030571
0.031710
0.030438
0.031417
0.030466
0.030244
0.030937
0.031523
0.031318
0.030371
0.030355
0.030305
0.030771
0.031554
0.030732
0.030680
0.031154
0.030501
0.030676
0.031109
0.030000
0.031204
0.030378
0.030746
0.031551
0.030711
0.031567
0.030942
0.031016
0.031450
0.030437
0.030571
0.030993
0.031952
0.031707
0.030726
0.031115
0.031171
0.032308
0.032350
0.031106
0.031396
0.032667
0.032348
0.032435
0.031597
0.031632
0.031748
0.031217
0.031992
0.031876
0.032325
0.031185
0.031762
0.031770
0.031270
0.031048
0.031119
0.031127
0.031229
0.030962
0.032390
0.031810
0.031379
0.031033
0.031412
0.031214
0.031679
0.031071
0.031005
0.030809
0.030871
0.031957
0.031155
0.031867
0.031708
0.031910
0.031123
0.031357
0.031039
0.032084
0.031753
0.031356
0.032229
0.032371
0.031168
0.032175
0.031355
0.031389
0.031259
0.032802
0.032449
0.031467
0.032450
0.032522
0.031943
0.031794
0.031172
0.032006
0.031231
0.030449
0.031979
0.030709
0.031594
0.031998
0.031061
0.032953
0.032283
0.032346
0.032249
0.031908
0.030686
0.031212
0.031433
0.031437
0.032260
0.031395
0.031712
0.031285
0.031194
0.030511
0.031248
0.031331
0.032183
0.031814
0.030312
0.030397
0.030360
0.030559
0.030380
0.031007
0.030758
0.030541
0.030585
0.030909
0.030624
0.030745
0.031263
0.031677
0.031848
0.030713
0.030396
0.030959
0.032055
0.030688
0.031049
0.031021
0.031747
0.030766
0.031376
0.030469
0.031852
0.031364
0.031812
0.031236
0.031590
0.031532
0.030693
0.031179
0.030581
0.030646
0.030689
0.030437
0.031254
0.030906
0.031659
0.030576
0.030883
0.030552
0.031193
0.030615
0.030931
0.031451
0.030522
0.031362
0.031064
0.030885
0.031231
0.030826
0.031662
0.030851
0.031795
0.031112
0.031349
0.030918
0.030537
0.030700
0.030817
0.030905
0.030606
0.030299
0.031293
0.030385
0.030558
0.030558
0.030662
0.030695
0.030543
0.030512
0.031013
0.030643
0.030576
0.030463
0.030274
0.031529
0.030374
0.030618
0.031528
0.031033
0.030748
0.030654
0.031465
0.030383
0.030595
0.030976
0.030937
0.030604
0.030895
0.030567
0.031436
0.031131
0.031488
0.030306
0.032139
0.031058
0.030541
0.030508
0.030553
0.030503
0.030232
0.030600
0.030505
0.030460
0.030544
0.032426
0.030668
0.030555
0.030587
0.030463
0.031212
0.031030
0.030589
0.030931
0.030610
0.032019
0.030927
0.030675
0.030458
0.030438
0.030404
0.030405
0.031663
0.031652
0.030542
0.030237
0.030272
0.030619
0.031151
0.031167
0.030534
0.030409
0.030477
0.030605
0.030639
0.030400
0.030737
0.030601
0.030461
0.030478
0.031849
0.031284
0.031384
0.030363
0.031821
0.031394
0.030599
0.031772
0.030650
0.031348
0.030694
0.031049
0.030509
0.030951
0.030639
0.030527
0.030474
0.030778
0.030680
0.030480
0.030405
0.030644
0.030502
0.030437
0.030572
0.030576
0.030786
0.030584
0.031709
0.030547
0.032453
0.031670
0.030716
0.031669
0.030303
0.030312
0.031128
0.030406
0.030384
0.030537
0.030832
0.030520
0.030526
0.030975
0.030389
0.030291
0.030391
0.030526
0.030386
0.030246
0.030316
0.030214
0.031652
0.031036
0.030947
0.031070
0.030435
0.030671
0.030980
0.030966
0.030350
0.030856
0.030130
0.031938
0.030521
0.030230
0.030651
0.031244
0.030186
0.030894
0.030319
0.030391
0.030741
0.030452
0.030694
0.031444
0.031513
0.030663
0.030853
0.030956
0.031227
0.031116
0.031597
0.031521
0.030911
0.031793
0.030837
0.030706
0.030714
0.030776
0.030983
0.031090
0.031214
0.030993
0.031801
0.031219
0.030857
0.030785
0.030891
0.030809
0.030770
0.030872
0.030941
0.030801
0.030790
0.030789
0.030863
0.031007
0.031216
0.031660
0.030926
0.031742
0.030884
0.030974
0.030979
0.031398
0.031340
0.031075
0.032036
0.032034
0.031930
0.031569
0.032363
0.031389
0.032330
0.031274
0.030527
0.031773
0.031472
0.031293
0.031446
0.030557
0.031015
0.030988
0.031747
0.030466
0.030897
0.031394
0.030564
0.030497
0.031962
0.030612
0.030808
0.030641
0.030918
0.031160
0.031070
0.030500
0.030661
0.030550
0.030528
0.030240
0.030415
0.030255
0.030323
0.030648
0.031583
0.030406
0.031267
0.030920
0.030816
0.030306
0.030644
0.030421
0.031897
0.031060
0.030924
0.032172
0.031611
0.031275
0.031399
0.031883
0.033503
0.031751
0.031921
0.032738
0.031977
0.032241
0.031761
0.032754
0.031826
0.033674
0.032587
0.031849
0.032085
0.032032
0.032340
0.032608
0.031476
0.031526
0.031196
0.031474
0.031217
0.031189
0.031473
0.031531
0.032201
0.031829
0.032562
0.031316
0.031535
0.031261
0.032227
0.031114
0.032777
0.031605
0.031947
0.031388
0.032281
0.032467
0.032067
0.031167
0.031226
0.031894
0.031197
0.031465
0.030719
0.031121
0.031633
0.031924
0.032477
0.031508
0.031201
0.032574
0.031979
0.030917
0.031392
0.031543
0.030554
0.030901
0.031428
0.031310
0.031670
0.030585
0.030689
0.031033
0.031159
0.030997
0.030763
0.030825
0.030463
0.030841
0.030904
0.030807
0.031757
0.030838
0.030839
0.030798
0.031412
0.031852
0.031017
0.030848
0.030616
0.030573
0.030256
0.030600
0.030831
0.030340
0.030497
0.030361
0.030509
0.030278
0.032334
0.030658
0.031114
0.031137
0.030692
0.030985
0.030449
0.030253
0.030269
0.031408
0.031156
0.030374
0.030255
0.031080
0.030338
0.030317
0.031694
0.030781
0.031450
0.030422
0.030318
0.030793
0.030737
0.030562
0.031002
0.031030
0.031467
0.030454
0.030297
0.030325
0.031188
0.030275
0.031190
0.031654
0.031246
0.030311
0.030350
0.030541
0.030453
0.031184
0.031571
0.031902
0.032042
0.031115
0.030964
0.031284
0.030682
0.032044
0.030680
0.030738
0.030689
0.030786
0.031190
0.031887
0.031891
0.032278
0.030936
0.031432
0.031223
0.030887
0.032031
0.031018
0.031270
0.030918
0.031065
0.032192
0.031590
0.031561
0.030717
0.030955
0.030708
0.030533
0.030495
0.030491
0.031027
0.030446
0.030821
0.031567
0.030294
0.030276
0.030261
0.030142
0.030136
0.031382
0.030093
0.030275
0.030282
0.030250
0.030432
0.031707
0.033098
0.031098
0.030866
0.031781
0.030271
0.030454
0.031859
0.030768
0.030774
0.030556
0.030961
0.031125
0.031364
0.031617
0.031238
0.030946
0.032557
0.032208
0.031017
0.031718
0.032613
0.031168
0.031668
0.031524
0.032468
0.031153
0.032858
0.031170
0.031026
0.031063
0.032417
0.031578
0.031540
0.032489
0.031806
0.031716
0.032099
0.031575
0.033123
0.031651
0.033048
0.032298
0.031559
0.031466
0.032888
0.031501
0.032047
0.032416
0.032345
0.031626
0.031435
0.032883
0.031448
0.031485
0.031244
0.031587
0.031171
0.031344
0.032650
0.031319
0.031310
0.031440
0.031377
0.032395
0.031594
0.031299
0.031688
0.031260
0.031129
0.031132
0.031303
0.031992
0.031738
0.032265
0.031711
0.031850
0.031714
0.031847
0.031665
0.031830
0.033098
0.031165
0.030481
0.030790
0.030756
0.030650
0.030531
0.031154
0.030722
0.031588
0.030673
0.030275
0.030890
0.030481
0.030436
0.032204
0.031005
0.031320
0.030961
0.031911
0.032222
0.031545
0.031618
0.032055
0.031697
0.031635
0.031588
0.031713
0.031756
0.031417
0.031694
0.031234
0.031529
0.031399
0.031655
0.031796
0.030872
0.030602
0.030777
0.030799
0.030570
0.030520
0.030482
0.031391
0.030634
0.030498
0.030492
0.030396
0.030998
0.030316
0.030681
0.030738
0.031121
0.031868
0.030529
0.030800
0.030471
0.030569
0.031417
0.030447
0.030785
0.031222
0.030795
0.031637
0.030519
0.030290
0.030708
0.030569
0.030484
0.030705
0.030471
0.030382
0.031198
0.030356
0.031959
0.030407
0.030425
0.030734
0.030884
0.030626
0.030344
0.030441
0.031376
0.030460
0.030435
0.030836
0.030489
0.031131
0.030632
0.031367
0.030549
0.031624
0.030461
0.030418
0.030701
0.030389
0.030790
0.030281
0.030569
0.030845
0.031272
0.032054
0.030713
0.031429
0.030647
0.031105
0.030618
0.030671
0.030611
0.030658
0.030506
0.031218
0.031731
0.030830
0.032019
0.030767
0.031002
0.030872
0.031282
0.031169
0.031481
0.031154
0.031444
0.031724
0.031083
0.031316
0.031423
0.031633
0.031457
0.031219
0.031124
0.031933
0.031064
0.030883
0.030839
0.031198
0.030942
0.030914
0.031080
0.031182
0.030639
0.030133
0.030416
0.030497
0.030699
0.030399
0.030529
0.030709
0.030655
0.030852
0.030480
0.030688
0.030849
0.031672
0.030904
0.030925
0.030876
0.030708
0.030758
0.030964
0.030937
0.031192
0.032061
0.031305
0.032097
0.031451
0.031209
0.030985
0.030983
0.031917
0.031107
0.031205
0.031635
0.030990
0.031117
0.032701
0.031667
0.031703
0.031136
0.031326
0.031297
0.032300
0.030901
0.031917
0.030985
0.031447
0.031386
0.030873
0.030916
0.031443
0.031010
0.030953
0.032274
0.030824
0.031094
0.031100
0.031512
0.031040
0.031898
0.030604
0.030691
0.030728
0.030706
0.030408
0.030560
0.030325
0.030504
0.030209
0.030518
0.030330
0.030580
0.031176
0.031434
0.030484
0.030857
0.030770
0.031079
0.030576
0.030250
0.029850
0.029950
0.029959
0.030112
0.030403
0.030023
0.030781
0.030054
0.030011
0.029866
0.029995
0.031482
0.030182
0.030174
0.030290
0.030517
0.030245
0.030399
0.030312
0.030454
0.030248
0.030961
0.030427
0.030326
0.030386
0.030484
0.030354
0.030773
0.031660
0.030682
0.030797
0.030763
0.030678
0.030719
0.031436
0.030927
0.030666
0.030636
0.030968
0.031129
0.031163
0.032396
0.030496
0.030437
0.030413
0.030614
0.030528
0.030579
0.030389
0.031938
0.030788
0.030953
0.030266
0.030340
0.030330
0.030297
0.031142
0.031171
0.031396
0.030032
0.030511
0.029872
0.030674
0.030955
0.030031
0.030284
0.030381
0.031267
0.030499
0.031126
0.030630
0.030610
0.031264
0.031301
0.030379
0.031427
0.030278
0.031643
0.030482
0.030333
0.031013
0.030410
0.031279
0.030421
0.031097
0.031530
0.031756
0.030349
0.030944
0.031330
0.031761
0.030682
0.031072
0.030498
0.030696
0.030486
0.031302
0.030439
0.031216
0.031497
0.032084
0.032085
0.030411
0.030443
0.030339
0.031205
0.030755
0.030602
0.031679
0.030577
0.030713
0.030678
0.031075
0.030447
0.031244
0.031310
0.030764
0.030678
0.030643
0.030602
0.030633
0.030516
0.030833
0.030592
0.031042
0.030435
0.030605
0.031228
0.030548
0.031383
