0.000956
0.030106
0.030980
0.030238
0.030234
0.030661
0.030364
0.030603
0.030487
0.030632
0.030532
0.030679
0.030882
0.030773
0.030702
0.030690
0.030728
0.030880
0.031176
0.030963
0.031114
0.033544
0.031041
0.031617
0.031331
0.031435
0.031355
0.031907
0.032874
0.032030
0.032258
0.031694
0.032069
0.032437
0.032230
0.032610
0.033126
0.032560
0.033695
0.033699
0.032392
0.032738
0.032968
0.033961
0.032685
0.033579
0.032947
0.033582
0.032818
0.033105
0.032929
0.034251
0.034484
0.034500
0.034253
0.033673
0.033192
0.034247
0.033689
0.034840
0.034043
0.033907
0.035390
0.033780
0.033936
0.034504
0.034615
0.033586
0.034379
0.033394
0.034444
0.034503
0.034143
0.033832
0.034036
0.033656
0.034583
0.033574
0.034202
0.033929
0.034099
0.033607
0.035548
0.034051
0.033373
0.033315
0.034042
0.033025
0.033370
0.034416
0.034230
0.032416
0.033427
0.032672
0.033313
0.033350
0.032935
0.033186
0.033265
0.034528
0.034389
0.033374
0.034140
0.033387
0.033526
0.034094
0.035159
0.034058
0.034271
0.034428
0.033908
0.034366
0.034353
0.034630
0.035056
0.035041
0.034456
0.034151
0.034854
0.034668
0.034493
0.033953
0.035390
0.034591
0.034128
0.034183
0.034024
0.033758
0.033628
0.034015
0.033847
0.034012
0.033411
0.033802
0.034115
0.033160
0.034534
0.033248
0.034332
0.034870
0.032277
0.032013
0.032667
0.032637
0.031641
0.032053
0.031154
0.032635
0.032399
0.031409
0.033146
0.031897
0.031219
0.032147
0.031953
0.030788
0.032459
0.031249
0.031072
0.033554
0.031573
0.032414
0.031270
0.032359
0.031972
0.031632
0.031753
0.032088
0.030445
0.030818
0.031890
0.030806
0.031242
0.031651
0.030833
0.032141
0.031285
0.031394
0.031890
0.031790
0.032067
0.032301
0.032375
0.032147
0.031639
0.032609
0.032098
0.032193
0.033189
0.033473
0.032385
0.032738
0.031856
0.032585
0.032015
0.032684
0.033007
0.033873
0.032766
0.032355
0.032610
0.032561
0.034156
0.032436
0.032827
0.032405
0.032574
0.033564
0.033468
0.032500
0.032164
0.032662
0.032663
0.032193
0.032112
0.032600
0.031699
0.032261
0.032234
0.032903
0.031706
0.031546
0.031658
0.031862
0.031837
0.032712
0.032906
0.031859
0.031937
0.032948
0.032629
0.032449
0.031797
0.031828
0.032843
0.031775
0.031789
0.031798
0.031907
0.033251
0.032766
0.032274
0.032237
0.032314
0.032687
0.032959
0.033741
0.032900
0.033728
0.033788
0.032832
0.033283
0.033548
0.034632
0.034576
0.033268
0.033637
0.034469
0.034232
0.033807
0.033589
0.033869
0.035164
0.034287
0.034107
0.034371
0.033614
0.033993
0.033921
0.033912
0.034358
0.033668
0.034007
0.034683
0.034023
0.033528
0.033632
0.034822
0.035080
0.033891
0.033548
0.033564
0.033380
0.034423
0.034041
0.033979
0.034942
0.033605
0.033788
0.033057
0.033789
0.033007
0.033559
0.034482
0.033153
0.032757
0.033025
0.033086
0.034400
0.033024
0.034380
0.034844
0.033442
0.033726
0.034006
0.032754
0.033038
0.033384
0.032972
0.033663
0.032984
0.033689
0.033080
0.033982
0.033080
0.033343
0.032961
0.033103
0.032743
0.033081
0.032660
0.032786
0.032725
0.032791
0.035294
0.034007
0.033522
0.032602
0.032522
0.033475
0.033835
0.033029
0.032935
0.032625
0.032397
0.032873
0.031987
0.032324
0.032434
0.032512
0.033300
0.032279
0.033648
0.032464
0.032932
0.032853
0.032602
0.032793
0.034216
0.033590
0.033542
0.034041
0.035612
0.034067
0.034415
0.033302
0.033461
0.034153
0.033111
0.033163
0.033210
0.033079
0.032961
0.033060
0.033424
0.033135
0.034105
0.033476
0.033143
0.032857
0.033031
0.033973
0.032583
0.033786
0.032823
0.032551
0.032439
0.032309
0.032207
0.032656
0.032341
0.033097
0.033148
0.032598
0.032560
0.032162
0.032572
0.032380
0.033713
0.032295
0.032770
0.032944
0.033385
0.032405
0.034546
0.032659
0.032194
0.033612
0.032862
0.033504
0.032563
0.032725
0.033409
0.033678
0.034103
0.033108
0.034237
0.032984
0.035101
0.034133
0.034155
0.035756
0.036644
0.035340
0.033930
0.033801
0.035042
0.033584
0.033612
0.033778
0.032832
0.033606
0.033405
0.032885
0.033987
0.033423
0.033249
0.034645
0.034574
0.034875
0.033008
0.032947
0.033294
0.032998
0.032797
0.034745
0.033469
0.033301
0.034065
0.033363
0.032835
0.033596
0.032565
0.032512
0.032660
0.032459
0.032663
0.032347
0.032435
0.033462
0.032707
0.033864
0.033133
0.032999
0.034104
0.032944
0.034152
0.033109
0.033088
0.032653
0.033752
0.033195
0.033927
0.034456
0.033556
0.032787
0.032932
0.032595
0.033158
0.033523
0.032574
0.032276
0.032793
0.033161
0.033497
0.032820
0.032105
0.032411
0.033103
0.032777
0.032113
0.032954
0.032243
0.032472
0.032360
0.032073
0.032930
0.031648
0.032216
0.032754
0.032498
0.032399
0.031427
0.031939
0.031339
0.031472
0.032707
0.032454
0.031466
0.031294
0.031180
0.031290
0.030990
0.031759
0.031024
0.031104
0.030709
0.031172
0.030943
0.031404
0.030823
0.032011
0.030519
0.030755
0.030523
0.030278
0.030231
0.030213
0.029938
0.030305
0.030389
0.030874
0.030139
0.030636
0.030815
0.030575
0.030025
0.029980
0.030152
0.031029
0.030438
0.030250
0.030496
0.030296
0.030529
0.030921
0.030709
0.031189
0.030834
0.030564
0.029928
0.030397
0.031451
0.030335
0.030326
0.031704
0.030211
0.031571
0.029994
0.030703
0.030622
0.030184
0.030651
0.030276
0.030833
0.030234
0.031344
0.030779
0.030287
0.030377
0.030762
0.030888
0.031602
0.031711
0.031534
0.032322
0.031327
0.031534
0.031081
0.031245
0.030722
0.030800
0.030999
0.030218
0.030564
0.031628
0.030496
0.031326
0.030763
0.030152
0.030471
0.030294
0.031107
0.030189
0.030409
0.030774
0.031763
0.030824
0.030455
0.030475
0.031525
0.031341
0.032070
0.030322
0.030210
0.031252
0.031925
0.030340
0.030490
0.030667
0.030848
0.030566
0.030538
0.031018
0.030516
0.030742
0.030572
0.030643
0.030729
0.031307
0.031144
0.030663
0.031754
0.031864
0.032061
0.031658
0.031523
0.031131
0.031058
0.031875
0.031548
0.030946
0.031502
0.032060
0.031012
0.031144
0.031692
0.031638
0.031191
0.031452
0.031698
0.031913
0.031629
0.032176
0.031613
0.031915
0.032407
0.032673
0.033242
0.033340
0.031808
0.031775
0.032481
0.031889
0.031497
0.032830
0.032586
0.032496
0.033121
0.032844
0.032782
0.032968
0.032735
0.032192
0.033400
0.032388
0.032953
0.034016
0.033296
0.032622
0.033759
0.032242
0.033729
0.033473
0.032746
0.033672
0.032831
0.032581
0.033604
0.034385
0.033562
0.032566
0.034001
0.033464
0.032804
0.032628
0.032385
0.032299
0.033485
0.033826
0.033259
0.035716
0.033915
0.032772
0.033216
0.032902
0.032959
0.033389
0.033163
0.034068
0.033473
0.033913
0.034222
0.035006
0.034065
0.033865
0.032956
0.033688
0.034144
0.032972
0.033535
0.033773
0.033114
0.033393
0.033159
0.034247
0.036115
0.033452
0.034805
0.034902
0.034146
0.033660
0.034725
0.033389
0.034764
0.033611
0.033198
0.033966
0.033425
0.032733
0.033760
0.032373
0.032285
0.032446
0.033376
0.033176
0.032158
0.032421
0.032968
0.034161
0.033277
0.034129
0.032704
0.033683
0.033041
0.034175
0.033977
0.033449
0.033733
0.033113
0.033295
0.033004
0.033146
0.033626
0.032950
0.033974
0.033440
0.032528
0.032449
0.032762
0.034244
0.033343
0.033747
0.032490
0.033086
0.032810
0.032826
0.033089
0.033574
0.033009
0.032698
0.032988
0.032882
0.033645
0.034169
0.033117
0.033020
0.033061
0.034440
0.033664
0.035149
0.034557
0.033957
0.034813
0.033393
0.035231
0.033640
0.034521
0.034475
0.035867
0.033887
0.032876
0.033788
0.033894
0.033023
0.032450
0.033644
0.034700
0.034299
0.035318
0.034825
0.036229
0.034389
0.034508
0.036029
0.035872
0.035052
0.035343
0.034851
0.034287
0.033189
0.033259
0.033572
0.035458
0.034702
0.034900
0.035308
0.034718
0.035181
0.034521
0.034775
0.034587
0.033796
0.034075
0.032524
0.032508
0.033625
0.032470
0.032684
0.033188
0.033957
0.032837
0.032534
0.034587
0.033350
0.036193
0.034043
0.033681
0.032714
0.033124
0.034949
0.033210
0.033388
0.034435
0.033400
0.033710
0.033865
0.033795
0.033981
0.033059
0.033470
0.035831
0.034907
0.035624
0.033949
0.033860
0.034152
0.033373
0.035726
0.033201
0.033702
0.033985
0.034565
0.034681
0.033760
0.033456
0.034156
0.033560
0.033980
0.034238
0.033881
0.034194
0.034278
0.034023
0.034278
0.035829
0.034275
0.034857
0.033854
0.033985
0.034403
0.033434
0.036078
0.033711
0.033454
0.032366
0.032479
0.031730
0.032224
0.032040
0.032008
0.031104
0.031940
0.031488
0.031027
0.031737
0.031721
0.030902
0.033135
0.032117
0.030699
0.030654
0.032340
0.030662
0.030537
0.031147
0.031859
0.031825
0.031537
0.031857
0.032660
0.032919
0.032106
0.033996
0.031314
0.033582
0.032598
0.033769
0.032313
0.033365
0.034330
0.035870
0.033202
0.032854
0.032879
0.033439
0.033749
0.033619
0.032705
0.033407
0.032914
0.032706
0.032442
0.032196
0.032287
0.031646
0.031958
0.032124
0.031597
0.032330
0.031496
0.032406
0.032893
0.031937
0.032337
0.033963
0.031882
0.033295
0.032373
0.031674
0.033772
0.033509
0.032929
0.031424
0.031547
0.031494
0.032035
0.031997
0.031782
0.032618
0.031948
0.033002
0.032121
0.032619
0.033491
0.033634
0.032713
0.034626
0.033658
0.033436
0.034372
0.033618
0.035253
0.035473
0.034431
0.033463
0.033410
0.034842
0.034064
0.033421
0.033835
0.033668
0.036938
0.035108
0.033863
0.033240
0.033689
0.033937
0.034478
0.033932
0.033498
0.033760
0.033450
0.032149
0.032309
0.031301
0.031938
0.032586
0.031576
0.032081
0.033115
0.032012
0.032467
0.033644
0.032591
0.032051
0.033294
0.031788
0.032210
0.032539
0.033412
0.033736
0.033117
0.033865
0.034805
0.036217
0.033735
0.034370
0.034005
0.034303
0.034868
0.036144
0.036033
0.035540
0.036360
0.035935
0.036496
0.037818
0.037844
0.037060
0.038024
0.037276
0.037130
0.036355
0.036556
0.037149
0.037130
0.036834
0.036840
0.037311
0.036247
0.036099
0.036501
0.036843
0.035916
0.036244
0.036750
0.036399
0.036587
0.035903
0.036978
0.035839
0.035872
0.036114
0.035944
0.036025
0.035498
0.035710
0.036865
0.037031
0.036405
0.036012
0.035305
0.036374
0.035549
0.035908
0.036692
0.035689
0.036264
0.036032
0.035491
0.036751
0.036287
0.034888
0.035394
0.034486
0.036963
0.035016
0.035285
0.035407
0.034860
0.034712
0.035350
0.034967
0.035263
0.034405
0.035038
0.036219
0.034987
0.034371
0.034512
0.035873
0.034665
0.034906
0.034677
0.034368
0.034307
0.034284
0.034188
0.034107
0.034914
0.034064
0.035561
0.033880
0.035236
0.035018
0.034146
0.033896
0.034655
0.033332
0.033480
0.034885
0.033945
0.032968
0.033247
0.033363
0.033203
0.033440
0.033444
0.033513
0.032610
0.032947
0.032592
0.032735
0.033846
0.033507
0.032875
0.033172
0.033271
0.033695
0.033485
0.032286
0.036173
0.033451
0.033476
0.033200
0.032963
0.033082
0.032630
0.032306
0.033026
0.033078
0.031945
0.031881
0.032256
0.032738
0.032076
0.033756
0.033618
0.032184
0.032597
0.032728
0.032041
0.032061
0.032540
0.031579
0.032880
0.031894
0.032746
0.031522
0.032837
0.031168
0.031074
0.032931
0.032055
0.032546
0.031880
0.031663
0.032648
0.031487
0.031820
0.032226
0.031940
0.031494
0.032021
0.031979
0.031276
0.032086
0.031423
0.031890
0.031891
0.032244
0.032016
0.032163
0.031277
0.031569
0.031571
0.032181
0.031846
0.031698
0.032251
0.031099
0.031707
0.031735
0.031396
0.031517
0.031669
0.032619
0.032891
0.031603
0.032784
0.032073
0.031294
0.032654
0.032188
0.032031
0.032078
0.031869
0.032640
0.032141
0.031633
0.032029
0.032397
0.031359
0.031476
0.032161
0.033121
0.032372
0.031586
0.031495
0.031711
0.031627
0.031518
0.031282
0.031743
0.031503
0.031550
0.031524
0.031256
0.030591
0.030656
0.031327
0.030886
0.030524
0.031292
0.031939
0.031438
0.032050
0.030739
0.031584
0.030842
0.030395
0.031687
0.030462
0.031805
0.031493
0.031431
0.032107
