528.000000,125.000000,149.000000,69.000000
533.035431,121.285011,139.812286,72.969162
536.456314,112.991596,160.444702,81.141930
540.089645,112.431995,180.300537,83.843712
546.751480,108.831551,201.607117,83.686813
552.875221,109.313240,219.435196,89.310043
558.185814,110.564930,245.444748,88.566551
557.693314,112.264259,266.932190,88.954819
559.362762,115.363739,290.549347,87.298218
566.768814,123.105049,299.566406,85.923569
579.123398,124.893795,319.451965,88.753120
583.220673,122.345390,339.319794,93.024368
594.589767,120.721329,336.859497,94.392365
598.819794,111.404842,353.262665,105.392036
618.570770,117.531952,342.996185,102.335693
623.031311,130.355022,348.541962,95.945412
619.922440,133.960865,357.366760,105.726341
618.391693,133.908817,356.167145,108.208611
605.614578,135.860661,377.585999,100.605766
585.984619,128.023033,380.862274,100.522659
571.178177,125.037800,377.447327,86.618126
538.260483,117.385166,387.313721,95.519157
520.622650,111.385441,398.305267,93.941948
502.105743,106.602154,406.499969,105.882362
516.125519,103.238659,382.724457,86.607033
482.806656,96.771275,413.624512,105.894707
506.083466,92.232777,377.205658,103.740379
504.563812,88.109390,365.133087,85.839264
484.885330,83.026276,360.572815,98.506897
490.908966,75.137165,332.983429,105.372093
484.712784,76.274174,325.029785,106.608269
488.172241,77.755913,305.199371,97.749832
492.391663,80.794731,277.945221,94.890030
518.810211,82.574085,237.873810,98.771629
538.820091,97.113449,205.524033,85.358002
555.079697,102.473541,182.105469,84.412415
570.605225,108.115898,160.462128,81.285904
596.136642,110.737347,129.037354,87.756691
605.730099,110.758419,114.847511,90.491463
616.421623,105.986786,117.974289,90.397552
622.344597,104.352962,104.844040,100.204811
570.472534,90.511887,176.091919,132.469727
588.217278,94.164955,136.665970,120.885086
588.573021,104.674011,147.525040,140.531708
593.612038,109.533829,144.872543,151.624390
590.673103,147.963371,173.344101,114.638657
592.775131,139.401825,161.776764,115.025299
588.551208,144.330833,189.847595,124.430832
594.751213,178.118191,166.064102,99.394142
594.995674,153.280800,194.440170,128.748367
605.640823,162.226841,180.808929,127.467308
605.431946,155.271221,192.015442,125.676094
607.644424,149.048889,207.594391,135.798004
640.991684,150.080635,196.625641,118.617203
667.006630,148.931374,174.965927,129.141251
695.330803,146.559780,167.120926,125.738686
725.243301,140.709152,148.196869,133.236755
734.283966,155.992714,147.783020,116.934769
733.529785,144.645054,143.854797,125.103233
722.050270,133.288239,147.596176,126.792572
703.622719,154.976791,147.749008,99.564636
686.053268,169.597931,148.637726,78.047211
672.724342,170.538692,149.547043,75.167091
693.661282,169.268520,116.113472,77.831642
710.344936,177.744698,91.288368,69.658005
704.099716,179.780228,91.100708,76.412048
698.851768,162.867374,92.320236,90.012444
634.845909,166.440548,136.805740,92.142525
619.120277,170.371639,127.977463,87.397408
583.291267,183.306553,141.643448,81.580864
555.596085,184.086506,161.058746,79.997826
541.371765,154.882309,173.738647,118.514130
524.686089,161.255264,189.546768,123.010040
505.273468,173.900539,204.417847,115.712227
480.014687,197.661915,216.375595,90.878075
453.904770,213.834064,211.482635,79.204918
431.730042,233.990410,216.148010,68.311295
400.866562,239.858562,230.822174,71.818581
386.149475,246.117550,221.571106,69.214363
363.945953,252.492146,231.710815,66.639427
350.932999,251.175636,215.534210,80.266647
349.561134,259.252121,198.671677,79.363312
347.226845,257.228878,194.204025,80.044441
349.927635,268.936306,193.257401,69.739449
349.646233,269.504509,202.592728,70.155289
350.656563,272.087227,212.723740,69.151352
357.383957,278.270119,203.037567,64.388840
366.013000,278.585869,197.265015,60.217667
377.549324,275.632820,181.457932,59.831772
386.922768,269.737474,154.368027,60.307583
397.329765,261.328405,132.476730,55.435932
409.012512,254.738167,122.000488,53.398880
419.577263,254.303049,102.750412,49.368481
427.882576,245.213924,89.959244,60.423897
434.883690,237.509884,85.797653,67.563911
444.753189,217.143017,144.032471,89.574318
457.288322,194.005112,114.810104,120.195648
465.875824,192.112881,127.005707,116.900032
480.861763,190.379486,139.027420,111.876831
494.066299,186.262539,148.607605,103.505928
513.505974,209.837044,163.210922,72.764206
526.864609,198.015720,175.263367,73.335991
536.358978,190.237629,186.526642,79.289940
544.974190,176.522739,205.072159,96.178398
568.144600,162.454376,218.332840,104.823730
592.433540,156.615871,227.190933,106.629097
638.161339,154.854298,203.343307,99.600914
666.973282,166.355221,206.490906,86.999763
678.821587,171.214424,217.435043,73.618088
689.836205,169.670738,224.554672,64.387100
684.109138,173.077240,247.370010,62.364929
673.089310,180.046461,260.933594,60.722813
669.960007,188.229687,272.282776,65.305946
670.013123,197.794069,270.490814,58.341000
672.211319,199.090252,287.295227,64.856178
677.432098,196.478741,283.787323,71.636635
666.859772,199.498447,296.182220,68.214592
666.309479,203.457611,295.416412,64.220093
661.417465,202.775942,291.203491,63.372799
656.403107,202.863232,288.957428,62.146767
653.683716,200.731817,291.902130,61.033619
655.975357,196.039301,277.014099,62.122448
656.554688,189.580866,280.105316,61.930004
657.864044,184.148655,282.927155,63.333611
656.880859,183.902424,284.484222,58.484276
652.321228,181.384190,285.370026,56.208000
644.377060,182.573275,304.248169,57.117977
643.561356,187.222021,299.587463,58.727345
656.567261,190.637878,281.696136,56.508789
659.847641,196.365007,286.686829,54.678799
653.444366,196.389172,292.510712,57.335487
650.499451,200.602512,299.215057,55.171562
642.206207,201.925434,307.851837,57.481895
647.814911,207.454252,305.582794,56.971928
648.715530,214.281275,301.487488,56.030590
651.762100,219.590992,299.586243,56.645103
651.259491,220.348244,301.995148,60.800278
658.466599,224.425945,303.937988,60.262062
665.113113,227.668438,294.481934,60.503212
673.582214,230.944780,285.046600,58.083523
674.040344,226.547163,281.920319,61.805210
683.416351,222.293264,275.029510,63.443745
687.759521,218.529301,270.581329,64.498894
690.551773,216.260218,268.325684,61.685375
696.392212,210.355328,275.266754,65.959755
702.761810,208.351236,269.565094,63.876629
702.945709,205.180672,273.935760,66.613205
701.923172,202.371887,277.932495,66.696716
698.394638,196.057579,286.721680,69.515030
698.337891,192.334370,285.403168,68.106224
689.741165,188.709896,294.615417,70.197945
695.757980,179.249840,287.776733,70.877151
695.626633,174.319206,287.350464,72.721695
697.695023,170.806942,280.808533,72.934090
710.096497,169.819683,271.136200,70.920815
713.525925,167.612640,262.800049,70.738586
718.803848,166.800392,260.433777,67.664169
716.659668,163.219284,265.643402,73.168488
716.315872,158.960625,265.638184,76.802811
721.822906,159.159737,265.487274,78.597824
715.157486,158.934784,282.707031,82.752747
704.593170,155.762020,300.025604,82.459358
690.071960,150.607639,307.331512,85.847588
657.684418,145.733177,330.500275,82.654312
636.826828,141.409920,356.727783,96.049850
614.329483,139.236752,379.832703,94.909126
611.879700,146.349335,386.236359,87.615662
607.669571,148.413826,406.489807,93.862778
609.836884,153.694466,411.390350,88.685532
634.663559,162.028713,389.360291,83.905708
628.734634,168.220528,390.963806,85.800156
635.956146,164.972057,378.148529,85.288002
657.746246,166.171017,354.895416,105.035347
681.092224,165.167324,321.591949,103.726997
682.853806,168.911728,298.691956,115.888153
685.905334,173.883003,299.684723,96.044174
678.248566,182.171024,278.903473,112.023308
685.736366,180.344917,244.852737,118.379807
675.315132,171.722130,232.233719,139.925491
676.529152,175.152836,208.632767,126.714836
679.236687,167.601891,179.535019,108.499832
674.597023,156.359848,171.907608,129.905182
652.786606,156.295929,184.068298,135.768250
629.353760,128.033539,163.202423,163.863342
645.286926,124.928230,114.895294,150.974594
617.171585,160.558369,132.411743,123.232689
592.457134,172.876900,126.521309,106.707932
561.606995,178.605682,150.112946,110.187744
526.955086,180.212093,161.915298,116.728767
494.772430,163.009987,203.908173,143.304001
469.327881,170.708626,222.819977,141.675705
446.388809,168.015427,229.980225,156.129669
430.646622,186.714371,249.980713,149.931976
417.845154,141.682365,258.516937,203.736221
413.477829,168.724243,263.944458,186.286133
396.131790,193.346794,280.095520,180.835953
373.050583,185.866928,304.299194,206.367950
343.414993,232.273788,341.535950,165.684967
308.516129,198.687317,355.871765,203.450073
275.080246,176.105026,360.690063,230.860260
237.412872,152.605293,376.351593,251.978134
204.784973,139.150513,418.499969,263.236328
175.358032,153.815125,435.136810,246.594482
143.633148,149.268631,459.608551,250.687958
117.245682,186.813614,491.047424,209.975433
103.013504,190.787956,516.953918,200.172989
93.060959,183.642815,542.886597,215.975479
90.625534,186.174294,561.638550,215.860886
98.772018,184.360580,576.601685,230.730865
111.059006,187.865623,594.236206,236.362869
133.103867,187.462372,610.152222,243.500549
142.083084,182.013901,633.344055,261.428009
163.060806,173.619080,644.513611,266.452881
200.571152,161.401398,654.177734,279.108704
229.009018,91.598938,696.399414,366.394775
250.585892,92.522507,696.191711,367.916779
276.853531,62.897186,705.457458,401.560730
291.617447,64.029251,634.231384,404.385468
315.230026,37.093765,678.965698,422.682709
336.226913,8.886902,661.035889,446.462891
349.763565,16.407364,629.109070,437.665619
362.000656,29.629883,607.523315,433.053833
375.450363,88.366043,546.680786,383.349091
392.091354,129.134491,534.935425,332.248718
382.314194,184.270798,541.077148,279.380890
374.244461,207.767540,551.545227,252.426590
356.620209,276.620003,486.078766,172.536362
348.777832,295.474815,374.513275,156.335892
346.717346,256.136963,348.162811,201.086914
330.596359,288.249405,350.038086,178.847992
318.173401,316.321457,381.860931,146.680695
300.583008,281.065750,356.939789,189.354340
289.276474,290.831871,356.835449,183.109085
286.652206,304.961929,354.994507,175.404510
291.944504,270.500038,369.444946,212.823654
302.749237,266.887466,392.523956,213.419281
308.423767,312.232109,416.236786,150.765396
311.606033,286.601563,440.848572,169.926025
308.537201,311.721825,438.877594,132.007889
306.512756,255.134361,445.668060,190.560257
292.039505,289.607201,382.174377,143.594193
290.688812,278.522774,384.649078,162.002914
281.659576,240.462265,330.472443,195.730377
266.514969,266.638115,343.427917,172.754898
258.728241,275.126495,319.603302,162.278870
240.579269,262.399681,320.041504,171.690140
228.773148,262.581467,327.772278,151.093048
221.147507,234.078133,341.224854,159.941513
211.832123,227.110695,389.538239,165.765549
218.090729,242.137543,388.006134,157.215271
215.266571,228.761070,401.411163,172.925125
216.351974,213.476563,442.310059,197.380493
212.105011,217.329628,443.707184,173.191818
419.543442,285.345181,346.323608,107.841011
213.414322,211.000214,444.630920,182.999756
220.269150,203.295059,399.942261,187.987457
208.622101,182.403236,367.071320,201.951035
198.618515,169.226227,339.434326,184.586792
205.154770,224.711655,339.915527,138.509613
188.739197,152.078407,281.276276,181.413559
211.416611,182.066536,420.110413,171.722946
197.661835,144.844505,364.993011,186.073502
239.733597,143.438087,397.033447,227.401596
197.123825,139.443550,414.601257,183.893845
209.884201,146.320068,445.531799,177.434143
211.446854,148.754875,453.743164,188.725662
217.298233,131.308678,370.762695,148.136002
211.398163,123.422737,408.064545,181.704147
204.814056,161.589020,442.983978,137.635864
206.555664,110.367088,334.962311,155.533829
194.679810,136.569496,419.573273,142.905380
188.799698,124.691132,412.194214,148.210938
191.968246,114.019691,394.904724,177.023056
188.963074,124.687523,424.303009,160.859879
189.639923,117.977867,397.674042,156.913223
194.942902,138.757065,406.627045,123.444061
208.716690,136.407413,415.976929,121.269951
224.884964,139.204948,419.599854,115.212845
235.883667,137.845825,413.521149,118.888611
241.590347,139.728504,430.914062,115.271935
238.830917,143.074387,441.669128,100.107880
281.142822,140.417652,426.861237,113.713585
307.883423,146.189739,394.639679,100.966042
316.833160,150.600292,381.918243,100.108253
333.677292,153.372364,365.661804,96.994225
342.378998,150.151211,357.517548,102.428474
348.601654,155.707703,333.938751,98.153870
352.471283,155.852394,330.196075,91.780014
366.596954,150.111198,316.204926,93.676468
371.132767,147.483917,321.929749,104.085144
385.181534,144.951618,335.535645,107.031639
407.933197,138.264000,345.238129,103.499527
425.059433,132.886826,333.509644,88.988861
446.470230,122.938377,337.284241,91.102188
477.085327,112.580357,328.587311,96.066704
499.077957,100.349068,303.113953,108.054733
528.352448,100.111740,277.520172,85.869537
556.132141,90.657959,253.318451,94.074585
586.602333,92.910847,212.815262,86.939659
603.477486,92.919788,186.837479,83.939659
617.701256,92.476643,165.355270,99.452415
635.058586,91.376736,133.689804,95.903633
648.675598,92.942596,143.306854,109.132874
664.226341,96.683910,181.853378,123.882729
677.681099,93.656097,157.111099,139.918091
688.743507,106.349041,181.134781,119.362404
693.855316,108.376652,201.401520,114.334709
714.305893,117.423012,207.442017,111.429367
714.157005,121.368946,233.501266,97.464684
720.448059,118.539063,267.281464,115.182312
777.379326,118.429409,245.165146,98.582222
804.491768,110.122318,250.263321,107.681267
828.234314,109.147171,259.498871,100.366486
846.648682,110.587364,266.295502,95.450577
860.193619,111.370823,282.623291,90.630424
857.125244,108.538254,307.392365,85.962006
855.366165,105.003208,327.210571,87.805290
846.018265,107.075722,354.406982,84.964279
843.504761,103.793434,361.044708,84.008408
840.400269,99.156624,368.598358,86.973434
839.039963,94.969246,371.572083,85.795090
823.551270,89.924679,374.572662,89.711433
813.547485,83.425915,368.962189,85.477394
816.870529,78.846321,371.507812,81.740891
820.172485,79.179688,358.714996,85.221497
822.047272,81.508629,358.661652,84.397720
819.119476,84.475761,361.269928,82.249161
816.071167,84.288132,353.177094,82.480560
809.570877,86.946720,363.420654,80.830986
808.008804,94.977703,349.886597,76.743324
796.732117,98.397892,352.736664,76.311760
789.030609,102.765575,355.671661,76.123451
772.374924,110.104694,365.218872,74.624657
760.767197,115.263969,368.323364,77.452469
753.687088,121.447235,373.009705,77.005554
746.574265,122.348827,367.571960,79.445290
745.683746,128.531322,357.506134,77.856728
741.971069,135.451759,359.170319,77.616013
738.210815,140.488789,357.481415,81.440941
730.707260,153.127632,365.878235,75.755539
731.593674,155.437016,361.210571,77.554741
726.606171,156.949696,365.845612,79.751366
735.016815,160.343769,359.510956,78.851402
735.338058,160.865192,353.557007,76.201439
738.400162,158.325741,348.898682,76.199226
737.889755,156.842964,350.872986,75.617111
735.151077,153.356884,353.593323,74.742714
728.709274,140.649734,356.621338,75.753082
721.075394,129.171658,365.111145,77.567085
716.680222,123.043388,370.217468,81.330704
713.508789,120.481472,373.216217,75.817451
710.601364,114.511822,377.913818,77.239296
713.465164,110.231873,374.481750,76.383728
712.081909,111.479366,377.860870,73.753609
711.837418,110.764229,376.674988,77.647934
701.824875,113.087734,383.983704,79.340401
693.027893,120.991783,381.816010,75.541763
680.073288,121.741634,381.796509,79.321785
676.145004,126.464870,376.471252,81.946175
662.056412,136.904778,382.436890,76.188309
661.751633,141.070908,373.110962,78.004852
664.861816,145.205845,361.855072,78.975151
670.074905,154.910164,356.130981,78.152695
668.273773,167.827477,348.260834,70.933609
668.740204,170.511757,346.781769,72.039841
672.722183,169.424297,341.030457,74.966286
683.155396,168.310631,333.345184,75.977798
688.022964,165.617306,332.230225,76.006233
691.711182,163.496479,329.244537,76.171349
694.793839,154.834755,335.934204,76.372055
688.207672,150.150669,341.694427,78.737358
686.647903,149.659073,347.036377,78.355804
679.365555,146.912464,355.338623,80.849632
672.322037,141.616600,361.395813,82.610733
670.084488,138.650314,358.873840,82.179901
656.878891,133.166988,367.631897,87.203133
658.797775,118.344791,350.711243,104.454704
646.149597,110.544857,348.699493,103.770943
653.387711,99.581329,322.191956,112.210083
660.862137,92.989048,303.166382,110.148003
661.199188,89.923595,289.890167,105.678932
659.281357,88.111496,283.007751,88.504364
679.221695,82.774723,244.320435,93.752129
665.103539,76.588177,249.496994,89.203712
666.409882,69.561413,229.364594,89.257545
679.577011,63.307831,206.667053,101.994934
683.348511,58.876301,196.777191,98.577415
688.420906,55.562622,192.974625,115.431824
685.044617,53.513527,193.150909,105.176254
686.122955,49.684895,187.901947,110.411217
675.902878,54.090935,187.939453,97.140945
664.031754,65.941929,189.859741,95.022942
658.748428,74.696308,186.414795,100.382591
649.044792,88.433495,184.195724,102.636185
639.794930,95.006714,180.006485,114.596924
660.355064,100.666771,174.789047,121.608353
639.987076,111.740185,191.538391,122.189796
617.167702,116.508896,205.514725,104.476288
589.030037,96.015938,238.554825,139.046738
557.569031,81.545509,270.011200,158.624130
526.007507,87.498772,303.219879,162.040359
497.068237,116.686241,336.055817,125.496841
468.713486,126.780373,369.660522,120.104965
441.298355,110.193626,410.156067,135.765274
414.188431,130.986115,441.670837,110.784424
382.742004,137.568436,478.188934,103.727081
349.150711,138.813103,514.839294,109.681717
317.756973,142.094658,542.793152,110.912674
277.791306,143.115372,560.269409,119.579010
241.291763,145.392429,563.005188,126.664665
209.934555,147.387383,571.076782,124.339310
180.238846,149.502106,564.355774,121.613403
172.523697,141.621170,582.656921,132.154816
166.980515,141.988335,563.133911,131.659988
156.566879,138.497978,590.442993,135.673050
154.689163,130.347046,598.048767,146.692444
153.772964,120.601448,616.352722,146.786545
155.512619,112.784073,605.044922,138.057892
171.171585,101.547928,648.814636,139.500031
185.248795,90.557045,604.752747,134.921127
211.254166,83.291786,598.067810,127.009018
231.058212,65.976372,571.936768,146.072830
245.905167,65.813644,577.729309,137.003021
253.145462,60.392738,536.369202,143.382553
276.085129,64.867111,512.675415,129.161957
297.764755,71.952171,523.132080,120.854752
326.869125,76.579987,521.277954,130.674561
353.427689,91.188248,518.251648,135.875275
366.218781,127.664814,502.423370,119.038719
385.025208,141.173214,500.507904,123.379341
393.422012,159.651379,451.889832,118.428871
399.606369,174.945747,434.208862,116.474045
404.095993,179.328156,414.019897,126.348755
422.073044,197.172874,379.432495,115.862930
429.267807,183.981163,345.902466,136.337173
428.870407,206.564709,344.574585,116.802162
429.259293,199.774780,322.577881,132.312134
429.043320,196.913750,316.861023,115.415115
430.578934,188.267689,325.046387,125.911217
455.997040,179.022388,324.817596,109.901756
470.960342,172.690594,335.726135,109.178078
493.568985,158.726906,329.522766,103.296432
517.058411,146.685715,307.052765,103.085175
533.081711,133.410145,274.865784,99.471214
556.705444,79.039604,231.714325,146.029495
584.663826,42.938232,208.899979,168.650452
593.102470,99.306423,189.192673,100.288094
597.747574,94.763256,174.543152,103.740883
602.000595,91.124268,167.457031,110.036438
622.095688,68.327950,120.152161,140.327805
637.036781,66.750053,224.954788,161.410660
652.098442,53.415161,211.407822,190.371338
662.200798,96.057320,231.707260,153.371201
663.661148,78.953133,264.016846,181.073288
673.313812,105.519524,288.489227,153.513504
675.936493,121.670387,318.679535,140.656723
688.547241,132.684418,340.432770,130.535156
722.749237,133.432556,339.200653,132.237366
783.546921,137.247498,310.270691,103.123962
800.685303,135.133110,331.965607,111.168716
819.354050,123.864521,344.001404,96.536949
824.672592,117.908752,366.199829,103.057922
816.653671,111.704914,392.380371,104.806664
820.267319,105.233238,406.891113,102.702042
817.747818,99.422630,429.014709,103.683609
833.850906,96.265312,425.238220,105.699661
820.932693,90.084232,458.256409,106.209404
813.830551,73.518333,456.432129,122.101212
837.642349,79.927711,436.417542,125.764999
846.771576,79.108509,424.859283,101.353233
822.228653,82.481487,453.301270,111.209816
835.187851,80.460533,437.594543,96.384537
826.186768,78.666252,447.586212,104.970657
844.570129,83.075916,435.186798,87.296471
834.282654,83.290459,437.419159,92.333633
815.686554,80.362000,451.700897,94.586792
812.367172,82.176968,447.037354,96.088203
813.609375,91.455540,440.609100,91.504814
808.818298,96.716400,440.085541,93.126892
781.378113,102.666115,460.846283,93.097092
772.946136,103.954678,468.549835,94.283272
743.304047,110.291336,484.013153,96.245697
749.999649,120.159618,466.184448,89.981056
728.358124,122.367672,472.789520,91.664925
715.156067,128.975464,473.936615,87.871460
710.242508,133.216297,465.299377,89.528465
699.067535,138.176033,468.273102,88.094589
665.696732,134.297092,505.911499,96.780449
681.724701,130.473515,476.845673,99.837639
679.388962,137.072376,469.882629,91.146873
660.168076,132.712765,481.171204,94.732063
698.026459,139.642464,436.713715,86.887924
671.335602,139.763779,459.122528,81.602203
679.185806,133.557396,457.580078,88.223221
687.782867,128.286419,459.998138,89.725807
684.069656,127.335247,465.981079,84.981728
687.974854,127.864216,460.483368,85.335472
703.386337,126.066685,457.472778,87.368217
711.970276,124.102879,464.359222,90.845879
713.122498,126.016312,474.900482,88.594330
713.997238,122.675636,480.545776,92.266098
726.789261,122.070641,471.300598,92.295303
721.729477,117.985626,478.354492,94.660278
730.644699,122.686172,474.016724,91.733429
737.531326,124.791752,469.430847,87.641777
712.777039,125.073231,486.948029,88.920006
729.051163,123.593033,473.577759,88.196930
714.270111,123.020844,476.445404,85.352417
707.779877,121.389828,472.302216,89.091011
708.805252,118.330307,458.993896,93.844330
703.402893,116.699898,449.147186,101.884689
713.906845,116.402065,420.017700,101.214729
697.448395,119.067329,418.914764,96.212814
693.393570,122.355747,403.153564,90.422050
685.020386,124.772236,393.630646,90.814720
687.676926,123.198170,372.932129,90.491600
682.607101,122.685017,362.556580,85.295677
677.010818,125.015759,352.526794,96.333351
677.297623,127.773228,318.146362,89.197624
646.593491,119.203079,313.728760,90.782867
627.477493,94.917782,297.530701,101.659309
595.892654,96.064220,288.308228,88.990639
566.421936,91.382767,281.773590,98.340179
527.043793,95.625481,276.944550,95.617203
493.351990,94.162159,285.745758,95.026451
489.941711,89.302048,290.297455,98.905304
501.799255,91.665840,254.801788,88.553818
505.065315,92.178017,228.526321,94.118759
523.583069,102.790367,185.620148,81.259720
520.457390,100.984047,165.202499,93.460007
531.566643,105.514011,135.614853,88.101311
553.621056,97.824993,104.886093,89.331459
576.405487,92.426094,79.366089,99.657150
586.724171,98.805176,69.424370,88.807220
516.183823,70.871819,139.038605,118.320053
542.719704,64.886909,138.220871,129.082901
556.245682,112.259686,100.648651,83.545967
543.182243,124.421684,88.649948,81.149002
530.327824,104.329109,90.700768,94.102707
526.561550,85.801453,89.191597,100.952332
524.582375,94.773495,92.291794,86.281807
527.029411,98.687695,95.431625,78.436775
517.636318,96.232281,112.621773,79.927071
512.386181,81.870483,122.566383,104.520996
509.779984,73.504761,131.373077,113.143677
510.547066,51.548248,142.683823,132.880798
511.476677,49.466896,155.094742,133.739120
512.387970,46.463242,170.931091,135.550323
529.643349,61.229980,185.810837,114.228699
547.529457,60.498909,195.026047,107.933945
568.787315,84.009747,186.786148,79.893410
583.633385,77.219242,200.485550,92.338554
588.291603,77.222641,160.606796,86.414520
592.250900,87.847427,153.738129,82.400238
593.170029,89.659275,147.155609,85.721428
579.164131,112.943665,163.869186,77.357910
572.263672,128.945942,168.015686,64.560692
566.807976,133.891224,184.906693,69.665123
559.424095,150.045006,186.066422,76.527908
532.305229,173.134949,220.720108,79.123230
514.618401,181.796150,231.562820,76.937912
501.298340,183.308937,245.044678,72.807297
495.296280,192.673023,253.905975,76.164085
487.680397,201.501492,236.567978,70.282112
472.400604,196.668964,230.432739,65.521812
466.142593,186.611713,224.256378,68.590965
451.505432,183.208649,216.137451,64.565552
440.420074,176.218256,202.326599,61.492870
431.176170,163.726591,197.168289,61.272343
422.722115,146.545849,202.656723,63.171242
412.097450,135.158426,209.865707,62.661846
392.472870,127.845341,220.387207,67.766289
382.013985,119.729958,236.096909,66.601913
375.391342,113.973434,248.059601,65.904633
373.716873,113.937695,263.759003,66.012428
373.813751,112.425179,251.610046,67.339828
365.009109,112.432598,263.990753,69.362587
362.690575,118.711079,250.527176,64.344383
362.895142,118.356369,258.331055,65.950409
356.889183,119.670677,249.131180,67.302444
351.296921,120.000341,242.982208,63.880299
346.570221,123.122902,235.435181,63.964035
342.984497,127.811537,235.056030,63.618809
340.310959,127.959194,231.225189,62.371834
340.438820,133.239265,225.392929,59.084030
329.595207,139.910692,246.586014,56.920010
330.536690,150.397068,249.837875,58.810234
330.362473,158.921570,259.151154,59.116455
310.918762,162.118252,288.818359,59.706123
339.101349,158.893776,279.283997,76.033615
351.082718,171.352760,281.032745,71.353317
348.188614,174.133335,345.827972,65.002495
368.735596,177.333920,302.741028,64.277412
378.824188,178.637844,283.851135,66.071175
383.891495,182.524494,284.215790,64.392174
398.482407,185.652826,269.940277,62.563610
402.742188,179.940168,278.463135,60.699924
422.054230,158.792183,264.519409,59.868271
429.815659,143.333332,267.680145,61.343102
425.830276,136.558832,268.258270,57.480846
423.085022,132.025671,271.855042,59.447620
411.717682,125.785065,280.556458,62.441345
404.277420,124.221903,289.965973,59.076458
396.902283,124.520857,288.978088,58.110874
388.947021,126.507227,290.571960,59.752514
376.194443,125.627209,301.507660,64.627541
378.275467,133.642666,297.327911,57.813118
374.840439,140.052401,293.577179,55.941341
374.562057,145.354614,292.168488,57.487732
374.556992,149.858688,294.632172,58.630402
377.870590,155.753006,300.694794,61.765533
388.007996,160.623199,286.430603,60.114563
389.175064,167.146343,290.869781,57.379066
390.636353,177.474321,283.402283,56.131496
401.640274,186.707029,276.091034,54.750309
415.533279,186.107288,287.249542,56.514671
429.934906,183.819952,284.556458,55.242298
443.142761,179.095573,282.112915,57.576920
450.658859,180.910343,282.234467,57.132011
450.953613,182.409389,291.466736,56.221504
458.429321,178.261030,286.785889,56.791965
462.131851,174.503372,288.931183,57.272369
466.058655,175.351673,287.251038,57.002586
473.425003,174.428579,279.235077,56.665119
475.397186,172.215723,285.330872,59.336742
475.773102,170.384365,293.619751,60.336922
476.662292,170.008097,289.326294,61.924175
478.240128,170.679113,292.395416,62.686573
479.186172,173.021145,290.392670,61.270882
480.868896,177.151741,287.231079,59.683517
487.152054,178.183903,277.442413,61.582390
489.278122,180.250278,279.908051,64.010551
488.875870,180.755213,286.750946,63.742199
493.065979,184.574163,280.350525,61.256763
492.753845,174.057201,276.159912,71.195290
491.650955,176.023037,276.944305,61.877693
491.495743,164.746090,272.384186,73.604500
490.701614,160.562828,264.524994,65.521683
488.710602,155.073380,275.136902,64.886200
483.269257,150.609600,288.612122,73.010597
485.779755,146.345070,293.537720,75.462387
487.054550,143.472721,299.463104,77.576530
482.826828,152.698925,314.161285,69.969582
483.853333,153.188393,316.408081,73.885300
483.649643,151.039463,321.933502,76.557854
478.706573,155.985828,325.708618,74.197289
482.996277,161.869625,323.191711,71.569099
487.881088,159.739685,324.582428,77.966492
495.232315,164.058147,308.739105,77.226112
499.030289,169.074024,303.685516,73.612328
495.299301,171.472252,308.963715,74.986099
491.375687,174.910839,314.696381,77.185402
492.156235,176.262272,319.676849,76.763054
485.108261,177.842251,312.136810,77.744881
464.185852,182.924564,326.212097,75.962395
460.500153,182.255043,321.985229,80.660934
442.052475,186.313259,331.537079,82.737312
431.823898,195.986195,331.660248,76.563194
422.490219,197.796368,323.235504,80.709511
423.968826,198.414970,313.035858,80.434891
426.665695,197.280979,300.379425,74.274223
420.691895,203.765411,311.205688,70.845642
407.246719,213.665092,298.284943,67.206497
399.381439,202.502899,356.225708,84.583130
406.502426,222.860634,288.500214,61.910751
404.636093,213.556992,311.342255,80.523895
400.917114,207.596138,289.990295,93.082687
404.224396,221.217007,279.300049,82.179024
426.969940,231.563744,260.411438,83.087845
445.789185,235.997051,256.820923,80.700111
457.665718,238.604637,251.678391,86.711563
464.296005,241.702347,243.222321,88.868683
478.348373,242.434937,239.366425,87.179504
488.442284,243.612144,240.563126,84.519547
497.806107,240.170349,252.257111,87.812073
512.790268,237.194946,249.297150,90.007019
524.212753,230.662861,248.562836,94.718346
526.936974,226.162136,249.942215,98.633308
523.470444,205.987743,265.351410,113.483192
521.191376,218.880287,260.726624,103.144150
532.596390,214.411160,257.088470,115.703438
540.242714,220.672607,246.975998,109.817261
585.963982,225.087334,194.154495,104.495499
581.182816,228.227390,181.814423,108.110832
598.666542,238.083656,144.922775,108.020554
576.525269,272.404549,143.081360,94.697617
612.707493,293.377945,119.770866,77.227325
617.060638,305.721386,130.162903,81.424477
624.218605,314.045048,141.784958,84.162407
636.057724,322.199474,149.388885,80.593422
645.493965,324.520374,165.036240,91.891258
648.871864,318.646275,183.982407,115.757072
679.608208,320.800293,181.676102,129.778625
693.184753,334.014828,201.138977,106.714119
700.287308,328.869663,229.266693,103.293816
715.072327,315.774796,250.928955,102.028412
725.495804,306.891365,271.685883,116.826889
730.752487,306.062225,302.705536,92.662781
729.511993,301.795013,331.151062,113.543945
718.612183,300.294098,360.467346,92.789001
704.768051,295.696758,389.776703,87.811440
701.991196,297.531063,407.966400,89.136971
695.539063,296.394417,423.805725,97.047897
689.232925,294.202503,439.147369,88.423363
676.551666,290.634800,454.554016,90.283501
680.366592,285.603554,455.026093,92.416367
672.960739,288.890026,476.317902,90.872108
685.191574,288.715687,457.791046,94.950157
670.970566,299.031719,476.569489,92.384743
663.224899,299.541645,476.767242,106.891258
668.215958,308.756363,457.372406,91.571808
662.907471,310.914360,458.847473,94.276199
661.075089,312.319225,460.354156,99.048622
650.475357,314.355064,458.287628,99.069351
625.647079,317.643482,460.121857,94.396324
600.941116,324.753349,472.538544,88.676590
584.607635,322.108753,479.798645,96.297081
585.354797,319.693665,466.802856,95.620056
592.879715,313.464989,457.088348,97.972916
592.678894,312.854935,454.120483,95.879791
590.609604,309.281204,450.677521,92.978790
592.567352,304.963081,447.172058,92.772507
573.251282,298.503857,463.438721,94.850868
568.178802,290.846249,469.714294,94.512642
571.544876,275.662426,465.784149,95.122108
567.470306,259.934399,471.918274,95.690285
564.431335,250.302444,469.609619,90.749481
574.634048,238.962219,455.585785,91.578613
587.628464,231.977867,447.953400,87.205276
595.461304,222.785603,443.616150,87.489525
602.604706,217.033512,439.674988,89.337822
614.296600,214.623714,425.921448,91.867805
624.219131,212.302544,417.568878,92.096329
627.841766,207.850903,424.736084,94.510902
619.624756,202.356750,434.778992,94.182434
620.276443,198.659492,432.896271,91.788254
621.530655,193.601955,432.425140,92.518745
613.978500,188.352356,444.375702,90.215210
611.823532,176.491508,448.138947,92.853104
610.976425,167.144772,454.529327,96.782600
624.479630,163.675838,447.620453,93.427010
634.772079,158.614014,438.492828,95.793762
638.908630,155.209343,449.194702,93.957108
642.075134,163.764290,447.146362,92.300095
670.587555,169.449585,423.389343,89.318054
670.871735,175.530674,432.824036,85.072502
696.249542,184.380390,418.316650,86.073143
715.779678,192.241871,409.959442,90.393700
720.038254,209.365520,420.090424,88.644814
727.493210,221.222458,417.397125,87.297333
731.262558,226.314453,418.991119,88.701843
730.069550,227.295887,416.427124,91.373558
758.761917,230.771564,390.882050,90.403343
766.101669,234.724136,392.299286,91.886993
767.640167,238.522331,393.317810,88.641800
778.761444,241.627056,382.809998,86.026039
780.526321,235.675762,369.463959,86.802406
780.714874,234.692738,367.944702,79.937401
783.173965,228.814812,353.068085,79.133621
792.540359,222.457893,342.048248,83.006882
800.582825,216.750011,325.784424,81.540138
806.502396,207.450779,309.100555,79.768364
810.401825,203.688732,281.085327,79.936012
785.852478,199.009235,282.078125,79.573387
766.236557,189.871433,275.109711,82.627617
745.886673,186.090565,274.430450,76.572960
733.708122,178.589397,247.301407,79.194130
730.598213,178.877537,223.482040,72.338799
731.989349,150.734734,196.467529,101.990311
737.236961,165.309700,158.954544,82.018417
739.985260,160.395187,131.851196,90.000702
730.288521,156.846561,123.809738,86.690971
718.862633,150.804062,97.059738,90.253967
711.226398,146.580551,89.087059,104.904388
631.073860,125.398968,140.675522,121.833260
608.608932,127.889549,144.552521,118.364059
607.817757,148.239536,135.045273,96.711082
599.736366,128.438938,137.644089,106.142601
588.202057,140.788746,139.084961,93.267693
568.310806,138.593781,151.904755,99.709503
559.154472,135.241646,161.287979,107.635880
542.899212,136.866474,121.909340,97.849663
526.246151,137.429565,115.508217,92.367218
511.222904,143.566166,122.147301,85.033775
501.449287,131.390133,156.765579,97.870369
495.019402,135.126953,164.628891,97.944824
483.207703,132.821140,160.477753,106.815239
475.181168,142.224693,165.808472,95.278702
472.589485,145.577930,183.240005,94.178368
470.904182,148.311241,190.685501,73.293228
471.959671,147.342072,199.554810,72.133850
475.846062,148.086357,208.263046,72.156876
477.883514,151.311180,213.458588,68.690140
493.694687,152.602577,195.171021,65.536606
505.749359,155.814751,176.756256,63.525528
522.684929,153.933704,145.544662,63.267418
540.458954,152.268127,117.657166,62.039581
556.557911,150.782272,93.395012,68.238922
568.194359,147.272320,81.594376,70.680702
581.937263,145.252068,75.609421,71.522720
592.143902,145.294273,70.598976,67.264847
605.606030,120.438915,105.954597,92.395973
619.911434,124.806190,89.340462,90.366928
636.166454,127.619480,86.670601,92.627342
651.374187,154.433739,97.029335,63.107651
665.048672,146.621277,100.280403,72.006897
682.549984,155.795246,100.674934,64.755791
699.714096,161.763037,94.406708,61.141499
699.598782,161.194466,96.869270,63.102737
701.390465,160.959080,98.742264,63.981560
706.708256,158.420937,97.639824,66.443069
714.437637,152.393658,99.345398,74.888130
715.415745,141.838814,110.284691,84.853714
710.128448,125.070564,117.377289,104.004501
704.062607,122.554619,125.832947,106.003250
695.825882,135.503597,137.973083,81.692268
700.972061,133.417294,136.906311,79.621712
698.795731,147.455065,139.879700,62.919155
703.345512,146.081144,131.417618,63.462925
714.263832,147.782036,131.635513,65.600174
729.031628,145.797585,123.770943,65.770493
746.981419,145.293144,119.792137,64.664536
749.510033,145.513309,143.986954,61.910728
758.717346,141.450140,141.168579,63.306568
761.847252,139.640442,151.425034,61.015289
762.526390,138.217714,161.753128,59.126614
756.785004,135.858582,178.176453,61.608032
746.343811,134.483162,205.437073,62.906845
747.239220,134.638657,215.117813,63.400055
750.728561,135.513756,222.709015,63.161148
749.022415,134.140640,232.048431,65.846405
749.753616,131.583111,239.561676,65.297157
761.965927,133.480265,245.786774,63.525372
771.930061,137.380249,242.092697,64.986023
796.964836,139.949348,233.265518,62.242355
804.881744,139.156635,228.802368,64.707909
819.032013,140.492531,219.537292,64.743881
827.204353,142.409172,231.237473,63.592789
838.718437,141.343529,228.443741,66.142166
843.657204,145.458572,241.574692,65.429840
849.506203,147.697460,246.640244,65.169106
851.866165,149.626862,253.010895,66.125427
858.032303,148.015877,259.392914,63.927048
854.087906,146.987427,274.087555,67.951782
859.338104,145.510857,270.486511,69.423111
857.261017,143.753613,272.653503,70.298439
863.693619,142.370880,267.239410,69.542786
859.556015,143.025341,273.367401,66.217201
854.894348,135.076553,279.319458,67.326752
852.038910,126.315672,275.776306,61.796879
845.984955,119.789646,276.276917,61.468681
838.092117,116.086357,278.455109,57.225479
834.591141,114.111261,273.119171,62.320751
827.905807,110.683575,271.683868,64.678932
819.613434,105.343237,278.315247,63.637745
810.320175,102.230522,279.404022,65.213272
805.217911,102.578632,273.618744,65.538841
794.301193,105.512974,276.569305,66.614616
784.408279,106.876328,276.069122,67.492584
787.940506,104.972137,268.053925,71.690247
785.852722,112.351727,262.669189,67.175087
775.796265,119.641750,269.224609,64.586250
773.705002,119.959324,267.849762,68.129570
764.029861,125.034111,275.234283,68.179031
757.304916,132.047157,270.562836,66.724228
747.052856,128.239128,274.896301,72.978836
710.696106,133.692669,299.543884,66.720436
737.035126,142.012432,266.975403,63.738625
732.553696,149.644667,262.977203,63.636082
720.851227,149.849621,260.142761,65.228737
717.768555,149.184380,262.280945,63.425247
714.580582,147.193703,257.599274,65.157516
720.629143,144.615040,245.985306,66.156578
721.940468,140.397484,237.997238,67.754532
716.282341,138.769138,238.603043,69.342644
719.672295,134.989964,230.677567,66.321281
704.463921,129.212158,240.374283,69.104614
701.079674,127.700874,236.807693,68.047592
688.548409,122.563057,246.988571,68.107285
677.413651,115.256462,252.398834,70.905228
675.347733,110.523338,256.217804,68.889969
670.206894,108.045643,259.155792,71.055138
670.410538,106.591263,259.491669,71.301605
676.278511,107.721119,255.873825,71.366478
675.919601,107.672134,260.794952,72.575714
698.192192,109.507401,247.782791,71.953400
726.338432,114.790989,230.166275,71.159721
729.800377,114.544033,232.819717,72.291573
737.203682,119.776924,235.004257,76.498093
737.611717,127.482414,235.639542,75.173721
748.540337,133.848873,229.160355,73.009468
747.306320,132.404335,238.920013,75.708298
746.229805,129.995647,246.333908,75.209572
741.740837,127.696903,254.126175,74.750725
738.466476,126.531452,257.709686,72.843407
732.419189,124.020916,263.133606,73.145119
729.355148,124.198910,263.675140,69.547676
732.578270,127.375679,250.449661,72.859604
729.268196,126.219612,248.214279,77.639999
714.285423,127.976551,251.053848,76.533226
740.835640,131.726791,212.601547,79.682220
725.507790,130.042213,219.300583,79.294235
744.694702,129.239494,192.396118,83.287857
755.198357,138.108158,172.531448,74.152641
768.640846,140.909309,153.113388,77.196396
750.128838,143.605125,164.079178,79.286880
755.121277,143.970455,150.114075,82.884163
756.632103,149.716194,139.182388,82.212204
755.663193,148.391434,133.206390,88.488190
735.590202,135.903984,138.652939,102.721451
701.754784,133.309933,153.704086,108.729988
708.292030,159.176628,124.697464,83.209793
683.235954,172.230499,125.904190,84.881287
670.740372,175.362675,120.304199,78.869560
656.400406,179.316990,124.005646,73.586418
644.601898,180.809704,115.715271,72.396492
637.572548,178.299461,112.890976,79.176804
624.529209,175.220848,124.720512,83.404892
611.771523,177.223286,140.217239,81.949211
597.946922,179.741741,153.457932,82.278206
586.340286,174.817432,171.740784,93.155083
579.756554,174.039173,187.290939,94.525505
575.402504,173.660450,201.723770,108.763237
569.360657,169.842915,225.549896,117.288139
560.568230,173.510387,248.564377,94.538948
547.676254,164.435593,271.605835,99.043823
532.945221,169.522060,286.570343,91.170570
516.701035,163.925175,303.645569,101.152000
496.147629,165.866352,324.588074,104.156181
474.502701,167.499161,321.732239,100.567932
444.754120,168.983910,322.645782,95.703720
416.554840,166.430344,337.578400,92.703308
401.955276,165.922356,339.079651,92.965073
382.311874,167.110260,353.276733,92.703766
363.112549,167.624630,370.779266,94.372780
350.591599,162.443844,383.111938,96.179176
334.023773,164.059174,403.759308,94.771942
321.276520,166.341381,419.300140,93.507759
309.223343,168.590324,437.727600,94.790329
301.907074,172.155457,456.829987,91.466888
306.290527,171.846203,460.795746,88.865242
309.026169,172.482819,469.139404,91.227386
311.616318,176.432892,432.225220,92.304047
305.011246,178.849880,441.540771,91.010170
306.196152,179.671864,438.854431,90.002983
307.578033,180.843967,422.998444,89.121971
331.988663,177.568657,403.214050,91.097092
356.827652,173.503021,417.583130,92.817963
374.876770,172.618328,416.717499,90.565315
389.701889,174.962791,416.905090,89.070969
402.633209,177.539417,391.894989,86.123466
420.966537,175.576000,363.091675,89.634163
434.196182,183.210484,358.299255,85.580406
435.968597,186.698360,343.487274,87.226051
448.060074,182.797859,328.097229,98.768082
448.492508,181.191914,317.586487,102.642082
459.710068,186.634258,283.676636,91.509102
457.458984,187.061768,287.695099,89.233429
463.784515,185.723587,260.812042,97.075378
462.360779,183.559097,259.413544,89.257507
453.747406,173.415844,255.665009,94.913216
447.499313,164.889664,255.858826,92.435608
443.919914,160.767078,254.562057,90.125175
428.501984,151.855190,268.360748,92.714027
413.950394,142.890438,262.268799,86.257057
399.581100,134.862789,280.830200,88.280617
393.152832,127.850590,263.355072,86.130638
385.713638,128.131413,266.486145,85.933739
379.580078,128.495163,259.063934,81.378906
378.560516,131.581844,232.667755,76.533730
374.324753,131.804054,215.922852,77.258621
376.018639,140.216652,195.950974,73.441544
389.376076,141.667755,165.500259,78.208160
330.658783,140.662586,264.142609,87.084526
92.539200,100.125042,431.345032,112.861641
10.011154,96.948746,526.144409,113.650635
14.501022,93.807655,545.237915,122.168045
43.581680,93.240990,547.471375,120.992050
82.184616,85.467243,538.699463,112.865105
121.749710,74.563271,533.317810,118.003372
141.663742,64.135731,549.470825,122.910576
182.664536,52.443474,539.475830,136.777512
198.716415,49.094616,548.026367,122.279915
203.655228,44.139595,560.491394,133.055191
192.325485,36.861046,591.061035,130.758652
232.064133,35.701714,576.847900,114.093796
222.326584,29.331852,608.981934,122.854515
257.466782,27.317490,599.657959,106.059021
316.943314,25.940956,551.926575,107.264969
295.532791,22.465515,605.146790,110.222565
327.158249,38.088734,581.075317,104.557671
357.612656,54.726974,578.781372,104.702942
389.934311,67.916336,569.893311,103.246826
422.325760,79.854458,564.440247,104.653297
457.628067,94.447075,543.924866,101.560959
468.163925,112.930027,564.181763,105.045006
496.135941,138.057274,547.287170,101.364120
523.418228,156.159107,528.097961,103.913872
549.963837,170.318398,506.707672,101.123123
584.917892,183.174446,493.526978,102.918961
