0.001193
0.030595
0.030349
0.031324
0.031184
0.031716
0.031010
0.031827
0.032006
0.032076
0.031871
0.031323
0.032039
0.031680
0.032209
0.033804
0.031865
0.033565
0.032018
0.031952
0.033073
0.032930
0.033421
0.033181
0.033951
0.032356
0.033590
0.033713
0.032484
0.033041
0.032782
0.032675
0.033018
0.032951
0.031660
0.031603
0.030716
0.031901
0.030977
0.031139
0.030932
0.031354
0.031530
0.030935
0.031978
0.031159
0.031088
0.031236
0.032041
0.030907
0.031934
0.031756
0.032036
0.032243
0.032163
0.032099
0.031602
0.032298
0.031068
0.031034
0.031590
0.031031
0.030677
0.030607
0.031005
0.030520
0.030146
0.031424
0.030624
0.030964
0.031137
0.031690
0.032083
0.031632
0.031505
0.031479
0.032071
0.032080
0.032662
0.031701
0.032379
0.031880
0.031312
0.031721
0.031008
0.030760
0.030931
0.031410
0.030538
0.030483
0.030373
0.031029
0.030770
0.030970
0.030162
0.030244
0.030489
0.032094
0.031347
0.032268
0.031105
0.031071
0.030747
0.030672
0.031341
0.031874
0.032358
0.031277
0.031118
0.031019
0.030907
0.031208
0.030762
0.031633
0.031138
0.031590
0.031137
0.031727
0.031088
0.031896
0.031596
0.031308
0.031132
0.031571
0.031219
0.031080
0.032162
0.031420
0.032208
0.032649
0.031114
0.032853
0.031816
0.031666
0.031050
0.031269
0.031522
0.031896
0.030970
0.031282
0.030798
0.031086
0.030863
0.031091
0.030888
0.030900
0.031193
0.030747
0.031070
0.032304
0.030992
0.031688
0.031648
0.031129
0.031451
0.031811
0.031361
0.031413
0.030967
0.031326
0.031924
0.031308
0.031214
0.031393
0.032000
0.032066
0.031872
0.031752
0.032382
0.033101
0.032126
0.032461
0.032233
0.031966
0.031736
0.031825
0.031558
0.032533
0.031822
0.032332
0.031661
0.031184
0.031772
0.032722
0.032207
0.031216
0.031301
0.030607
0.031967
0.031066
0.032244
0.031807
0.032579
0.032143
0.033472
0.033059
0.032901
0.033556
0.033142
0.034499
0.034786
0.035498
0.036144
0.036735
0.036711
0.035721
0.035575
0.036994
0.036652
0.037766
0.037364
0.037658
0.039185
0.039771
0.039909
0.043044
0.042975
0.045606
0.042987
0.045318
0.046006
0.044602
0.044013
0.042024
0.040049
0.038006
0.037524
0.036294
0.033347
0.033806
0.033566
0.033156
0.035283
0.033987
0.034284
0.035908
0.034523
0.033603
0.033909
0.033343
0.034754
0.033815
0.034496
0.033375
0.033712
0.034044
0.033629
0.034013
0.033154
0.033736
0.033679
0.035162
0.035523
0.034289
0.032688
0.034844
0.035107
0.034312
0.033727
0.033960
0.032979
0.033955
0.033780
0.034739
0.035026
0.034376
0.035049
0.034649
0.034692
0.034441
0.032931
0.034336
0.034945
0.033709
0.033782
0.033162
0.032939
0.033405
0.033652
0.032837
0.032955
0.032451
0.032716
0.033026
0.032073
0.031920
0.031970
0.035087
0.032696
0.032285
0.033146
0.032075
0.031994
0.031851
0.031619
0.032420
0.031948
0.031526
0.032446
0.031326
0.030886
0.030974
0.030463
0.031815
0.031150
0.031157
0.032106
0.031150
0.031918
0.032218
0.031700
0.031893
0.031411
0.031513
0.031470
0.031495
0.032436
0.031717
0.031453
0.031700
0.031811
0.032337
0.032942
0.031559
0.031911
0.031484
0.031683
0.031547
0.031714
0.031470
0.031545
0.031823
0.032079
0.031574
0.032227
0.031930
0.031794
0.031902
0.035611
0.037267
0.033651
0.032608
0.032924
0.032766
0.033063
0.033469
0.033367
0.032968
0.032195
0.032306
0.032799
0.032447
0.032440
0.031825
0.031680
0.032926
0.032004
0.032446
0.032450
0.033220
0.034902
0.033642
0.033429
0.033390
0.031989
0.031992
0.031551
0.032651
0.031490
0.031474
0.031470
0.032573
0.032925
0.033731
0.033237
0.032304
0.033423
0.031812
0.032221
0.032679
0.031887
0.032259
0.031698
0.031521
0.031362
0.032405
0.031615
0.030964
0.031213
0.031360
0.031478
0.030888
0.030779
0.030840
0.031074
0.031645
0.032090
0.031066
0.031306
0.031839
0.032934
0.032698
0.033485
0.032568
0.033144
0.032623
0.033163
0.033299
0.034450
0.036322
0.034038
0.035548
0.034732
0.034866
0.035282
0.034486
0.034838
0.034823
0.034472
0.034697
0.034904
0.033888
0.035016
0.037339
0.035176
0.035438
0.033296
0.033674
0.033543
0.034320
0.033960
0.034509
0.034335
0.033952
0.033760
0.033588
0.032248
0.032480
0.032434
0.032799
0.031846
0.033639
0.032093
0.032200
0.031761
0.032687
0.033073
0.031080
0.031020
0.031477
0.031707
0.031908
0.032389
0.032719
0.033282
0.032828
0.032774
0.032726
0.034217
0.032696
0.032536
0.031921
0.032852
0.032348
0.032392
0.032855
0.032514
0.032657
0.033138
0.033672
0.033044
0.032939
0.033509
0.032907
0.032707
0.032821
0.032793
0.032537
0.033876
0.032743
0.032343
0.033319
0.032828
0.032393
0.033838
0.033853
0.032724
0.033433
0.032638
0.033125
0.033827
0.032792
0.032218
0.032024
0.032565
0.032262
0.032282
0.032284
0.032262
0.033820
0.032497
0.034902
0.032666
0.033691
0.033234
0.032420
0.032603
0.032312
0.032311
0.032329
0.032547
0.032856
0.033218
0.033835
0.032721
0.031833
0.032252
0.033169
0.035029
0.032164
0.031459
0.033409
0.031749
0.031736
0.033266
0.032292
0.031625
0.032158
0.032239
0.030998
0.031274
0.031373
0.030321
0.030302
0.030473
0.031103
0.031286
0.031346
0.030207
0.031118
0.030531
0.030392
0.031543
0.030455
0.030579
0.031176
0.031516
0.031867
0.031867
0.032713
0.032052
0.032247
0.031058
0.031048
0.030946
0.031025
0.030904
0.030987
0.030761
0.032061
0.030789
0.031494
0.031337
0.032141
0.031137
0.031335
0.031934
0.031087
0.030530
0.030507
0.030606
0.030746
0.031178
0.031302
0.031183
0.031089
0.032269
0.031379
0.030921
0.031680
0.031081
0.031085
0.031886
0.030860
0.031125
0.031013
0.031307
0.030815
0.030979
0.031855
0.031673
0.031409
0.031258
0.031767
0.031258
0.031109
0.031972
0.032269
0.031796
0.030806
0.030976
0.031927
0.031865
0.031148
0.031319
0.030977
0.031882
0.031662
0.030986
0.032050
0.031101
0.031897
0.032217
0.031052
0.031270
0.031463
0.030775
0.030758
0.031066
0.032082
0.030968
0.031207
0.032029
0.031516
0.031417
0.030874
0.030984
0.030840
0.031139
0.030927
0.031431
0.030906
0.031114
0.030906
0.031125
0.031484
0.030778
0.031301
0.031055
0.031091
0.031234
0.032324
0.031122
0.032330
0.031602
0.031771
0.031625
0.031886
0.032732
0.031498
0.031368
0.032073
0.031423
0.031705
0.031781
0.031290
0.031436
0.032390
0.031392
0.031496
0.031543
0.031853
0.031493
0.031123
0.031789
0.031607
0.032281
0.031677
0.031220
0.031083
0.031325
0.032819
0.031317
0.031109
0.031979
0.031294
0.031001
0.032584
0.031356
0.032290
0.031484
0.031799
0.031566
0.031306
0.031526
0.031421
0.030926
0.031719
0.030495
0.031327
0.030503
0.030762
0.031738
0.031499
0.031547
0.034364
0.032172
0.033518
0.032389
0.033266
0.032230
0.032426
0.032200
0.032871
0.033681
0.033283
0.033482
0.032653
0.032579
0.032899
0.034156
0.032318
0.032795
0.033228
0.032735
0.032765
0.032597
0.033751
0.033389
0.032647
0.032915
0.032787
0.032841
0.033909
0.033637
0.034609
0.033327
0.033740
0.032566
0.032558
0.032200
0.032991
0.032943
0.032336
0.032368
0.032373
0.033596
0.032466
0.032296
0.032251
0.033721
0.032902
0.033001
0.033393
0.032438
0.033253
0.032433
0.033037
0.032287
0.032261
0.032195
0.033271
0.031910
0.032194
0.032957
0.032650
0.031940
0.032302
0.031739
0.031695
0.031637
0.032165
0.031543
0.031423
0.031944
0.032991
0.031329
0.031433
0.031059
0.031128
0.030745
0.030732
0.030926
0.030468
0.030403
0.031252
0.030763
0.030831
0.030887
0.030835
0.031733
0.030750
0.030336
0.030388
0.030785
0.030685
0.030916
0.031023
0.030966
0.032356
0.032081
0.030631
0.031649
0.031413
0.030354
0.030673
0.030406
0.030648
0.030980
0.030288
0.030682
0.030428
0.030621
0.030205
0.031123
0.030493
0.031174
0.030253
0.031057
0.030505
0.030858
0.030716
0.031356
0.030513
0.030856
0.031543
0.030602
0.030580
0.031236
0.030904
0.030497
0.030236
0.031273
0.030613
0.030567
0.030364
0.030369
0.030395
0.031404
0.030697
0.030967
0.030694
0.031126
0.030952
0.032148
0.031457
0.030730
0.030871
0.030703
0.031213
0.031561
0.030767
0.030812
0.030894
0.031544
0.031914
0.031097
0.031137
0.031012
0.031519
0.031041
0.031225
0.032073
0.031015
0.031674
0.031257
0.031210
0.031149
0.032672
0.031044
0.031518
0.031750
0.031884
0.031356
0.031979
0.031656
0.031567
0.031621
0.031441
0.031342
0.031266
0.030832
0.030982
0.030707
0.031309
0.031335
0.031767
0.031070
0.030986
0.031076
0.031158
0.031924
0.030989
0.031210
0.030858
0.031866
0.031749
0.030868
0.032003
0.033811
0.031202
0.032333
0.031319
0.030833
0.031149
0.031181
0.030979
0.031639
0.031043
0.030908
0.030908
0.031203
0.031211
0.031747
0.030725
0.030876
0.030469
0.030534
0.030609
0.030617
0.031007
0.030826
0.030710
0.031603
0.031580
0.030625
0.030864
0.030515
0.030465
0.030659
0.030484
0.030752
0.030839
0.031566
0.031906
0.031405
0.031477
0.031649
0.031660
0.031761
0.032105
0.031941
0.031840
0.032085
0.032023
0.031959
0.032690
0.032674
0.033587
0.032693
0.032432
0.032429
0.032537
0.032348
0.032324
0.032365
0.032161
0.032331
0.032543
0.033304
0.032029
0.031876
0.031735
0.031554
0.031849
0.031775
0.032095
0.031435
0.032591
0.031777
0.031339
0.031536
0.033457
0.031730
0.031403
0.031643
0.031209
0.031392
0.031635
0.032716
0.031626
0.030965
0.030806
0.030731
0.031579
0.032912
0.034058
0.033671
0.033723
0.033120
0.034432
0.033854
0.034417
0.033787
0.034383
0.035322
0.034030
0.034561
0.034939
0.033918
0.034481
0.034089
0.033696
0.034595
0.033692
0.035010
0.033737
0.034431
0.033370
0.034092
