633.000000,395.000000,98.000000,66.000000
634.372475,394.842304,98.301559,68.621483
633.680969,395.295429,99.733643,67.745598
631.205769,395.062023,103.600670,67.698463
628.100281,395.920380,106.918243,67.887329
627.635330,395.744110,108.701233,68.596252
625.530663,394.001354,113.310959,68.887215
623.284782,393.362682,116.810715,69.735542
618.758858,391.587795,123.226089,69.961769
613.479607,390.295952,129.291641,71.375809
607.677605,390.590137,137.181290,70.745872
602.463425,390.144855,144.200897,70.906487
596.917244,388.824219,151.710190,69.875702
593.397636,388.641850,158.178848,70.745079
588.440826,387.689358,165.411194,70.132362
584.058228,388.180965,172.065552,70.083412
579.603149,388.187431,178.556274,69.597031
577.032555,387.725182,183.899796,68.581772
571.879936,386.733974,194.159805,67.068092
568.771645,385.918222,199.466293,63.502026
566.481392,387.166361,203.578415,61.514050
560.639076,387.661201,213.431259,63.374771
555.342705,388.255703,220.473953,64.249977
549.400970,388.824856,227.361816,67.249977
543.808708,389.796543,235.104263,69.716820
539.453712,391.138309,242.496445,71.534264
535.555023,392.363991,250.581787,74.344620
531.197556,392.630726,258.517670,76.930229
526.960709,392.077641,264.165314,76.899986
520.019470,391.748337,271.305603,76.144897
517.701492,390.043556,277.040985,79.407181
514.480057,385.703796,283.033783,83.189362
509.367157,382.937233,291.637085,84.913895
507.364532,380.006062,295.207397,86.779778
503.014343,375.718361,301.973877,90.094925
499.136536,372.267971,306.065186,93.407875
499.268356,371.826328,305.563690,94.029564
498.829208,369.848236,310.246979,97.676605
499.740067,370.914902,308.285248,100.221741
499.004288,369.560841,304.347626,100.697075
497.541565,369.590767,301.938843,102.979080
494.784729,371.063980,298.596008,105.107117
492.742264,372.020481,294.637238,107.206200
489.480408,372.761681,290.752563,109.562607
487.657166,373.263866,286.950378,110.404305
484.208282,372.025993,286.297791,114.168442
479.881149,371.070271,288.344086,116.021294
474.761520,369.639187,292.843109,117.396217
470.233917,369.284260,291.556946,117.946404
467.137711,367.313332,289.984894,120.173782
463.050156,365.041466,292.658234,122.671982
459.847946,362.325954,294.200165,126.730080
457.377960,360.166824,295.747498,131.375366
455.397644,360.123505,301.864746,135.133636
453.945633,361.951599,299.869843,137.922516
451.696594,364.386353,303.995789,141.485382
449.794632,364.480782,308.122467,143.859146
449.059387,365.499557,311.869324,148.615662
448.296631,366.180107,312.382141,153.493210
447.709259,368.277008,312.344116,159.284027
450.673004,372.587677,306.119385,156.745453
451.325165,374.314674,306.124023,160.211136
456.874100,380.318893,298.972443,157.217224
459.906525,384.940445,291.194214,155.423706
460.947433,385.740837,292.246185,156.841599
467.272842,392.755096,287.988922,154.395355
471.528305,395.566345,286.757538,155.569489
480.063354,397.311684,281.229065,157.399490
484.325790,396.889854,278.132782,158.599228
487.349136,393.733269,273.459015,159.864182
487.930771,386.505798,269.107269,164.092926
487.011475,378.727760,265.325134,168.961502
483.039413,369.165581,263.579559,175.392868
475.445572,359.832703,259.502960,182.466949
465.494827,353.541336,238.017365,185.515991
458.926689,348.266846,231.243240,190.445831
448.054329,345.899162,230.432053,194.241867
438.142616,343.903229,222.967270,189.739838
432.855545,335.659706,215.239594,191.764359
427.108276,326.139900,207.657776,193.563980
420.678230,318.981255,206.655685,190.437485
408.772026,297.522530,213.598526,204.547623
402.684830,299.185181,215.433197,191.121979
396.806465,295.697151,214.014633,188.446426
390.580772,291.688385,213.437454,186.632111
380.790482,287.824364,214.108551,181.767075
371.621849,280.255798,212.305496,179.085236
362.497101,270.528839,214.475098,184.321503
359.864044,283.071045,209.764648,169.225739
357.847610,260.920197,203.589996,188.266693
352.549446,283.257095,197.964401,155.082642
349.982277,281.779991,193.774399,157.658676
351.871399,278.281303,183.452515,156.171371
344.051346,266.105194,182.910309,166.817902
325.212570,251.825470,196.555328,177.868744
321.190681,254.427422,192.140305,168.843185
319.091209,251.317711,193.454666,173.158249
316.423187,249.716156,192.323425,170.792755
314.121918,245.951981,191.829651,172.023010
309.340569,243.535263,196.640213,174.643433
305.148811,240.767929,200.713303,177.982117
301.210358,239.216042,202.496338,180.257339
297.922195,236.118492,209.970428,189.029221
293.470650,235.417931,214.558945,195.352524
289.873665,233.853485,220.100815,197.141571
285.094376,232.195892,223.691864,201.048798
279.987663,231.039917,228.652359,204.614899
274.811172,229.470627,232.028168,209.538025
266.137718,229.967987,238.570023,205.810028
260.538734,230.015816,243.116379,204.824722
254.676041,229.167404,247.975555,203.716370
249.421066,227.088661,252.295807,203.419022
245.670898,226.467567,257.431641,203.647049
243.794159,223.431206,259.319763,203.092697
239.957718,222.380302,262.273529,201.764816
237.133316,220.261086,263.335419,201.060623
235.476089,220.129761,262.871796,193.587555
231.731079,219.510498,266.200195,189.367096
229.459335,219.489914,269.055939,187.248718
227.001114,217.476707,270.603973,185.602524
220.286514,214.595665,272.840668,183.502304
215.492554,213.520462,278.347168,182.554688
211.771744,213.442223,284.015350,184.394394
209.273499,214.957642,285.219849,181.630280
203.692230,215.297272,286.466980,174.085907
198.588974,216.199776,286.019684,166.921158
190.893295,217.164063,285.239777,158.818390
183.676697,215.925491,290.153809,156.948120
179.783615,217.179375,289.628204,150.932053
171.857147,217.508118,286.648132,147.327423
170.238129,219.128944,289.574524,148.087357
164.384415,217.874878,293.957611,146.492950
162.318329,219.545563,288.430481,141.882660
159.422119,221.519463,285.615173,134.776291
159.765717,223.323906,281.703369,132.114426
162.505814,224.518204,274.128876,125.076782
159.917969,224.596699,277.687073,121.588432
163.151215,226.182873,273.853516,112.904121
163.821243,227.171265,273.534027,105.204437
168.152924,227.128834,269.455444,100.183525
171.066223,226.441772,265.078857,95.397064
173.836426,224.488796,264.486206,95.018410
173.536682,223.275627,263.318237,94.428268
173.482040,221.283707,261.737762,88.611206
174.486824,220.043758,255.590988,82.525246
173.120377,218.635406,253.442596,80.935577
172.829552,218.861309,251.749954,77.419563
170.090546,219.070309,248.931152,75.176369
167.521667,219.354393,245.011292,70.178757
164.711090,220.138836,245.422302,68.437813
161.506180,219.892353,238.606598,67.523857
161.975487,220.534695,228.301895,65.799660
161.419167,220.499859,221.787949,65.285408
162.379402,220.462914,218.095261,66.185837
159.231194,220.500214,213.306351,64.148407
156.125771,220.007301,206.356735,67.972610
155.834824,220.218731,199.491241,69.385628
156.341484,220.278275,191.126907,72.532776
154.983391,219.283009,196.628311,78.750725
155.851288,217.556164,192.185974,82.416023
156.390396,215.318100,184.219696,86.512634
157.993706,213.321350,176.255325,87.057343
159.489357,213.935040,175.775497,88.274910
158.870369,212.250748,160.039658,89.356262
160.230202,211.298943,152.891159,90.747604
160.586220,209.539722,135.977158,92.869560
158.726398,207.783062,97.300194,95.322639
158.497375,208.752514,76.669556,98.127632
157.156116,205.391979,75.544212,100.421455
155.529144,201.847706,82.499084,103.843193
152.547752,200.793976,84.494308,108.391418
148.910759,198.432457,91.800858,112.689377
144.008678,196.453854,101.883553,117.499428
136.519600,194.721455,109.731949,121.391716
130.432243,195.452209,115.843857,124.719696
123.209686,196.106052,122.924042,126.218102
115.846237,196.080681,131.290344,130.220932
109.702423,197.531044,135.975555,131.992386
102.775551,196.303154,139.586136,132.790512
96.973686,197.489288,145.910385,136.140961
91.741028,196.827682,149.483734,137.829102
84.729309,196.075874,153.466644,137.493057
78.289024,196.638680,159.463058,139.442581
72.296234,196.788002,164.656525,142.008926
70.020744,196.465706,167.266098,144.310074
67.193268,196.626915,172.105682,146.128647
65.482635,197.133232,174.779755,148.801682
66.803848,195.949753,176.718201,152.584167
66.942513,195.323311,181.063675,154.195145
65.324844,194.260010,187.708130,156.909882
66.475739,202.317772,188.986420,148.925827
75.057152,226.395927,190.472458,123.471481
67.795769,194.261879,202.012253,151.602188
70.813019,215.650002,205.754059,127.836014
64.489876,197.620033,219.773819,143.722610
64.939415,201.889404,223.447617,136.269928
67.763290,201.851746,223.104065,134.128143
62.918381,206.592514,231.964478,127.849243
59.934853,202.552055,238.580399,129.954514
54.565140,206.463757,245.914307,127.184456
48.366104,208.051327,256.159912,126.030861
43.347824,221.678341,264.321167,113.716591
30.232864,219.256817,278.782654,117.400764
21.983017,228.215649,286.025391,110.350899
12.374161,232.058910,296.551453,109.841866
6.611969,236.796223,300.716095,109.567802
6.834091,246.624321,299.712708,104.372543
4.862625,254.367695,302.079895,102.251274
2.703629,261.245758,304.918091,97.216827
3.824341,267.431393,304.470917,93.217384
8.996140,272.982048,300.675293,87.238815
2.256943,276.437794,308.929199,87.478264
5.635208,279.804310,307.270325,85.080193
2.126740,286.329155,312.492950,80.580307
3.260757,289.050285,313.059387,80.170700
4.977432,292.785126,315.852905,75.597565
1.997009,295.927513,321.383453,72.833054
4.988174,299.732414,329.408447,68.709274
1.588791,304.049957,338.463318,67.085358
8.735565,307.564728,341.665436,64.484711
16.782181,311.163406,340.600708,64.317749
18.140137,311.177837,344.453766,66.291267
27.921906,310.761360,341.343964,66.824051
37.819458,309.812706,339.698334,69.185104
45.780945,310.226967,341.385040,69.656387
47.417114,310.307678,342.548737,69.768646
47.485672,307.359291,341.922729,69.693375
66.252838,304.588982,325.374115,71.314987
77.365967,301.365074,313.705170,76.919724
89.474930,297.267384,304.896240,80.458794
97.537018,294.357960,299.620575,77.704277
103.653702,293.044872,298.797913,74.252510
110.914917,289.777702,298.268768,72.684311
118.504791,287.348713,291.681122,71.823296
121.618805,285.826500,296.679962,71.914047
126.193497,283.942245,297.780396,75.112549
126.037323,280.942390,303.450287,78.369766
152.956314,277.044399,282.010315,84.597511
148.361328,271.438423,294.864288,88.489700
146.418167,269.045162,299.488953,89.952003
168.083679,266.919334,287.373383,91.576523
165.054367,264.356350,296.916199,95.374550
162.351868,261.482113,305.281158,99.531410
167.965698,261.049671,306.140533,102.715080
171.197739,259.161106,308.645020,106.524315
178.408356,258.365166,307.549103,110.097458
193.742310,259.611870,290.996246,111.951096
192.603928,261.499405,292.347412,113.991699
191.464371,262.192997,294.284180,118.583031
189.768463,265.754246,293.838715,123.950035
189.656479,271.153831,290.163208,131.962021
186.738403,281.338394,290.530731,135.279297
184.489685,291.100716,288.111664,136.885086
180.655701,298.532219,287.634674,141.684372
178.363617,306.385193,286.683563,146.379181
176.495026,312.748375,285.607330,149.881699
176.037979,317.463608,283.252014,151.730164
178.408234,318.954010,281.574493,154.406952
177.250824,319.518570,283.571686,157.298096
177.730652,319.868416,283.441986,158.563736
181.753403,316.568069,282.341309,160.603149
185.868896,309.123596,280.827606,165.884552
189.221725,305.656021,278.369385,166.405884
193.293961,298.791222,277.570984,169.750595
200.737457,293.879150,269.670807,167.547150
206.057053,289.366547,264.775269,171.227386
210.920609,283.278404,260.253723,172.380844
205.657959,281.207825,264.456024,179.279205
210.921204,279.445435,260.577972,176.667877
215.031647,280.736382,253.426300,175.305099
215.698616,280.934441,251.075027,177.243210
212.466553,280.066299,252.679413,178.450684
210.724174,281.126953,251.153549,178.187408
206.860573,277.607056,249.913712,183.602448
208.936172,278.263786,246.020813,186.524094
212.327942,280.554764,242.959686,185.967285
215.184975,283.504639,240.093521,182.536774
213.038612,285.785706,242.312515,184.965729
213.840424,286.439346,242.637726,188.483154
218.013779,288.040024,237.632202,186.481750
222.320061,288.668938,233.825668,187.483200
223.498650,290.756012,233.668686,189.917328
229.054649,291.498390,230.353561,188.375687
230.439545,289.417435,231.770905,194.479980
239.108032,291.304932,225.466888,190.925568
243.528252,293.050941,222.294418,191.716629
248.583984,294.355316,218.718353,191.480927
251.236176,294.435387,214.760895,191.336411
255.615387,296.717262,210.751801,190.740555
258.554405,296.282204,210.327377,188.983719
258.228203,295.851364,208.401108,191.023987
262.096596,293.478142,207.862747,190.550705
260.589073,295.460747,210.304855,190.705490
261.251503,298.977066,207.556046,186.669312
272.492767,300.262718,193.530609,181.842819
261.467529,297.122665,206.323090,192.883423
266.821632,292.181908,200.507278,191.975754
262.661919,295.084831,202.922592,191.622299
267.874062,292.160866,198.686783,192.429337
271.373398,289.267082,198.114197,187.972214
269.976105,287.356773,201.168427,187.065170
271.110397,287.960060,198.757080,184.118362
274.484726,283.811600,193.649231,183.445129
271.749298,284.354019,196.894379,181.332703
274.596573,284.140594,196.286621,179.375946
274.771759,281.446266,198.725983,179.560196
273.546135,276.074600,199.717453,182.498962
273.362061,274.565567,201.304474,182.757324
273.079704,270.940414,203.370346,186.463928
273.934929,268.241013,202.211288,188.122009
273.512276,265.297836,202.994095,191.441040
275.164429,262.591988,200.987091,192.104935
277.324554,261.370033,197.346710,191.944656
279.152191,261.057365,194.299591,191.328049
279.736534,260.623520,191.954453,192.918579
282.253403,258.434555,189.731689,189.733032
285.709465,258.287331,184.318039,184.995193
285.488976,254.068741,185.089706,190.221008
290.064873,253.458313,180.008652,184.057281
288.481094,250.007881,180.933044,188.689713
288.947662,247.604523,179.474152,187.899872
289.064209,242.612762,180.393341,192.308380
287.614319,242.166550,181.790741,192.686279
287.713638,242.361610,180.415771,190.706375
288.214912,242.578018,182.162613,192.983521
295.904648,244.427582,176.566772,188.651459
295.455643,249.391586,178.373596,185.414856
299.600388,250.079620,176.040344,182.274689
300.696007,262.674156,178.837021,169.784470
302.023354,250.762863,177.968582,179.488220
303.221939,269.687584,179.273621,161.019760
308.274040,252.911713,170.576401,169.394135
310.985275,276.804367,171.736633,142.792664
312.879730,247.897148,173.914825,170.692978
316.839828,249.404190,170.277039,163.911926
320.241585,245.850571,170.043839,165.337891
320.734055,244.548737,171.253784,161.988007
321.823929,244.873688,172.281311,160.684906
322.475945,244.657219,171.740646,159.817612
320.126198,244.672470,174.193192,160.398682
319.694626,243.392502,175.710999,162.237244
317.318672,243.160812,178.103531,165.461670
313.681366,242.807236,182.871429,166.673096
311.078125,242.409279,186.708099,169.270035
308.113075,240.359451,190.155838,172.457764
302.664589,240.450546,195.106277,174.841614
298.148781,241.438812,197.941483,176.000397
292.730637,240.214890,201.821350,179.607361
286.824539,239.709305,206.010986,180.324707
283.884415,242.849182,208.631104,180.127838
280.291206,242.351059,210.314285,182.053101
276.648293,238.749298,215.318985,184.548065
275.556564,237.985718,216.462463,185.664032
272.861206,241.816010,218.820404,187.039948
273.852409,245.459068,218.912521,183.097519
269.255608,244.653351,225.463486,188.279510
269.469856,247.377472,223.913528,184.164032
268.239067,247.216133,225.684494,186.016861
266.561630,248.543808,228.787415,183.876160
268.908897,252.139923,227.462997,179.356781
269.008240,253.335075,228.875031,177.371323
271.280991,254.687462,228.576111,174.005661
272.234406,255.527344,226.849884,169.686066
273.882408,257.095108,225.321396,166.886414
271.523048,254.704056,227.284683,169.078857
272.799683,250.900673,226.288666,168.886551
276.963470,249.281143,222.177582,168.405701
279.661682,249.576698,220.756927,167.650406
280.381981,250.603416,220.944077,166.494492
285.452843,248.286163,215.867599,164.985199
292.052734,243.447121,211.450775,166.350845
293.944679,242.489563,209.986832,165.749420
300.910744,242.011749,205.934341,163.426788
303.336197,240.558083,204.806152,163.267899
305.209702,241.977570,204.398193,160.511627
307.551994,244.996956,202.505051,156.686783
311.626755,245.073601,198.891785,156.096848
312.622887,246.685341,198.723495,155.446304
314.101219,248.998886,199.182419,156.245178
314.043846,250.250092,201.234299,157.886200
312.507271,253.969032,202.319473,156.944962
313.165337,257.285690,201.157150,155.898560
311.744934,262.221283,201.471405,153.762299
310.134628,260.697090,202.035950,156.223587
309.842972,261.216949,200.328186,154.132538
307.074989,263.906815,201.242081,154.003784
306.711090,264.996910,201.631073,154.969589
304.574989,267.224045,203.115067,154.133667
308.284355,267.045357,198.923996,150.670120
307.059074,272.427032,202.198227,150.824371
308.972214,274.832703,200.516296,145.948395
310.038803,274.631355,201.864868,147.944351
310.972321,271.273399,204.295319,146.452560
314.697250,271.767403,202.220520,145.165665
315.824562,267.623795,202.204727,145.063904
315.704536,264.822845,204.410416,145.712616
316.007080,262.165344,206.930267,146.962494
316.110367,258.194664,209.254395,148.079147
314.047371,254.944107,213.344131,149.540222
309.513115,253.483315,218.801010,150.937088
311.726418,254.625603,217.222427,152.396469
304.467987,250.885933,221.720306,156.913223
307.600288,249.625404,215.400101,160.962723
306.697495,251.285980,216.767151,161.145966
303.879539,258.212395,218.239426,155.552658
302.934433,255.313858,223.348938,161.250122
301.625748,254.104263,225.682312,162.270691
300.295464,250.582748,229.398666,165.054138
300.304123,252.393166,230.143677,163.004166
299.709930,249.620834,233.985626,165.426086
303.601524,245.608391,233.106857,165.456406
309.640259,243.031105,228.184052,165.897354
306.851822,241.744247,233.689209,167.432922
306.022606,238.496239,235.817795,167.652206
312.508339,239.086075,229.365433,161.517578
315.753128,236.209740,230.234680,161.803940
320.977715,240.252525,232.820969,155.798325
328.825798,239.045822,227.371384,157.217773
330.648048,237.525955,227.584305,158.501953
333.094902,238.557114,226.453293,155.595154
326.687645,242.561798,231.983200,152.420380
322.937706,237.838638,237.076828,162.110107
325.621895,236.615944,234.628555,160.598892
322.901184,234.886330,237.508942,165.070938
319.450760,229.839409,243.091187,168.573898
320.615356,227.518997,244.461273,164.126770
321.070717,223.480408,244.995071,165.978363
322.964966,221.244377,243.628387,161.923264
325.577316,219.760017,241.366516,159.089615
327.765419,220.229630,239.213516,157.834473
329.364006,219.603172,238.057541,154.660507
329.245720,222.052109,236.024338,151.192383
324.987434,222.860069,240.939102,151.722885
326.115776,221.983978,238.338852,152.178131
325.624779,223.505295,237.530991,150.448303
327.597771,223.545563,231.343185,147.001007
324.030609,223.013283,235.954132,148.864822
324.040001,224.324738,236.060532,147.128204
328.070976,226.658676,231.489182,140.648621
328.300858,224.225304,232.958008,139.627426
325.623772,222.256233,235.305832,138.976028
329.313423,220.440285,233.102921,135.360367
327.613312,217.961639,239.717499,134.285248
333.296059,214.079826,235.992813,134.189865
335.261696,211.353142,234.425064,132.681747
331.702972,206.044662,239.993927,133.922241
331.641556,201.267075,240.508423,135.304932
333.305412,197.669060,237.749985,135.254623
331.470154,193.901154,240.723480,135.950958
333.885796,189.210365,238.119492,138.343277
333.542755,187.049454,238.151154,140.429993
331.686653,184.204750,240.635818,143.714493
330.060509,183.889030,240.264328,148.860336
328.724953,186.613144,241.013077,150.535950
325.743866,189.891541,241.106964,150.538055
324.596619,193.193115,241.673065,151.478546
324.827400,197.814842,240.258377,150.273727
321.688828,197.975533,245.884155,154.590897
323.946548,200.658142,241.940796,149.778900
322.987755,201.717125,241.313339,150.045700
324.405754,201.235207,241.576950,147.904434
327.806396,197.145790,241.110443,149.947708
329.444542,191.822441,239.943405,149.484970
330.836220,186.386742,238.060440,149.699875
330.471123,184.520317,238.823776,148.494492
331.016823,182.527191,239.335953,146.519012
333.544289,182.189674,236.106339,145.789322
334.834618,169.935448,234.649887,153.286972
336.596207,179.869392,230.455383,142.282730
336.228401,174.109818,229.204910,142.088440
337.525124,177.443390,225.371170,139.777496
343.325531,176.986115,220.373505,138.901764
346.864861,170.095284,214.764877,142.026749
344.533463,174.163803,216.638000,138.194763
344.111244,169.383026,218.491226,140.637726
345.432121,171.950729,219.417282,137.180725
346.704208,169.404617,220.662903,137.365295
350.299866,154.878136,220.525482,148.092758
349.911827,169.903618,221.294052,132.650742
357.797287,169.964470,219.476379,129.521957
361.682785,162.072327,219.638916,136.470856
364.569054,167.902588,219.053696,129.199677
369.328011,167.892235,220.369156,128.039291
374.286575,171.163185,216.766846,124.141556
382.930908,172.395660,214.722321,121.285370
389.817261,170.370861,210.624237,123.283455
398.444839,167.533691,206.792542,124.955353
402.097885,160.741333,206.432861,130.845062
401.056679,178.308804,206.962723,114.386024
410.265274,176.085590,200.493774,114.442070
411.618706,179.001278,198.714218,111.517982
414.380791,187.165810,195.319504,102.050613
411.942757,192.267853,197.595840,97.876434
409.998047,187.766380,196.105743,102.920700
405.335747,194.158348,197.505478,96.134445
408.326477,188.117283,193.268219,101.791161
406.681023,200.311043,194.130295,88.001114
411.676758,192.087688,186.084198,97.170662
410.674606,204.801262,184.424500,84.610641
413.669563,187.825287,179.859146,101.872467
413.963028,214.074799,174.370422,76.909637
422.049576,210.628513,163.839417,79.481102
431.145020,213.941742,154.352631,74.220490
431.945473,214.300182,153.768875,74.083809
434.952606,215.103695,148.396698,73.822365
432.653900,214.024399,149.627167,74.958313
426.079620,214.166870,153.392303,73.493439
430.587334,215.652851,148.626144,73.476677
466.023746,216.689373,111.185448,72.676216
475.161968,222.359421,103.334969,69.569641
463.717007,225.947449,114.278450,65.155640
462.633438,226.211090,114.240814,73.693115
470.764187,226.540066,106.471779,65.205238
470.080513,230.641575,104.571640,68.821342
480.514122,232.311029,98.081955,63.279919
498.002857,231.929575,80.082054,60.620434
506.318642,233.424402,73.764145,58.639477
523.621332,232.210726,60.057507,58.728817
525.274916,229.682701,61.411716,60.099442
526.130457,228.588587,62.581127,60.875988
531.048744,227.403992,64.193771,59.104980
534.850445,224.786985,66.285744,61.881199
536.072025,222.525894,69.069756,59.656494
537.615505,220.691113,70.636818,59.979225
536.641022,218.640871,73.363892,59.860104
537.129875,216.974943,75.622757,59.157047
537.453423,215.203701,78.347794,59.231514
540.107304,214.673864,81.196342,59.634235
534.491547,215.379225,84.447388,58.463047
536.963787,214.369728,91.717537,59.442429
537.541912,214.283907,90.615791,60.620937
540.774979,215.080349,86.112549,61.461433
540.803635,214.802269,86.373535,63.215378
541.649666,216.118458,87.285324,63.509148
543.971828,216.671888,86.919350,61.198948
544.007580,215.992512,88.442055,60.917046
543.634640,217.427711,90.434059,58.474564
544.439968,217.880531,89.369179,58.472794
547.007790,219.665060,88.115463,58.901417
552.273174,221.189056,84.324776,58.513580
553.475483,223.059801,85.689812,60.094326
554.499435,224.574673,85.258514,60.676857
550.475163,227.621870,89.688866,60.201267
548.487179,230.521814,92.336098,59.371655
547.851364,232.489212,90.959442,61.478241
550.968578,234.758078,87.114082,61.540302
557.339458,236.703804,80.046669,59.722610
558.580074,236.753613,78.790871,60.576302
558.771019,237.419312,77.746017,62.713959
558.331024,239.174131,77.871307,62.818668
557.448635,240.670414,79.907143,62.005791
557.840775,242.502567,80.913513,61.628502
555.303047,243.893665,84.272324,63.308708
556.430408,244.257875,83.319115,62.469418
554.837814,246.195425,84.307648,61.956440
553.182755,245.436951,85.308411,62.999542
551.954712,245.411749,85.873016,63.098011
551.004990,244.837255,86.961945,62.503162
548.014130,241.159323,88.759003,63.366322
546.677372,241.060230,89.398369,63.049400
543.997463,240.084454,90.804726,62.470253
541.667656,239.972771,90.445480,63.700027
537.940289,239.784622,91.437050,65.295258
535.614609,239.853180,91.139648,66.794617
530.066784,238.428310,93.566353,69.243477
525.950035,240.276642,95.233536,68.936707
520.444050,246.041012,98.592216,65.537239
517.597534,248.423988,100.860474,64.891922
514.930771,250.230587,99.757782,63.981911
513.602322,249.042355,101.251167,64.484718
511.936523,247.239847,100.164734,63.257122
512.122143,244.988548,98.215492,65.383804
509.869068,243.260635,93.929527,65.737000
510.090660,240.471779,92.249161,65.380173
507.781918,239.223381,89.978584,64.944870
506.758705,239.306675,87.647049,65.289848
506.300709,238.398941,82.419731,66.940063
507.439762,235.788109,78.091698,65.174698
511.413551,232.094193,74.351517,69.592316
513.246651,231.151451,70.485550,70.505325
515.582848,229.350048,68.030899,73.196327
517.237953,228.522232,65.164780,72.929932
516.544804,225.783592,65.937035,77.313461
514.463703,224.079819,70.093040,77.092926
513.023087,222.592968,73.606415,76.039986
511.724739,218.114330,76.519180,78.455391
510.334061,215.123451,77.944489,75.542709
511.695114,215.121277,78.151581,79.485748
514.459846,213.388557,77.232010,75.078384
515.030415,211.723675,83.030388,81.769386
516.849400,208.292671,90.029686,70.620987
517.109169,207.653114,96.536270,66.092270
517.232925,206.515682,93.574158,67.074226
516.015133,205.386520,73.563606,68.003937
515.509892,206.958199,77.397331,69.612320
515.764687,205.359005,75.198715,71.640114
517.468521,203.620361,72.827759,74.880188
519.151009,202.417809,73.579483,75.211441
521.207714,199.764782,71.174721,76.305061
522.806473,197.257454,69.779968,78.643570
522.704945,192.714653,70.840019,86.734329
521.852543,189.612293,73.470207,89.462425
520.950912,186.666946,73.995850,93.737640
521.080978,184.805935,75.340179,96.702675
520.550823,183.284321,76.245186,100.607567
517.167126,180.729542,82.662849,102.783409
517.028572,179.429089,86.479324,108.847267
516.877079,178.748329,89.156181,113.539474
516.405403,178.598339,96.370956,116.596718
514.408482,181.410519,98.235954,113.728096
508.441563,185.222202,106.676628,110.694145
505.732590,185.021385,106.244171,108.712906
504.005493,188.117733,110.653320,108.854744
506.738766,192.148930,103.530220,106.478996
510.215031,193.939373,102.852715,96.284279
513.520931,194.791897,100.939461,103.373665
518.190910,194.524185,98.962906,107.153839
521.716534,193.568005,99.959511,110.667580
525.556248,193.713314,98.270988,124.191353
527.561329,190.243816,101.927208,115.457924
529.366367,187.760181,99.843925,118.902794
529.665352,184.641472,103.391769,115.280533
532.536549,185.062294,102.492638,109.710861
532.492142,184.269089,106.223846,109.010590
532.315926,183.783226,108.841293,117.516190
529.476089,183.291100,114.887360,111.045914
529.946487,183.809566,119.303436,126.336067
526.993793,181.897911,120.097801,116.023270
525.017036,182.800602,128.450302,127.443657
525.017990,183.361511,134.006012,142.688110
525.336220,181.603294,136.938889,109.286514
527.591896,184.259720,140.090378,140.100189
529.402580,181.930801,146.902237,150.741180
531.630882,182.115028,150.670425,130.976608
535.665291,179.853050,154.647751,132.854813
540.566925,180.569756,158.468994,142.783707
544.876701,182.395508,162.135880,130.882690
546.568176,185.993084,165.804626,125.625648
540.235542,189.793739,178.224594,130.052353
537.586449,196.361877,185.753983,130.961182
543.195808,200.265972,183.581161,116.824013
550.878937,203.408966,189.141663,126.500854
558.499191,204.289078,191.831757,129.076263
562.032303,207.467197,200.720184,124.585136
566.121475,214.982647,207.551788,125.629311
571.721359,220.431656,219.709381,152.049957
575.001579,219.444092,217.417435,136.022644
575.965134,223.526886,225.100311,141.210693
577.832512,226.787064,227.430191,120.613739
581.457222,229.383850,233.791855,133.155518
581.701797,231.170799,236.125214,123.283768
583.303970,228.526989,234.410309,112.416176
582.038010,227.450542,238.602081,116.139992
581.735909,228.878128,245.431747,116.664703
584.007774,229.551113,249.594742,112.091560
585.702576,225.745522,251.875183,110.938400
584.537682,223.358566,254.942642,107.320892
583.646942,221.754677,259.638977,109.867661
581.604324,218.609192,264.782257,101.324158
582.584045,215.346088,267.509766,107.720848
579.553879,213.547890,273.115204,102.095627
579.975708,214.389339,272.964355,103.593025
579.074829,214.185352,276.824463,104.695885
576.414780,214.836765,283.692657,105.743889
569.257416,215.845535,294.782532,109.061920
565.603836,218.756207,299.087189,106.901466
564.683990,220.284302,305.304260,108.741760
564.731400,219.295441,311.834198,111.554443
567.273926,220.983097,310.910217,111.946465
567.311920,227.949478,311.961548,106.836090
565.136230,230.691063,318.675049,104.082169
564.213837,231.487930,325.887329,104.050140
562.313934,232.631134,334.722900,101.292053
562.691681,232.577477,341.479797,102.315689
557.352875,231.700249,347.119751,100.304092
553.570618,232.856014,349.453918,94.015388
550.181000,234.389198,353.214783,93.568649
547.557144,234.273502,351.847382,93.731926
546.771790,233.498558,352.523621,93.527115
544.713501,233.478733,352.715454,92.888176
541.846375,233.202389,361.613342,90.287788
539.583832,231.840240,365.758911,92.471802
538.158157,228.952950,371.964142,97.829025
535.725372,228.171272,378.313843,94.132065
534.525314,227.319942,383.832123,91.428108
537.043732,224.935688,378.976257,91.253014
535.549194,223.725605,383.292175,90.367577
535.185669,224.449665,387.815674,89.462059
533.736206,224.744118,389.273926,88.275558
533.407257,225.357063,391.251709,89.470200
530.325256,225.446865,393.203125,90.813240
529.821564,225.127766,393.508179,91.735313
524.957092,221.984013,399.972717,92.989250
516.249664,222.482185,408.193542,90.252853
516.479950,226.600605,408.385071,86.042259
517.488525,228.394367,406.938171,84.263634
515.144241,229.588867,403.706757,83.509216
510.886398,231.166042,399.846405,84.696297
506.573318,232.719536,392.008148,86.146866
503.675537,235.614841,394.815369,82.077873
507.125320,237.151573,397.531403,81.516373
506.123383,239.276894,403.447815,79.709091
511.293503,240.285789,405.363861,80.825089
513.102875,239.068962,406.795593,83.817215
512.090027,238.305626,407.960205,87.800247
512.511383,237.754612,409.151550,93.842949
517.870514,236.884029,407.661682,95.191231
517.044601,235.761684,407.518097,99.791084
517.293732,234.184296,406.171448,103.066162
518.678375,232.488701,407.393250,104.540543
521.256622,232.082237,400.953308,106.378860
520.936020,234.428139,407.315216,103.083054
518.933136,234.947388,403.129028,101.579834
514.165146,237.892063,410.005157,93.818901
507.141144,238.215519,414.540466,92.181572
498.497025,239.858994,421.347321,89.048492
493.944153,238.453732,419.917542,86.992012
499.617767,239.196495,409.610229,79.454056
500.938461,239.352634,407.284882,76.472282
503.569580,237.991112,405.758850,70.132645
501.571365,235.661613,395.943451,73.678604
500.480835,234.374542,399.724609,72.915039
504.465988,236.300232,399.477814,76.285522
499.709106,236.689976,405.649841,75.320122
500.645401,237.220692,405.508209,76.324669
499.954422,238.981461,402.399323,77.499298
500.748886,239.588703,400.136078,79.333092
500.908188,239.005970,399.703094,77.262535
495.256363,239.315105,400.997406,78.672768
493.715363,239.655842,402.276062,80.353966
490.486832,240.820789,403.241180,80.931297
488.083542,242.525394,403.050262,82.398064
482.274582,243.501328,405.609161,82.477264
481.768097,244.499874,403.727905,82.536934
474.872040,243.215515,396.554932,84.865601
469.902420,241.671700,406.746307,86.418747
467.402008,243.133293,399.424255,82.986954
472.285049,242.965401,393.829498,87.407211
472.464447,240.874451,392.709473,81.318665
472.203232,241.107937,395.332977,81.154671
473.335007,240.553089,388.886505,80.711082
471.245636,238.971626,396.575684,80.460739
468.590332,236.802277,404.697449,80.008606
469.547806,233.973316,398.228729,79.317406
465.674500,232.869976,395.859863,83.207253
462.734940,232.595387,403.827789,86.453819
455.813095,233.757023,412.171234,77.513298
450.083435,234.362835,414.025635,80.649635
446.071609,236.238544,412.248016,81.436668
440.683456,239.409317,412.375519,84.375336
436.482971,241.500175,413.600342,81.718277
432.068069,245.191181,413.583649,87.962608
430.122894,246.259399,408.558960,77.857544
421.894104,244.022202,399.050903,83.726471
423.389557,243.335949,407.089783,83.599709
422.375092,241.988808,406.886597,80.255295
418.857834,240.800682,402.328339,88.658951
420.372742,239.308968,409.307922,86.068527
419.335648,238.000141,414.449432,81.525963
421.752762,238.489178,406.764862,87.246193
422.229126,238.327229,402.451965,87.210289
428.574600,237.358242,398.073944,89.713020
422.832596,235.974731,409.362762,90.725525
421.555115,235.794617,411.324036,95.231812
426.659531,235.084839,403.237457,95.460571
428.394455,232.688503,403.587616,97.884651
430.468521,230.852379,394.889191,99.421890
432.309647,230.517452,394.659882,99.143379
424.183655,230.742504,395.922913,102.866188
427.203156,230.876823,391.667480,103.285904
425.680496,231.511127,386.892548,104.498375
426.528839,231.108932,375.628113,107.216461
420.009964,230.763561,383.613617,110.454811
418.701981,232.086723,377.148773,113.058609
412.853683,233.679337,384.199371,114.749481
410.384842,232.457550,395.616058,115.638245
399.516129,228.239811,407.624603,120.813835
393.391113,225.942841,395.646973,123.874084
388.674377,222.667801,389.552124,127.857147
389.428879,224.058247,351.320099,122.638145
376.924347,238.934803,328.221985,107.733788
373.007202,236.359135,347.905396,109.250969
374.011017,237.415104,356.640808,108.759026
371.184692,236.859959,368.918274,106.165459
376.714005,237.832195,329.429535,103.050392
377.778305,236.168056,327.643890,112.090584
377.948349,234.429729,365.065704,120.890297
372.197052,233.964031,376.367981,126.999184
372.033035,234.075905,351.347992,135.375656
368.917664,232.493500,356.374634,145.506531
369.403030,230.102348,350.333710,151.147232
366.120544,227.380630,348.479858,159.448700
362.966232,222.856750,334.880402,168.592163
362.667404,220.579948,328.287262,174.992691
360.317886,217.322647,321.461151,187.241547
361.912018,217.139145,307.353699,190.757721
361.085327,211.825943,295.829590,198.057220
361.115921,215.912956,289.012421,203.239029
364.769333,221.891647,257.427643,202.172516
363.583328,274.164459,226.414520,155.554504
362.114601,277.052811,229.587631,160.354340
363.750420,280.035202,230.700455,159.348053
367.607948,289.052505,240.837265,160.014923
379.849762,254.056442,256.156494,198.624481
390.493652,259.873947,261.357971,188.915619
405.085663,251.369095,278.393799,198.179962
424.109512,251.453156,263.203156,187.897461
441.597595,252.271385,265.823303,188.166397
459.804657,250.413956,258.921265,185.033234
467.501190,240.324936,244.936890,196.697113
474.419281,233.469032,237.194458,202.453964
485.954376,233.849716,185.902344,191.998016
481.164742,221.370735,189.789963,217.072861
487.867332,225.560402,157.485062,201.700607
482.152313,219.647850,157.248657,209.396927
480.362305,220.360680,135.204529,221.410416
477.635742,226.394447,130.695435,220.272995
472.045593,226.579079,140.498901,228.456039
467.390007,239.640274,156.846146,220.774689
462.732750,247.307137,143.973587,204.979965
457.311142,254.016663,146.268524,215.277405
454.541374,254.709465,150.571487,199.048965
452.836327,259.414879,151.055862,209.231583
443.886490,262.741455,162.204010,195.754089
440.332054,264.396469,168.128128,207.583038
436.749901,267.109840,170.141129,197.645615
428.760094,271.682068,179.698380,196.907166
422.146904,292.334816,172.455704,176.225876
414.886086,288.223511,184.519272,189.397766
405.862305,304.441246,178.438416,180.249832
395.197029,303.625511,195.223862,186.652542
388.072113,303.820366,206.230530,190.545731
380.062012,311.079437,212.671936,182.160889
372.947090,311.356400,211.313278,183.218414
357.546043,314.579994,221.333694,180.260727
345.320518,318.843674,215.241898,175.107208
334.012497,319.448029,224.715546,170.211853
320.585777,319.899323,231.654984,168.859924
313.011986,324.938011,227.763992,163.744827
310.312790,331.380783,218.288666,161.032318
296.291183,344.083244,226.817963,149.728714
283.778809,342.041275,267.293152,154.955597
283.945007,347.171814,274.118591,154.725891
248.648727,359.152832,292.154999,147.359924
279.403885,374.608414,253.156525,133.361237
240.191269,382.768486,276.306732,124.552689
221.457779,378.583820,305.222076,122.374352
218.411087,373.365322,313.984955,127.294075
217.022980,373.054474,321.542908,129.693237
215.670807,380.186905,315.843445,125.180450
211.754868,384.002251,328.985992,124.697830
209.240005,385.468033,336.242645,125.117279
208.134369,388.904984,344.033142,123.574310
206.185455,390.031197,352.281555,115.966782
204.176941,391.518002,359.695984,115.182564
209.285248,388.236366,364.866943,118.149948
210.279419,386.786453,369.736267,120.235687
212.731918,385.708740,369.939789,121.325317
212.839035,387.781780,374.467865,117.156898
217.478561,383.396675,371.576630,120.778061
216.705521,379.429222,378.648224,122.086136
214.146240,377.698067,389.826843,123.806259
210.457092,377.476685,390.589905,122.182617
207.467499,378.142445,386.965576,124.366722
207.378922,379.317402,389.666290,124.240440
208.114151,381.795723,393.231598,123.560287
210.252243,383.423302,386.685028,125.610062
215.709442,385.821133,381.750610,126.625313
222.312912,388.312714,364.267059,127.966614
227.693420,391.771004,353.103699,127.764877
230.695923,392.371555,334.264832,127.325249
229.041519,390.618500,328.363983,134.313904
225.327362,390.576523,325.576965,143.109772
226.541443,390.681473,292.566406,146.114349
218.009117,418.751049,166.929214,120.466286
221.752441,428.697598,155.343445,111.747932
217.406021,424.660748,162.962616,117.293373
212.939369,425.871159,155.850876,120.539482
209.377449,428.452709,142.557297,118.332191
202.629753,423.006481,139.241470,126.393410
197.110611,425.564285,124.542694,130.592377
189.660538,423.360397,121.876740,131.694916
179.644447,421.789993,122.761642,129.744293
175.135754,423.344360,119.003273,132.234436
168.872467,430.054962,102.721863,141.180786
165.062214,430.468620,105.445885,136.737625
164.859909,434.348038,88.541840,142.871735
161.339283,439.289825,85.250145,143.941956
157.299355,454.980545,85.495651,126.127716
153.745617,460.915611,84.688454,129.204910
153.994995,472.394726,79.680725,118.806984
152.546940,475.709755,76.248985,122.811325
149.513485,477.214298,77.326759,117.201775
149.529144,485.597233,76.142273,115.824638
144.630306,494.635460,76.829933,109.493759
141.699039,378.809349,98.296013,224.805527
142.504303,384.041473,94.916199,246.094818
141.662632,439.973167,92.914848,194.963913
140.635536,476.176514,95.872787,165.089142
140.576477,389.249741,110.252930,249.683105
141.517971,447.583435,110.478401,201.432098
141.920254,504.910706,118.116158,150.454376
141.726768,456.294662,128.395645,212.675964
143.364532,525.539795,134.085388,143.457489
141.758675,451.635010,140.027695,219.919647
134.626488,455.200439,148.139297,205.717682
133.921921,466.807083,154.796173,197.726868
131.234840,479.114403,159.672409,193.479660
124.008072,479.191383,167.509735,199.428604
116.835686,482.250381,175.481339,183.673523
108.423111,481.204376,180.115814,187.607391
99.848869,480.858078,181.687393,180.734009
86.899117,486.177071,187.380905,172.433670
73.515388,493.313751,191.996201,158.740265
59.278069,499.216545,193.613724,145.462997
49.505417,508.471313,209.583405,156.199738
41.820526,516.126854,219.320923,149.390182
31.296143,524.659409,227.481750,145.550537
22.657570,534.385704,227.159775,140.220993
18.386925,543.506348,227.512039,128.239288
17.550186,558.280403,277.739777,127.003006
9.696159,562.989677,221.530960,112.045456
5.933861,567.485756,253.548965,108.699600
16.640579,584.637489,295.859406,101.631729
9.715485,592.873516,308.937256,73.676582
39.636444,602.875641,297.916687,66.699493
21.171722,595.797674,331.601257,59.060749
128.324432,597.695168,225.731018,53.666763
139.533966,593.901489,217.273315,56.798492
29.977402,594.646273,339.931091,59.601894
13.651520,592.924244,358.365326,64.008049
8.816025,592.737019,359.959656,70.860771
6.956772,594.391693,365.335999,70.809906
6.661453,597.605717,369.872498,67.932274
0.986679,597.897964,379.147766,65.657776
5.126190,598.685249,374.001556,64.864456
0.000000,598.146950,378.715393,63.308060
11.772034,598.819523,373.558838,65.176170
22.610474,599.425549,360.587830,68.369270
17.977585,597.844681,369.015961,72.216309
12.906067,594.658066,378.403503,76.719849
23.734253,592.215366,365.447327,86.097740
160.533134,590.027622,227.774246,86.265099
128.554199,591.259892,262.077759,83.510216
128.801178,590.477230,267.393494,84.299660
74.100357,590.467720,324.609222,84.662430
124.755386,588.611549,277.201447,87.824478
130.309357,586.357723,278.156616,88.156593
116.094193,584.594604,294.967377,87.387421
128.862411,582.946121,289.517242,88.546265
128.792038,581.823559,288.734772,93.869514
129.598267,579.216942,289.554993,94.565292
116.544647,577.714958,305.815369,98.950058
111.109741,575.667534,312.311584,102.065720
104.531754,574.146851,318.425934,104.319427
89.877960,573.453316,335.661621,107.789749
84.687943,574.050621,334.835663,112.596848
74.073746,575.402092,340.148102,117.004562
60.941360,576.472389,352.704071,122.969498
54.260773,579.312622,356.636169,125.051727
45.485504,581.066536,361.104675,126.992020
37.056580,580.075176,367.642578,126.396736
54.402664,577.732643,353.104828,127.899185
30.434906,573.481598,377.042053,134.464386
32.506577,567.809387,373.544342,128.200287
80.106537,564.605602,327.591003,118.023262
51.713837,555.990681,361.538391,125.926018
57.407684,551.176491,353.827087,124.003128
64.218124,546.149117,341.630402,122.004166
42.135757,543.538326,356.353302,124.081398
28.684662,539.751945,362.192627,135.086655
35.766541,540.874702,347.046448,129.895340
38.304932,538.094543,337.971741,127.480682
41.394302,536.641129,327.420197,123.937927
39.604660,533.918091,323.115326,128.326080
34.835876,539.716381,320.741943,127.903938
37.670563,544.446640,312.296753,126.609375
38.034500,548.689766,304.294464,123.561722
35.562042,555.637295,304.800659,119.075661
42.074112,557.894112,287.337372,119.471817
65.696686,567.758102,254.525635,111.683167
76.807220,566.604500,237.778870,107.981949
86.660652,562.205284,220.362167,107.116684
105.931435,561.504295,199.645920,100.862411
109.049156,563.596020,189.314896,92.409065
116.279327,519.403767,200.529602,125.593376
134.009354,504.642990,180.267120,129.016663
129.380310,508.397270,203.396118,120.269760
137.205109,492.541710,208.521423,134.532455
271.995308,392.027206,237.684921,130.663818
290.061676,382.214558,225.027588,116.688652
264.690620,373.153175,254.375229,134.039200
302.688271,361.660938,223.923752,120.479485
296.962051,348.314709,230.667816,122.464058
318.747704,337.242496,208.549393,125.371605
332.222260,327.117966,188.309204,137.125549
326.960854,317.519211,191.478195,122.946777
308.775703,312.954292,204.548080,132.197098
292.610939,302.141556,219.451096,135.632141
276.354973,298.839127,229.946365,146.138062
267.116287,294.110008,238.406647,157.154953
262.158760,290.442497,241.557114,158.787460
252.957161,286.129814,248.252060,164.619492
242.817703,280.631523,255.758392,172.098801
236.163971,276.250481,262.454041,176.472214
228.135544,274.431396,268.650543,178.049347
224.506607,271.795685,271.930878,181.602020
216.183502,266.341286,278.026306,184.650955
208.622849,265.884071,286.608551,190.068802
196.783096,266.561714,298.808807,195.674332
194.240784,267.655121,301.247437,199.201630
182.766998,267.707130,311.367615,202.126663
173.266342,267.785950,320.364166,202.583038
164.059662,264.629349,330.126404,209.108521
154.528870,261.893661,337.838867,215.727478
144.079025,262.052498,347.266266,224.284317
144.104248,263.711784,344.682251,228.247482
132.690857,266.818054,350.354736,229.460846
132.388123,267.215157,346.319946,225.089005
118.620850,274.375336,358.709351,226.649139
116.108414,284.391045,356.162445,218.486862
109.163605,293.188080,361.349060,214.592499
101.265137,298.791824,368.818115,213.111694
100.284241,303.027885,367.768433,211.146408
99.287079,305.814163,367.354919,210.510254
97.483185,306.829010,369.818542,205.202606
93.587631,306.657494,371.479523,205.744370
96.277908,303.694664,368.795868,203.797714
97.437927,302.600151,365.254395,200.511520
94.831833,300.426842,367.371124,200.302109
89.313629,300.492653,373.299133,197.230667
91.233154,295.673294,373.825195,196.714844
92.451538,294.167618,373.069214,192.366943
94.328903,290.167526,369.060822,192.644592
92.337982,283.164726,371.854919,193.630295
93.561401,277.067665,372.584961,195.361526
94.566635,274.310349,369.150909,195.729919
93.384583,273.292122,367.440796,194.616959
94.545044,271.381866,365.621216,193.250946
94.540619,274.493675,362.859314,190.280502
95.389984,276.131935,360.369690,187.880692
99.166275,275.180138,358.573578,188.279648
100.974411,274.771729,354.978790,189.109283
97.769958,274.857224,356.875977,190.759827
94.972000,279.694237,355.561127,189.549911
94.541489,280.537773,358.419098,189.880539
93.449631,287.360870,355.170074,186.144623
90.667633,290.827919,361.232239,185.430496
95.646393,292.237892,356.944763,184.499710
98.940262,296.315994,352.738129,182.078125
106.228485,299.347740,348.814026,178.324326
100.760773,300.362419,356.332947,177.137497
105.363342,303.156921,356.609131,175.183014
110.730438,304.198265,356.133728,176.225937
116.314728,304.242058,358.202454,178.675583
121.086563,306.485352,354.835907,177.497345
121.038986,309.527206,353.806793,179.684631
125.530518,311.544769,352.688843,179.097626
124.017502,314.995453,357.775177,178.718109
125.257156,314.230423,358.634857,177.545654
125.249664,314.599457,359.375061,178.329681
125.393555,314.648552,358.523315,174.132126
121.361572,315.303726,358.073242,170.974854
122.080582,311.893501,361.539642,169.844254
125.445282,310.996841,356.611877,168.041504
130.602112,303.705139,361.160889,168.495758
134.429001,304.884521,363.032745,166.165802
137.629089,308.467003,366.732666,164.178085
141.148483,311.501976,367.045319,161.596909
147.187698,313.539322,362.992767,160.951538
151.082550,314.585945,362.881165,164.049942
152.435440,315.331589,360.476532,162.295471
154.259201,316.290932,359.910919,158.721512
155.525040,316.569908,361.534760,157.964828
158.254837,318.131721,359.351044,151.199844
159.326645,318.351692,362.686188,148.205582
160.556854,318.946526,365.487122,145.589523
163.540527,318.565987,365.303955,142.279068
165.177490,318.387726,363.906738,139.054779
167.642990,320.161133,362.874908,135.126251
172.629135,317.780388,361.993927,133.226120
175.273621,314.880333,362.041992,133.447372
176.778946,313.186478,364.222015,132.656738
178.840576,311.848526,363.023315,130.449951
181.680573,310.346748,364.324158,129.455460
183.290833,310.961323,363.207275,127.179924
178.584778,311.905762,365.183472,125.457428
174.732285,313.459103,363.717316,121.015663
171.769867,312.408382,366.364807,123.830482
172.399765,313.300678,367.143219,121.795158
169.923080,314.976524,365.983307,121.640366
170.839905,316.665806,365.285400,120.720055
173.710617,316.399136,361.001740,119.845680
173.727707,316.893684,358.408478,118.131729
175.231155,317.941566,354.901459,116.705765
178.247757,314.615646,353.199615,118.246704
186.769989,311.586235,348.586548,120.815598
189.704575,314.564667,348.376678,116.398529
195.603348,314.785782,344.488312,116.782959
199.902420,314.002468,345.563995,115.657509
204.623734,313.374863,348.213776,113.931274
211.688675,313.009216,347.181671,114.895294
210.383392,311.678158,350.500122,113.347267
214.528366,309.231392,347.392853,110.361282
223.820816,310.416008,337.992706,107.708603
226.964386,308.227837,336.256958,106.263168
232.242752,306.742672,336.244659,105.343239
240.080734,305.930489,331.620087,100.669815
239.252396,304.396675,335.816193,99.798721
246.105911,302.243164,332.631134,97.767792
248.403671,299.802689,333.089996,96.931885
252.066422,297.795811,333.038666,97.420311
255.627670,296.698032,332.545624,98.976830
258.568375,297.503208,330.118134,97.356224
263.791107,296.980434,325.796692,99.288002
260.822891,298.547379,329.679901,98.139587
263.292358,297.835579,326.378845,97.722122
260.333069,297.729069,330.644592,97.127647
262.217361,293.317287,329.000641,98.590981
253.853531,292.683460,332.939789,97.097771
248.659851,289.171379,335.943726,97.305099
242.273315,288.197998,338.275513,95.427948
236.318176,285.947964,340.856750,94.898537
227.611679,285.122173,344.437836,94.079170
225.563339,284.346291,342.233002,92.486343
210.311493,283.925182,355.291626,94.480476
216.135040,282.764164,342.017578,94.609337
211.626526,285.512833,338.864014,94.044250
207.347580,290.960495,334.711823,90.421387
203.801117,294.499336,328.257751,86.606644
201.218384,295.140751,322.855408,84.386253
205.211563,297.218521,317.896515,82.388245
200.960144,297.920429,318.870911,82.931084
197.840042,296.967098,319.698395,82.303688
204.188629,293.253597,312.200195,83.093178
206.449554,291.248470,311.457642,81.287086
214.557434,290.128719,305.177734,79.858315
224.451553,287.881054,298.737457,78.584053
230.234985,285.462315,295.508545,78.822777
233.126373,282.351410,295.411926,77.509857
243.588257,278.695038,286.687561,77.896393
252.068329,276.163013,283.650024,77.066765
260.191879,276.427288,279.555634,80.173836
274.338654,277.089161,268.445007,77.873955
278.794876,276.476814,266.098785,78.517349
295.290146,276.486324,251.154755,79.929115
299.645447,277.229546,247.484985,80.165817
305.345558,281.079548,242.546494,78.663689
310.109741,285.340843,237.773438,79.569931
313.173363,287.674351,237.005569,79.859276
332.005363,290.039429,217.724808,77.959137
325.585945,294.029079,224.775131,76.706276
345.762489,296.142735,210.176865,76.258141
337.999496,296.000454,222.943695,77.938637
338.948334,294.209560,227.879517,80.073586
350.013153,291.807564,221.879761,82.079605
344.607079,286.526787,234.686050,87.041672
341.998589,281.140442,241.843826,90.033722
350.741203,282.979290,236.506424,87.189217
346.105782,284.829475,245.449265,81.951370
339.541130,287.927418,254.682938,78.348564
339.132080,289.873795,258.742798,75.044617
336.333710,287.162895,257.871643,76.420395
333.656334,285.841106,255.394730,79.765450
332.031181,286.186172,247.722610,80.746765
328.430939,287.243423,232.525330,79.840027
321.409073,286.644257,225.344452,84.235565
315.443893,287.215664,224.560699,84.346291
307.935951,286.025677,226.365829,87.086494
303.425278,287.888386,221.729218,88.885002
296.622314,288.566700,223.210815,91.655083
295.224861,289.171406,216.291306,94.080193
292.378242,293.040573,213.922592,92.069397
288.564041,297.601898,214.068268,94.537384
293.874611,300.516865,208.514816,92.132622
305.097351,303.622574,194.832214,91.013611
303.079491,308.964325,196.581680,90.828156
321.307709,311.539173,178.355164,89.641289
332.278450,315.739216,167.403976,88.884453
331.308701,320.515068,170.217682,87.533981
338.522705,320.930454,163.845093,88.412437
350.610428,322.323223,155.771088,89.560005
351.983521,322.477772,155.479065,90.459038
349.602325,324.808735,163.662598,92.805840
368.786346,327.759090,145.405579,92.506264
355.837753,328.126770,168.489227,93.712921
362.129555,330.133316,163.344345,93.456482
353.395386,331.368603,176.275574,93.171150
372.010796,333.120377,166.808243,93.315918
363.226204,331.817749,178.235580,94.632965
367.423630,330.956192,179.414948,97.000061
372.126259,331.099129,175.646835,97.954605
386.991051,336.822899,164.106705,97.085556
391.031975,344.048119,161.341324,94.650925
377.447487,347.695877,176.261826,92.893799
368.325439,349.142712,186.505615,92.636848
366.401230,349.796680,191.575348,96.731499
370.656837,351.585892,186.571884,95.397217
370.788887,354.835884,187.686020,98.418961
370.557594,356.653488,185.913376,99.307312
370.356003,359.923527,185.913788,98.421959
375.833939,364.175648,180.807343,96.509148
382.549660,369.123249,169.861252,95.591911
371.507660,370.792107,181.432068,96.962265
368.441780,369.979511,186.217514,91.252251
371.255997,369.648018,186.280853,99.923355
377.537483,371.146366,185.918991,100.265404
386.576416,368.228500,175.561218,100.173096
396.362289,364.379360,172.644989,105.075966
404.876869,362.365128,161.565659,111.898560
411.556198,361.263561,159.850555,112.985420
412.483345,360.732964,162.582504,116.843185
414.393242,361.523235,163.180008,114.088203
418.303436,361.713642,158.088684,113.470390
414.956398,361.035950,161.834885,117.593231
443.959267,359.496906,134.594955,118.433647
464.167633,358.311646,115.791931,122.701630
468.725002,360.749081,112.642281,123.878334
484.398323,364.738388,94.913742,123.013733
493.676678,366.656689,86.618874,124.342537
501.047081,367.374607,82.113968,125.686974
497.773777,370.620216,86.149498,125.801346
507.896008,375.265469,76.707527,124.548622
475.963226,374.839745,113.333282,129.068649
486.544941,373.870804,100.328728,132.310486
495.288620,375.221672,92.892883,131.678635
502.577778,373.856369,82.745720,131.616089
506.395134,373.299149,80.715805,131.119446
512.476738,372.620132,76.268845,129.350464
513.843124,381.479481,79.226654,119.886620
514.118431,396.833466,80.968430,103.356598
510.378014,384.561512,84.810104,114.720390
509.349342,382.500954,87.209122,115.212173
507.217705,380.398537,87.585526,117.470535
505.062931,383.053593,90.235405,115.288933
503.704079,379.481274,89.768784,118.489571
501.644672,382.920010,92.366966,113.913857
503.293285,386.443058,91.023354,111.357445
