0.000913
0.031686
0.031375
0.031819
0.031477
0.031170
0.031167
0.031086
0.031163
0.031212
0.032418
0.031030
0.031273
0.031670
0.032636
0.032354
0.031990
0.031585
0.031360
0.031368
0.031119
0.032120
0.032113
0.031825
0.031397
0.031913
0.032926
0.032633
0.032315
0.032246
0.032703
0.033623
0.031997
0.033561
0.032256
0.031983
0.032406
0.031854
0.031673
0.031652
0.032028
0.032075
0.031590
0.033041
0.033248
0.032772
0.031521
0.031514
0.031545
0.031310
0.031985
0.031838
0.030956
0.031108
0.031106
0.030986
0.030443
0.031390
0.030053
0.030527
0.030590
0.031461
0.030013
0.030021
0.030257
0.031072
0.031444
0.030821
0.031081
0.032180
0.031287
0.031977
0.031336
0.031480
0.031169
0.031754
0.031864
0.032585
0.031398
0.031753
0.031941
0.032682
0.031871
0.031431
0.031572
0.031770
0.031583
0.030913
0.032273
0.032106
0.031823
0.031302
0.031211
0.031169
0.032371
0.031099
0.031051
0.031449
0.032511
0.030919
0.030872
0.031646
0.032574
0.032214
0.032113
0.031668
0.032562
0.030905
0.032342
0.031509
0.031550
0.031811
0.031234
0.031155
0.032577
0.031148
0.032084
0.031352
0.031382
0.032596
0.032171
0.031206
0.032171
0.031455
0.031995
0.031726
0.033105
0.032299
0.033076
0.032452
0.033116
0.032532
0.033063
0.032897
0.032292
0.032023
0.032814
0.033735
0.033618
0.031395
0.031678
0.031801
0.032710
0.031872
0.031624
0.031666
0.031522
0.033428
0.031547
0.031924
0.031889
0.031955
0.031393
0.031355
0.031337
0.031483
0.031580
0.031879
0.032540
0.031925
0.033355
0.032203
0.031986
0.031782
0.032424
0.032542
0.031944
0.031549
0.031603
0.032020
0.031674
0.031748
0.031802
0.033159
0.032636
0.031519
0.031752
0.031979
0.031578
0.032124
0.032957
0.031275
0.031527
0.031851
0.031675
0.031439
0.031729
0.032812
0.031544
0.032034
0.032953
0.031042
0.031802
0.032590
0.031873
0.032662
0.031772
0.032247
0.032104
0.032529
0.032491
0.033404
0.031642
0.032200
0.032553
0.033032
0.032491
0.031926
0.032093
0.031417
0.030627
0.031037
0.031283
0.031557
0.030787
0.031562
0.031173
0.030967
0.031266
0.031540
0.031147
0.031112
0.031195
0.032033
0.030870
0.031841
0.031458
0.031341
0.032042
0.031943
0.031723
0.031187
0.031542
0.031666
0.031320
0.031086
0.032077
0.031965
0.031177
0.031098
0.031176
0.031041
0.031630
0.032240
0.031331
0.032433
0.031755
0.031216
0.031505
0.031624
0.031172
0.031009
0.031833
0.031496
0.031486
0.032367
0.030887
0.031171
0.030555
0.031470
0.030542
0.030346
0.030757
0.030530
0.030447
0.030239
0.031047
0.030348
0.031105
0.030196
0.030216
0.030714
0.030180
0.031075
0.030687
0.030210
0.030902
0.030467
0.030212
0.030653
0.030717
0.031229
0.031094
0.030295
0.030095
0.029983
0.030738
0.030918
0.030228
0.031110
0.029894
0.030311
0.031436
0.030206
0.031420
0.031120
0.031480
0.031387
0.031413
0.031284
0.032737
0.031797
0.031617
0.031888
0.031277
0.031537
0.031510
0.031948
0.031924
0.031264
0.031173
0.031017
0.030704
0.030728
0.030608
0.030707
0.030448
0.030687
0.030846
0.030281
0.030196
0.030051
0.030189
0.031395
0.030746
0.030073
0.030760
0.030669
0.031019
0.032056
0.031430
0.031051
0.030931
0.031014
0.030116
0.030292
0.030542
0.031431
0.031516
0.030332
0.030676
0.030170
0.031473
0.031558
0.031466
0.030673
0.029953
0.030425
0.030886
0.030209
0.030668
0.030090
0.031058
0.031357
0.031255
0.030764
0.030958
0.031312
0.031511
0.031111
0.032626
0.031932
0.032321
0.033653
0.034271
0.032667
0.033093
0.034362
0.033551
0.033768
0.032600
0.032911
0.033408
0.033442
0.032050
0.032765
0.031843
0.034044
0.033027
0.032193
0.032348
0.031985
0.033046
0.033323
0.032764
0.032498
0.034260
0.033109
0.032786
0.032583
0.032919
0.032550
0.032578
0.033419
0.033320
0.032746
0.033562
0.032345
0.032294
0.032993
0.033532
0.032422
0.033039
0.032294
0.032310
0.032699
0.032406
0.032712
0.033357
0.033279
0.032517
0.033150
0.032105
0.032029
0.032366
0.031829
0.032628
0.031880
0.032341
0.031827
0.032508
0.032074
0.032372
0.032288
0.033474
0.032436
0.033059
0.032407
0.032870
0.033362
0.032592
0.032479
0.033302
0.033523
0.032146
0.032486
0.032383
0.033248
0.033044
0.033765
0.032359
0.032946
0.032423
0.032501
0.033614
0.032149
0.033564
0.032280
0.032066
0.032829
0.032635
0.032774
0.032724
0.032732
0.032185
0.032603
0.032604
0.032963
0.032771
0.031940
0.032006
0.032584
0.032455
0.033058
0.032515
0.032328
0.032309
0.033417
0.032442
0.031881
0.032235
0.032293
0.032330
0.033356
0.032630
0.033181
0.033724
0.032424
0.032568
0.032324
0.031957
0.032883
0.032737
0.032037
0.033141
0.031973
0.032150
0.031998
0.032447
0.031795
0.032671
0.032490
0.032649
0.031808
0.031644
0.033051
0.031487
0.032604
0.031641
0.031507
0.031964
0.031936
0.032118
0.032217
0.032404
0.031764
0.033158
0.033262
0.031969
0.033336
0.032192
0.032109
0.033569
0.032617
0.030788
0.031072
0.030770
0.031831
0.030564
0.030595
0.030879
0.030480
0.030744
0.031347
0.030372
0.031263
0.030624
0.030709
0.030667
0.030886
0.030590
0.031007
0.030452
0.030797
0.030704
0.030813
0.031092
0.030688
0.030795
0.031718
0.030952
0.030839
0.030757
0.031422
0.031932
0.030933
0.030851
0.031044
0.030937
0.031507
0.030698
0.030909
0.032054
0.031608
0.031156
0.032291
0.030969
0.031573
0.030755
0.031336
0.030804
0.030893
0.030656
0.030880
0.031363
0.030805
0.031708
0.031705
0.031540
0.030750
0.030489
0.030755
0.031038
0.030630
0.030872
0.030575
0.030867
0.031657
0.031550
0.031355
0.032276
0.032789
0.031847
0.032798
0.032619
0.031810
0.031801
0.032098
0.031680
0.032272
0.032412
0.032472
0.032045
0.033502
0.032559
0.032533
0.032486
0.032575
0.033104
0.032644
0.034024
0.032009
0.032498
0.033586
0.032634
0.031988
0.032496
0.031853
0.031619
0.032840
0.031957
0.031279
0.031601
0.031507
0.031576
0.032517
0.033746
0.031954
0.031454
0.031692
0.031297
0.032245
0.031468
0.032334
0.031406
0.032656
0.032348
0.031355
0.031423
0.031422
0.031227
0.031215
0.031973
0.030955
0.030613
0.030460
0.030712
0.030689
0.030356
0.030971
0.030796
0.030633
0.030984
0.031202
0.030774
0.031599
0.032450
0.031279
0.031231
0.031191
0.031124
0.031656
0.030779
0.031659
0.031038
0.031078
0.031958
0.033061
0.032031
0.032694
0.032049
0.032186
0.031902
0.033631
0.032058
0.032146
0.031366
0.030897
0.032013
0.031869
0.032458
0.032153
0.031582
0.032595
0.032181
0.032015
0.032510
0.031487
0.032179
0.031481
0.032912
0.032076
0.031340
0.032396
0.032849
0.032766
0.032170
0.032334
0.033522
0.032478
0.033472
0.032407
0.032565
0.033348
0.032362
0.032603
0.032314
0.032448
0.032557
0.032110
0.031501
0.032310
0.031538
0.031185
0.030937
0.030825
0.030855
0.030733
0.030801
0.031654
0.031180
0.031973
0.030832
0.031733
0.030714
0.031302
0.031425
0.031503
0.031746
0.030950
0.031130
0.032343
0.030986
0.031750
0.031151
0.031516
0.031458
0.031649
0.030775
0.031433
0.030382
0.030847
0.031604
0.030765
0.031526
0.030895
0.031001
0.030733
0.031260
0.030650
0.033091
0.031183
0.030894
0.031626
0.030887
0.030709
0.030913
0.031259
0.030773
0.031223
0.032504
0.032747
0.031666
0.031557
0.031306
0.031343
0.032485
0.031240
0.031682
0.031581
0.031847
0.031899
0.031413
0.031543
0.031499
0.032444
0.031306
0.031499
0.031670
0.032321
0.032068
0.032491
0.032222
0.031707
0.032910
0.032048
0.032220
0.032088
0.032394
0.032551
0.033714
0.032613
0.032700
0.033626
0.032695
0.033666
0.032611
0.032129
0.032482
0.033517
0.033628
0.031981
0.032775
0.034168
0.032152
0.032512
0.033697
0.032939
0.032966
0.032353
0.033613
0.032004
0.032733
0.031725
0.032440
0.031347
0.031997
0.033045
0.032459
0.032718
0.033008
0.032246
0.032740
0.031439
0.030470
0.030031
0.030725
0.030017
0.030097
0.030054
0.030394
0.030453
0.030689
0.031206
0.030126
0.031242
0.030468
0.031258
0.030581
0.030618
0.030475
0.030905
0.030655
0.030456
0.030872
0.031180
0.030414
0.030550
0.030609
0.030206
0.030542
0.030439
0.030418
0.031057
0.030584
0.030431
0.030530
0.030416
0.032002
0.031421
0.031139
0.032087
0.031073
0.031742
0.031905
0.030940
0.030721
0.030893
0.030649
0.031980
0.032301
0.031068
0.030723
0.031187
0.030671
0.032971
0.031117
0.030815
0.031505
0.031117
0.030946
0.030706
0.030545
0.031412
0.030324
0.030435
0.030605
0.030397
0.030895
0.030540
0.030800
0.030477
0.030469
0.030321
0.030579
0.030520
0.030275
0.030814
0.030523
0.030372
0.030758
0.030537
0.030924
0.031300
0.030668
0.031278
0.030784
0.032133
0.030576
0.030499
0.031439
0.032027
0.031384
0.032159
0.032056
0.031497
0.031362
0.031933
0.030711
0.030622
0.031350
0.031910
0.031580
0.031239
0.030555
0.030677
0.030762
0.030894
0.030784
0.031810
0.030509
0.030606
0.030594
0.030810
0.030619
0.031108
0.031594
0.031406
0.031342
0.031201
0.031126
0.032071
0.031512
0.031388
0.031285
0.031415
0.031596
0.032424
0.033726
0.033358
0.033582
0.032622
0.032389
0.033022
0.032878
0.033092
0.032741
0.033478
0.032658
0.032419
0.032848
0.032798
0.033195
0.033161
0.032309
0.032622
0.033340
0.032671
0.032410
0.032765
0.032894
0.032733
0.033012
0.032913
0.034206
0.033469
0.033596
0.033195
0.033109
0.034016
0.033221
0.032602
0.032347
0.033645
0.032521
0.033446
0.033896
0.034209
0.032630
0.032620
0.032958
0.032654
0.032733
0.032521
0.032907
0.032250
0.032969
0.032175
0.031960
0.031453
0.032793
0.033136
0.031757
0.031661
0.031498
0.032030
0.031303
0.031750
0.031867
0.032012
0.032123
0.032560
0.031397
0.032599
0.032395
0.031230
0.031766
0.031680
0.030573
0.030826
0.030853
0.030543
0.031352
0.030930
0.032930
0.031107
0.031166
0.030905
0.030653
0.032402
0.031397
0.031634
0.030863
0.031849
0.030822
0.031123
0.032004
0.030971
0.031129
0.031112
0.031084
0.031009
0.030951
0.030907
0.030829
0.031115
0.031119
0.031299
0.031641
0.031863
0.030888
0.031413
0.031580
0.030736
0.031419
0.030702
0.030756
0.030370
0.031767
0.030425
0.030388
0.031622
0.031700
0.030524
0.031087
0.030546
0.030661
0.030617
0.031568
0.031205
0.030983
0.031131
0.031006
0.030557
0.030772
0.031359
0.030588
0.030287
0.030861
0.030605
0.030523
0.030800
0.030651
0.031550
0.030729
0.032268
0.031535
0.032123
0.030895
0.030681
0.031608
0.030947
0.030919
0.030739
0.031940
0.031598
0.031677
0.031961
0.031742
0.031285
0.031346
0.032769
0.031224
0.032307
0.032313
0.032039
0.031485
0.032981
0.031738
0.033015
0.031829
0.032025
0.031921
0.031638
0.031696
0.031236
0.031983
0.031849
0.032457
0.031759
0.031129
0.031499
0.032280
0.032422
0.032279
0.031561
0.031789
0.032353
0.031940
0.031860
0.032665
0.030393
0.030359
0.030325
0.030782
0.030466
0.030780
0.030722
0.030770
0.031451
0.030924
0.031535
0.031188
0.031298
0.031088
0.031031
0.030812
0.031175
0.030722
0.031994
0.031012
0.031830
0.031062
0.031814
0.030803
0.031073
0.031411
0.030438
0.031314
0.030839
0.030959
0.030858
0.030765
0.031206
0.033045
0.032036
0.031752
0.031639
0.031778
0.032869
0.032723
0.032449
0.033051
0.033233
0.030698
0.030746
0.031689
0.031854
0.032331
0.033492
0.031779
0.032106
0.036321
0.032394
0.031711
0.030983
0.033451
0.034123
0.032007
0.031605
0.030880
0.031651
0.031437
0.030714
0.031409
0.031159
0.032362
0.031546
0.033015
0.031706
0.032728
0.032913
0.032285
0.032798
0.033634
0.033044
0.032288
0.034035
0.033291
0.032829
0.032489
0.031940
0.032196
0.032753
0.032185
0.031748
0.032957
0.031851
0.031537
0.031758
0.031675
0.031919
0.031896
0.032554
0.031632
0.031699
0.031805
0.031855
0.032105
0.033207
0.031647
0.033070
0.033081
0.032204
0.033136
0.032512
0.031447
0.032539
0.031818
0.030770
0.030998
0.030533
0.030943
0.030614
0.030626
0.030590
0.030435
0.031487
0.030923
0.030601
0.030792
0.030494
0.030434
0.030718
0.030959
0.030832
0.030750
0.032418
0.031591
0.031476
0.031466
0.030732
0.030562
0.030468
0.031794
0.031787
0.030877
0.030476
0.030261
0.030598
0.030566
0.031394
0.032161
0.031477
0.032070
0.031817
0.030779
0.031584
0.031253
0.030443
0.031745
0.030629
0.031328
0.030621
0.030470
0.030439
0.031750
0.031108
0.030667
0.031179
0.031095
0.031389
0.031616
0.030881
0.031859
0.031937
0.031172
0.030728
0.031203
0.030703
0.030806
0.033905
0.031911
0.030695
0.030597
0.030437
0.030721
0.030720
0.030983
0.031137
0.031062
0.031380
0.031238
0.031551
0.030592
0.030243
0.030965
0.031284
0.031593
0.030240
0.030470
0.031509
0.030502
0.031893
0.030692
0.030730
0.030763
0.030667
0.030439
0.030564
0.030371
0.030636
0.030293
0.030305
0.030408
0.031029
0.030475
0.030723
0.030636
0.030217
0.030192
0.030438
0.030555
0.031294
0.030441
0.030868
0.030884
0.030758
0.031241
0.030652
0.031611
0.030376
0.030569
0.031241
0.030934
0.031724
0.030467
0.031472
0.030510
0.030805
0.031224
0.030823
0.030718
0.031316
0.030486
0.030679
0.030849
0.031118
0.031291
0.031744
0.032405
0.031346
0.032090
0.031702
0.032119
0.034006
0.033527
0.032199
0.033168
0.031818
0.032962
0.032953
0.032369
0.032064
0.032966
0.032146
0.032240
0.032202
0.033105
0.032112
0.032497
0.032221
0.032189
0.032737
0.031810
0.031865
0.032117
0.034133
0.032939
0.032318
0.032909
0.032319
0.032132
0.032418
0.032888
0.032358
0.032416
0.032215
0.032231
0.033009
0.032344
0.032646
0.031869
0.032007
0.031713
0.032584
0.033270
0.032463
0.031421
0.030660
0.030823
0.032780
0.031867
0.031234
0.030720
0.030734
0.030945
0.030681
0.030225
0.030444
0.030761
0.030557
0.030364
0.030497
0.030734
0.030770
0.030772
0.030776
0.031471
0.031332
0.030501
0.030712
0.030804
0.031370
0.031518
0.030772
0.030522
0.030671
0.030843
0.030626
0.030536
0.030708
0.030677
0.030855
0.030747
0.030515
0.030465
0.031865
0.030597
0.030441
0.030766
0.030557
0.030964
0.031069
0.030353
0.030734
0.031183
0.030713
0.030622
0.030750
0.030688
0.030920
0.031075
0.031582
0.031379
0.031850
0.031913
0.032215
0.032068
0.032994
0.033286
0.032036
0.032759
0.033206
0.031850
0.032639
0.033471
0.032265
0.032328
0.033302
0.032081
0.031991
0.032065
0.033041
0.031762
0.032585
0.032129
0.031649
0.032166
0.032024
0.032914
0.031759
0.032412
0.032200
0.032284
0.032169
0.032701
0.033511
0.033456
0.034101
0.032666
0.032292
0.031578
0.031445
0.031204
0.032145
0.032800
0.031401
0.031438
0.030965
0.031855
0.030915
0.031624
0.031507
0.032958
0.031260
0.034256
0.032995
0.032169
0.031402
0.031845
0.031802
0.031850
0.031748
0.031493
0.031176
0.032038
0.031840
0.032236
0.032156
0.031118
0.031210
0.030794
0.032104
0.031427
0.030860
0.032002
0.031393
0.032103
0.031899
0.031961
0.031259
0.030850
0.031245
0.032781
0.030569
0.030647
0.032085
0.031702
0.031034
0.031482
0.030999
0.031284
0.030649
0.030555
0.031394
0.031438
0.030882
0.030790
0.032146
0.031659
0.030950
0.031240
0.032478
0.032056
0.030969
0.031474
0.031304
0.031578
0.031099
0.031664
0.031252
0.031102
0.031184
0.031222
0.032018
0.031372
0.031716
0.031635
0.031764
0.031731
0.032133
0.033083
0.032028
0.031665
0.033050
0.031887
0.032002
0.031941
0.031776
0.031845
0.032297
0.031642
0.032717
0.031823
0.032104
0.031995
0.031696
0.031802
0.032187
0.032252
0.032362
0.032119
0.032349
0.032408
0.032620
0.033143
0.032079
0.032460
0.032919
0.032353
0.032598
0.032025
0.032385
0.032230
0.031486
0.032224
0.031339
0.033048
0.032405
0.031682
0.032323
0.032024
0.032071
0.031556
0.031463
0.031630
0.031457
0.031393
0.032669
0.031776
0.031782
0.031981
0.032421
0.031747
0.031945
0.031980
0.032887
0.031957
0.031912
0.031711
0.031463
0.032065
0.032073
0.030693
0.030746
0.030235
0.030070
0.030523
0.030525
0.030601
0.031389
0.030558
0.030636
0.030830
0.031522
0.031449
0.031439
0.031620
0.032134
0.033950
0.032476
0.032808
0.032929
0.034236
0.033890
0.034147
0.033801
0.034161
0.034291
0.033372
0.033056
0.033173
0.032739
0.032747
0.032345
0.032174
0.032327
0.032011
0.031929
0.031644
0.031881
0.032510
0.032771
0.030604
0.031050
0.031342
0.031294
0.030983
0.031071
0.031166
0.032234
0.031326
0.032197
0.032077
0.030840
0.031468
0.033333
0.033125
0.032085
0.031139
0.030742
0.030908
0.030771
0.030666
0.031008
0.031794
0.030901
0.031917
0.030833
0.030836
0.030930
0.030916
0.031180
0.030684
0.030734
0.031089
0.030832
0.030823
0.030862
0.030933
0.030746
0.030815
0.030709
0.030806
0.030569
0.030751
0.030924
0.031216
0.031318
0.030734
0.031113
0.030880
0.030623
0.030559
0.030703
0.031552
0.031687
0.031405
0.031539
0.031708
0.031401
0.031518
0.031517
0.032526
0.031997
0.032147
0.032177
0.032216
0.030849
0.032189
0.033603
0.034008
0.032899
0.032851
0.031894
0.032294
0.033768
0.032178
0.031498
0.031657
0.031227
0.031106
0.031164
0.030975
0.031208
0.032745
0.032899
0.032519
0.031959
0.031265
0.031158
0.030837
0.031313
0.031871
0.032895
0.030794
0.031447
0.030911
0.031111
0.031106
0.031898
0.030984
0.031932
0.031220
0.031089
0.032065
0.032088
0.031680
0.032030
0.032177
0.030601
0.030786
0.030634
0.030831
0.031276
0.030753
0.030857
0.033486
0.032143
0.031398
0.030945
0.031322
0.032054
0.033092
0.031264
0.032787
0.032012
0.032614
0.031384
0.032548
0.033053
0.032989
0.034249
0.033391
0.034907
0.034442
0.033558
0.033230
0.033744
0.035419
0.033940
0.034681
0.033744
0.033982
0.033342
0.034317
0.033413
0.033164
0.033698
0.033148
0.033102
0.032870
0.033190
0.034174
0.034231
0.033064
0.033142
0.034114
0.032295
0.033478
0.033966
0.032843
0.033978
0.032540
0.032923
0.032544
0.033068
0.032966
0.034083
0.033128
0.032708
0.032417
0.032548
0.032261
0.032293
0.032316
0.032863
0.032514
0.032266
0.033156
0.032389
0.032377
0.032194
0.032054
0.032491
0.031666
0.032202
0.031830
0.031375
0.031647
0.031687
0.031741
0.031688
0.031710
0.031584
0.032502
0.031767
0.031329
0.031313
0.032748
0.031531
0.031833
0.031089
0.032181
0.031379
0.031044
0.031287
0.031413
0.031815
0.032837
0.031005
0.030591
0.031243
0.030593
0.030451
0.031429
0.031706
0.030379
0.030094
0.029972
0.030018
0.032294
0.031085
0.030931
0.032562
0.031388
0.031269
0.030846
0.030884
0.030985
0.032638
0.031462
0.032453
0.031133
0.030987
0.032159
0.031014
0.031706
0.030208
0.030483
0.030909
0.030487
0.030261
0.031260
0.030134
0.031474
0.031809
0.030280
0.030361
0.030842
0.030178
0.030351
0.030561
0.030434
0.030360
0.030536
0.030597
0.030630
0.030509
0.031349
0.031190
0.031205
0.032446
0.031301
0.031100
0.031219
0.031699
0.031150
0.031042
0.031892
0.031342
0.031419
0.031399
0.031151
0.031210
0.031135
0.031650
0.031461
0.032000
0.031085
0.031121
0.031193
0.032655
0.031104
0.031327
0.031349
0.031273
0.031145
0.031237
0.032023
0.031178
0.030896
0.032440
0.031107
0.031126
0.031402
0.031015
0.032036
0.030879
0.031689
0.031512
0.032824
0.031074
0.031690
0.031298
0.031127
0.031498
0.031822
0.031053
0.031327
0.031944
0.031183
0.032116
0.032393
0.031874
0.031556
0.031616
0.031730
0.031534
