0.001513
0.034345
0.034009
0.033198
0.032951
0.033616
0.033048
0.032897
0.033084
0.033357
0.032900
0.032744
0.032343
0.032845
0.034305
0.032912
0.033842
0.033807
0.033337
0.032846
0.033410
0.033481
0.033871
0.035095
0.033928
0.034288
0.033124
0.033632
0.033539
0.035266
0.033287
0.033707
0.034849
0.035667
0.033609
0.034596
0.036433
0.033736
0.034061
0.033450
0.034289
0.034377
0.034296
0.035175
0.034510
0.034095
0.033565
0.033125
0.033510
0.033542
0.034230
0.033515
0.033911
0.034776
0.033998
0.034306
0.033724
0.034764
0.035032
0.035402
0.034269
0.033974
0.034066
0.035050
0.034981
0.035143
0.035600
0.035032
0.034128
0.034612
0.034669
0.033350
0.034843
0.034138
0.034889
0.035119
0.034692
0.034720
0.034225
0.034692
0.035505
0.034047
0.033925
0.034953
0.033918
0.034131
0.033767
0.033799
0.033723
0.033736
0.034454
0.034100
0.033236
0.033899
0.033976
0.033792
0.033652
0.034026
0.033451
0.033625
0.034301
0.033093
0.033293
0.033974
0.032846
0.032963
0.033485
0.033286
0.034554
0.033594
0.033880
0.034374
0.034639
0.035630
0.033868
0.035366
0.035291
0.034581
0.033892
0.035812
0.034340
0.034607
0.033630
0.034543
0.033336
0.033624
0.033935
0.033402
0.035031
0.034370
0.034315
0.035169
0.035239
0.036671
0.034251
0.034269
0.033617
0.034691
0.033678
0.034565
0.033542
0.034065
0.033771
0.034436
0.033284
0.032750
0.032414
0.032881
0.033316
0.032577
0.033045
0.032927
0.033845
0.034025
0.033041
0.032728
0.033190
0.033175
0.033791
0.032924
0.033270
0.033272
0.033107
0.033164
0.032986
0.032856
0.033056
0.033010
0.034217
0.033973
0.032861
0.033259
0.033079
0.034082
0.033716
0.033374
0.033530
0.033815
0.033258
0.033152
0.033025
0.033305
0.033177
0.034440
0.032896
0.033034
0.032817
0.032598
0.033194
0.033868
0.035087
0.033915
0.033543
0.033923
0.033823
0.033234
0.033037
0.033037
0.033080
0.033603
0.034978
0.033281
0.033345
0.033151
0.033018
0.033348
0.032883
0.032848
0.032417
0.033909
0.033162
0.034573
0.032647
0.032784
0.033122
0.032917
0.032844
0.035151
0.033010
0.034788
0.034466
0.033242
0.034417
0.035039
0.035610
0.034239
0.033138
0.033798
0.032954
0.032801
0.034253
0.034004
0.033017
0.033750
0.033541
0.033103
0.033781
0.033000
0.033093
0.032782
0.032893
0.034169
0.032985
0.033120
0.033132
0.034166
0.033447
0.036687
0.033929
0.033540
0.034583
0.033100
0.033538
0.033128
0.033041
0.033649
0.033387
0.033118
0.033709
0.032970
0.034601
0.032941
0.033900
0.034502
0.034017
0.033387
0.033613
0.035286
0.034727
0.035210
0.036135
0.034617
0.034220
0.035452
0.034109
0.035243
0.033862
0.033668
0.034465
0.034807
0.034981
0.034243
0.034857
0.034314
0.033537
0.033589
0.033583
0.033161
0.032446
0.032319
0.032480
0.034312
0.031972
0.032836
0.033791
0.035029
0.034819
0.035271
0.033016
0.032923
0.032674
0.032030
0.032029
0.031545
0.032257
0.031488
0.031270
0.031255
0.032449
0.032046
0.033171
0.033483
0.032425
0.033273
0.031131
0.032422
0.032669
0.031286
0.030842
0.031610
0.030665
0.030757
0.031060
0.031311
0.030533
0.032356
0.031866
0.032634
0.031917
0.032085
0.032171
0.031797
0.032107
0.032577
0.031526
0.031740
0.033388
0.032066
0.032616
0.032646
0.033124
0.032531
0.032521
0.031729
0.031697
0.031594
0.032908
0.031762
0.031860
0.033052
0.031968
0.032048
0.031968
0.031790
0.031927
0.031631
0.031647
0.031739
0.032650
0.033101
0.031387
0.032088
0.033330
0.032309
0.031552
0.032023
0.031702
0.032223
0.032389
0.032979
0.032753
0.033341
0.031649
0.031991
0.031633
0.033034
0.032900
0.032775
0.033077
0.033465
0.031789
0.033008
0.031494
0.032043
0.032998
0.032899
0.033244
0.033511
0.032237
0.032198
0.032448
0.032052
0.031940
0.032004
0.032014
0.032187
0.033009
0.032267
0.032081
0.032670
0.032068
0.031814
0.033210
0.032424
0.032647
0.032142
0.032012
0.032912
0.032550
0.033828
0.032456
0.032910
0.032872
0.034072
0.032545
0.032401
0.032945
0.033610
0.032888
0.032523
0.033280
0.032898
0.032529
0.033095
0.033146
0.033141
0.032996
0.032990
0.032379
0.032634
0.032698
0.032985
0.032802
0.032237
0.032438
0.033818
0.032873
0.033068
0.032965
0.033400
0.032544
0.032589
0.032588
0.032497
0.032127
0.032498
0.032472
0.033673
0.032349
0.034204
0.033180
0.033384
0.032240
0.032638
0.033974
0.032656
0.032559
0.033544
0.033725
0.033622
0.033779
0.033603
0.033525
0.033439
0.033769
0.033529
0.033668
0.033391
0.033954
0.033033
0.034155
0.035697
0.034363
0.034581
0.034640
0.034569
0.035209
0.035422
0.033831
0.035482
0.033972
0.033729
0.035272
0.033776
0.034895
0.035311
0.033496
0.035243
0.035525
0.035235
0.035608
0.035116
0.034508
0.035796
0.034591
0.034640
0.036123
0.035463
0.034961
0.034880
0.034829
0.036638
0.034635
0.035460
0.034944
0.034853
0.034845
0.034248
0.034661
0.034725
0.035072
0.034463
0.034720
0.036147
0.035786
0.036767
0.034928
0.035213
0.034509
0.034624
0.035745
0.037363
0.034402
0.034220
0.034616
0.033992
0.033757
0.033967
0.034839
0.033240
0.034076
0.033474
0.033079
0.033338
0.033150
0.033098
0.035051
0.034962
0.033686
0.034718
0.033704
0.034319
0.034569
0.034986
0.034284
0.035083
0.034773
0.035275
0.035373
0.035439
0.035425
0.035804
0.035791
0.034697
0.035358
0.034544
0.034777
0.034680
0.034037
0.033750
0.034227
0.034249
0.034335
0.034352
0.033935
0.034641
0.036044
0.034717
0.035665
0.034950
0.034983
0.036077
0.037253
0.036611
0.036852
0.036456
0.037459
0.037827
0.037304
0.037370
0.037444
0.038669
0.036642
0.038826
0.038005
0.039851
0.036434
0.037766
0.040305
0.036787
0.034936
0.035439
0.035239
0.035910
0.035475
0.035623
0.036073
0.036227
0.036107
0.036295
0.035738
0.036045
0.036855
0.036018
0.036067
0.035836
0.036511
0.034655
0.036069
0.035395
0.035892
0.036170
0.036590
0.036241
0.036042
0.035916
0.035374
0.036187
0.035806
0.036890
0.036591
0.035925
0.035520
0.035713
0.036090
0.036165
0.038166
0.038667
0.036312
0.037536
0.036847
0.037292
0.036945
0.038596
0.036553
0.036467
0.036316
0.035936
0.036533
0.035988
0.036576
0.038218
0.037195
0.037431
0.036682
0.037650
0.034073
0.033254
0.037001
0.033908
0.033637
0.033816
0.033589
0.033757
0.033729
0.033340
0.034060
0.033125
0.034367
0.036215
0.035910
0.033908
0.034200
0.035852
0.034953
0.035298
0.036334
0.035954
0.037860
0.037263
0.036967
0.038552
0.037922
0.038255
0.038106
0.038716
0.036528
0.038401
0.038523
0.038803
0.038514
0.039260
0.039224
0.038401
0.038294
0.037956
0.038617
0.037821
0.038835
0.038733
0.038808
0.035985
0.037143
0.037438
0.037143
0.037629
0.036153
0.037331
0.036325
0.036344
0.036817
0.036049
0.037129
0.036183
0.036536
0.033504
0.032711
0.034112
0.034371
0.032935
0.033818
0.034169
0.033795
0.033074
0.033793
0.033406
0.035892
0.034118
0.033147
0.034276
0.032957
0.033765
0.034578
0.034335
0.034428
0.033826
0.032932
0.033114
0.034139
0.034962
0.032787
0.033715
0.033180
0.033594
0.035752
0.033089
0.032956
0.033406
0.033353
0.033850
0.033547
0.032897
0.034627
0.034803
0.034057
0.034491
0.034221
0.034465
0.034077
0.035402
0.037410
0.035958
0.034108
0.034423
0.033548
0.033745
0.033858
0.034122
0.034262
0.033199
0.033208
0.034646
0.034113
0.034441
0.037668
0.035310
0.033765
0.033945
0.034072
0.034017
0.034991
0.035162
0.034007
0.033918
0.035807
0.035212
0.034760
0.036292
0.034634
0.035921
0.034818
0.033806
0.035239
0.034957
0.033885
0.033963
0.033896
0.035364
0.033915
0.033962
0.033619
0.033323
0.033872
0.035144
0.034768
0.035089
0.033995
0.033959
0.033399
0.034317
0.035301
0.033933
0.033844
0.035534
0.034900
0.034224
0.035168
0.035670
0.035901
0.035348
0.036085
0.035070
0.036839
0.036065
0.035220
0.036006
0.036254
0.035095
0.034918
0.034755
0.035507
0.035936
0.036657
0.034608
0.034417
0.033382
0.033252
0.034664
0.032981
0.034292
0.034423
0.034077
0.033879
0.034362
0.033903
0.033881
0.033665
0.034040
0.035231
0.034838
0.034918
0.035261
0.034410
0.035421
0.035293
0.035157
0.035445
0.035928
0.035644
0.035866
0.036041
0.035948
0.036836
0.036534
0.035948
0.037854
0.038813
0.037037
0.037304
0.036424
0.037700
0.037649
0.038830
0.039024
0.040882
0.038148
0.040861
0.039286
0.038741
0.038273
0.039368
0.039913
0.037780
0.039986
0.038816
0.038479
0.039477
0.038166
0.038183
0.037960
0.038117
0.039700
0.038364
0.040089
0.039480
0.039125
0.037863
0.038211
0.038697
0.038028
0.039059
0.037395
0.036745
0.035868
0.035942
0.035991
0.035501
0.033759
0.036306
0.035720
0.036205
0.036382
0.035047
0.034231
0.033740
0.035300
0.033203
0.033425
0.033479
0.033248
0.033225
0.033086
0.033869
0.033886
0.033174
0.032958
0.032607
0.032610
0.033655
0.033760
0.033060
0.034245
0.033362
0.033805
0.033942
0.033624
0.033047
0.033488
0.035140
0.034262
0.034742
0.034135
0.034884
0.033805
0.033330
0.033826
0.033581
0.033919
0.033514
0.034688
0.032808
0.032564
0.032596
0.032876
0.034293
0.033379
0.032914
0.032337
0.032236
0.032941
0.033180
0.032372
0.033205
0.034025
0.032692
0.033779
0.032616
0.033760
0.032947
0.034180
0.033084
0.034294
0.034102
0.034321
0.033055
0.033337
0.034612
0.033615
0.033785
0.035344
0.033881
0.034722
0.035679
0.033543
0.035001
0.035113
0.034849
0.034660
0.034757
0.034502
0.033672
0.033849
0.034203
0.034037
0.034774
0.034036
0.036404
0.035485
0.035300
0.035123
0.036931
0.037283
0.037349
0.036798
0.038061
0.038511
0.039565
0.039452
0.040107
0.039863
0.039747
0.040399
0.040373
0.039619
0.039427
0.039245
0.042321
0.036640
0.036302
0.035787
0.036556
0.035163
0.033868
0.033596
0.033226
0.034394
0.033923
0.033675
0.033932
0.034442
0.034726
0.033789
0.033819
0.034614
0.033960
0.034206
0.035660
0.034715
0.034664
0.036224
0.035862
0.035572
0.036180
0.035293
0.034420
0.035616
0.035910
0.034253
0.034918
0.034910
0.034781
0.035375
0.034515
0.034416
0.033909
0.034102
0.034469
0.035072
0.035465
0.035264
0.035320
0.035352
0.037731
0.036730
0.035429
0.035579
0.036147
0.036021
0.036044
0.035124
0.035350
0.035135
0.035808
0.035650
0.035183
0.035476
0.035253
0.035354
0.036669
0.037575
0.035621
0.035685
0.036973
0.035797
0.035935
0.036065
0.036408
0.036794
0.036345
0.035740
0.035653
0.034261
0.033414
0.034373
0.033404
0.033531
0.034727
0.034350
0.034443
0.033755
0.033415
0.035742
0.034197
0.033212
0.034493
0.036133
0.036111
0.034334
0.035090
0.034329
0.034845
0.034937
0.034026
0.034414
0.035284
0.034907
0.034991
0.035841
0.035296
0.035247
0.035704
0.035359
0.037036
0.035673
0.038551
0.036710
0.037569
0.035746
0.035447
0.035539
0.035759
0.034924
0.034574
0.033849
0.032173
0.032966
0.033143
0.033987
0.034068
0.033685
0.033071
0.032611
0.033184
0.032813
0.032060
0.033276
0.032458
0.032823
0.033074
0.033284
0.032207
0.033557
0.032367
0.033145
0.033122
0.033643
0.032159
0.033088
0.032233
0.033179
0.033305
0.032901
0.033327
0.033270
0.033575
0.033770
0.033195
0.033165
0.033079
0.033121
0.033168
0.033831
0.033265
0.033633
0.033302
0.033130
0.033505
0.034264
0.033810
0.035050
0.035205
0.034566
0.034715
0.034906
0.033930
0.035547
0.035121
0.034062
0.033695
0.033966
0.033817
0.034073
0.034490
0.034425
0.035012
0.034272
0.033779
0.035500
0.034617
0.035640
0.034049
0.033603
0.034058
0.035330
0.033672
0.034695
0.034622
0.034759
0.034811
0.034567
0.034465
0.033800
0.034118
0.034026
0.033864
0.033804
0.033743
0.034478
0.035366
0.034183
0.034152
0.033966
0.034940
0.033893
0.034100
0.033935
0.034731
0.033803
0.034179
0.033721
0.034306
0.035071
0.034448
0.035026
0.034548
0.033294
0.034369
0.033715
0.034230
0.034860
0.035107
0.034433
0.033726
0.033897
0.034651
0.033449
0.034233
0.034118
0.034637
0.033131
0.035029
0.034285
0.034392
0.034975
0.034461
0.035285
0.034036
0.034456
0.034536
0.034514
0.034546
0.035091
0.034265
0.034207
0.034223
0.036247
0.034226
0.035369
0.034679
0.035326
0.034340
0.035020
0.033885
0.033613
0.032871
0.033146
0.033984
0.033814
0.032787
0.034256
0.035782
0.034104
0.033850
0.034319
0.034005
0.033785
0.033482
0.034521
0.033881
0.033858
0.033943
0.034092
0.035950
0.034116
0.034258
0.034048
0.034962
0.034072
0.033895
0.033921
0.033636
0.034911
0.033393
0.034147
0.034306
0.034157
0.033766
0.033800
0.033797
0.034054
0.034370
0.033800
0.034563
0.035709
0.034544
0.033847
0.033602
0.033581
0.035284
0.034024
0.036319
0.037028
0.036611
0.036631
0.036988
0.039061
0.037858
0.037542
0.036749
0.037283
0.037766
0.037221
0.036893
0.037835
0.036130
0.037022
0.036519
0.036312
0.037559
0.036380
0.037239
0.036822
0.036757
0.036472
0.035525
0.034664
0.035088
0.034030
0.033596
0.033838
0.036527
0.036567
0.036637
0.036282
0.036797
0.035586
0.035185
0.035460
0.035803
0.037173
0.037483
0.037726
0.037989
0.038191
0.038706
0.036825
0.036449
0.036105
0.036227
0.037539
0.036194
0.035269
0.035925
0.035225
0.034634
0.034420
0.035834
0.035699
0.035884
0.035664
0.035334
0.036926
0.036538
0.036914
0.035903
0.035692
0.035561
0.034135
0.034920
0.036495
0.038167
0.036093
0.038075
0.036890
0.036506
0.036193
0.036226
0.036558
0.037956
0.036768
0.037195
0.037336
0.036661
0.037108
0.036852
0.036983
0.037201
0.036533
0.038443
0.036734
0.038955
0.037675
0.038090
0.037841
0.036724
0.038336
0.038735
0.037349
0.035393
0.035967
0.038220
0.037195
0.034680
0.035361
0.033988
0.034193
0.033586
0.033999
0.034049
0.033870
0.034068
0.034240
0.034815
0.034592
0.034219
0.035268
0.035341
0.034152
0.035101
0.035281
0.034648
0.034543
0.033768
0.035740
0.036495
0.037081
0.036906
0.039778
0.036456
0.035733
0.036122
0.035974
0.036687
0.036208
0.036510
0.036829
0.036443
0.036077
0.036665
