690.000000,264.000000,205.000000,206.000000
691.239967,263.455635,198.588547,205.084213
685.388214,259.864555,198.487854,204.887039
684.167450,257.267380,194.813599,195.420685
680.682007,255.181091,198.197632,189.226440
677.793098,239.569206,186.347275,199.606583
677.366821,239.917030,187.875732,201.045090
671.866829,236.529182,196.572556,197.529404
667.205864,239.699684,199.085587,196.673447
662.184715,239.089355,198.021927,197.364197
664.831192,242.991516,189.722076,190.591553
668.031174,250.716095,179.726471,187.098328
667.985558,246.067886,177.416214,190.978546
675.039078,246.159569,169.262543,194.899857
678.407402,245.681602,168.797989,191.927200
672.513176,238.706291,178.600174,203.534439
671.556496,239.777931,181.901169,202.554977
668.841934,240.110748,183.872162,198.169250
670.708504,241.038155,185.150986,198.421310
664.840012,234.218292,190.906097,206.134155
671.032791,244.268929,189.207855,196.618698
663.302170,234.893967,199.157257,203.323151
668.239746,222.203377,195.671753,217.365097
665.787094,228.554840,192.233063,205.428894
665.515427,225.935150,192.120819,210.115112
669.560539,253.255089,181.290909,187.104141
670.064957,242.189514,188.907990,211.099426
673.610359,209.519791,164.602158,230.846100
673.019707,150.997833,189.096390,299.223877
676.317123,182.516541,157.910736,281.797668
683.365562,142.956314,148.281265,316.576569
675.274910,127.155060,155.021896,339.733398
674.919983,132.984116,154.890320,327.235443
674.382523,139.492294,165.728546,300.675262
675.309639,133.037094,185.022751,305.434784
675.845703,138.380829,170.312683,302.686768
676.734863,156.342514,162.946594,282.671967
675.762863,180.448029,160.160736,264.242065
673.920242,207.150536,163.167877,237.524185
676.353386,177.289764,159.327164,274.333679
670.747025,169.274139,162.871918,284.677795
670.753677,161.525421,161.917450,301.606995
670.005798,165.828430,162.824829,294.959106
670.958305,184.406647,162.117447,278.726746
672.167343,187.321106,162.037140,278.038574
673.257835,189.703125,163.444290,278.516235
674.036842,198.443085,163.620651,268.308533
673.681137,194.329071,163.550201,274.031799
674.124344,189.766464,163.685883,275.208649
674.023224,189.644302,166.435120,287.395966
675.951332,236.839462,164.675705,245.478302
676.399773,188.871063,166.789566,292.818237
677.508728,201.743118,164.789062,324.553619
674.627235,255.508850,172.935959,271.921814
677.351776,237.283203,176.021667,290.156067
679.101791,264.067368,164.334991,267.628387
678.943794,261.366272,190.550888,273.223694
675.067444,272.801750,184.116455,249.283890
673.391563,276.174805,203.190628,257.418640
670.502792,279.739784,190.074371,242.929062
670.525146,275.441849,190.538452,255.402496
671.077469,278.859840,179.285492,250.233505
671.653236,271.216705,185.906662,288.886841
676.554550,285.887955,199.787750,270.764069
674.576202,287.201126,196.684753,272.127838
676.561882,284.763367,196.363174,277.019470
677.815849,285.934128,192.646988,277.252411
680.612228,287.119186,183.334381,277.198334
676.391975,291.062546,190.339828,266.162567
676.895287,298.997528,181.856033,233.574829
681.313721,301.077400,172.804077,219.401596
671.330803,299.578888,191.740860,228.630188
673.888580,302.269035,184.650574,222.434097
662.123352,301.376587,202.910889,259.235596
661.092026,299.125458,205.292023,256.771790
664.621063,294.768051,201.820129,251.490021
674.659653,292.326134,195.604767,249.479446
680.586678,288.883377,203.443954,248.163422
679.708000,289.881165,201.416519,245.782837
684.496971,292.360474,181.731155,241.343994
679.711319,297.388153,181.666473,258.959900
685.458725,295.782608,179.659943,277.925629
697.678009,290.351959,171.049500,277.678650
695.457542,291.674103,176.397049,277.799744
696.599800,291.269470,176.113510,280.387329
693.391296,290.052635,180.402588,252.762772
687.216591,283.287872,184.155319,257.360657
694.546532,278.305626,173.419876,255.953201
696.299492,269.115860,174.045914,257.037689
700.306549,259.280334,172.186951,256.999878
702.589737,259.912712,171.364960,253.668228
705.309784,253.268326,175.551575,257.845062
705.126534,246.796631,171.141953,262.222168
703.017174,239.336380,169.967606,264.262543
700.607689,234.633400,203.682083,238.538376
701.393883,231.593033,205.364456,230.348602
701.827660,231.162094,199.379227,238.263458
699.019669,230.103333,201.545868,225.650513
700.373817,226.418419,196.900803,213.271683
701.921127,219.935997,194.698883,213.253555
700.698174,209.879738,194.159439,213.184250
698.468994,196.082253,196.606323,195.667526
698.780411,195.949982,198.270111,200.262024
699.890648,188.561241,200.278152,197.482742
705.262878,198.903976,193.039368,195.557831
709.062469,200.070328,202.962036,219.640411
708.190735,197.602203,205.135681,217.011108
706.889397,192.047455,206.424515,229.069092
707.432220,192.767181,206.199219,233.285522
705.333298,186.581917,208.710297,242.233078
708.197273,155.952057,203.948776,266.656250
706.722778,139.684616,195.007263,275.887543
706.019958,125.041397,193.226257,284.060577
703.123604,131.495987,190.630051,267.264679
704.105469,128.759216,189.867981,273.691589
702.419510,136.974060,191.126495,265.262024
704.828163,115.627731,189.278549,287.230316
705.435608,128.507782,188.689514,270.974365
704.751091,110.991425,190.828934,285.175049
705.475525,129.756958,187.046082,258.644592
704.868996,102.624924,189.492294,285.755096
710.940300,124.475769,179.953568,259.330261
707.028328,101.444122,174.452072,286.206543
711.459915,119.025192,167.748199,263.688690
710.396004,131.028091,169.461472,248.832428
710.101074,153.329323,162.966919,237.959579
709.623146,157.891953,163.993149,233.500824
712.181160,146.233017,169.122665,273.437408
714.344048,149.927078,182.440689,282.257050
712.100945,169.987289,203.030655,263.710358
711.198212,173.288757,195.057434,249.580078
714.977119,171.966965,204.049179,282.870758
713.346725,172.078339,203.546295,285.474548
712.821991,174.861343,180.788513,266.332977
711.283577,181.930130,175.596298,265.472504
708.275734,183.879272,183.374924,262.578613
706.758636,186.100357,179.992126,262.927826
709.135078,184.090210,175.657578,268.907227
709.475456,184.282532,176.095596,267.953613
707.873726,183.733963,173.762314,264.934662
708.056587,184.380432,172.092392,263.472046
704.134094,183.969269,174.479980,258.680115
705.423424,185.140755,175.313675,239.502426
706.104279,183.521011,172.945984,212.320465
706.214485,183.018753,172.683945,213.300262
702.903206,180.460258,169.432907,196.651443
703.183052,177.064461,163.043137,199.715134
704.980705,172.890762,171.447647,197.842743
704.294327,167.326622,171.830719,202.440811
702.967651,164.463905,176.969055,205.584091
703.226959,164.478935,178.226135,205.733963
704.813118,166.921593,175.757126,203.257462
702.361389,165.242828,182.125000,205.221680
692.903221,166.000664,187.764664,205.071121
705.205627,164.866898,175.356262,205.944122
702.235397,165.629448,181.924164,205.830399
702.859474,165.232368,177.478500,204.308334
702.958542,165.693947,182.346527,204.360336
694.599846,165.674179,185.091202,205.033478
703.806236,166.643761,178.665115,205.729324
698.218468,166.446999,180.407486,205.855087
705.335403,167.948372,176.507050,205.068161
701.169464,167.203659,178.693542,205.731720
702.319321,166.564133,179.259735,205.853241
702.871910,166.771179,177.763260,204.973083
702.870270,165.064590,181.179626,207.255585
703.363731,166.190338,178.639053,206.442261
706.186584,165.451408,176.424011,206.573563
702.918060,166.187927,178.733948,206.845398
704.485306,164.403900,178.484467,208.203003
701.227692,165.503708,179.842468,206.139252
704.658974,167.163200,179.665939,205.301163
703.759979,169.181618,176.617615,201.692612
695.774704,176.413208,183.243134,198.164185
699.857941,175.758278,176.396484,199.814377
700.843605,174.331413,176.217941,201.827957
707.450996,174.537857,170.999130,229.178497
706.324371,176.890663,155.163330,249.108749
702.964478,176.536186,167.864807,238.970413
705.383400,177.548851,167.497177,237.850845
703.041573,178.347588,170.646164,238.543228
705.809967,178.130272,158.258484,236.541763
702.666267,179.164040,162.946701,235.235580
703.333061,179.802811,161.073013,244.475616
704.098724,179.326691,164.971619,227.403320
707.785736,178.707230,167.164001,215.537140
710.408325,181.832077,162.379028,209.639374
711.306351,180.441757,156.786224,211.190460
709.668198,179.836380,190.905060,239.102814
706.860641,178.025879,191.970123,239.653992
709.155617,174.938339,196.513840,242.655853
709.357857,174.235504,196.041855,243.023438
708.608139,173.888939,196.549469,242.695206
708.126335,173.147087,193.912003,247.058670
707.023277,174.839584,187.990921,188.598846
709.166618,170.330933,185.827286,196.480469
713.049469,160.836182,185.526184,212.770508
712.039825,158.751472,185.651184,218.192062
710.713593,157.213539,187.140808,223.933334
706.932648,160.734535,189.247009,225.333725
710.267174,162.872437,185.181595,222.056946
711.649986,162.305244,183.123672,219.428818
712.359703,164.942184,186.312454,205.517181
711.414513,159.007462,188.041519,203.664520
709.232216,160.845390,189.255539,204.704727
712.643425,166.282616,188.957230,197.172806
710.794106,172.811020,185.930771,191.553925
713.828682,174.543091,181.485641,189.285400
714.798523,165.368690,182.587341,197.848801
711.252663,163.438263,189.498032,206.652954
715.549805,161.022423,183.626648,205.517899
717.188759,174.419273,182.718307,194.489456
720.848160,164.373421,182.166351,201.592453
721.629662,175.134880,183.528885,196.711807
723.674667,173.442497,180.659149,194.684525
720.619301,165.938797,185.413559,199.874908
716.557556,156.749939,189.105652,212.174500
723.635124,175.173302,183.978531,195.191238
720.584709,141.529831,190.976212,226.291290
728.210793,137.601662,182.905930,231.854050
731.104645,123.165421,176.478943,244.348114
733.035690,132.055176,176.459015,232.732056
738.304085,129.798798,170.400986,231.827698
720.556160,174.547577,211.834518,190.315247
746.007256,180.494293,177.085159,188.130981
750.438492,180.172066,168.936676,183.065964
743.067894,180.501663,173.749222,190.939056
740.557526,180.418892,193.656616,206.625595
740.123650,181.977470,188.166702,201.566910
741.726936,181.271645,186.346115,211.328232
753.195206,182.742813,177.110443,214.560333
760.905296,181.252693,172.980057,219.319138
762.788261,181.776512,172.281509,221.069046
761.027847,181.869095,174.512421,236.002594
762.503601,179.921257,175.055969,231.076859
766.739807,182.948669,172.185669,225.195374
767.291351,181.187218,173.631470,216.219376
762.156662,182.527634,180.735931,207.032196
763.843231,183.202820,185.825195,206.587708
765.446304,186.382240,182.304474,204.083603
765.255295,185.608551,184.746674,204.231873
769.770943,190.542229,177.654160,207.533218
777.808113,194.902031,176.509323,217.220230
779.509758,196.492287,178.553299,222.127487
780.042542,200.806183,178.815369,228.295837
776.250824,203.232834,183.055969,241.644073
776.293907,202.747849,182.954422,240.310211
769.449844,199.904816,191.537201,244.346619
774.179321,197.376617,185.378662,241.273499
776.349968,197.973625,178.413956,230.595474
777.234940,192.976692,174.142853,230.555588
777.314247,191.557388,163.564804,238.902496
777.463707,191.120811,163.238297,237.984818
764.432434,180.692719,170.043457,246.330811
752.934143,174.710373,174.615417,262.761322
745.448769,176.397736,153.552719,273.429810
747.063019,187.515152,154.928345,265.098663
750.682014,196.229370,152.520859,256.474487
762.426949,196.926422,140.774338,256.675659
774.965240,200.828384,136.563538,257.248932
777.963142,205.029068,144.891403,252.191620
781.842186,204.524391,149.173599,250.097275
784.768288,203.801781,158.623581,251.214920
788.410408,201.155396,185.504868,256.454346
793.980934,198.395538,176.170944,258.398987
797.244286,199.734962,191.951736,255.887741
804.040184,202.079468,207.150955,259.074951
815.922394,204.581207,203.631897,261.478577
826.126770,207.012848,182.300537,262.897766
831.653862,210.518646,220.940689,258.505554
836.333519,212.910202,220.340042,259.107452
846.203941,210.088364,182.121780,272.093536
849.020859,214.327637,231.493439,264.024048
864.210091,220.675735,199.286850,275.377899
870.964279,229.364517,221.304962,262.640961
877.855125,229.070625,192.696487,253.314194
872.096268,231.034607,188.703461,258.859375
877.208664,231.305359,236.411407,240.588623
892.227859,235.213203,219.494232,243.666733
886.023735,225.775513,218.117203,245.911133
891.784210,233.253815,207.484924,268.685364
885.107086,221.129410,192.674866,301.930511
889.276161,221.050293,175.643112,310.920288
888.814568,220.882172,170.335709,261.128723
890.754974,228.526558,171.551086,251.184189
901.621414,249.375580,176.199188,210.556091
912.365295,259.811188,153.928772,199.912842
898.758537,243.482727,128.164383,212.357422
904.985779,242.882347,129.460266,219.722488
905.245647,245.051025,122.636330,216.739990
901.497627,236.718964,122.629196,223.124084
903.704208,234.376175,110.274933,224.628326
901.119930,232.036674,115.740242,250.985062
945.864273,293.514839,257.962006,187.912460
916.594742,278.384956,273.352753,210.405014
893.236916,242.847015,178.710251,274.788147
913.200806,252.776604,282.963501,229.536636
899.263306,245.373749,160.260498,257.007629
896.497169,252.297096,150.296982,220.567978
888.520485,253.557487,156.174728,174.653824
899.318092,259.428291,149.877182,160.012314
874.895500,251.580444,170.357864,172.192444
893.103981,263.921303,142.191818,161.667404
858.686226,246.595917,151.446884,186.544312
900.316326,275.904045,124.060158,181.892593
936.802368,287.668892,97.462585,145.181564
926.337421,281.990616,96.064659,149.797455
911.895309,277.167404,109.169891,146.125702
896.353973,280.110901,124.348389,173.383484
849.627411,259.171722,167.856018,237.129822
909.949173,303.441902,190.284515,162.868637
899.800552,296.626427,201.632904,167.054520
891.054306,288.232368,200.424591,189.912277
871.961838,284.189850,104.989716,175.262939
885.644890,309.928604,202.674210,147.525238
861.830589,296.195602,120.250198,159.877777
863.556061,293.434517,99.700195,147.739609
862.302128,297.132835,92.045586,135.899857
862.674042,297.362694,92.323669,130.534378
863.205109,298.424309,85.067810,133.849625
864.329769,299.290016,79.683235,174.079697
860.444275,298.081566,77.365601,139.218399
860.724854,298.823311,69.668732,156.767868
861.566818,293.537041,68.108704,140.402939
862.800499,290.404579,65.550613,195.844742
864.919800,311.211922,170.762268,138.352859
890.688919,313.563469,168.018829,147.961227
878.637764,306.914757,172.566147,152.362045
896.414772,315.072823,159.086594,144.690018
893.252403,315.436790,158.986221,141.680527
877.442337,311.859978,175.045868,145.688644
871.947105,314.968246,182.571854,143.326843
888.436317,311.117409,163.431442,139.401382
894.427948,309.531433,164.138062,139.945526
888.393326,312.778503,168.818817,139.488007
891.331291,314.260498,162.381302,140.035492
888.727798,315.012306,169.335968,137.751175
884.883026,315.117493,172.799255,137.643402
879.746422,316.935997,181.441116,135.786911
879.465492,317.917084,179.663864,134.070892
882.424286,317.960091,173.237305,135.313675
881.090248,317.790169,173.711594,135.829361
881.969841,318.641602,172.686905,135.662201
882.199173,318.573669,172.507538,136.460541
885.227638,317.738510,170.423874,137.527527
894.267204,317.474503,163.290787,136.429321
891.310951,317.638321,168.163803,134.894592
888.124825,318.922676,175.853622,136.397476
891.222321,319.053596,171.709534,134.863785
894.599472,318.854599,168.481049,133.597290
893.939651,318.373161,170.008392,134.215805
890.603279,318.557259,172.356552,134.397171
885.257210,318.413086,181.847702,134.385590
891.373375,315.819839,183.123917,134.140564
893.350815,315.347855,172.923553,133.841309
895.950401,313.933945,173.661209,135.289856
896.972229,313.661148,175.341248,137.083496
904.260399,311.716850,175.202164,134.192307
900.337708,310.603775,175.575378,135.169983
922.048332,314.089363,166.895767,130.668411
904.613907,312.341476,179.907928,134.736084
919.336876,311.859520,163.913895,134.395370
893.374870,312.635742,194.663040,146.651093
917.403023,313.188004,170.278793,132.901489
897.145119,313.856491,195.034225,135.864075
924.336159,312.030365,167.913986,132.558563
897.809448,315.172142,198.638123,137.829391
924.570152,311.677956,169.533218,132.449722
909.161438,311.821602,188.399658,135.872208
924.757607,311.375603,171.814804,132.322922
905.102684,311.405884,195.211258,140.661957
918.925140,310.655434,179.915283,136.316788
916.992439,312.018105,181.481979,133.309036
935.416962,312.583244,162.225647,132.976547
932.222824,306.295708,168.996674,137.197189
912.340569,302.385147,189.227127,138.672791
911.337029,294.704491,188.754715,145.788681
899.080521,294.727531,184.608246,138.788315
905.447098,298.172104,179.446808,145.920959
905.396858,294.949310,162.753891,132.958649
900.455910,285.984116,168.134262,149.218384
897.300186,294.398010,160.831390,145.017303
898.366997,293.212288,173.294510,143.279922
897.451042,285.597137,170.877457,185.298187
901.580177,295.054634,178.414780,147.921707
899.824890,288.726456,171.347351,150.282776
900.960136,297.861565,169.108780,153.424789
904.362740,300.345673,174.567001,142.088287
900.819595,302.311417,169.663361,162.570679
903.454041,295.894295,172.998291,168.160233
906.239868,299.382736,174.986755,147.389648
905.637207,304.607285,171.566345,152.237183
905.704483,299.864189,176.083466,147.602158
905.771332,307.367058,170.693420,163.110092
905.339005,299.488075,143.636810,165.983475
904.910553,293.017006,175.405396,140.767838
904.253052,295.526154,167.560913,160.968842
906.871750,299.643806,174.363739,156.757767
906.796684,296.583435,175.723953,147.474213
909.076363,300.328407,171.136581,139.053177
906.871872,300.828362,169.715973,148.940964
908.333618,302.493912,174.243286,150.275452
908.496025,297.530251,176.196609,145.431473
908.995689,299.189613,173.501968,157.802139
908.311951,298.181412,176.131836,147.475952
907.480026,300.211571,174.522247,160.517380
906.776299,300.051537,175.002579,165.075424
906.099915,296.756416,175.464233,166.176712
904.720367,293.248184,176.443726,169.902588
906.559364,282.664749,174.276657,188.628662
905.814415,275.047928,175.078506,192.975647
904.036293,273.441795,180.068161,193.467697
902.820541,275.150963,181.483124,187.744797
905.718277,283.855934,181.289703,154.617996
905.952843,281.258072,174.653458,163.418274
916.655289,295.101028,166.039032,138.153809
906.926270,298.109222,172.936829,177.829132
902.952751,285.459480,169.680496,186.369156
912.199371,289.900261,171.121643,175.809128
911.458511,291.153236,175.058868,147.590408
911.010857,294.333542,175.395462,164.232666
902.162376,280.342407,182.028030,170.564911
920.064331,292.264847,169.765686,137.127686
910.112862,292.498451,174.647812,179.708389
902.478661,280.685104,179.832230,193.072144
915.257263,289.294907,166.820984,183.047424
908.339012,290.293274,176.698807,179.988251
910.439262,292.903488,173.251175,180.893799
905.119431,272.809990,172.847626,200.586594
912.247131,287.535355,174.170410,182.753967
909.117699,287.928238,177.201492,182.909851
911.943985,285.973541,170.075958,184.026398
910.950081,284.529900,174.484970,187.401962
910.924896,288.208153,175.530212,178.739609
910.620079,282.138733,176.414627,182.844269
907.152565,271.725693,178.763351,194.881714
910.300751,270.910835,176.746399,190.524796
912.968018,278.694809,177.100098,167.241760
911.726418,286.431976,177.508896,174.006256
910.917542,288.592422,175.279114,181.423645
909.702354,274.475410,164.630692,195.269485
916.437225,268.023300,170.257751,198.290466
916.465225,262.449333,174.742767,189.098557
918.895119,275.882492,171.921738,166.305969
929.621117,281.789497,163.380692,146.599380
914.590874,282.500107,174.499527,179.923706
915.789444,286.022972,174.612030,174.840744
913.166550,286.241119,177.435699,176.248138
913.167542,284.447098,171.826538,177.950195
915.541824,283.963753,171.859406,175.909317
915.334793,283.492599,174.766510,175.197876
907.375153,276.772499,175.208679,180.662430
913.698830,278.213577,175.626205,180.521057
913.827614,280.707161,175.954758,179.874466
736.579826,92.379112,178.198807,156.264236
697.015083,80.372452,217.100998,159.968842
699.200638,51.714058,217.228058,189.277267
689.563614,33.542824,226.171051,208.666183
669.975693,33.323288,233.327728,201.875763
663.331406,7.758041,222.022675,219.853668
655.175323,0.360863,210.829102,205.449661
644.378052,0.741615,217.235901,209.649826
645.552460,0.000000,214.339844,206.310593
636.350655,1.101631,221.218796,208.459015
626.026146,0.830368,230.443497,202.381790
617.396019,8.775612,238.481339,198.594940
610.811325,35.132881,245.096039,165.355865
602.056770,11.982071,253.072678,191.961929
599.582352,39.934021,256.446686,162.036179
590.208725,8.443703,266.855194,199.215546
585.172668,0.000000,275.501038,206.818184
591.696823,1.797665,269.789154,206.904251
588.500534,5.350994,275.422333,203.924301
592.320847,0.204655,272.403778,206.494080
591.478958,2.598003,272.869659,204.744492
594.040192,2.007137,270.887939,203.204910
595.838486,1.354015,270.107391,200.571335
596.166992,21.560040,270.756165,187.721054
600.597397,4.716526,269.685150,204.487671
621.888756,7.096302,248.434464,199.779877
624.991051,4.923527,244.623184,201.090393
636.956497,6.326344,237.521393,205.190155
640.401566,9.320156,233.882477,204.229385
643.726784,15.483318,226.265854,202.854965
644.106575,1.375706,229.497726,221.560303
647.089050,0.948856,203.098083,223.030945
645.743439,0.000000,230.095947,228.956463
628.004547,0.612440,224.014648,226.891495
604.957077,1.774633,253.886688,230.930878
607.245422,14.923872,267.481140,223.583450
604.753220,21.314878,265.430511,226.918869
607.445572,24.661161,247.153595,227.543808
605.925339,25.075842,246.716156,225.962372
607.342247,26.005186,248.665421,221.100143
603.133446,27.874525,245.437515,213.271866
605.617416,28.860975,241.417694,250.880386
602.939873,35.220312,221.478836,269.029633
598.410553,37.772009,195.931763,266.584808
599.189346,37.982351,225.381134,264.920959
599.565689,39.803457,190.149689,275.160828
605.566780,43.260900,219.599899,279.842255
605.441780,41.778387,194.066208,280.399933
606.760956,37.119787,219.861206,274.042694
608.461052,33.710112,202.662064,252.197495
610.597946,32.910238,214.966156,256.939087
608.785652,29.846563,213.369186,248.366486
606.456039,28.244452,214.141693,240.858063
603.112343,28.210981,227.605820,231.683548
603.414658,29.033300,229.799286,227.339813
607.014099,27.442938,234.483459,225.149689
606.656113,28.086721,228.722137,223.337463
611.162819,24.715574,232.490707,226.043137
615.489525,25.030401,233.901016,290.597687
611.490440,24.108374,242.336929,282.125824
615.871719,27.780355,258.273468,271.242310
621.104950,29.935659,224.223999,266.472717
620.547745,29.816610,234.979401,263.848877
625.424706,33.285254,222.308975,257.840668
632.065010,33.636969,219.156784,260.300812
633.741028,33.528189,216.390808,262.009583
630.706963,30.708166,218.518143,254.833466
630.080681,28.397573,216.141678,246.371765
633.941032,27.714941,210.944778,248.435760
628.376099,26.558340,207.821838,243.299011
627.961563,25.160284,206.341217,244.761139
626.748131,24.388731,189.359634,235.954880
624.679626,23.824636,182.898987,235.752625
627.503738,25.432226,167.158112,240.120819
626.693848,24.919889,170.518982,236.801559
627.265419,24.189817,161.701584,234.273544
625.094116,24.230856,178.192810,244.163391
624.962509,24.313879,163.178802,228.544708
624.455971,24.081480,186.636765,226.504318
625.278160,26.031172,179.034378,218.811111
624.445480,26.219816,166.407990,218.332016
621.356506,23.276358,205.928711,233.283081
623.207512,26.851721,190.615250,220.842438
626.969009,30.286535,195.951019,217.846344
626.899483,30.116667,213.752426,252.862595
632.686081,28.720175,195.438751,220.313660
631.181801,28.988127,202.070847,252.066574
633.131660,28.420813,193.952744,261.667755
631.209053,31.357016,205.264023,261.047668
630.384094,31.281637,200.735229,262.339417
632.434128,32.748632,213.668854,264.771881
637.303085,35.299292,197.123322,262.065338
638.961021,34.334936,204.078812,262.530548
640.175056,34.588110,196.533066,262.464508
647.052254,36.450338,193.553696,266.159607
644.934357,39.058340,193.776428,260.839600
647.803963,41.550955,192.229721,265.662720
648.883682,41.837057,198.740082,262.988708
650.750084,41.836142,185.942337,261.785950
650.454926,40.532751,194.861023,260.789215
653.824959,41.419302,190.613144,263.646973
654.476921,41.368734,197.102310,241.942810
651.766731,41.160467,211.433701,265.970551
657.038719,40.926046,181.912064,271.421814
653.864159,40.515158,185.366165,275.022888
663.820877,42.314337,178.942108,271.800995
662.292213,41.598898,184.030930,277.073425
664.465363,40.244543,192.199158,265.765045
664.950905,45.063620,191.680222,272.385803
663.527000,46.071157,189.926346,278.537720
662.007339,44.304388,191.730072,279.166351
668.986603,41.599676,186.320374,302.083344
672.314201,38.476843,185.772232,313.280060
673.852051,23.390722,187.389038,306.775055
679.065887,27.186255,182.818542,332.698029
670.740143,76.899603,191.664001,311.267670
677.699249,20.429174,188.736755,376.549103
677.406944,45.536489,203.528275,362.648315
676.059013,35.206823,214.572403,369.304718
678.854668,27.880972,221.820938,377.447632
691.112816,54.414816,220.031693,358.236023
687.660240,46.752737,236.239334,363.621216
691.776245,40.647741,228.171265,364.615509
696.992691,35.386206,238.273529,368.745148
702.172729,34.087500,238.774780,357.576080
707.078362,46.755529,236.835342,343.719513
704.874954,48.441992,243.891571,342.375275
707.185379,56.378759,242.294891,334.933746
708.533882,44.113714,240.420639,346.951263
707.794655,59.437017,242.211227,331.525726
707.468369,54.041800,244.279205,336.206543
709.419838,64.470449,243.089035,325.893799
711.128944,68.312628,237.747482,321.696747
711.191116,68.740759,239.310028,322.147980
710.833061,55.921453,240.942520,334.153534
710.933121,72.477606,242.053680,313.075409
718.680809,81.246084,232.143631,295.876343
718.773743,62.629416,235.950928,305.806946
713.803833,87.165182,230.928467,284.031189
715.016289,78.137075,238.412857,293.427612
710.156593,94.062643,242.544357,276.622742
719.543419,82.096685,235.196854,289.615448
715.670471,96.453314,240.121582,275.105194
720.837456,78.104528,238.900772,291.383209
715.423927,98.301550,241.019943,274.600006
727.959076,83.151114,233.078674,289.599365
724.769707,95.116476,235.661758,277.538269
725.391449,82.900412,237.121033,289.362122
723.321083,97.899328,239.377365,276.451691
726.666214,77.159109,237.630341,295.119751
721.370560,94.339727,242.482025,284.115082
734.915474,91.945532,231.507675,281.646759
725.379021,95.431936,239.115372,278.591675
731.966560,87.682302,235.654404,286.798340
730.452896,97.876989,234.594696,276.356964
733.084206,80.195990,236.985519,293.629852
725.076210,95.545248,241.495773,275.910095
730.215340,88.298956,241.993271,276.089691
732.643776,94.194387,237.599167,267.855713
735.524658,78.507544,240.492676,265.016876
739.131134,72.265142,241.434387,277.430267
744.559036,69.870626,235.270721,285.527893
744.687485,63.427389,229.154449,289.533752
719.682083,59.786886,247.940399,285.390442
713.989288,56.438055,252.020935,277.421722
716.789635,58.553213,244.771561,286.305664
702.254715,57.038946,260.807831,266.089447
668.472351,51.092939,295.492188,208.298233
652.319168,43.693563,314.279510,208.729309
635.681137,34.974646,335.718170,216.652374
632.997330,34.082930,340.177826,218.714249
623.745956,27.845953,356.125275,229.586761
614.826416,26.856726,375.545776,227.484528
601.304977,19.869596,383.344513,238.901901
593.710434,26.695913,374.513092,238.251343
594.263229,24.662710,365.507599,241.878174
596.951233,26.468489,362.891113,238.912491
596.948059,27.074850,362.873901,242.426331
631.477814,30.015295,332.412048,237.363312
624.435562,33.971312,324.388153,236.169540
624.156815,34.692495,325.148895,230.979370
626.422760,37.448278,333.428040,234.981110
626.682236,39.219007,301.189728,226.418411
627.337601,39.731848,268.148041,241.805573
612.000214,45.027136,303.451599,243.380402
629.096100,43.806265,303.700500,235.134888
610.511597,40.992758,338.847534,243.177307
610.648010,40.101240,352.809204,241.435196
611.387329,38.751875,337.763672,243.649673
609.961121,41.205763,354.410767,235.169510
607.947144,43.229864,345.603882,233.823578
611.746361,39.964811,231.257278,225.444382
637.080925,38.921934,185.459976,221.252670
610.168236,38.213324,229.659805,224.124115
616.587486,36.427732,232.860977,225.936386
616.835236,37.531019,205.505981,228.623734
628.280724,39.295576,201.992813,228.427872
636.367226,38.239332,188.168564,232.576126
654.498688,38.021627,205.914795,232.408020
643.236855,40.048903,196.901230,231.151566
656.889671,38.647078,176.101089,232.311172
628.776512,36.664312,225.294754,233.615570
664.632019,39.518126,176.007812,228.238510
633.886513,38.408506,209.240952,225.623581
638.746246,36.624060,236.234741,222.895111
630.920135,31.027945,232.955078,217.888733
630.326088,32.282911,221.722153,215.481705
637.844398,21.523909,234.781235,216.781693
627.527138,20.950003,241.546616,221.452698
605.456223,11.007460,259.957123,227.799088
586.016815,7.876829,310.865479,205.403000
565.292572,1.399397,320.543579,207.740555
568.435349,9.557920,309.506317,198.270432
546.697876,2.451834,324.062073,209.454529
518.439346,0.423445,380.559235,213.022537
503.470764,16.759909,391.113586,216.210205
474.261215,18.722357,431.336395,222.297638
484.406952,11.463812,430.864990,232.281769
480.325455,14.981512,433.637604,224.918365
501.137054,18.323698,427.810913,226.589096
498.625122,11.417006,429.615540,238.018082
467.141602,2.682058,290.316467,254.782410
475.396774,9.741331,414.608490,229.075363
445.343674,17.014639,437.741547,241.784241
440.785583,12.009451,438.306091,249.923645
450.242218,21.499258,427.091187,242.007019
445.894669,29.067984,438.630524,233.641174
447.584000,34.397039,442.105377,227.930450
456.128937,35.411940,430.754395,223.041153
463.071259,37.796225,424.808838,221.492554
463.980621,38.450720,420.978271,221.059784
464.098694,13.977201,415.672546,244.719955
457.466873,43.594328,428.828522,214.774765
479.196594,24.556097,386.060608,235.128937
477.156631,39.042929,375.134674,216.107300
478.505188,34.540831,369.230896,220.898849
481.216751,44.637373,367.499420,212.342606
480.021133,31.959311,366.962555,229.200439
477.466309,40.959211,357.213440,222.028397
462.871902,41.058943,355.382233,220.797195
466.605286,36.163549,341.425232,225.884735
477.486328,42.629477,327.228577,215.874023
427.604950,36.284498,383.280884,226.430313
454.284363,45.453978,353.734436,218.330368
488.147827,46.731161,321.661316,218.394043
493.080246,29.337034,309.494476,240.708420
452.067749,45.048895,357.354065,214.422028
419.736603,46.247282,389.668701,220.425156
495.282425,52.432127,314.825592,209.291794
495.814072,56.441656,307.221405,217.025909
497.881905,56.748274,179.606979,212.920364
495.561905,60.169058,182.088287,218.648926
484.831642,60.368856,191.025497,218.356201
490.716454,62.047094,185.980118,223.301117
489.589874,62.978224,186.528625,222.279373
491.459503,63.037703,182.801819,225.873672
491.482735,62.866331,182.754257,231.082504
491.474777,61.976751,184.325592,236.984711
494.476524,62.240629,183.896317,229.975021
494.622231,61.758276,190.777512,223.592682
491.673492,62.514608,191.281189,224.765320
491.425797,61.612555,260.647797,225.212372
497.018318,61.543470,178.108994,226.407547
503.473824,58.265913,180.791122,232.049515
498.425545,59.706785,232.809677,218.637924
502.640816,58.872778,181.535141,202.806183
501.721107,60.237791,190.114426,210.852646
497.599426,57.138983,191.349731,218.103607
491.541962,60.290174,193.823975,213.350906
491.111580,57.303976,192.047348,223.582581
498.150635,56.183332,183.933350,225.404190
498.058411,63.418081,186.826477,211.531738
498.366318,62.189299,185.218658,215.997787
500.320786,65.702810,186.696320,200.603088
485.757286,65.036406,202.719986,204.523178
493.768486,61.381300,188.069351,217.999283
495.902046,65.541594,186.059738,212.494308
490.760277,69.436049,189.676895,207.693253
491.079262,69.322165,188.648117,207.075134
485.173286,62.634565,195.443344,206.403580
492.857956,56.669531,187.717743,217.477692
496.644859,54.859655,185.520340,220.601837
499.123238,55.420660,184.694809,225.384918
500.399872,53.780577,185.878601,228.884933
500.097527,54.691053,186.311417,229.668350
487.515999,44.649641,199.698654,233.923599
494.818047,34.313879,195.755569,205.038116
483.987595,23.182409,214.179230,227.778107
500.506310,2.473715,199.175003,270.306946
498.578072,18.198423,206.981186,247.749008
504.208870,0.208441,199.862534,276.660248
498.979012,12.612219,207.509140,262.000153
501.131714,4.779882,205.926514,277.149811
505.530602,32.596716,203.269363,227.168365
506.361801,3.530569,204.579376,254.267090
510.851021,2.487005,199.941513,252.855560
506.312271,1.442877,204.008881,250.290619
506.509094,3.134451,201.972900,242.010742
508.472366,1.973417,198.754608,241.483810
513.674232,1.389662,193.994064,227.086990
511.083023,0.231413,192.444305,233.165817
509.784386,0.510534,190.283401,220.388824
511.958740,0.000000,189.917969,228.201681
505.459885,0.334826,193.146149,226.119308
504.447716,0.000000,191.862015,227.824283
505.501915,0.000000,192.330521,230.559686
504.175919,0.000000,193.170135,223.313534
503.918907,0.560011,196.285599,246.748199
500.574913,0.436812,200.674026,248.384003
501.293465,0.000000,200.818588,258.063261
503.242836,0.000000,197.127853,261.351699
503.193123,0.959220,195.761337,261.258453
502.556969,0.000000,196.527542,262.683632
503.698753,0.243076,197.191849,263.273041
504.358162,0.414005,195.119980,262.598541
504.544624,0.000000,195.773544,263.175937
504.700417,0.000000,196.383469,263.404268
504.617249,0.000000,197.456299,262.753068
506.872116,0.503655,196.613678,263.741364
507.586716,0.000000,194.115265,264.670739
507.212166,0.000000,195.255356,264.548672
505.677704,0.000000,197.459656,263.828978
498.574654,1.841826,203.925644,263.779480
488.942101,2.732818,207.333694,263.026306
488.094696,1.028167,203.479919,253.198059
475.207626,2.461394,215.116730,257.642517
493.434418,0.000000,197.295837,248.260139
470.680626,36.286083,217.619095,232.275742
480.508186,55.354473,208.711899,224.300583
476.656433,56.928752,213.168213,223.979904
472.486336,58.052593,218.129623,221.831833
471.529922,63.939579,223.980438,213.979004
473.378860,64.101078,222.714447,214.745483
475.459251,65.621303,223.373001,217.840408
488.245567,61.956943,208.975540,225.915222
500.303398,63.964679,197.507217,226.256439
505.980751,62.890873,195.349655,222.526855
506.421257,59.149128,199.041885,225.288055
507.580772,61.118961,198.348343,221.281738
502.921181,63.416210,201.522018,221.103500
489.270660,67.591999,214.100403,231.307831
492.384338,63.651790,211.218994,223.796524
500.075188,61.702350,197.267838,234.166718
499.882568,63.253040,190.332031,233.154938
501.197601,61.703868,189.894958,234.455795
497.068115,61.044368,191.558960,241.717911
495.985008,62.024456,192.167068,247.131638
496.818680,62.390575,191.779755,250.942856
500.563354,62.868473,189.130005,255.094360
501.039124,60.139896,194.599854,255.279541
502.581123,60.142139,191.841904,240.603668
507.229668,58.417728,193.186172,250.374023
509.801804,46.505222,192.901154,265.685730
506.141190,40.262119,198.603607,270.977966
500.346535,2.208622,202.382858,305.346558
493.713951,0.000000,208.252518,297.137256
492.328827,0.000000,211.420471,294.622675
486.330627,0.879819,213.895142,292.839478
489.156372,2.899426,210.572144,296.718719
488.323837,1.370770,208.201324,295.756012
486.370369,1.748074,207.328842,296.997986
488.651680,0.000000,207.842026,298.583661
488.082298,0.972632,205.860916,298.389252
489.361588,1.634146,206.363007,284.515564
486.972649,1.565291,207.249649,254.364578
483.558220,1.928763,212.549210,244.335510
486.202972,0.000000,208.703796,261.912451
482.917488,0.000000,212.419662,256.483569
480.245560,0.000000,214.850067,264.855417
481.757957,27.695569,213.039261,243.148972
476.858208,53.843930,212.946182,214.948074
490.746696,52.885670,195.161636,221.009491
498.388710,51.207951,185.969284,229.125916
499.453857,55.575185,186.804443,223.155487
500.331940,55.248448,185.671692,224.372986
468.881920,55.835408,223.781509,228.273163
475.525681,55.860890,224.230927,225.743439
470.545616,53.822232,229.950699,223.614944
488.327080,55.133649,211.037186,228.979294
499.094948,54.999440,195.050400,237.787262
497.608368,55.296841,197.063599,237.853104
501.746460,54.281117,189.158508,243.779572
500.326439,53.013753,192.001358,263.373138
497.972183,56.242833,201.651520,265.139343
499.825150,60.013554,204.599762,285.613647
498.218697,67.174779,204.251999,277.235291
497.575958,66.062260,209.067139,262.639038
504.676521,74.229939,199.614792,280.332733
505.478157,72.757893,200.316330,294.604950
505.013664,70.165852,203.127518,304.318695
504.267410,74.846608,202.504425,298.955719
492.608459,82.962926,204.641174,268.143982
495.443474,81.410893,197.850052,278.871338
481.093803,87.392018,201.957230,291.464386
464.461906,94.701955,214.274368,326.399933
464.812019,91.056096,214.818405,341.434326
469.208054,100.674062,211.759613,339.010284
483.519119,108.286321,209.202057,350.776245
472.468918,108.460210,222.386444,316.778564
498.968010,116.501057,193.944901,331.807098
430.064880,105.322697,269.513245,353.969604
463.013588,95.880223,231.842026,399.242859
483.805695,90.719884,201.546875,394.024841
484.586723,88.019872,204.450760,402.730774
484.942886,90.181828,203.948761,389.934570
483.350883,87.443028,208.023514,445.239319
470.835098,86.957082,225.235626,418.371979
472.781830,82.050694,228.960571,460.267761
496.658928,70.293660,199.621902,484.492401
466.963509,101.272206,229.659103,451.713776
485.166946,92.152272,206.651276,461.907990
456.798805,67.934590,239.271469,494.041107
475.379852,83.868321,231.209839,482.751770
468.685974,106.530156,226.758728,426.400146
489.291939,73.194966,207.409714,478.488129
453.290718,85.599324,244.985397,470.627289
467.948502,75.780400,239.030426,482.128540
516.174408,75.916508,190.187134,454.100708
442.924286,79.929723,264.149902,436.913513
472.464951,79.430760,225.755829,449.972473
488.334885,85.973958,206.403656,438.405365
479.192886,82.349889,218.791046,420.628845
488.198219,93.940129,212.298447,432.166382
487.121223,88.125218,216.774216,422.150208
491.765831,90.089528,214.998672,407.239410
493.974220,93.978185,221.751572,389.356018
473.370369,88.048451,244.716721,393.019073
503.626892,93.153996,213.242737,383.910645
413.568527,91.295430,310.055267,387.639862
508.139915,94.742482,207.003433,385.513824
453.397964,90.734700,283.172150,367.954926
515.536903,85.145634,218.592880,378.995972
510.747887,83.449696,220.760757,399.430939
507.512405,80.276601,223.097931,408.072296
504.025253,81.585118,224.549286,409.544128
499.877831,69.349522,234.804459,375.789001
506.163017,59.466023,220.997391,324.231415
502.967751,42.499455,243.780380,278.130005
511.311340,34.995351,220.989685,294.129425
508.847588,29.327931,227.803421,301.732452
509.405777,29.548390,218.758331,300.912506
510.214645,29.346989,218.666718,301.819092
525.050804,31.984868,162.500015,301.880859
516.287384,4.117925,198.682007,338.704102
517.560822,18.194585,185.779907,328.446899
517.735497,5.616154,188.432510,348.944702
521.210175,20.170873,183.401367,333.972351
523.024269,11.386586,184.266342,336.686798
528.688286,39.043080,180.949661,256.519928
527.194382,34.442555,184.589325,245.311432
531.842369,34.813245,181.054703,246.372787
530.766998,43.634824,177.936890,230.876968
528.983643,43.896420,179.681396,230.261429
524.832367,37.590291,178.147095,229.273773
524.717361,24.710202,175.097504,224.768509
523.517517,10.868336,175.786987,233.160919
524.942131,10.766522,175.508316,249.959030
521.892769,20.300732,178.068832,218.570541
520.328285,22.981870,180.590805,219.742386
526.452087,27.122502,171.332275,219.019409
519.732132,30.879803,176.779449,214.034103
521.428978,33.363408,170.471024,212.208435
509.075188,28.712598,179.748306,214.983078
510.800629,26.839314,174.363403,218.389435
510.821716,27.066525,173.756775,218.093033
506.701645,24.547398,171.912079,226.047485
504.152466,21.003217,177.160522,234.054062
494.780396,21.216962,195.036560,231.466721
489.835175,25.799565,201.597046,225.949341
490.570396,31.780026,193.493179,218.901505
491.499878,32.234959,193.959045,220.008606
491.261063,32.659520,187.985870,215.595154
488.787453,23.797314,188.291367,228.091843
487.700111,8.920010,192.776962,245.470352
475.766479,0.000000,206.208069,250.950871
465.863609,0.000000,215.788101,249.373392
465.055061,0.000000,217.699142,249.229215
467.711876,0.000000,215.042984,245.553275
468.457161,21.373020,211.200241,223.927109
467.064026,27.115169,214.467957,214.380676
462.916946,15.155559,217.496857,232.696381
465.832802,17.368617,203.811874,230.014526
466.694786,17.197582,204.248795,230.855743
470.314514,11.066295,184.621155,226.838531
476.307808,9.866664,170.360825,234.884033
478.156021,17.864291,170.336334,202.883347
477.166626,21.506969,170.866516,201.166290
468.489716,17.811931,173.837769,208.085968
471.876030,18.000758,169.289749,208.396484
469.678940,21.218288,177.587555,201.624817
466.340042,15.922145,182.292450,197.283508
470.864372,17.800586,169.566422,200.762955
467.089027,22.859691,161.046249,195.974884
464.444908,25.813533,161.810684,189.461182
464.614166,28.887851,162.630493,186.122238
458.774460,45.721996,174.421906,157.351349
450.971741,48.144611,189.772827,154.977310
461.306885,36.815929,177.678467,169.407257
458.691505,28.004230,172.560654,180.645401
467.936913,14.105663,166.866959,188.950958
453.551743,12.357814,182.255524,190.508118
464.204956,16.940959,170.740601,193.305817
460.509247,19.864681,177.654236,203.463562
464.111092,13.432498,180.807541,224.481674
464.419830,23.692439,185.400818,223.915771
473.837975,39.712444,179.788162,231.297638
462.704254,40.019244,191.523193,233.452225
485.176697,38.390392,167.573181,228.291718
487.894302,39.910121,166.691681,229.097107
487.982658,44.482646,173.370255,223.336578
480.107582,42.462299,185.439316,245.785233
478.119934,37.979297,185.601990,255.529190
478.108978,37.863017,184.192505,256.117706
475.241035,33.755885,187.868576,260.622986
469.544342,30.688396,192.735107,261.656158
469.222610,31.981555,191.646149,253.119644
471.819855,37.998508,196.006714,248.356003
470.002792,52.357738,206.057953,241.982513
469.508163,52.173244,208.563690,230.919983
458.481621,62.309917,229.156937,232.537262
458.505692,63.258426,229.986847,233.819931
422.439331,63.291950,269.327087,230.561234
446.201065,64.073467,236.907013,234.809601
460.584702,67.152194,221.586029,241.377731
479.463547,67.334277,201.304291,239.114883
485.077965,68.283054,191.477310,238.838058
474.101028,67.793796,197.425934,239.770920
473.424530,68.469112,198.165039,246.156372
465.281136,72.258174,205.599289,256.980835
444.882507,74.966800,228.473450,255.772202
461.372932,76.850459,209.742477,259.455566
441.280159,77.028865,234.874557,266.276978
456.374176,77.928264,216.618530,275.983673
452.740410,85.771358,219.484451,274.405518
453.446381,89.453197,219.987061,281.362518
428.570259,89.005809,243.600632,301.626923
438.471596,90.507304,231.508530,291.258820
373.313980,84.491710,298.055939,301.575531
430.991096,78.960399,240.013840,333.454437
396.354599,79.612926,274.872650,345.988861
368.814606,73.839259,301.660889,373.899597
358.201248,67.210719,315.108551,371.509827
362.611374,68.728008,304.957977,370.042023
365.894043,66.074321,308.601257,382.914459
366.565628,64.856593,305.033722,386.482971
365.762756,67.409587,306.078064,382.301300
364.438324,76.541026,308.617554,369.511200
363.874802,80.949611,309.833588,363.917542
362.949326,79.680080,312.602875,367.016663
366.721786,83.699916,308.804779,364.029358
395.421860,82.240566,292.284271,379.206726
363.485535,85.414287,324.930969,402.433380
485.042290,87.761653,202.505936,376.862793
498.735207,71.196925,199.021225,345.453186
506.015320,72.536586,192.697571,352.021667
505.568069,62.086528,192.895660,298.850250
508.061623,58.893413,188.687607,318.704132
509.183868,52.197429,187.614624,265.108185
507.230080,43.205074,163.814072,272.249512
498.638504,28.762676,140.036896,247.155182
497.411957,44.360835,188.011658,230.512329
485.808792,48.964740,192.201569,238.848587
475.287437,47.899730,180.014908,260.061493
469.812096,49.177089,198.831070,257.372375
471.262016,57.432895,198.153885,245.955246
469.690453,57.307674,202.598648,247.245239
468.165382,57.095508,202.621811,245.162491
469.297592,57.126674,199.858856,246.131409
463.029869,58.589176,204.146133,242.925522
449.489822,60.803981,208.570343,252.747620
445.026062,62.547954,216.761169,259.685577
446.943176,63.660152,226.360168,266.402710
446.880135,63.556911,222.573776,267.166931
453.429314,65.653346,216.171829,276.909973
444.468468,68.534694,224.147598,275.910095
462.691185,69.305766,209.712418,273.783356
450.655937,63.428356,217.993118,275.511200
457.645752,61.774104,218.964417,278.096558
456.440239,62.762920,214.605301,275.089630
459.667320,59.338725,211.669815,272.749786
458.734955,59.439891,210.265747,272.608856
456.343864,60.446040,212.257889,277.782227
462.892570,60.574718,208.448685,278.400726
470.908165,59.435558,198.989029,286.306000
466.372787,58.932704,205.069916,284.226746
478.713295,53.332729,199.466782,297.245422
481.339493,44.763805,198.681793,311.326508
477.623817,49.962566,202.757797,270.850739
490.515022,64.264980,184.816940,275.718079
494.116936,68.609767,184.441727,247.856873
490.897667,71.956798,187.491714,252.660858
500.755875,32.826946,176.589142,306.086578
510.929077,5.003200,163.255066,346.327820
507.834282,4.887691,172.656815,352.019043
506.895195,9.381679,176.898514,336.516907
508.133636,9.581371,179.242432,343.373505
510.756462,0.000000,175.053421,335.980296
505.355949,5.049154,179.178055,349.070465
508.064613,14.703558,177.695541,345.885437
512.993507,5.651769,170.385361,349.921265
511.355217,2.506368,168.799637,358.817169
509.776024,4.909368,171.706558,358.983215
509.496857,8.317922,170.452637,356.229218
505.836487,19.669866,178.244934,348.838562
510.066559,18.981252,171.805420,344.931122
510.655670,17.506612,169.471802,349.620148
508.751404,35.078832,174.445740,336.335693
509.205193,16.062978,171.983597,356.112030
512.209724,23.270086,170.824265,352.174255
510.427292,29.973669,172.917328,348.734741
510.113136,20.839300,173.568832,357.040833
508.029610,33.209188,180.581345,349.737213
510.144409,19.646001,177.255554,356.307312
508.610985,13.595693,178.326309,366.891571
492.356339,22.842016,206.402374,372.706421
512.702980,27.046957,175.767563,358.054352
514.736427,12.887396,172.355087,370.597839
506.803230,7.151388,183.258957,373.932526
507.870064,18.611120,178.262619,366.537964
509.158791,17.286474,178.298691,368.574219
510.648964,19.801168,177.572617,365.465851
513.091904,20.782613,176.358368,365.540192
505.923592,18.635732,185.664474,371.751556
514.063004,18.556982,175.240387,360.941528
513.675682,18.120153,171.229141,342.058838
509.284409,45.671682,178.737274,282.228729
514.998650,30.678014,176.339920,298.520752
507.878738,63.393377,181.555084,226.848450
507.331909,59.389509,179.333008,241.071213
509.394569,49.050047,179.403000,240.417679
508.954002,22.669943,173.341019,256.305573
498.510780,10.983923,180.089523,263.953979
498.308472,9.861486,185.943481,266.439819
501.113152,13.531187,180.975479,248.527298
505.183136,30.563100,178.319397,235.178680
505.580399,38.096502,181.231659,226.988342
501.496681,32.253164,191.319748,240.366669
498.198555,20.438779,203.031723,230.853226
504.381767,22.887716,194.883072,214.837311
498.212082,17.264173,215.683136,250.235519
501.249619,25.435224,220.022736,236.434799
494.142090,31.267652,225.789062,204.317062
494.591408,35.878980,234.532883,210.341599
493.428764,36.044317,248.222427,219.448425
492.705849,40.544195,248.820602,206.206848
495.490898,36.978887,248.204483,224.869202
500.580345,38.137609,242.252884,211.444092
499.420425,37.022596,246.838226,198.434860
500.249702,37.154783,253.093002,201.461136
499.742950,35.511709,265.299377,215.414154
501.900772,34.808790,265.501923,217.124313
502.009125,33.288885,273.541565,204.844055
503.490463,30.693853,273.019318,207.314758
504.760040,27.869054,278.139954,212.432861
502.999451,27.607824,282.231934,211.739258
500.614288,28.089666,286.430969,211.726990
500.393036,27.921865,286.557068,211.612885
498.022430,28.873014,288.978943,214.696671
496.459717,31.266378,296.837036,214.580353
494.367996,28.778921,302.105560,217.960663
498.947525,35.258550,300.394379,215.728455
500.212357,29.864347,303.356049,219.119156
500.109344,34.840063,303.702576,215.890381
503.428558,34.170606,297.744080,216.006760
502.561234,32.941892,295.428680,209.867996
505.517365,32.646803,263.752502,205.593552
512.043335,29.722021,243.510986,192.020630
517.994614,34.137930,217.884186,173.004486
518.665672,35.746893,218.933914,177.623108
522.975868,35.180936,192.514328,186.073990
533.135559,7.642790,177.306458,223.226456
530.913338,5.062666,175.481308,222.736252
530.110954,3.610906,181.006729,226.085693
545.507835,1.992323,164.497757,228.440720
522.229294,2.163503,183.740814,231.949677
523.806137,2.836218,179.482269,214.423523
548.516335,1.099821,153.114609,224.017471
520.243477,0.000000,180.372116,214.697668
528.734711,0.000000,174.186340,216.687716
576.333294,0.843263,123.640297,218.593414
525.315224,2.324655,176.568710,235.667801
545.820625,4.658220,154.884445,199.629944
526.352028,3.375673,174.364609,205.856659
545.989822,0.000000,157.308929,214.118677
535.564316,0.000000,158.077850,218.506360
530.179352,49.269743,160.191162,184.281204
533.556770,49.600943,167.099106,185.985565
536.273407,53.211356,170.607788,179.322235
526.646767,52.192908,179.606003,178.953064
535.597481,53.840994,169.550034,180.417023
524.426842,53.264815,182.844559,178.461960
534.088310,53.312979,172.441910,179.736420
524.324623,51.885435,182.030930,181.578751
534.730759,48.447737,172.055145,177.513657
527.853554,44.346876,179.919357,198.527206
535.574066,31.348883,172.660950,202.402100
534.116638,40.667136,182.489929,208.924225
534.792732,20.445120,185.718002,238.469513
533.593864,21.575804,185.037613,239.320694
537.405312,12.338904,182.961227,248.652527
547.790504,13.426207,185.262863,247.986710
557.157814,26.235098,185.394577,229.773712
564.548119,42.978026,181.751419,219.337173
570.208900,41.525717,180.232651,219.458405
567.788734,41.529463,182.004013,220.279770
566.184891,41.078734,181.716400,217.887955
564.178963,46.497366,176.974045,215.505157
563.307663,50.458052,180.707977,221.293869
562.578537,55.111807,205.673065,224.445038
558.615059,52.458594,183.333298,219.078369
558.969101,54.584914,179.815277,218.950729
556.244232,56.619810,179.990417,227.467484
552.036621,59.384795,178.659668,229.745377
546.692940,59.822096,178.687363,232.944199
541.639008,62.350912,190.038330,241.177826
539.730476,64.293204,209.358810,273.232208
541.649208,60.796530,193.839951,271.216034
538.259956,66.541922,221.845871,254.198395
535.832191,69.597609,223.854965,252.428818
538.468529,77.114577,206.814835,248.161240
542.457039,82.699728,216.710007,273.630341
545.230385,87.319304,192.876816,250.368607
544.663712,86.486769,196.997101,254.348007
550.125153,89.844420,184.385986,253.690933
553.259865,86.292128,183.128036,250.465683
553.483978,87.986838,180.757812,261.449677
549.939964,89.418265,209.294327,259.787506
553.296410,88.435629,212.225479,258.161346
554.613754,88.816672,204.621429,250.101288
552.152573,87.282950,197.015961,254.915680
551.594849,89.043867,218.825623,255.767868
551.627495,91.984846,188.517776,245.328415
548.965607,93.238974,224.687134,255.272797
551.820526,93.466978,187.020264,242.082657
548.741608,93.168890,219.342163,254.687866
550.219872,93.161078,189.394058,242.928833
546.719452,94.450384,203.530151,250.712402
548.745071,94.575827,193.303619,241.688324
546.432747,95.867186,235.018600,254.906876
548.095078,96.250639,202.157196,248.289749
548.798111,95.890944,203.585968,244.082504
550.784302,96.795012,190.744934,246.900955
549.123978,97.713354,191.498077,249.120300
548.502113,97.462920,193.836899,248.953568
547.706841,98.883070,199.868484,246.760971
548.230637,98.645354,203.643890,242.067215
549.229156,99.383734,188.471924,243.262329
547.012146,98.007353,194.824158,251.792191
548.168335,99.157606,199.848694,247.682846
547.966820,100.295073,196.237320,241.890457
546.744804,100.378920,199.093582,244.851181
546.858902,99.811354,196.902496,245.015732
546.371140,99.614592,200.360321,244.774979
546.705551,100.863798,192.723724,244.385452
548.080177,101.720190,195.058701,248.700623
546.474899,101.228224,195.737396,244.697983
547.457367,101.096602,193.708618,246.925705
548.939789,101.158575,196.818970,249.786987
548.323891,100.514021,191.847519,244.461594
547.737984,101.726584,193.797165,248.813690
548.106415,103.002318,201.191650,247.150772
550.124939,102.886481,189.566711,245.113647
549.694695,103.534796,192.500809,246.998169
549.001076,103.259886,198.369247,247.789200
547.769760,103.232512,192.081635,243.879593
548.110947,103.387038,202.234467,247.999008
549.338745,103.674872,189.390686,243.182739
548.235275,105.268462,200.513519,245.996414
549.088554,104.240752,189.022659,243.252151
547.547752,105.389578,203.778336,249.017120
549.031288,105.355109,188.870346,237.691650
547.575058,105.174673,204.136078,249.057037
549.289299,104.559103,188.038406,237.364594
546.809013,105.480124,199.650833,247.123749
546.974548,105.535475,192.798523,243.317368
546.565689,106.110678,194.020416,244.241058
546.578453,105.045737,207.589127,246.934052
547.429985,106.875388,193.379593,239.971283
545.639961,106.129652,194.665695,243.830185
544.094452,105.896376,216.544189,245.183701
546.403511,107.080870,190.757614,237.972305
543.400314,106.916838,197.883392,237.632523
543.861748,106.502524,199.803665,242.083954
543.169258,105.576231,193.830978,235.692032
542.478806,103.981604,189.152435,233.341370
539.081734,98.849692,195.796921,249.998749
536.677025,88.634909,198.217178,265.753754
535.168961,69.845717,200.569489,235.600571
536.078590,86.759474,201.145370,224.685532
532.016388,99.026022,214.751831,220.985931
527.641571,96.852515,233.343018,234.294739
527.968040,97.580847,245.097427,203.554382
527.293686,93.939902,251.475189,215.409637
525.177872,94.596815,261.983795,216.416367
526.303558,96.254752,261.677612,215.432770
524.426102,96.174605,265.299591,216.376877
524.190048,97.231886,265.861908,216.712143
527.787125,98.079916,260.240875,216.122162
532.726387,98.668204,253.960983,215.556549
536.499557,101.145102,252.396210,213.469940
538.284180,100.580717,249.312195,212.598465
539.292564,100.688345,252.824844,211.902008
540.199707,102.530203,253.432922,209.695587
538.563728,103.117209,251.861984,209.855804
538.961891,103.212065,250.305405,211.382401
538.775230,104.441939,243.410782,212.765060
540.767624,103.502615,245.253021,211.308990
539.381142,102.616568,227.903671,204.998077
539.750839,102.123129,224.649261,195.584686
543.377716,102.195265,205.485962,192.153915
547.874252,98.315443,188.791290,198.516464
549.378006,90.633643,188.426300,206.063660
549.569977,90.907935,186.223206,204.974060
550.128578,93.976752,185.290695,203.672302
548.237572,5.996191,175.905716,286.640015
546.653076,12.459082,175.550903,287.315430
537.811722,14.074866,180.387909,278.613403
538.697815,32.128851,174.510254,272.049622
542.352928,32.867941,172.139236,256.866486
536.293312,42.396780,176.167404,261.460785
531.104042,60.731222,177.717087,262.432404
522.826225,99.659392,185.903580,234.521988
512.121284,102.076567,201.588364,236.605240
511.167412,99.758482,204.189224,243.347977
511.392090,99.130804,201.955444,242.001282
512.022247,97.316374,206.112488,244.747452
518.717354,98.348067,201.666611,246.200790
525.501564,104.638556,203.290207,253.262146
525.132919,106.129011,210.267120,255.130112
526.340256,108.174803,213.361115,253.720169
526.579254,108.746230,212.397644,253.608566
534.818031,114.104742,208.117966,257.867981
542.445778,112.295615,201.736496,251.004791
553.465042,113.324515,193.800018,249.577240
567.152733,112.588255,182.719070,249.452347
571.133041,112.220663,184.677887,248.272614
572.466835,111.317641,186.888474,248.062057
575.982018,115.280539,187.899612,238.974030
579.652176,116.072707,190.747162,234.432175
583.266716,117.948996,188.206558,273.554840
578.989120,115.994940,190.934845,245.703918
577.160759,113.156226,190.122940,253.301880
576.677292,112.305853,193.195343,250.107483
577.451584,112.876242,179.288361,260.075348
571.640358,110.510458,180.970749,256.813995
567.770699,107.953635,182.366196,263.545807
565.327667,106.844519,184.061584,274.098267
563.854424,106.341528,186.841934,281.681030
565.565544,106.822180,184.398209,281.466309
566.015045,106.685934,185.202698,272.863678
569.614815,104.182211,184.482162,270.917145
576.686111,102.518134,180.182220,268.110535
577.402283,100.121298,182.041382,266.610504
574.350037,85.123083,185.311523,276.282104
573.735443,86.901327,183.328186,274.428375
555.402344,43.387686,202.546997,320.621796
554.477562,5.081412,202.358963,356.582123
547.597206,6.749014,201.501144,360.071869
535.954781,1.476553,213.148056,366.332977
523.092201,0.000000,223.910568,367.311941
537.184700,1.563548,211.755234,371.953278
528.472458,0.000000,216.566559,371.404384
542.207886,1.957944,204.972168,373.328461
544.847160,0.000000,204.091080,373.311536
550.229652,0.000000,202.092209,374.505591
547.763428,0.000000,200.898193,374.206607
543.746971,0.000000,205.072708,374.812303
542.341759,0.000000,208.066971,375.588067
548.811432,0.000000,204.057678,375.099453
545.138565,0.000000,204.139618,375.511992
549.597870,0.000000,203.143494,376.869903
548.645493,0.000000,203.101227,377.338165
545.551308,0.000000,205.184006,377.331756
541.030319,0.000000,212.981842,376.498550
542.215485,0.000000,208.998718,378.118767
543.497452,0.000000,207.744598,377.929653
550.183426,0.000000,204.085297,377.729979
545.162132,1.629729,202.720901,377.384094
549.439774,0.000000,204.108002,381.217818
543.725281,83.788124,207.131470,294.162323
535.479980,106.252128,214.411011,270.736389
515.326736,106.424018,236.253876,230.022491
506.639420,110.859474,240.428436,200.743744
534.717850,112.344070,206.893402,210.021866
537.114548,113.515968,205.886505,211.167694
453.237000,116.479843,285.873291,203.946487
439.638306,116.546028,304.233521,209.507477
447.334167,116.412254,296.280640,205.900513
461.740097,115.156860,280.116241,222.003220
496.619049,116.448448,240.497620,227.710449
494.015488,118.247467,243.953033,222.615341
480.503944,117.831642,255.361008,218.858856
472.436188,118.536590,261.729431,228.001450
465.338516,122.075096,267.924530,240.030029
438.095917,122.699714,299.126648,238.552521
402.825531,123.549827,338.138489,237.711304
410.749924,124.295562,328.880402,236.109604
405.855591,124.571952,335.144287,248.669983
393.199921,119.444160,351.448181,241.712067
416.427429,112.526184,324.061523,237.629074
416.324310,114.257453,324.386902,234.558136
414.577057,121.731758,322.763489,230.211578
413.572617,123.720077,322.257477,223.468338
413.894485,127.346252,328.902435,218.346237
425.306473,119.010154,327.272919,252.894775
448.621201,116.660453,314.003082,216.102478
474.208771,124.200492,287.332214,230.527893
497.367523,124.064201,261.751526,224.316467
495.452225,123.101539,262.937103,224.782440
509.635170,123.435791,243.341476,230.946213
506.382423,125.235786,240.660202,230.725250
493.383148,123.469497,242.534729,239.166641
481.875427,122.645172,254.764404,252.211899
466.639832,123.176719,267.175537,247.035522
465.998444,124.204933,262.445740,254.721283
494.471504,121.375679,241.633774,255.242096
458.943878,116.869941,279.506653,286.093536
472.004379,118.475654,264.663483,291.991119
482.213898,131.318122,251.517761,293.970490
487.090050,152.236427,235.204788,313.126801
491.385315,150.137397,228.073730,278.298370
494.387260,159.414146,215.990005,293.436401
495.320076,162.178627,217.269272,237.168671
500.463684,158.945838,232.700562,258.075897
504.253922,152.386405,240.360321,306.224304
499.709122,153.625160,235.772675,333.866913
500.663429,151.942405,242.188889,295.277710
496.394730,156.103111,241.594940,334.760498
492.805862,163.018821,238.918060,283.714111
484.930573,159.672050,253.447205,302.733826
478.891983,175.922370,235.147064,276.171783
475.119148,172.313438,244.593124,303.527222
477.978020,167.292045,250.789200,301.698792
480.149002,157.420524,260.122162,381.099548
478.282951,165.228233,240.062271,342.389771
482.700912,152.575737,254.301300,361.617493
487.862595,158.091911,242.778595,354.303162
492.138588,164.805473,227.723923,354.795837
493.356361,154.014518,237.978806,369.904602
501.185158,156.931373,224.293015,352.515961
501.688965,160.662208,226.941284,356.317841
500.065651,154.526802,237.059860,353.249786
506.502396,162.634346,216.379974,346.197662
498.690086,154.938316,236.413895,365.730957
501.085960,157.558876,221.341995,354.019012
489.225060,145.171562,254.667313,375.550232
499.254875,144.318763,228.590591,378.169525
495.164040,130.153053,251.555954,371.721039
491.500069,128.046653,240.172958,370.843384
495.981552,119.107276,220.788239,369.968597
497.040337,121.157753,228.396744,362.251923
502.250389,110.983848,221.286331,352.830933
510.533737,100.278419,203.496368,339.757904
512.280518,83.510215,205.845337,330.290894
512.394424,64.029777,197.312469,358.281555
502.515739,38.393180,213.561050,379.311096
472.159584,91.430503,243.035324,312.127808
507.826797,94.421623,206.411469,279.716003
503.548058,113.566566,215.551346,290.507050
498.965790,111.153053,221.431580,233.988007
503.210075,111.388946,220.645645,226.256821
511.273888,113.341156,210.843826,226.391953
511.217438,114.169128,213.893250,225.128220
519.404610,112.057357,203.304306,227.472366
523.329369,105.649864,199.461380,232.167236
512.672440,110.468978,206.749969,220.692825
476.629440,110.924736,242.955475,215.301453
498.373436,100.066207,222.813675,222.320999
500.229576,101.330474,220.935013,224.351303
498.008926,96.050537,222.097504,230.564377
492.140785,96.025047,224.414352,230.124512
488.133469,93.739021,227.952789,236.874298
498.651741,98.164711,217.108627,238.580658
503.821533,100.363204,214.195068,235.210648
500.868889,100.280181,218.606461,233.106308
506.963417,102.148559,215.133957,223.551315
510.310410,105.168266,214.037018,215.834290
503.882042,100.535964,221.463211,213.130142
472.283249,97.954551,252.047028,226.229736
461.871246,11.680549,257.146545,304.726593
451.612396,11.891883,269.686340,301.717743
425.990280,1.966560,291.468781,304.393829
421.330566,1.025123,295.991333,299.514130
411.663055,31.744743,304.682068,269.237610
393.325897,85.558471,322.866516,212.963913
376.619904,96.542366,337.313416,208.975250
377.019562,87.203292,334.288635,217.787186
365.285400,94.704757,345.699585,211.256180
355.452011,93.653121,356.030914,217.409378
347.442856,97.506973,361.859039,214.526749
334.587646,100.993301,374.028564,218.831802
356.182541,97.610847,355.688873,217.962189
341.363754,97.178276,376.897003,224.635803
352.729156,98.759231,366.161560,223.789322
345.335556,98.206192,379.662506,224.856216
