206.000000,213.000000,73.000000,117.000000
205.934235,211.550499,73.968811,118.196243
206.720451,210.320782,72.603348,119.014870
204.663876,208.981464,80.920143,120.574333
205.705799,212.372540,73.676842,117.009529
205.776344,207.101707,70.856461,122.293930
206.057781,205.260540,70.264137,122.183388
206.111851,203.315071,69.625999,122.835556
206.956264,200.669430,69.299355,123.214638
207.730377,197.828808,68.254822,122.923409
209.262974,190.920654,67.350731,128.561798
212.989395,188.305855,67.745087,129.760269
215.743164,195.326168,68.537811,119.408852
216.413174,191.972759,69.104591,119.268959
218.444805,189.794971,67.729897,120.943718
219.379539,188.628258,67.661392,121.450119
221.269684,188.450539,67.387634,119.151352
223.805759,180.986942,68.270256,125.161156
225.956215,188.570438,67.941635,115.714378
227.875851,183.882370,66.028755,118.461578
229.922237,179.182167,64.448433,120.432999
230.484314,175.273106,62.069366,122.910301
232.133875,174.224579,63.266796,121.953918
232.983717,170.940624,62.124058,122.476082
233.960306,168.372635,61.722485,121.686890
235.413332,167.778889,61.508327,121.199303
236.364105,164.359615,60.453613,123.577187
237.276218,156.195206,68.105339,130.026855
237.131374,167.015881,65.415016,117.815163
238.511377,163.210556,59.134991,121.988647
237.634636,161.001175,60.174301,122.593719
237.750376,162.275448,61.417736,122.075752
238.536118,162.961296,62.108032,120.740860
238.782242,161.336857,55.313263,122.615044
234.236946,158.506897,62.237686,124.040680
226.416958,155.148361,68.772743,125.333710
227.377350,153.392464,69.834290,128.013657
231.910450,150.158043,64.915703,129.880692
233.140457,146.878670,66.766907,131.514664
232.670647,144.083786,66.696640,133.169312
233.416695,142.453590,68.292343,133.250748
235.331463,141.244987,66.830116,133.614304
237.076008,140.515625,66.870750,132.928528
238.087627,139.109535,68.380562,133.144424
240.142891,137.108994,66.012924,132.601288
241.521954,135.874329,65.971169,131.605927
242.179230,132.867760,65.276764,132.863846
243.504929,131.414146,65.699585,132.197983
243.024368,129.236633,64.494934,131.875214
242.542362,127.697334,65.037651,133.843826
241.753426,126.751945,64.356064,132.243698
245.586170,126.827827,62.347404,130.555527
247.383144,120.756447,64.189735,135.995010
243.639305,141.083141,64.659775,118.052681
242.249996,137.568043,69.070076,122.626060
236.833118,134.232780,75.396904,130.539688
233.792439,130.770103,80.331444,131.683853
236.317650,129.567505,80.224625,133.606750
237.381447,127.616562,80.423691,134.283417
238.138847,125.612045,80.338455,135.069977
240.853058,124.631416,81.048584,134.886398
241.923744,123.465622,83.228928,133.628571
240.264549,122.687164,86.325150,134.500671
238.277393,116.243820,95.176231,143.743317
238.022945,148.760582,100.832588,111.424393
237.430271,147.420006,103.384148,119.580032
239.881020,143.503132,108.068466,120.314537
243.471615,141.416557,109.018318,122.705399
245.729561,138.158146,110.411423,121.060783
248.146065,136.228928,110.407211,122.068878
244.803749,135.018513,115.438766,122.023277
240.058094,130.883923,119.792198,126.687599
236.559212,129.169891,129.179977,132.187073
236.150124,153.758541,130.478867,107.016548
229.677261,156.676136,140.422699,109.206322
224.734566,158.843220,144.159531,110.784142
221.316360,162.939869,144.920990,112.123192
218.562614,163.788467,147.457291,123.759308
218.764778,164.791908,147.899277,126.678757
219.385887,166.211994,150.024979,127.799095
218.304298,166.352730,151.430344,128.370163
219.410812,166.213203,152.200653,131.154099
219.329903,167.191772,153.900925,131.498291
218.721428,166.490166,155.692459,130.919144
215.730988,162.451508,157.192566,135.204651
214.504219,156.541908,158.413376,139.554184
213.066040,179.638706,153.511963,114.852531
211.605980,173.099045,161.450516,113.122162
214.203468,169.975147,159.176682,113.228050
215.958260,170.168236,154.284470,111.027664
218.374985,173.855946,154.711578,113.922020
221.361137,175.851982,153.550735,113.046463
224.552650,177.682949,150.578842,115.494942
228.469612,181.229195,151.895493,114.563278
239.717453,183.915310,148.301544,112.101204
249.879448,186.080143,148.026260,112.661125
258.259186,186.135391,149.117249,111.032318
268.499435,185.591984,149.096893,110.435600
283.264893,186.568844,148.827271,112.709846
293.096054,188.550835,148.032623,110.376175
298.073784,190.278431,151.180191,109.894737
301.585236,190.610729,152.052673,113.267494
301.904305,198.052406,160.034103,106.570541
300.581894,191.825832,146.509430,118.677315
301.586716,189.505604,144.008942,122.417320
301.807274,188.127998,143.759109,123.017563
304.059624,187.492931,141.603287,123.173012
311.289772,185.539421,139.334213,122.629044
322.466568,185.146465,132.972260,115.706215
332.748180,184.948460,127.256264,113.292229
337.414932,181.282280,123.256744,109.544876
339.221687,184.113480,125.166489,100.141144
340.963871,185.677784,109.886345,95.074791
341.417290,180.336876,103.731796,96.207870
340.371605,177.184475,99.276535,95.970894
339.594536,174.586941,93.638565,92.206581
339.497921,173.127132,92.406044,91.020180
339.644417,171.784798,87.302963,87.907791
338.012630,169.081772,82.213417,87.715118
336.080433,168.417088,88.721611,85.513695
335.785683,175.916073,84.098404,74.867195
334.207279,173.209976,78.000725,75.115662
332.615822,171.104820,73.017471,76.618210
330.168278,171.020969,70.384850,74.088463
329.610455,169.838715,67.137703,73.358063
327.440300,168.795570,66.772476,73.577042
328.326828,168.225765,65.997498,73.880836
328.877567,167.484486,63.829094,72.883507
328.093483,165.946491,64.520523,72.210777
327.511395,165.648514,64.648170,73.258148
327.780844,164.046135,63.953144,73.315445
327.676582,163.487343,63.464340,73.853134
325.898464,162.254494,64.389839,73.749130
324.570210,159.937099,64.557915,74.603096
323.208519,160.786430,72.295120,73.821335
322.736706,169.562256,72.744942,65.179352
322.933472,167.631958,71.695770,65.171387
323.040005,168.022007,71.664467,67.515129
323.516666,167.769104,71.573540,66.660492
323.427071,168.496197,72.586349,68.781776
324.442108,168.509991,71.506378,64.417030
324.542549,168.248325,71.671799,66.398003
324.652828,168.329651,72.688545,65.636353
324.560780,168.235279,73.286888,67.395866
324.927341,167.282433,73.736656,64.930405
322.677616,175.072411,78.181450,58.386337
325.519737,175.471659,75.134995,53.708660
323.396004,174.798384,79.377670,53.963383
324.345695,173.941780,79.568924,54.305801
322.820290,173.255526,80.933640,54.474056
322.064075,174.524078,82.596397,56.843414
324.885590,174.071630,79.187378,56.644428
326.726700,172.869473,77.854645,58.491310
327.109585,172.383263,78.124458,61.094437
329.317070,172.325659,76.547165,54.519398
328.321186,171.438843,78.320671,55.287170
330.078629,170.885632,78.927368,65.131966
331.189861,170.673941,76.917580,56.337666
331.053699,169.882084,77.410820,61.371880
333.415821,170.074028,76.829918,57.641953
333.922653,169.601900,78.473877,60.222927
334.693718,168.721746,79.055679,56.401844
335.578995,168.018209,81.451843,60.873829
335.943859,167.122715,82.453194,59.707115
336.714512,166.752762,85.229088,64.170563
338.793121,164.269665,87.496246,67.827156
339.987629,163.822052,89.767021,66.088928
341.623451,162.033974,92.257645,68.159317
340.138371,160.572651,99.562950,88.962791
341.601761,158.195461,103.494598,87.716866
342.612907,156.074173,104.730911,93.785980
342.666389,154.780727,109.556107,97.330391
343.741295,152.816525,114.801804,101.233284
345.519085,150.580585,120.233894,105.273338
346.794884,147.640079,123.347702,110.748528
349.107536,145.391785,128.720932,115.376343
351.435913,143.557755,133.644012,121.843414
353.376060,141.487812,137.916550,123.914635
358.101868,139.218628,141.197906,132.911194
358.999161,136.109764,144.475586,132.776627
357.505806,132.501045,149.553787,140.162033
354.558136,128.443192,155.545258,147.029327
348.347992,125.649399,161.098785,154.986908
338.000809,121.580841,169.563843,163.229797
328.268517,120.426567,174.369858,160.615128
316.583107,119.574760,182.242996,179.052322
313.620758,115.713455,185.104767,162.377045
309.841537,110.569954,197.961792,166.319992
302.877289,103.543961,208.441681,179.190277
296.938339,96.923698,220.947144,188.753250
293.546112,88.642876,234.311676,197.829422
287.484764,79.389130,250.419235,212.901978
282.589554,70.302612,263.556213,224.740173
274.555008,60.653725,280.493591,240.103745
268.182129,43.365494,298.299164,260.166779
257.756821,40.764420,311.567749,270.696075
249.633102,38.332764,342.731201,280.658508
240.310135,15.435730,369.349060,298.960266
224.617081,6.754242,400.468811,333.175415
210.957458,4.994568,422.385223,316.629456
189.492950,3.798508,442.836700,329.814056
182.730042,2.957962,449.263031,325.309967
168.091934,3.693787,466.800476,328.681213
165.923645,4.469452,464.790009,324.108032
154.643219,0.711060,478.449005,325.373718
151.175217,0.063400,479.729248,323.074799
148.435989,5.330994,473.823547,317.550476
150.461060,3.980743,471.041718,320.004395
153.137360,2.411957,471.812775,325.613770
157.970840,1.466797,470.246277,325.360413
161.901703,1.128876,468.419098,325.707886
166.719742,1.028183,468.460266,325.671478
179.279144,0.000000,455.561554,320.619934
185.662247,0.000000,450.543152,325.384567
192.900391,0.000000,441.847504,331.805351
196.778061,3.109463,435.899780,341.600708
210.386063,2.874737,423.924744,339.015961
228.323944,3.328320,406.489532,352.114899
248.760895,5.955685,385.144318,351.352844
255.796906,3.707867,377.900421,354.236176
260.422638,5.567608,375.196686,352.017548
263.795517,16.950542,372.481567,343.049458
259.769684,20.931967,380.230316,339.068033
240.597061,75.425624,393.594971,284.574376
210.517761,44.973554,426.109772,315.026446
193.646820,25.434424,440.781464,334.565576
181.440063,27.923648,453.245392,331.399384
171.018021,24.652622,463.098145,335.347378
159.420364,22.231020,472.427856,335.454376
142.730698,17.710039,490.149841,340.505981
130.801529,18.366060,502.256958,338.009369
125.083572,17.113634,512.179443,340.544250
128.753159,16.151781,501.341248,341.973816
133.762497,13.502168,501.389221,346.082123
137.295700,13.087602,497.979065,346.912398
157.928574,11.980279,475.368835,342.568207
173.339645,19.153008,453.621765,330.905243
181.215500,31.246606,437.245667,323.334991
197.029938,47.963982,395.549042,299.945892
206.555969,58.438714,369.734894,288.605072
216.651031,65.547570,341.604828,275.513702
225.641907,75.022378,319.405304,259.665405
234.459808,83.422829,303.908539,238.184814
243.247437,89.652634,284.577545,224.631821
247.254303,99.734986,273.595184,208.649002
253.997955,103.694680,256.593719,201.158325
260.706879,110.105576,241.296234,189.304550
264.420776,114.480332,228.335114,177.243149
265.777550,117.925187,219.307419,168.989304
271.211807,120.673943,206.642456,158.768524
270.722946,122.029336,199.502991,154.219971
274.519623,120.685426,196.177887,151.305374
270.783707,119.170190,198.294556,151.281219
271.317184,117.439095,197.568665,150.836304
268.961296,117.361176,200.261398,150.396927
267.714027,116.809647,201.526138,150.107956
265.402573,116.989495,201.493042,149.485382
264.664452,116.830491,200.457504,149.867172
263.105766,118.093362,199.952011,149.167480
262.370827,117.741059,200.183975,149.158401
260.919792,116.896333,201.021896,150.115677
258.165215,115.838876,203.498398,153.985657
255.585190,121.747964,204.662292,147.822021
253.592300,122.326615,205.694885,147.837936
250.998421,122.896989,206.854996,147.542343
249.409401,122.833550,207.038162,147.964020
247.842552,123.216088,203.499924,148.897980
247.147514,124.181672,204.616135,148.000381
245.165390,123.669656,203.209717,149.091736
245.068939,123.448541,202.534332,149.237152
242.439766,124.319993,202.298782,150.022568
242.456161,124.275117,201.879272,150.370499
241.932167,124.877564,203.441177,150.605301
241.600861,124.674813,202.413483,150.092407
241.864738,124.487099,202.594833,151.099548
240.897270,124.376237,202.203781,150.043625
239.828293,125.287377,203.775269,150.470612
238.167664,125.225587,203.496246,149.466507
240.503181,126.950883,202.879898,150.259872
237.241692,127.076379,206.990829,149.648590
237.932373,127.944764,205.773346,149.312759
237.403725,128.369363,208.550858,150.150146
236.540565,127.356103,208.511124,150.543732
235.080849,126.866753,208.379532,150.224518
235.303879,127.578980,206.925659,150.370132
235.574799,127.309762,208.423981,150.141663
232.587906,125.914918,209.285461,150.823380
232.484589,126.099954,208.695404,150.726562
232.110786,127.053483,209.676285,149.891647
232.795570,127.281152,207.011307,148.693756
234.145706,126.766442,206.198486,148.805695
235.845818,127.082513,203.649338,150.445709
234.757523,126.952653,204.181152,151.319321
234.917130,127.540521,205.534546,151.046173
234.759018,126.778680,204.761902,151.079437
233.810341,123.571427,203.682510,155.088425
253.375122,119.654549,186.476044,152.911743
267.013962,142.143952,180.198914,123.532364
255.644897,147.661721,203.258087,114.480896
273.507393,148.047627,192.276993,118.827065
304.216560,141.020520,169.288040,120.190727
319.571846,136.101796,165.191422,123.757973
324.152733,133.760747,171.514267,124.811287
325.370979,131.440629,175.339432,134.840683
325.703697,127.697972,164.965927,126.218269
337.437893,127.162499,114.433815,140.035614
329.499527,122.433213,117.336426,153.313095
325.173714,119.153405,121.476212,155.889374
321.555225,118.294564,124.668755,150.261414
314.700058,117.880761,132.153870,145.194061
308.371773,118.444268,135.582291,141.331207
303.036690,119.768700,142.018753,142.527252
297.118050,121.036095,145.913956,143.542023
289.724854,122.040513,142.359406,147.887131
280.775360,128.121903,154.984650,146.958725
272.108612,131.457543,157.234955,150.058136
269.046707,135.936578,157.485718,148.811005
253.364525,139.410355,164.317062,150.156845
254.180397,142.808511,156.616409,149.775024
243.964615,147.780244,148.367004,149.430679
229.120972,151.794259,156.458588,150.554138
219.047256,155.383714,147.813782,150.704758
210.252319,158.179093,151.526581,150.207504
204.265556,158.811547,152.334274,153.088470
187.936188,163.109399,151.469574,152.171783
184.012680,164.294350,151.783630,152.061462
162.865860,165.162110,152.582886,152.351028
165.240158,167.434106,153.785583,150.659943
143.184944,167.897332,156.376846,152.872589
144.301178,169.854386,160.792938,151.863632
128.438423,169.495194,155.404800,154.051804
128.693871,172.139054,160.947983,151.772507
114.709686,172.090920,158.399506,154.974915
116.711128,174.169679,166.058975,151.527603
111.733574,174.456414,150.298691,153.250519
113.458916,175.641419,152.527328,152.273697
101.296875,176.332780,166.326080,153.676315
105.185928,173.269967,158.584473,152.151367
100.939201,168.116326,163.715378,155.072784
105.034515,167.169480,168.671051,153.332260
119.035309,168.390656,153.867828,143.828934
104.774567,169.060853,171.097809,166.866592
112.728432,167.674279,162.995560,165.612457
111.232773,168.458199,167.570190,167.151672
112.761703,167.760598,167.203735,165.748474
115.556793,168.722619,172.038910,165.711761
116.683273,167.792489,170.370789,169.300354
116.830894,168.140458,171.991867,170.511703
119.107239,168.328301,172.567535,168.671600
118.645699,169.451310,173.818375,169.772507
118.814751,169.783364,171.121506,171.007568
118.850014,171.452493,171.476578,170.736572
118.231995,171.367356,171.361847,169.331467
118.525002,171.989121,172.080765,170.873276
118.501678,172.018151,172.080292,169.146393
118.306236,169.516099,171.897690,169.399643
117.862816,169.750695,171.971176,170.785919
117.780998,167.223199,171.778305,169.316803
115.006386,169.249093,172.717789,170.216492
114.637016,168.502015,173.560593,169.915543
115.191597,168.115990,172.896011,170.400360
115.766174,167.998322,172.339386,170.411209
115.571968,168.243005,171.885757,170.913422
113.443245,169.423707,172.439835,171.176041
112.162453,170.275887,172.938797,170.151978
110.881226,171.317834,172.303253,170.459686
109.748230,170.849564,172.749908,170.032761
110.172577,171.793038,172.659210,169.772583
109.849281,171.753938,173.525894,168.983902
110.403320,172.244080,170.912567,168.278519
110.076576,172.753610,170.471146,167.972107
109.752792,172.753365,169.992065,163.614990
105.206963,170.669862,171.329269,170.384415
108.994240,170.252549,170.149673,167.164780
108.242668,167.479104,168.926620,165.655640
108.144798,166.592980,170.984909,168.978241
107.362740,167.568070,168.778763,168.663803
105.885719,166.445123,168.993729,171.042938
106.025902,168.272286,173.307785,169.120789
106.569939,169.017854,168.264206,168.960892
105.540115,169.045937,167.158447,170.533630
105.156250,167.790643,167.396210,171.437103
105.110847,168.249673,168.485184,171.607361
107.083908,167.872964,166.568726,171.287231
106.821671,168.731385,168.341614,170.970413
116.956245,166.579957,161.275772,168.823563
107.818687,167.018365,166.703598,167.725189
117.341454,164.945016,161.219650,165.979126
109.049744,163.082467,168.777191,167.385437
111.411545,163.683869,168.656311,167.238663
111.223717,163.604874,165.226791,167.135788
117.485825,162.031129,163.075867,166.326736
111.092453,164.709153,167.737915,162.939926
114.939957,164.358552,168.501404,166.556473
113.223022,165.392709,166.272858,170.703003
111.996925,165.842248,166.648270,168.219269
116.253876,165.379037,165.214752,168.534912
114.400604,165.580354,166.656769,171.683304
112.626808,166.781274,165.199173,169.656830
119.261955,164.919312,166.453964,170.495255
115.401291,167.025994,167.381042,170.347870
113.272331,167.081513,167.678696,168.043961
116.692390,167.492081,171.195145,169.613876
116.946312,168.601495,168.499985,166.253143
116.518486,169.252923,166.583176,169.195465
115.536644,168.486359,166.984726,166.630753
116.290710,169.131120,170.807404,169.825119
117.913429,169.473702,165.277969,165.973450
117.866585,168.379617,168.185806,171.142212
117.754677,169.442429,166.654678,165.586716
118.257713,167.360909,167.640976,169.451782
118.777718,168.367226,164.140701,166.013489
118.141380,167.463204,167.802597,170.941162
118.771034,168.971040,164.862381,164.204178
119.153397,166.370835,167.067444,169.136398
118.747574,168.502282,164.083984,167.602570
118.171951,166.968621,168.085388,167.244965
118.090309,167.450478,164.381119,167.494324
118.257133,166.792916,167.207504,168.367065
119.361160,167.348023,167.500488,168.735672
120.351463,167.068230,163.535568,167.649811
123.186905,166.146668,164.590271,170.702957
121.980827,166.269418,163.328110,168.009338
122.996834,165.680856,164.824051,170.606689
123.397964,166.996102,162.883911,168.069092
130.036171,165.797593,158.543472,164.385605
141.744713,164.539803,148.299911,149.859558
118.327950,167.555123,171.813248,165.851257
122.653755,164.850167,167.052444,170.453857
124.181961,165.193803,166.193665,168.426620
124.119118,164.628381,167.417435,168.836517
124.719856,164.277093,167.123428,168.950104
124.774521,165.335259,165.638550,169.628448
124.864372,164.360795,166.396347,168.421005
125.105507,164.144349,167.643753,169.622635
125.564819,165.079804,166.104767,169.357742
124.952293,165.137322,167.792892,170.033600
124.993027,164.434579,165.254089,169.415771
125.450905,163.747086,167.946487,170.245895
126.823380,164.818429,165.147644,168.489685
129.775459,163.442399,161.195877,168.759079
132.377670,163.851266,160.774902,166.046570
134.286751,164.005586,158.367447,150.463333
123.157509,164.616212,172.044327,168.175186
127.551376,164.103524,164.726013,169.135315
131.940338,162.968232,161.705292,166.446976
132.245575,162.044152,163.414886,164.986298
148.916939,162.272485,150.136551,141.061920
125.798088,162.840920,171.735458,165.322815
132.243851,162.490823,164.595947,165.851196
132.256905,162.058846,165.045609,166.671387
133.063156,162.632356,163.966553,165.516556
133.597160,162.467126,164.589584,166.115570
133.080238,162.013383,165.950027,167.982773
132.887070,163.072137,165.123718,168.375824
132.074554,163.961671,167.008026,169.178299
130.572464,165.840447,168.755859,166.833282
129.897049,167.256501,175.145386,162.737442
128.651634,167.729882,175.548752,166.549042
126.820518,169.642083,177.140854,165.697784
124.496269,170.531434,180.215561,163.635880
123.230560,170.735780,175.650848,162.467789
123.472054,172.714555,182.261612,161.885300
122.047958,172.583695,178.275818,162.828476
122.753654,172.287682,181.887924,161.590302
121.763130,172.494584,176.411636,161.834213
121.746513,172.267693,183.583725,159.087311
121.733833,171.737489,179.336685,162.165787
120.568970,172.286706,183.432526,164.406097
120.995552,171.226495,177.370560,161.582428
120.949333,173.159158,181.804184,157.535339
120.827278,177.571023,181.641373,158.498108
119.389534,178.386079,181.137894,150.008316
119.416443,178.558297,179.471039,153.407654
119.038712,178.324128,179.052063,149.106827
121.263496,176.316316,187.330338,153.503128
121.505722,176.984040,184.519287,152.442032
122.102142,175.138902,183.989471,153.333969
122.467636,174.650773,186.665527,154.392075
122.916161,175.150773,188.202560,154.395004
122.949112,176.532731,185.756592,156.812424
124.136345,173.586091,185.991745,154.169754
123.795280,176.887933,186.822922,153.175751
124.379944,174.409798,186.820526,156.594177
123.448471,175.764573,187.203308,154.210922
124.489326,172.976319,187.235489,154.720169
125.555962,176.445000,187.568832,153.204620
126.142982,175.519502,187.335403,153.761673
126.711800,175.764703,187.501541,152.971832
127.054031,176.055619,187.120850,153.564133
127.767387,176.293259,187.179123,155.617477
129.193626,175.827119,187.233932,153.429092
128.745430,175.545739,186.708450,155.688507
128.578499,175.627343,187.208450,154.076935
129.476479,176.534432,187.794510,152.401245
129.812080,176.073472,187.091629,152.818771
129.414719,176.889130,186.921997,150.701492
128.243195,176.645737,187.298981,149.994919
128.387871,177.045838,187.555161,152.495926
126.588867,176.479928,187.246552,151.631836
125.674362,176.959351,186.619446,149.846390
125.744278,178.011765,189.185608,154.138168
124.970909,176.606889,184.686447,152.687790
122.740074,177.530160,187.441269,149.205017
121.579720,176.827020,187.256302,149.112640
121.081581,178.640801,189.295792,152.527069
120.736237,175.975312,185.962372,153.587723
118.674385,177.567513,187.142960,150.736267
119.480469,178.652161,188.459808,152.484024
118.024033,178.134370,187.222046,152.496292
118.974373,180.407174,187.357132,154.192200
118.236259,179.163041,186.242172,151.879745
118.898148,180.310243,187.183899,153.369034
120.171928,179.855538,186.936081,153.195679
120.127724,180.720132,168.111282,149.710327
115.750793,178.724038,169.011139,150.640869
114.952431,175.022172,170.065018,158.632736
118.448875,170.758294,169.765060,163.832245
120.860825,168.775414,169.880371,158.351715
121.736458,168.491532,167.896255,152.365158
122.630943,165.693604,168.987473,148.688492
124.429878,166.531175,164.821854,152.168625
124.015305,165.880143,166.241455,148.862778
126.217682,164.815415,166.746002,153.084274
125.436958,164.283204,168.537430,148.363113
124.384369,165.195458,169.723907,151.628387
126.153816,162.497071,170.533829,150.160660
124.878082,164.378732,170.042938,154.105286
127.347198,164.025864,167.141510,150.561142
126.187210,165.024934,169.807739,151.783035
126.239746,166.974473,169.294708,151.362045
128.993279,167.569337,166.275253,150.251968
125.388046,168.729310,170.245667,155.114395
128.158569,168.574403,168.865265,154.360367
126.879166,168.356553,168.484924,150.295151
128.018021,170.374657,167.526489,152.021393
128.344833,172.848138,166.726501,151.294464
128.382050,175.842217,166.163300,153.378815
127.293724,175.688729,167.671860,148.455750
125.085472,176.651109,168.923386,154.836533
126.711967,175.031762,166.030014,157.549896
127.287544,175.356988,166.107742,155.542633
127.403084,175.446236,165.942337,154.553162
126.279945,175.158814,167.627274,147.656693
124.312355,177.211732,168.078812,157.222000
125.808098,175.734124,165.591476,158.447296
127.090591,174.626305,164.365051,148.588470
123.064941,175.848946,168.517181,156.433533
124.225227,175.535020,166.596756,154.557541
124.052971,177.029809,166.173386,153.723785
124.745712,177.455956,165.260437,153.057709
124.875900,177.563409,165.270996,152.986481
122.122665,177.826272,167.713562,155.345337
125.267899,178.581597,165.083435,153.777435
124.658333,178.529885,165.503799,154.957336
124.616714,178.465752,165.088074,154.096466
124.792664,179.540025,165.416168,155.990402
123.737404,179.165200,166.797745,153.117676
124.341820,182.308358,164.716843,152.347290
121.674164,181.898034,166.837982,154.098663
122.781128,182.009499,164.803436,156.447571
123.157829,181.333085,165.610886,149.490952
122.892738,180.606690,168.886795,156.144669
124.734055,180.052743,167.348267,153.717773
120.197403,181.362946,173.753174,157.426407
124.093407,179.986596,166.002426,148.225372
120.387238,181.047700,171.441437,155.027725
124.295135,178.617234,166.115875,151.243759
121.352997,178.498284,173.978668,155.261139
127.296898,177.815354,182.531967,153.841293
123.980774,179.008828,182.797333,162.590759
149.028473,179.339578,156.222931,138.634644
127.622116,179.255326,183.384094,152.166489
125.452744,180.125489,182.635315,159.727127
124.899490,179.082520,184.240234,148.953812
125.460503,180.147027,184.546188,159.728729
125.617813,178.765511,184.199829,147.078552
125.244957,179.332391,184.705551,158.729401
125.363998,178.606660,184.068481,145.457718
125.726486,178.571565,184.298096,159.494644
124.805008,178.041245,183.413147,151.659897
124.214180,178.245545,188.154678,156.515823
124.825706,177.453469,183.411850,152.796753
124.013000,177.905793,187.376678,156.517532
125.363075,176.744729,185.165054,150.846069
125.947578,178.854806,183.678299,160.360474
124.965500,177.770448,184.112915,151.807205
125.509537,178.000420,187.573059,154.815765
125.331062,177.743737,186.822586,158.002045
126.332138,178.198037,185.394287,150.860352
126.350784,180.874032,184.370789,160.889587
125.380547,181.971551,185.803513,148.844513
126.812714,184.576859,185.200958,158.305527
126.846985,184.053017,186.566864,151.554321
126.950974,185.464539,185.004700,160.776138
126.426308,185.556680,184.046890,146.686584
127.744179,185.047463,185.491287,161.759277
125.541771,185.634148,183.798874,144.259857
124.730133,184.772515,185.611237,162.122589
123.869576,184.037698,180.680008,138.714294
123.644890,184.157533,185.182602,156.235550
121.914085,183.541520,186.087143,156.303696
123.111443,183.873902,183.544968,150.439041
123.484695,184.698586,184.704956,159.857788
121.090164,183.980027,181.748962,156.498398
123.159737,184.519906,184.661697,145.991028
121.056915,184.524735,184.219330,160.630661
119.878265,184.684045,183.607086,147.039398
121.238380,184.323678,183.376419,159.238098
120.378555,184.977662,185.082397,147.804459
120.941696,186.428048,184.003906,159.802979
118.216003,185.420709,183.805878,156.796356
118.721527,186.611863,185.107941,148.832809
119.601479,187.607392,184.079178,158.290665
117.875336,185.582101,184.676971,154.748535
119.976982,186.595063,184.433273,147.917374
119.932510,185.742928,186.493408,158.934082
117.957024,184.425423,183.459702,153.279541
120.784584,182.114396,187.140701,147.594284
120.104698,181.485619,184.635178,160.168121
121.051193,178.943475,179.585083,146.854462
121.649567,176.568993,187.559723,158.697357
125.651573,176.357407,182.650925,140.107956
127.386238,173.391984,186.596268,158.786240
129.960510,173.201989,181.905365,148.003143
130.669380,171.635049,187.160172,154.968201
133.627739,172.281930,183.510666,151.596191
137.636757,169.906892,185.477249,150.092850
137.801506,170.514016,185.001633,153.959717
140.816315,169.821954,185.949188,153.957001
140.675743,169.017114,184.013840,156.971588
143.392586,169.878548,182.907425,154.367920
144.317940,170.281045,184.314346,150.239807
143.332481,170.508042,184.949387,156.857834
143.755371,169.795007,184.060883,154.500519
144.878151,169.655129,183.511063,152.689697
145.091270,170.379327,185.914352,152.443268
143.510628,169.170777,185.878067,153.882645
146.785004,170.801812,182.758942,152.320526
144.721222,171.542718,184.965668,157.092255
144.721085,170.648438,183.247314,155.209305
145.624451,173.588609,185.054840,151.811203
143.381752,173.359246,185.507278,155.940277
143.794205,173.224351,184.034546,157.821701
144.544128,173.096070,182.669342,154.975113
144.950714,173.655152,184.637054,152.618729
146.381981,174.164147,184.601974,154.246124
145.202187,174.134805,186.302811,160.869324
147.005486,172.501519,179.130844,152.861725
146.170021,174.401177,185.588028,161.903046
146.418602,173.921792,180.713730,147.457642
145.363449,174.195611,185.182922,160.021027
145.077316,172.955224,182.267639,156.565765
145.000923,173.767175,184.545609,153.777374
144.282280,173.393792,183.315659,152.866913
145.105591,172.332864,186.423798,150.613037
145.215157,171.239205,186.862625,151.942017
146.094795,169.929131,185.419083,150.139435
145.681641,171.777833,184.798126,156.581558
145.645714,169.093469,184.081161,156.692780
146.461647,170.341599,184.856094,150.712753
146.674187,171.797959,185.549667,155.010605
146.132530,170.981057,185.584396,150.279114
145.444344,171.159959,186.693192,157.381149
145.947449,170.142075,184.539154,155.666245
147.242760,171.012719,183.463364,150.794525
145.365417,172.568841,185.998688,159.884308
146.089661,171.730851,183.024506,155.467941
147.380196,174.290162,183.873367,153.903152
145.803726,177.076882,185.201477,157.558105
149.281265,178.846139,183.533264,151.405884
147.074013,178.796128,185.755692,162.444687
157.758118,178.511765,172.598846,143.860886
148.695244,179.786675,185.839157,159.231110
148.002754,178.283303,182.468399,151.377502
146.224571,180.376542,184.110580,160.439804
150.768257,178.223649,176.640274,133.993027
142.587944,179.237809,185.906418,155.084396
142.208229,178.781335,184.731277,153.064423
144.182869,178.634141,184.929581,152.275925
143.199303,176.891915,185.244186,155.757507
145.196587,176.510316,182.824875,150.858536
142.861061,178.194039,184.246475,159.742371
142.938194,176.548097,181.391281,144.582108
141.036949,175.796693,185.205246,156.946915
141.920540,175.281609,180.591995,149.554169
139.265907,173.258012,189.141983,157.335983
140.921730,173.205941,184.601517,155.061096
138.737946,170.839387,185.526154,151.887894
141.166069,169.884774,184.458237,150.762024
140.818001,169.090356,184.951309,153.887726
140.781937,167.878411,183.379578,148.333221
139.476967,167.416741,187.574478,157.697540
142.385834,167.528626,181.549835,153.442581
138.986069,167.488221,184.474915,153.749161
141.663872,167.430932,183.177109,150.665558
139.553535,166.465531,185.169083,156.991013
139.269890,165.145844,181.519272,154.938065
142.864990,163.782204,184.647736,154.109802
140.432381,162.942239,186.051834,153.829590
142.492493,164.203530,183.893585,149.819946
141.320793,165.427659,184.694138,155.643723
141.293716,165.949769,184.329468,150.485062
140.404419,166.396111,186.642975,155.733856
144.535751,167.333596,183.431885,152.521851
140.566261,167.775460,187.725967,155.217896
151.210579,168.244294,177.546646,154.730972
140.242134,167.212853,188.853592,157.598602
147.389893,166.197625,181.788605,157.512909
140.948257,167.431451,188.835449,157.421173
147.499001,166.998544,180.778702,156.051025
140.943047,170.563195,188.842880,152.945038
138.364449,175.988229,188.685989,145.231140
132.115471,186.632256,182.384506,139.954254
119.970596,199.180810,184.077332,129.313690
108.609444,204.286309,188.885208,114.841888
101.038040,202.026410,193.446350,108.826897
98.480736,198.924985,192.933395,109.353905
99.415161,196.399949,195.002533,109.725388
98.328369,196.319970,194.267792,108.429047
99.214073,194.709943,195.149033,110.455437
97.832153,196.727807,196.423492,110.048920
99.233017,197.271291,196.418823,107.892616
99.599487,198.144872,196.183624,108.263130
99.591904,197.891690,194.744873,106.987267
99.291496,198.755002,194.794479,107.660728
100.842392,197.981931,194.279785,107.617088
99.823586,197.469437,194.814713,107.694504
97.972023,196.678235,195.757828,108.217827
96.992142,197.075379,195.924927,109.696060
97.448235,198.094067,195.181259,107.323601
98.383545,197.600373,195.578766,110.714371
99.362610,198.427338,196.447174,108.346146
95.874290,198.041150,200.254684,109.186760
97.197701,199.592854,202.093155,107.525124
96.489288,200.146504,205.516937,108.307838
95.649094,199.295140,207.623047,110.575264
96.552589,198.279477,207.176163,109.613976
96.091408,199.217809,208.399796,110.515572
96.386772,199.061875,207.582932,109.669357
97.368134,199.553735,206.854401,109.358124
98.200851,196.730847,206.917480,109.845207
97.505211,195.682614,207.493820,109.855064
98.485634,196.918160,207.445328,109.120056
98.059845,195.346654,207.879547,110.505135
98.832207,195.325070,207.145493,108.995262
99.787025,196.698861,207.382889,107.738159
99.981018,194.881944,207.560455,109.487106
99.855400,194.671155,206.793564,110.473320
100.576385,195.725488,207.488983,108.632782
100.282021,194.485055,208.130692,110.169189
101.513763,195.681790,208.110260,108.562767
101.695107,196.502431,208.448074,109.223427
102.880325,195.467339,208.454041,108.589081
102.358147,196.173810,208.814133,109.949760
102.859489,196.239312,207.481796,109.356354
102.978897,196.650536,207.815186,107.944489
103.847794,197.038564,208.795532,107.614357
103.839104,195.961861,207.987473,110.374146
103.496445,195.659016,208.070190,110.518349
104.280151,195.827779,207.588593,109.633583
104.169075,195.563836,208.016800,110.317841
104.612396,195.343362,208.145416,109.048706
104.392746,195.539964,209.261353,109.298447
104.989578,195.441815,208.631165,109.700676
106.347710,195.854897,208.308395,109.065125
106.683113,196.724301,208.247086,109.580772
106.983139,194.822434,208.589111,110.157150
108.237785,196.432126,208.108322,109.046043
108.123337,196.056470,207.530701,110.610039
108.033661,195.842358,207.347626,110.651115
107.821152,195.632912,207.845886,110.462402
107.953224,195.324715,207.934341,110.838501
108.760155,195.488675,207.904160,110.446129
108.190048,195.418801,207.897095,111.051025
108.649727,195.982278,208.237564,110.284668
107.339821,195.349770,207.719559,111.136719
107.981316,196.047593,207.608383,110.166306
107.144852,195.296861,208.147400,110.700912
107.373688,196.086266,202.858917,110.764252
106.867584,200.228600,192.777679,104.172699
104.639488,207.113004,184.849533,96.101036
115.013512,201.603719,179.222702,96.554115
129.111961,188.851250,152.534348,119.525360
138.018616,178.317376,135.675507,139.166901
149.659866,172.924599,121.797241,142.914917
143.782776,167.464677,122.343536,160.152145
129.321510,162.082879,132.538223,178.250214
119.355225,163.833253,143.570770,177.988297
109.678413,168.370538,154.959915,174.377350
104.620758,170.413201,164.635345,171.255646
103.160828,170.903985,169.128143,169.879852
102.695404,172.001176,171.673309,169.196945
102.650764,172.717110,172.384354,168.336975
103.221321,172.749184,172.025467,168.632751
104.233444,173.343018,172.695984,167.607315
105.114357,173.411126,172.741714,166.865753
105.809502,174.033570,173.299057,166.837173
107.409195,172.575700,172.717468,166.878952
108.454254,171.820504,173.927399,166.408203
111.000732,171.241959,174.209381,165.580978
112.722626,171.474976,174.855011,164.494461
115.201019,170.372720,174.437897,164.894836
116.895317,171.081086,175.528854,163.141495
119.611313,172.433099,175.187927,161.471588
122.092957,171.258637,174.185272,161.180923
127.171234,171.127831,174.245209,161.225922
129.221748,170.426476,173.898148,159.712128
132.472824,169.267976,173.935608,161.038712
135.733391,168.659036,173.206223,160.854736
138.436661,168.263116,173.816956,160.662506
141.433594,168.248223,174.183014,160.274994
143.131554,168.977746,174.566147,159.799347
147.654861,169.249787,174.070374,160.160721
150.523140,169.188195,174.975540,159.241425
152.953003,168.996308,174.755402,160.317215
160.018860,168.735062,174.089569,159.500168
163.514999,169.416734,174.487305,159.500473
170.256729,168.969079,173.867798,158.951813
172.273529,170.061471,175.322296,159.031372
178.070015,170.297135,175.610794,158.865646
181.024994,170.372193,175.066864,158.301529
186.559708,171.133782,175.133667,157.743988
190.381081,171.151337,175.335464,157.459305
193.914810,172.745530,175.354675,156.995529
197.562943,172.388947,175.725525,156.934280
201.139816,173.166291,175.931519,156.745621
204.542625,172.643777,175.649399,156.723694
208.863304,173.277657,176.163864,156.925659
211.529602,172.938096,175.672577,156.874435
214.204491,174.109902,175.581284,156.376770
215.718361,174.220170,177.306839,155.992722
218.271080,174.440186,178.010056,155.381668
222.133492,175.943024,187.071060,151.597000
221.930931,184.176972,192.491501,142.566238
220.329529,178.793641,194.396393,147.589371
221.713135,177.698441,197.506683,146.306808
225.313118,176.809319,195.810867,146.474396
228.454262,176.280366,194.655472,145.924026
230.819313,175.975587,195.846573,145.900223
231.337654,176.421975,198.044388,144.726379
229.144241,175.888688,201.531799,145.067551
231.042290,175.767968,199.677841,145.060638
231.524307,174.856072,199.411194,144.324310
230.594437,173.584626,199.506470,144.042374
233.759491,172.374909,197.744781,144.380020
236.744026,171.980775,195.113419,144.351822
237.602013,171.177239,194.427414,143.513153
238.827156,169.729974,193.344925,143.883636
234.090096,167.274506,211.252090,144.207596
228.883835,176.119744,226.182190,134.041962
222.951828,194.363843,246.036255,113.028801
209.065216,199.051411,274.453522,104.279213
197.585358,199.334390,287.905548,114.571716
183.473709,203.417416,299.129333,110.267357
161.982742,214.301667,309.639099,89.086624
158.741104,219.842873,283.496155,112.237793
138.935577,217.460122,278.655060,118.223633
135.818253,221.123723,263.438538,114.430733
126.617523,225.584531,257.195160,111.451561
125.680992,224.164548,239.455917,110.005516
123.720428,221.194024,234.513947,117.292206
127.871147,218.453488,231.385849,118.360497
124.814850,217.169427,240.074066,123.325958
119.141823,216.094525,248.995377,115.049187
115.703262,219.046002,251.845337,116.287712
111.175186,221.224534,252.051392,116.062729
104.261169,214.159379,260.848053,128.192917
98.132355,196.709885,273.453217,137.053329
95.127594,201.944825,273.283234,138.204788
94.851471,216.979306,290.398163,116.900597
91.905670,214.476830,280.808075,120.944672
104.134125,212.050641,276.454926,120.955193
92.772583,212.722939,290.529694,123.317688
109.662537,210.683301,276.925812,119.738274
117.015701,211.377465,272.181824,123.361115
120.690842,212.194920,272.395508,120.029305
124.118317,211.638776,271.918671,125.100029
131.386398,212.061372,266.726562,122.849869
132.343811,212.510197,266.977997,123.214363
136.858231,211.625584,267.045776,124.765450
139.212891,212.635320,267.082916,121.811043
142.221741,212.234746,264.497162,122.940559
143.125641,213.310990,265.527435,121.893295
145.305115,215.498284,266.364105,120.225800
149.023972,216.181928,265.068054,120.935600
151.342102,216.252374,262.818085,120.589752
152.487854,217.292668,264.919464,120.104927
156.798462,217.751630,261.001678,118.211601
159.145096,217.690919,260.299316,119.505386
167.300964,216.675664,253.764801,117.528511
173.223007,215.171975,249.145203,116.112183
172.563484,214.473313,250.755081,114.251816
170.328590,214.088757,252.680191,113.502678
170.552521,213.972863,250.608246,112.592072
171.202591,215.131013,249.393127,112.367142
172.391922,215.392903,246.812439,111.642006
172.021996,215.150975,251.898056,112.366280
174.944817,216.038945,246.052536,110.850655
164.682205,217.442174,261.292603,110.114998
153.799942,214.838700,262.259033,112.553391
142.230118,208.239255,274.884338,117.899620
143.257050,239.347894,287.913116,85.761444
140.077332,239.204629,276.972931,85.659119
133.925186,240.815049,289.117493,84.230392
129.699799,242.848676,289.365021,83.092155
127.941589,243.645779,291.968475,84.039268
130.202316,243.821942,284.528625,83.451958
133.426208,244.973946,284.947113,83.623474
135.747910,246.144776,284.706970,83.226089
135.414551,246.974530,282.768768,81.008965
131.136551,248.227029,284.982605,81.441650
132.863144,248.171006,284.108826,80.585251
134.054596,247.435490,281.133820,80.614449
122.159668,246.807576,290.045502,86.042397
118.278168,242.439092,297.849091,86.506783
117.088181,240.275750,295.306702,89.979401
117.206894,239.184491,294.955017,94.971977
118.274429,240.215382,296.761475,92.360634
119.179382,240.667970,295.876495,91.380569
120.035614,239.618623,294.637482,93.320633
117.064270,237.143212,298.731293,95.679901
110.299149,225.101849,300.370972,105.142204
108.441315,218.456910,272.607452,108.871964
90.423965,205.943490,280.154602,120.420837
56.795776,193.481301,324.188263,136.292908
30.514038,185.691995,304.592743,131.450256
4.418060,183.514802,298.451080,132.247574
1.514832,183.559377,291.477203,123.421364
0.469894,185.185342,245.945312,113.638794
0.000000,179.375890,214.517509,102.569649
0.000000,178.818616,193.587154,102.516411
0.000000,176.597958,178.421072,96.520287
0.221194,176.952142,171.971359,97.156464
0.227878,176.135789,174.048508,95.759262
0.885913,176.290505,177.085159,93.827271
1.211406,175.540505,183.395355,96.260437
1.662578,175.458814,189.735748,91.828606
0.899516,174.906804,195.554657,93.086128
4.478450,172.274018,201.919189,94.524429
2.439090,169.906491,208.932175,94.019005
9.381740,169.222352,209.100830,100.188004
9.669612,170.082097,212.149048,93.232857
19.042956,163.013451,220.742020,101.858673
25.306674,146.951535,238.764633,117.741295
28.108775,146.991670,216.159760,126.061478
34.853824,146.913972,217.915329,131.036087
36.447337,145.485635,222.723175,134.951599
41.675654,145.784463,222.801270,135.214478
44.612369,146.141038,226.351547,136.372787
43.688281,146.517426,232.634842,139.958328
46.248988,148.964326,259.190491,127.933792
58.472247,152.359933,228.915115,138.976135
61.174006,147.818421,200.619690,130.822525
67.348063,149.799424,202.104523,126.231613
72.719539,151.213609,197.909729,128.271957
76.050258,147.763833,199.527039,129.335388
78.014712,147.374215,203.115952,128.738098
87.721972,148.261597,195.530594,130.890152
93.049281,148.095757,192.729492,138.129303
98.058085,148.987817,192.214447,140.572968
102.859286,149.153695,191.570847,137.460388
105.597964,152.845933,192.211105,132.633652
104.506534,152.836411,196.264145,120.903122
110.691943,155.719991,210.282059,109.443214
114.431720,156.790822,204.293777,127.346779
119.501132,158.145104,191.323410,128.620087
122.924884,155.493474,193.856766,126.068916
127.895305,154.100457,200.044220,130.588104
135.347415,155.059289,201.604843,130.770660
137.633410,156.046609,200.818619,129.281128
144.902339,155.581635,197.533142,130.505203
148.732699,157.778123,197.991623,127.678818
153.165118,158.467378,190.339493,123.084366
155.675746,157.920495,192.927917,110.010834
166.050799,158.577222,146.001541,113.058708
174.098880,158.745557,150.268234,112.975883
181.769610,159.335183,165.378250,112.397461
182.973704,156.994508,149.868195,109.260452
190.230571,155.438760,125.937103,89.465027
187.339938,155.025613,143.479599,98.555176
203.842547,162.264954,141.120621,93.469131
202.173221,158.748345,132.699142,104.939484
211.433368,157.548062,121.305252,101.814049
240.122809,171.140565,100.091835,88.855728
254.135047,173.218091,85.560616,83.560692
225.371066,162.404195,113.788803,93.805336
216.084018,155.947255,124.671097,80.634956
222.076003,153.875787,118.736168,97.741455
215.265277,153.090825,111.441849,92.505836
208.181510,128.364827,119.806038,101.593605
193.096011,117.925866,145.013168,119.880341
193.832660,111.671937,146.329971,126.079239
251.541846,149.910584,90.963051,82.600906
271.103648,146.322308,71.414124,84.952141
282.008878,150.215840,62.864681,80.565742
286.648675,145.185670,63.846806,86.145157
294.942744,149.095551,60.053009,82.727982
271.747848,151.321904,92.109337,65.567909
184.723262,104.108918,168.755035,120.480545
180.326365,103.906991,172.445251,105.945618
179.864917,104.536820,178.562485,107.303574
179.275516,105.902913,185.465836,126.124733
183.542964,104.481881,178.142303,127.314636
187.757632,104.228791,177.984390,124.566910
213.954127,113.538998,157.010956,116.141441
198.773929,109.781403,177.140335,118.966141
208.675410,113.150506,181.768768,96.180389
207.366984,100.125451,167.979858,132.134125
209.757098,97.144559,159.861923,127.201622
218.421588,93.139813,154.658493,126.969109
215.346194,96.549134,164.775894,135.941727
224.621310,93.319215,156.811478,137.352371
222.559573,93.706269,156.442337,140.570389
222.371058,94.475747,154.185883,137.901489
227.870547,94.326806,147.589066,136.312714
228.324222,91.907513,147.144974,102.378654
220.281878,85.184331,119.037155,107.752388
232.734073,80.776448,100.407059,110.709145
234.892550,79.392880,97.023270,102.875328
227.076934,79.983243,108.715843,102.018059
235.248054,81.476647,106.298225,116.135986
234.002933,82.998166,105.495316,106.661247
237.489310,84.474667,106.976357,109.737785
242.492660,87.771714,99.578178,109.753555
242.537635,90.382638,98.774910,106.294098
243.104762,92.530408,99.136566,103.028831
244.782321,94.276112,99.276505,112.717110
245.739303,98.637627,97.512321,102.171997
247.287391,102.580872,96.565132,106.027634
247.931483,106.541558,98.159180,107.670349
248.147422,109.725453,95.543282,100.132393
248.845164,111.553151,93.757202,104.069801
246.938861,115.485413,95.272507,106.121628
246.635245,117.647881,95.257149,102.466156
248.814452,117.746888,95.300438,107.691208
249.547538,119.443478,94.357979,99.445122
252.076762,121.558968,95.367035,102.712189
253.070472,123.012742,95.941902,108.788101
252.275115,123.512402,94.670036,100.269310
254.166732,122.167088,96.613304,113.378548
255.202090,118.782117,95.614609,103.786858
254.138274,120.840302,94.237267,101.846024
255.339652,118.503003,93.558601,102.509392
253.549098,119.696519,95.358978,107.656967
253.525706,120.507813,93.390320,99.130142
254.548034,121.755586,93.815392,106.215775
255.456683,122.965196,92.515610,99.589401
253.135142,122.973924,94.378418,103.478043
252.806365,125.204011,94.802483,110.292648
252.165984,128.136697,94.811760,102.139404
252.392360,128.075696,93.889771,104.471062
252.814590,129.937257,94.254539,106.958878
252.908572,130.110074,93.556229,101.071892
252.116881,129.183919,94.485497,106.611732
251.985373,127.830434,93.265907,101.054482
246.753875,130.509930,98.172569,102.316734
238.763694,132.256768,87.307014,104.723083
238.672637,132.745347,88.877861,118.701889
224.033591,138.968446,102.269875,112.846939
215.839774,138.537621,107.465370,113.586151
211.415557,136.348035,110.651939,113.284904
202.338820,135.240441,118.071709,87.671112
197.802310,131.750607,125.154068,90.127251
196.266200,128.963811,131.519440,90.330849
195.666743,128.583672,136.380890,93.759155
194.130649,129.812810,131.720596,91.469460
195.547107,129.628030,133.121872,95.102936
194.507586,129.467896,133.427780,92.681198
191.090396,129.599610,137.503860,94.188156
185.008044,126.009282,142.077133,96.690041
171.858241,124.857407,153.618927,95.597305
184.692500,120.620141,146.819305,107.440002
177.593074,119.703843,162.725250,105.935074
175.611171,116.750993,163.296967,111.171158
176.528781,117.871491,157.991776,108.828171
176.695712,117.592316,156.696548,108.870712
179.346393,117.635270,154.983566,107.602432
185.509768,121.091737,149.558121,104.784286
171.532367,124.509003,165.465561,101.989059
171.899470,130.787122,166.412689,83.339745
173.498302,134.306584,156.496277,87.156288
171.592952,134.678704,159.708160,81.433777
171.987262,135.450997,166.310532,79.540375
173.722735,135.679055,167.068039,90.939606
175.144282,135.277654,166.645050,90.596169
174.902209,136.450028,167.451340,89.033951
174.415095,138.072785,169.103668,88.828354
177.791255,138.379121,165.515228,88.840012
176.180163,140.192769,167.877060,89.094246
179.764415,140.281934,170.742737,89.194908
186.058978,140.949254,169.504745,88.124794
189.838183,139.576436,166.655380,90.542915
188.591380,139.725953,168.646729,89.724960
188.782023,139.591580,169.151184,89.835808
190.046458,139.685613,167.868286,90.882973
190.773051,140.018197,167.565369,90.373688
188.317866,139.917867,170.593475,90.981636
191.729693,139.232682,168.087997,92.249954
193.486705,138.826638,166.881165,91.110870
191.833133,139.009259,169.621475,92.434776
190.427592,138.001340,171.519897,93.576653
189.880961,137.590886,172.783569,94.575478
192.624476,138.098355,171.260345,94.497246
191.718669,137.869225,172.952209,96.336914
193.611812,138.880112,172.901703,96.344009
193.525630,138.650761,172.094818,95.823036
193.902759,137.755215,171.877792,95.134575
192.516994,136.880578,171.966278,96.379822
190.234042,136.310067,170.581070,98.054657
187.295787,136.985848,171.552124,95.812653
188.956798,137.415547,169.866699,95.732124
189.180263,142.114564,171.134979,90.474045
190.500682,145.342007,183.163513,86.237785
185.558017,146.085858,182.882034,94.400047
193.916682,146.502633,166.369781,92.975800
192.128604,147.087144,168.017227,91.533768
189.415515,148.005311,173.376877,92.158310
193.277644,147.436711,169.248993,93.076637
189.736438,148.387174,174.612717,92.492851
191.420497,147.955888,172.966766,93.086502
191.708659,146.688863,175.104858,96.214668
192.951098,146.346013,186.067734,84.740334
195.174891,141.331605,173.938629,100.235214
197.104403,132.694920,164.355240,111.441200
199.639163,131.257481,161.742020,100.880348
210.003680,127.793000,156.628525,101.847397
208.388026,125.114560,152.821686,104.897392
211.055903,124.822106,152.666107,108.821167
211.869357,124.942021,151.134232,109.034279
213.621379,125.314015,149.767395,109.521675
214.592334,124.381646,147.734848,104.395447
217.265040,127.075414,145.815948,106.623207
219.551250,127.167077,137.192810,90.156128
221.096873,130.149201,130.599243,87.046249
223.545764,132.276006,112.675400,109.025917
225.947131,133.308354,108.797226,96.301552
226.886443,133.193829,108.445335,97.749718
226.454455,132.766759,108.637131,97.078835
227.010989,129.860452,110.428360,111.534760
227.974154,133.540246,109.177872,101.480408
228.485370,132.861470,108.263962,101.654732
228.943713,137.585782,107.705368,102.906731
229.365149,136.752721,107.860115,99.663673
229.298717,142.106839,106.587769,100.705986
229.866969,142.741643,106.041229,102.549721
229.443446,143.683255,106.550507,97.530388
229.584094,143.423791,105.739700,99.455414
229.755874,143.835931,106.266136,98.401337
229.727672,144.332181,106.116364,101.265526
229.787070,145.901189,106.188972,102.011299
229.571929,146.910153,106.239555,103.876366
227.368915,147.352746,107.349197,93.389313
228.285445,148.036366,104.790916,100.923439
227.616893,149.711972,106.245087,99.041893
227.634967,149.340138,105.934097,97.976204
226.066382,149.430909,107.407326,102.848312
226.664748,146.569516,107.067894,99.497246
226.685199,147.721364,106.323074,105.208992
227.618171,148.318925,106.754005,96.511002
226.415458,146.885110,106.789284,106.073456
227.344699,148.729730,105.992264,96.500366
226.494548,148.337243,104.719421,95.161774
225.861243,148.238686,101.902107,87.124084
224.962695,147.359841,107.804153,86.948486
226.138171,143.957257,95.572220,102.205528
225.707068,143.893849,94.000740,88.221260
225.790580,144.707230,93.651009,91.178207
225.741359,144.369222,93.103546,92.848518
225.601993,145.169324,93.204758,94.387444
225.311049,146.384496,94.004570,96.247627
224.870662,146.889901,94.378082,97.587494
224.247897,145.787324,94.311356,99.374802
223.248008,146.578034,94.096931,97.174423
223.317512,146.547746,93.418800,94.339706
223.527942,146.956639,93.094894,91.015602
223.866393,147.075009,92.259392,94.749290
223.335341,147.864861,92.561028,94.392731
223.178298,147.568608,92.480431,96.871956
222.519458,146.969937,93.883255,99.858940
221.922961,148.139882,93.971817,96.408150
221.186500,148.568620,94.325294,95.105362
221.178626,148.388184,93.459633,95.879837
220.787524,149.148915,92.524918,96.081551
219.887908,149.633542,92.122887,94.094658
219.559566,149.257306,91.638092,93.795708
219.126006,149.483041,92.517052,96.992004
217.638137,150.255780,93.412010,96.085472
216.724830,151.074799,93.116371,96.186325
215.336234,150.666055,93.393929,94.664337
215.013144,150.461438,91.928383,95.958122
212.855590,148.209676,93.948814,98.572243
212.706561,147.795117,92.914841,96.346519
211.730449,146.905679,93.763397,95.867310
212.063270,146.257768,93.265236,97.077835
211.339240,147.124432,92.718758,94.198967
211.313224,148.769833,92.299538,95.381767
211.077518,149.466184,92.217392,94.688194
210.482150,149.393647,91.712753,92.590073
210.122638,148.336972,90.932236,94.294212
209.135230,148.850598,91.862556,93.434227
208.907409,148.885846,91.396049,93.413475
208.853106,148.238889,90.708176,93.442406
208.443793,147.982625,90.939125,96.788094
207.332267,148.412682,92.134956,96.935944
