0.000900
0.030231
0.029961
0.031073
0.030630
0.030514
0.030214
0.030642
0.029883
0.030538
0.031406
0.029872
0.030626
0.030657
0.029953
0.030079
0.030686
0.030108
0.030505
0.030020
0.030720
0.030260
0.030930
0.030442
0.031134
0.031212
0.030962
0.031879
0.030847
0.031180
0.029846
0.029903
0.030500
0.030726
0.029763
0.030509
0.031009
0.029803
0.030569
0.031400
0.030394
0.031398
0.031166
0.030562
0.031112
0.030248
0.030332
0.030345
0.029878
0.031273
0.030355
0.030049
0.029812
0.031151
0.031550
0.030722
0.030685
0.030504
0.031304
0.031255
0.030314
0.030742
0.029936
0.029986
0.030226
0.029966
0.031090
0.031103
0.030550
0.031010
0.030856
0.031091
0.030224
0.031135
0.031074
0.030826
0.030594
0.030377
0.030077
0.030453
0.031815
0.030190
0.030093
0.030316
0.031048
0.031232
0.030198
0.030238
0.029855
0.030130
0.031064
0.030971
0.029891
0.031332
0.030285
0.029935
0.030508
0.030459
0.030057
0.030680
0.031419
0.030917
0.030879
0.030501
0.030751
0.031677
0.031392
0.031161
0.029750
0.029753
0.030158
0.030424
0.030198
0.030079
0.029784
0.029767
0.030538
0.029881
0.030026
0.030318
0.030102
0.030297
0.030373
0.030137
0.029927
0.030666
0.030030
0.030813
0.031054
0.029987
0.029908
0.031164
0.029861
0.030259
0.030058
0.030186
0.030173
0.029874
0.030332
0.029935
0.030784
0.030069
0.029837
0.030036
0.030865
0.030040
0.029736
0.030172
0.029810
0.030335
0.030005
0.030044
0.029761
0.029813
0.030879
0.029949
0.030275
0.030806
0.030715
0.030068
0.030003
0.030500
0.029895
0.029862
0.030257
0.030216
0.031041
0.029827
0.030223
0.029820
0.030137
0.030431
0.030357
0.029850
0.029930
0.030922
0.030294
0.030011
0.029927
0.031024
0.029860
0.029938
0.031267
0.029957
0.030092
0.031409
0.029719
0.031153
0.031419
0.029928
0.030944
0.030042
0.030021
0.030015
0.030368
0.029829
0.031770
0.030050
0.029855
0.029918
0.029971
0.029928
0.030573
0.030291
0.029943
0.030031
0.031224
0.030327
0.029864
0.031014
0.030557
0.029723
0.030114
0.029872
0.029893
0.030022
0.031054
0.031579
0.030427
0.030974
0.030348
0.030661
0.031079
0.031215
0.030896
0.029913
0.031020
0.031245
0.030020
0.030366
0.029851
0.030351
0.029697
0.030298
0.030539
0.030422
0.030060
0.029926
0.029803
0.030320
0.030698
0.029978
0.029903
0.030251
0.031440
0.030628
0.030403
0.029983
0.029861
0.030150
0.029964
0.031184
0.031110
0.029787
0.029974
0.029902
0.030317
0.030051
0.030015
0.030676
0.029958
0.030033
0.029778
0.029938
0.029839
0.030456
0.030505
0.030231
0.029833
0.030747
0.030329
0.029773
0.030606
0.030081
0.030424
0.029831
0.029813
0.030662
0.029880
0.029802
0.029782
0.029752
0.029599
0.030400
0.029795
0.030394
0.030098
0.030186
0.030906
0.030370
0.030839
0.030504
0.031035
0.029826
0.030427
0.029889
0.029853
0.030618
0.029862
0.029816
0.029924
0.029642
0.030249
0.029970
0.029981
0.030501
0.029986
0.029672
0.029825
0.029791
0.030589
0.030012
0.029739
0.029917
0.031289
0.031737
0.029841
0.029841
0.029904
0.029900
0.029800
0.029797
0.029918
0.030673
0.030508
0.031705
0.029721
0.029790
0.029921
0.031019
0.029752
0.030771
0.029978
0.029760
0.029932
0.030625
0.030595
0.030207
0.029987
0.030557
0.030399
0.029794
0.029861
0.029825
0.029823
0.029920
0.029956
0.029975
0.029958
0.029891
0.029857
0.030478
0.030089
0.030239
0.030897
0.029745
0.029779
0.029846
0.029929
0.029855
0.030515
0.030062
0.030464
0.031443
0.030001
0.029693
0.029724
0.029751
0.029971
0.029732
0.029876
0.029849
0.031105
0.030479
0.030584
0.030043
0.029750
0.029971
0.029818
0.030666
0.030245
0.030492
0.030444
0.029934
0.029741
0.029934
0.029819
0.030397
0.029971
0.029716
0.029672
0.029763
0.030998
0.030139
0.029989
0.029832
0.029739
0.029846
0.030365
0.031215
0.030861
0.029948
0.029960
0.029880
0.030864
0.030474
0.029784
0.029724
0.029794
0.030030
0.029832
0.029954
0.030740
0.030509
0.030375
0.030121
0.030868
0.030093
0.029998
0.030956
0.031211
0.029921
0.029830
0.029894
0.030425
0.030607
0.029999
0.029895
0.029945
0.029942
0.029967
0.030706
0.030045
0.029899
0.030708
0.029882
0.030580
0.030151
0.030759
0.030491
0.029691
0.031106
0.031389
0.029784
0.029842
0.030564
0.030965
0.029784
0.031125
0.029943
0.030468
0.031867
0.029929
0.030049
0.030032
0.031020
0.029881
0.030117
0.030615
0.030556
0.029941
0.031555
0.030395
0.030967
0.030899
0.030077
0.029777
0.030706
0.029800
0.031084
0.029883
0.031163
0.029956
0.030974
0.029901
0.030614
0.030798
0.031309
0.029777
0.030493
0.030533
0.030555
0.029930
0.029980
0.030215
0.030257
0.030525
0.031068
0.029826
0.030501
0.030219
0.031516
0.030149
0.029812
0.030087
0.030164
0.030018
0.030139
0.030063
0.030606
0.029835
0.029812
0.030100
0.030695
0.030691
0.030209
0.029693
0.029929
0.030138
0.030008
0.030205
0.029858
0.029766
0.030734
0.030262
0.030631
0.030019
0.029591
0.029743
0.030562
0.029852
0.031115
0.029897
0.029787
0.029693
0.029522
0.030977
0.029791
0.030710
0.031103
0.029979
0.030154
0.029979
0.030150
0.030892
0.030001
0.031183
0.029920
0.030794
0.030134
0.030927
0.031104
0.030023
0.031127
0.030339
0.031246
0.030142
0.029758
0.029985
0.029605
0.030047
0.030085
0.030169
0.029872
0.030398
0.030033
0.030075
0.030624
0.029805
0.029951
0.029957
0.030481
0.029942
0.030674
0.029999
0.029861
0.030204
0.029834
0.030217
0.029834
0.030329
0.030476
0.029891
0.030601
0.031233
0.030563
0.031044
0.030768
0.030033
0.030071
0.031815
0.030593
0.029820
0.029856
0.029979
0.030842
0.029727
0.030303
0.030197
0.029790
0.030779
0.030968
0.030346
0.031192
0.029990
0.030062
0.029698
0.029753
0.029914
0.029758
0.030737
0.030335
0.030442
0.029835
0.030254
0.030256
0.030165
0.029844
0.029997
0.030541
0.030943
0.030112
0.029839
0.032382
0.031489
0.029750
0.030869
0.029986
0.030460
0.029794
0.031099
0.031277
0.030230
0.030166
0.031250
0.030192
0.030248
0.030098
0.029823
0.030217
0.030198
0.030056
0.029920
0.030377
0.030101
0.029913
0.029815
0.029751
0.030458
0.030229
0.030097
0.031023
0.029828
0.029791
0.029963
0.030268
0.029781
0.030382
0.030174
0.030306
0.029846
0.029922
0.030586
0.030938
0.030557
0.030001
0.030225
0.030471
0.030093
0.031189
0.030062
0.029812
0.030479
0.030358
0.029785
0.029964
0.030291
0.030475
0.029751
0.029812
0.030263
0.030319
0.030038
0.030460
0.030764
0.030152
0.029834
0.029948
0.030458
0.030609
0.029767
0.030896
0.029861
0.029972
0.029768
0.029871
0.029816
0.030510
0.029939
0.030661
0.029909
0.030045
0.029955
0.029861
0.029953
0.030186
0.029980
0.029831
0.030364
0.029803
0.029952
0.030021
0.030561
0.030803
0.030659
0.029957
0.030007
0.029786
0.030841
0.029850
0.029753
0.029889
0.030215
0.029921
0.029737
0.029878
0.030571
0.030175
0.030013
0.030218
0.029981
0.031425
0.030109
0.029897
0.029981
0.029994
0.030405
0.031243
0.030337
0.030042
0.029696
0.029778
0.029871
0.029731
0.030257
0.029991
0.030393
0.030558
0.030072
0.029937
0.030251
0.030075
0.030938
0.030288
0.029922
0.029881
0.029802
0.030799
0.029929
0.030233
0.029789
0.029867
0.030589
0.029725
0.029829
0.030524
0.030197
0.029712
0.030156
0.029917
0.031474
0.030300
0.030345
0.029836
0.031191
0.030616
0.030421
0.029834
0.029770
0.030131
0.029887
0.030073
0.030568
0.030082
0.030781
0.029789
0.030147
0.029900
0.030719
0.030324
0.029784
0.030039
0.029868
0.030047
0.030442
0.030446
0.029910
0.029971
0.030459
0.030095
0.029855
0.029834
0.030593
0.029826
0.029948
0.029914
0.030410
0.030083
0.030983
0.029898
0.030888
0.030012
0.029963
0.029850
0.029810
0.030136
0.029810
0.029764
0.029764
0.030223
0.030210
0.030517
0.029938
0.029807
0.029952
0.029649
0.030286
0.030807
0.029727
0.029990
0.030156
0.030562
0.030095
0.030362
0.031168
0.030614
0.029897
0.030087
0.030003
0.029966
0.030259
0.029873
0.030057
0.030660
0.029704
0.030009
0.029799
0.030358
0.030233
0.029934
0.029855
0.030953
0.029812
0.030122
0.029715
0.030704
0.030051
0.029692
0.029888
0.030039
0.030416
0.029779
0.029854
0.030065
0.030021
0.030441
0.030255
0.029791
0.030245
0.029845
0.029676
0.029952
0.030002
0.030307
0.029646
0.029653
0.029823
0.029826
0.029838
0.029709
0.030901
0.029832
0.030652
0.030753
0.030138
0.030229
0.030927
0.029974
0.029829
0.030046
0.030141
0.029967
0.030332
0.029805
0.029983
0.029901
0.030879
0.030040
0.030830
0.030255
0.029962
0.029722
0.030393
0.029790
0.030042
0.029832
0.029988
0.030277
0.031451
0.030032
0.029960
0.030557
0.030271
0.029921
0.029818
0.031131
0.029664
0.029928
0.029808
0.029880
0.029787
0.029745
0.030509
0.030089
0.029928
0.030170
0.029888
0.029786
0.030605
0.030309
0.029804
0.029736
0.029804
0.030450
0.030300
0.029859
0.030113
0.029961
0.030021
0.029939
0.030022
0.029905
0.031094
0.029928
0.030213
0.030099
0.029944
0.029889
0.029847
0.029937
0.030331
0.029758
0.030028
0.031179
0.029677
0.029882
0.030142
0.029829
0.029901
0.029821
0.029814
0.030326
0.029925
0.029869
0.029954
0.030016
0.031283
0.029890
0.030175
0.030716
0.030108
0.030984
0.029674
0.029800
0.031174
0.031592
0.030031
0.030585
0.030545
0.029742
0.030314
0.029812
0.030212
0.029872
0.031376
0.029928
0.030487
0.029934
0.029819
0.029782
0.030520
0.029964
0.029837
0.029881
0.029977
0.030062
0.031225
0.030300
0.030737
0.030029
0.029897
0.029869
0.029858
0.031579
0.030598
0.030694
0.030979
0.030137
0.029727
0.029724
0.029709
0.030866
0.030748
0.029865
0.029782
0.031223
0.030684
0.029779
0.030183
0.029911
0.029841
0.029974
0.030041
0.029985
0.030003
0.030045
0.029976
0.030005
0.030239
0.030532
0.029803
0.029948
0.030289
0.030163
0.029870
0.030907
0.030175
0.030014
0.029881
0.030343
0.029852
0.029895
0.029883
0.029930
0.030888
0.029994
0.030376
0.029934
0.030044
0.029807
0.029972
0.030214
0.029892
0.029973
0.030643
0.030022
0.029831
0.029883
0.029941
0.029839
0.029823
0.030027
0.029761
0.029699
0.029991
0.030095
0.030065
0.030280
0.030465
0.030605
0.029789
0.029924
0.030280
0.030473
0.030488
0.030045
0.029903
0.030283
0.030385
0.030819
0.030013
0.029769
0.029915
0.031006
0.029764
0.029845
0.030176
0.029779
0.030021
0.030622
0.030554
0.030362
0.029962
0.030174
0.029920
0.030822
0.030264
0.029891
0.029939
0.030766
0.031121
0.030071
0.030415
0.030111
0.030824
0.031248
0.030080
0.030140
0.030896
0.030540
0.030258
0.030384
0.029992
0.029943
0.030557
0.030546
0.030099
0.030855
0.030606
0.030064
0.030453
0.029978
0.029784
0.030600
0.029911
0.029898
0.029960
0.030316
0.030131
0.029807
0.030083
0.030486
0.030004
0.030325
0.029783
0.030031
0.029943
0.029973
0.030351
0.030862
0.029983
0.030699
0.029739
0.029890
0.030414
0.030040
0.029793
0.029916
0.030526
0.030580
0.031117
0.030598
0.029779
0.030261
0.030598
0.029954
0.029776
0.031297
0.030283
0.030207
0.030160
0.030103
0.029927
0.029879
0.029971
0.030650
0.030480
0.030664
0.029787
0.030045
0.031070
0.030091
0.029861
0.029833
0.029998
0.029794
0.030723
0.029823
0.030488
0.030123
0.030997
0.031195
0.029623
0.031720
0.031086
0.029853
0.029867
0.029957
0.031213
0.030316
0.029969
0.029941
0.030126
0.030276
0.030666
0.029982
0.029761
0.029851
0.030493
0.030377
0.030607
0.029878
0.030986
0.030000
0.030032
0.030860
0.029782
0.030111
0.030322
0.031748
0.030215
0.029799
0.030983
0.029953
0.031308
0.029968
0.029888
0.030229
0.030154
0.029740
0.029883
0.029788
0.030521
0.030555
0.030301
0.030247
0.030632
0.030380
0.029936
0.029724
0.030677
0.029942
0.029985
0.029920
0.029968
0.030566
0.029945
0.029796
0.029917
0.029911
0.029996
0.030045
0.030115
0.029878
0.029929
0.030048
0.029846
0.030088
0.031354
0.029958
0.029891
0.029719
0.029875
0.029934
0.029695
0.029933
0.030071
0.029885
0.029706
0.030082
0.029730
0.029962
0.029949
0.030096
0.030459
0.029952
0.029845
0.031015
0.029917
0.029756
0.029951
0.030337
0.030844
0.030383
0.029891
0.030062
0.029902
0.029900
0.030004
0.029846
0.029871
0.029925
0.030747
0.029742
0.030110
0.029835
0.030375
0.029934
0.029995
0.031113
0.029914
0.029793
0.029697
0.030151
0.029739
0.029902
0.030616
0.030810
0.029811
0.030686
0.029794
0.029983
0.029891
0.029885
0.029861
0.029986
0.029908
0.029942
0.029910
0.030260
0.029874
0.031003
0.031897
0.031214
0.030071
0.029926
0.029701
0.029792
0.029967
0.029840
0.029855
0.031151
0.030559
0.030693
0.029948
0.030162
0.030075
0.030032
0.031485
0.029864
0.030051
0.030019
0.031026
0.030000
0.029811
0.029935
0.030081
0.030137
0.031157
0.029797
0.029915
0.029868
0.029845
0.029936
0.030082
0.029895
0.030392
0.030519
0.029936
0.030114
0.030040
0.029891
0.029948
0.030972
0.029738
0.030024
0.029951
0.029850
0.029852
0.030093
0.030154
0.029892
0.030028
0.030017
0.030736
0.030378
0.029873
0.030007
0.029924
0.029941
0.030171
0.031050
0.031233
0.030054
0.030018
0.029900
0.031183
0.030500
0.029906
0.029974
0.030263
0.029869
0.029890
0.030248
0.030552
0.029881
0.029880
0.030216
0.029813
0.030527
0.031422
0.029929
0.030181
0.029867
0.029946
0.030610
0.030901
0.030973
0.030339
0.029810
0.029996
0.030754
0.031296
0.031026
0.029764
0.029860
0.029981
0.029754
0.030254
0.030123
0.030041
0.030008
0.030313
0.030284
0.029957
0.031120
0.029823
0.029907
0.029996
0.030425
0.030365
0.030087
0.029823
0.030077
0.029722
0.029843
0.029885
0.030729
0.030107
0.029982
0.029814
0.031307
0.029899
0.030467
0.030005
0.029962
0.030103
0.029808
0.029942
0.029905
0.030164
0.030119
0.029854
0.030005
0.030193
0.030920
0.029873
0.029858
0.030779
0.030586
0.029808
0.029957
0.030293
0.030185
0.030225
0.029755
0.030018
0.029910
0.029903
0.029978
0.029845
0.029974
0.029926
0.029983
0.030396
0.029821
0.030110
0.031233
0.030021
0.030690
0.030159
0.029817
0.030058
0.030975
0.029782
0.029992
0.030018
