177.000000,332.000000,30.000000,29.000000
172.604667,335.321020,29.765612,29.331211
173.323874,334.817503,29.680178,29.357792
163.564521,345.879766,28.787897,29.438847
167.221758,347.051826,34.341145,30.059801
207.474741,336.215022,30.700123,28.538935
237.421785,326.338781,35.960850,28.482655
270.770943,317.791863,37.094551,29.170637
270.743910,317.744534,36.616787,28.607260
335.270615,303.802166,34.646538,31.981438
368.332001,298.463651,38.207237,31.018179
399.792519,295.954171,39.441154,29.538359
431.659405,292.658446,39.304230,30.001116
464.125685,290.552383,38.626080,29.668320
464.329071,290.723150,37.731651,30.364613
526.781170,291.100131,37.885437,30.382837
557.298609,294.708113,38.850544,31.057438
588.377106,298.833635,38.243019,30.987041
620.227629,303.480483,37.557644,31.306902
650.536388,310.428160,37.620850,30.614750
650.966978,310.014039,37.641262,30.610075
713.773809,328.653822,37.942883,29.903324
745.213247,338.279350,37.849651,30.958557
778.323818,352.078449,32.439484,29.817238
800.921316,368.007689,41.056301,30.331896
841.371981,381.962298,36.171391,31.082743
841.668301,381.709327,36.113541,30.929811
907.103202,419.065555,29.008112,28.393549
938.655385,437.938304,27.813292,28.368753
968.264002,452.345852,29.588535,28.463219
969.109382,449.128907,28.516092,26.352095
961.484959,431.504909,30.442619,26.636736
960.785423,431.479692,31.356903,26.637562
940.871604,395.349029,29.678064,30.975054
930.475403,380.340754,29.875084,29.820652
923.349699,367.160610,29.894573,29.840034
914.084174,354.761765,28.786707,30.487494
905.480192,342.882376,28.463528,30.155689
905.857377,343.571073,28.612997,30.212164
887.392940,326.637550,29.630358,27.984322
878.822887,320.061064,29.472580,29.815456
870.025131,315.921872,30.921150,30.253965
861.556429,311.588096,32.339573,31.583979
853.448654,311.054407,31.485359,30.615253
853.804264,311.019897,32.007797,30.775429
838.891212,311.819613,30.847124,28.913103
831.399758,313.883091,30.184263,30.012024
823.468296,317.230155,30.144844,29.430796
815.991259,321.684692,29.631283,30.420372
809.308173,327.432046,29.764605,29.984838
809.242972,327.330427,29.711214,30.116283
797.936399,344.006862,26.928946,28.943560
790.530759,354.088746,29.509527,30.569067
783.855199,366.167378,29.170675,28.471144
778.782265,377.826790,27.571533,27.436150
775.855859,376.287035,27.702879,29.758244
776.541035,376.945992,27.134224,29.894875
779.712093,357.564464,25.916832,25.643122
783.999068,308.513863,29.878283,32.935299
786.823536,287.975805,30.417381,33.973648
789.284719,268.523287,30.915119,35.122910
793.554382,249.669003,30.619949,34.529995
793.962105,250.600382,30.434357,34.472733
797.964338,233.427296,30.319233,34.525700
804.639200,204.057018,31.492168,34.026073
809.027285,192.640589,30.726437,34.059875
812.436683,181.572536,30.924974,33.700771
815.613278,173.477713,30.258169,33.247383
815.873180,172.646643,30.506218,33.267693
818.866968,165.469191,30.369961,33.403358
825.122486,154.052732,30.321922,32.775215
828.658537,150.984882,29.490559,32.551098
830.952215,147.839571,30.006947,32.851562
834.260082,147.043934,30.507423,33.276180
835.765952,147.570904,30.015017,33.269390
836.403247,147.399586,30.256662,33.396160
839.651562,153.451813,31.761665,32.309986
842.260764,158.886108,31.857836,33.372868
844.860577,164.473949,32.367424,34.274014
846.694366,172.627684,32.246857,35.081535
849.734356,181.975559,32.607231,34.717663
849.210337,182.188612,32.037655,34.694801
853.804840,205.681166,32.989029,35.480446
856.608143,220.233082,32.933891,36.245159
858.685396,235.008972,32.117565,36.008564
861.325792,251.867023,32.439449,36.221874
862.837509,269.952250,32.261169,37.882233
863.452492,270.520851,32.549149,37.503773
867.844541,310.911163,31.334692,36.344532
870.311454,334.263031,29.311846,34.030704
865.013865,359.790506,34.774273,33.671585
846.330858,374.796284,37.842022,30.456860
836.832459,386.090337,30.237242,28.192209
831.646883,386.183750,32.418758,30.636150
863.881526,367.025158,28.393869,26.164608
867.420929,368.443441,24.677109,23.950050
869.450554,369.580656,23.840347,23.739319
870.740628,369.068289,24.027800,23.689949
872.145683,368.913589,24.106468,23.889227
872.460308,368.853594,24.674011,24.025383
875.416426,368.990648,24.275105,24.021194
876.871940,368.830696,24.440973,23.881725
878.092366,369.566050,24.340460,24.042328
879.615579,369.723075,24.274176,23.508238
880.401411,369.836748,25.001972,23.897308
880.977320,370.061715,24.994549,23.627611
883.036225,369.307955,24.746557,23.692108
883.033477,369.416485,25.633348,24.088139
883.556325,369.225220,25.894133,24.249676
883.369478,369.703919,25.223873,24.389727
884.197984,369.713394,25.807203,24.361187
883.539595,369.128914,26.057011,24.574734
883.647774,368.942347,26.460068,24.843040
883.935158,368.873631,26.576569,25.002216
883.148251,368.890718,26.571526,24.958733
883.348069,369.052646,26.290419,24.817236
883.963593,369.959399,24.628120,23.906439
883.606891,368.965279,26.084314,24.682575
883.694018,368.777823,26.124674,24.676710
883.982526,368.620682,25.875242,24.530804
883.305513,369.134103,25.468060,24.405947
882.122273,367.608983,25.831327,26.123850
830.125650,340.583105,20.982407,29.167534
823.238242,341.069342,26.509817,29.127518
825.766892,376.131578,29.204500,25.884209
825.194300,353.726560,27.616364,28.377008
825.447668,325.311872,27.585869,30.295212
826.673225,300.369408,26.620701,32.208691
827.242397,278.588789,26.424221,28.888870
826.872831,278.495581,26.228111,29.619507
824.101913,233.174114,28.793369,34.946175
823.972735,216.416713,27.518400,31.401728
824.203320,194.722053,27.852291,31.460474
822.965778,176.691107,26.708416,33.553104
823.405543,160.003735,27.702574,33.934769
823.182801,159.729557,27.961306,33.140808
821.026707,131.470486,27.939251,32.538666
821.342717,120.092363,28.181299,30.408016
819.575717,108.960766,29.477491,30.122681
819.246785,99.021398,29.504984,30.349333
819.342923,92.245183,29.567194,29.964918
818.875794,91.705504,29.604494,29.959986
818.518122,80.028130,29.908005,30.432549
818.010475,75.619990,29.676090,30.445696
818.031794,73.577555,29.823929,30.051762
817.306211,71.294376,28.756111,30.465576
816.128947,71.314631,29.209059,30.100849
816.398535,71.636744,29.589851,30.270588
815.398741,76.410035,29.936882,30.285131
814.720297,81.254207,29.633125,30.342241
813.914948,86.759482,29.574862,30.980921
813.855683,93.765264,28.801195,31.588972
814.263052,102.262521,28.409798,31.798346
814.288038,101.540313,28.779961,31.770304
813.177583,123.260559,25.410570,32.004646
813.234060,133.989422,26.815132,32.326996
811.375375,147.685534,28.429277,33.903446
811.243833,162.517632,28.440989,32.378090
810.311358,178.689713,30.114470,32.941643
810.307783,179.212917,30.184792,33.952774
809.627831,215.332848,30.109135,35.175713
810.091828,236.959839,29.440996,34.291847
811.899113,256.621096,27.534771,33.532108
809.515843,280.812222,28.431665,32.035858
808.489464,305.238224,28.036945,30.874603
807.776043,304.467822,28.076488,31.061556
806.636784,354.482989,27.343075,30.872026
792.357606,356.829884,31.164782,29.721878
778.830663,358.867489,30.967676,26.817245
763.208010,362.008513,30.001343,25.774134
747.434401,365.784280,30.591393,27.521643
747.659274,365.355882,30.035627,27.953482
738.647155,371.674670,27.341391,29.520952
744.919475,378.220765,31.269789,30.027517
748.874235,383.399929,28.401329,28.728668
750.172147,390.208292,25.602060,25.877110
754.528637,393.478279,26.219128,27.774330
754.272771,392.988393,25.357843,28.407164
754.200511,403.524082,26.783705,28.425613
750.594799,407.986326,25.960476,27.894283
747.970605,412.378538,29.458117,29.589184
745.114304,418.436362,27.335697,29.340540
741.403883,426.291894,27.241173,28.535757
741.328938,425.654363,27.749308,29.154142
735.350636,444.597759,28.656185,28.011627
725.362011,431.570305,26.347240,27.582451
714.066652,411.649159,24.892090,25.831961
699.857334,387.445841,28.317066,29.447979
684.335983,367.465673,30.554195,29.944317
684.042639,368.050323,30.770660,30.312691
657.827085,328.343486,30.506691,31.964022
644.769283,312.745092,31.428005,32.326679
632.079081,298.503374,31.391983,32.824581
619.284966,286.988678,32.789448,32.445633
606.983445,274.510427,30.504259,30.963171
607.766258,274.409409,30.208546,30.835526
582.966761,257.385388,30.663910,30.445776
569.117374,250.124706,32.589558,30.642815
556.964443,243.437725,32.319508,31.248665
545.495729,238.619949,30.986092,30.590637
533.999342,236.045143,31.845779,29.584351
533.939762,235.831468,31.938847,30.376356
510.418423,235.150019,31.625843,28.199688
499.734506,235.246620,29.647181,29.861542
488.811931,237.881495,29.763762,28.770672
476.906229,241.784099,31.208977,29.571451
465.096770,246.330183,30.981596,29.707783
465.291099,246.595989,30.830671,29.869179
443.450370,259.069433,31.325773,31.026905
432.824992,267.886667,31.864141,31.918850
421.711059,278.176911,31.278883,31.844374
411.981574,291.431619,29.684309,29.510832
401.095532,302.521782,29.990084,33.220093
402.133903,302.215153,29.466230,33.761284
382.140771,332.887307,28.358248,28.660872
373.049067,348.556156,27.308052,28.253807
361.713099,365.159088,29.203926,27.999023
364.604478,332.253382,26.628016,32.861820
365.069700,305.386650,28.262985,35.250000
365.522654,306.292870,27.952553,34.735504
367.355302,254.918139,28.816126,37.021225
368.100633,232.692427,28.472330,35.805275
369.730243,207.622707,29.224951,34.789890
370.171165,187.473465,30.240080,36.202366
371.552670,167.214466,30.051640,36.657810
370.902581,167.173229,29.915827,36.621082
374.304083,133.840330,29.201355,34.009811
375.955298,118.370094,29.270399,33.485378
378.015774,105.089048,28.752583,31.793808
380.127528,91.535770,30.200109,32.425968
381.023335,80.185379,30.043552,32.208263
381.492678,80.543246,29.782265,31.696310
384.578931,62.569592,30.648272,30.370005
386.249208,54.132387,31.322304,30.618256
388.026048,47.906240,30.654093,30.994835
389.024075,43.438988,30.906620,30.849140
391.491961,41.164892,30.679939,31.325294
390.945970,40.691061,31.181299,31.379433
395.254586,39.082680,31.111414,32.163151
398.375165,40.164392,30.093447,31.614746
399.079803,43.895187,31.381407,31.575596
402.584283,47.027941,29.598383,29.115860
403.334374,53.286407,30.734232,29.651417
403.983348,52.951153,30.425634,29.665508
409.821717,69.330599,29.087290,32.091568
413.060063,79.277744,28.059954,34.221371
414.369039,90.605259,29.232668,35.501659
416.645468,103.945877,30.784592,34.653004
419.414881,118.367342,30.241158,35.028778
419.364343,118.568213,30.361536,34.862175
423.366755,152.065475,33.345192,36.563831
426.307101,170.919224,30.636480,37.327480
428.560683,190.652334,31.670897,36.476097
431.507521,212.531755,31.784607,37.194397
434.002905,235.445192,31.891647,38.201767
434.203487,235.895466,31.616657,37.275051
435.978964,258.982813,32.161545,38.677628
441.578218,310.874617,30.271906,38.255165
446.047072,337.876383,28.123884,34.862549
447.049335,370.372156,28.457783,33.195206
451.389652,403.466372,27.868732,29.390305
451.084002,402.693352,28.534246,30.518955
453.085811,432.455984,27.307821,29.432838
480.494717,410.920405,28.777500,31.276510
506.316887,381.399710,30.045116,32.270935
532.994935,351.794268,28.999247,33.183212
553.584795,329.087252,34.539238,33.586563
553.355917,328.297321,35.241364,34.348827
577.306810,305.661776,35.596352,35.716721
625.720448,261.862000,36.576389,37.081867
649.867348,243.249006,37.316692,36.956902
673.033583,226.024168,38.664703,35.544472
697.245789,209.914244,39.257900,37.013298
697.162781,209.985279,39.684994,37.035580
719.318411,195.322138,39.888229,36.724747
763.300531,170.727781,38.855629,37.057808
784.123512,161.886547,37.593884,35.198727
805.112211,153.710724,36.611984,34.074711
824.479565,146.502691,37.552814,34.019234
843.157579,139.851046,37.165108,34.893753
843.643259,139.946997,37.506569,34.741402
878.225399,132.204292,35.682667,33.464268
893.480972,131.571316,35.981716,34.412701
908.231415,131.162584,35.788403,34.033066
920.937065,133.088503,34.865047,34.178970
933.011211,136.737780,35.086826,34.599152
933.049335,136.430393,35.174671,34.833950
951.594130,148.334192,36.189590,35.440033
960.656008,156.414282,35.126381,36.070381
968.442223,166.934156,35.694515,35.832664
975.314367,177.634325,35.682846,37.269119
981.900261,190.717989,35.165295,35.421875
981.938101,190.669636,35.386932,35.673687
994.561968,219.174206,33.926643,37.286785
1001.205561,235.877476,32.973824,37.836575
1007.777981,254.748339,32.189426,35.867783
1014.326674,274.719522,32.985306,35.182556
1019.254244,294.404802,34.795891,37.628723
1018.764277,294.603350,35.410805,37.173996
1036.226103,340.207227,29.299576,31.970331
1043.945032,365.157927,30.209389,34.448051
1054.722392,391.838135,29.469397,32.548801
1064.284155,418.314276,32.187149,34.218651
1067.968200,419.723235,30.603117,30.822989
1068.192748,419.752679,30.096632,30.322329
1037.663788,359.270596,32.333637,33.877518
1022.993829,327.136904,31.899843,36.897106
1008.271864,298.703220,31.871513,34.972908
995.445250,273.046000,32.196037,39.518978
984.100258,249.615999,33.135181,39.117748
984.085987,248.362719,34.047298,39.560436
961.429514,204.164797,33.629395,38.397877
951.392576,185.459633,33.324821,37.762184
941.421080,167.927975,32.479225,36.904648
930.866854,151.266737,32.966675,35.981930
922.361450,135.605478,32.616230,37.450260
922.859343,135.697586,32.635796,36.857536
906.283682,110.642204,32.419609,33.162857
898.414158,101.293919,33.259304,34.536949
890.564409,92.357473,32.834534,34.382648
884.151773,85.018303,32.942032,33.708237
876.904875,80.228172,32.249916,33.608932
877.057421,79.223907,32.235458,32.625046
863.545929,72.906591,30.722431,32.192432
857.531536,71.443922,29.638424,32.234882
851.655883,71.585566,29.264502,32.782116
846.202731,73.829311,30.018064,32.714485
840.586051,75.832500,31.262732,33.784325
841.085387,76.136013,30.857794,34.035408
831.767684,86.024120,31.185263,33.557243
827.282726,93.226887,31.645184,34.159401
821.849416,101.499977,31.106668,34.153305
817.710087,111.651768,31.147884,34.019447
812.469599,122.273161,32.274948,35.009434
812.802495,122.543787,31.987787,35.720913
804.075843,148.919943,31.583120,35.568348
799.897532,163.409330,32.240128,37.290562
796.407328,180.481443,32.634735,37.067204
793.104202,198.823553,31.960316,35.808537
789.899035,216.778919,31.217651,38.098335
789.784706,217.058147,31.089497,38.243172
782.721519,258.946472,30.109320,36.321518
778.924436,281.515331,30.536036,37.611397
776.455570,306.740837,28.038891,34.936035
773.576612,331.526514,27.902000,32.545681
768.800594,361.077960,31.804989,31.587900
770.609325,360.689615,29.758556,31.480328
765.154203,418.966466,26.735222,27.824118
761.575701,445.038236,26.431549,29.101797
757.461266,473.925054,29.119709,29.433279
762.107832,447.592028,30.954628,32.771435
766.133262,423.885807,28.399801,29.726669
767.023536,423.562205,27.962088,29.644274
775.217348,382.361762,27.926453,30.574957
779.674840,363.752091,26.174524,30.512720
783.041661,344.395359,28.212717,31.261433
785.328665,326.143257,31.085243,31.887165
788.990330,311.686228,32.042538,32.480286
789.148281,311.784725,31.764904,32.170788
797.295210,284.354416,32.042427,34.833958
801.155357,273.576771,31.785435,32.450512
805.513247,264.406433,30.731644,31.868519
810.039005,253.820396,30.409801,33.360981
812.345989,245.870880,32.047619,34.035801
812.207678,246.096731,32.109810,34.057213
819.276419,235.088306,32.448631,33.590237
822.012190,231.318375,33.255623,33.514011
825.783422,229.592281,33.715569,32.897106
830.222637,229.281042,32.651699,33.865654
834.744783,231.238510,31.857605,33.379810
834.007557,231.304548,32.063976,33.535835
840.911032,238.239435,32.798897,34.676132
844.175619,244.686773,32.959557,34.480171
847.382296,252.340515,34.013687,35.210529
851.125988,260.601036,34.122555,35.681461
854.901295,271.096296,32.762875,35.135979
855.118380,270.898417,33.116333,35.721359
862.755860,300.023674,31.358263,32.154423
866.801466,314.168717,29.605782,31.744387
868.669588,330.927994,31.849304,33.683155
872.625713,351.759106,32.654964,32.907681
876.727085,372.490602,30.774273,31.077850
876.323415,371.897253,30.729197,31.006340
883.355894,414.388859,31.360786,34.240917
864.491573,419.758421,39.353100,35.020531
830.101766,408.257828,30.604250,29.614445
791.268078,394.159262,34.373280,29.315430
757.623239,380.594040,30.282190,28.743633
757.385420,380.042659,30.264893,28.498526
771.937126,345.325850,34.424160,32.922989
779.668228,350.654284,24.457516,23.745186
782.728750,350.832685,23.226143,23.215578
783.875393,350.951214,22.609066,23.080074
785.394351,351.261691,22.019476,22.690619
786.120624,351.074221,22.275084,22.505348
788.688003,351.656290,22.563696,22.885239
790.671765,351.168350,22.519457,23.101490
793.165346,351.404728,23.030357,23.187321
795.104971,350.966955,22.118614,23.104630
797.622561,350.179247,23.860680,23.514999
797.605207,351.348428,23.562210,23.290888
804.341273,350.831476,23.309927,23.519508
806.891104,350.376479,23.937584,23.563383
810.545970,350.468976,23.973204,23.562159
813.921012,350.711460,24.251471,23.578770
817.346625,350.490779,25.103033,23.702963
817.572241,351.535421,23.955177,23.178207
825.254086,350.859598,24.839670,23.512054
829.650033,350.852306,25.154726,23.713131
832.711061,350.600356,25.459993,24.058783
836.499705,350.269960,25.195387,23.994637
839.104813,350.121632,24.663822,24.028027
840.194001,350.803737,24.303049,23.610678
845.660553,350.544291,24.706341,23.716026
847.893623,351.119076,24.592587,23.974148
850.094154,350.877993,24.972034,24.018242
852.433997,351.219558,24.272268,23.761183
854.154524,350.496654,24.285721,23.686491
854.173063,351.274841,24.924896,23.770451
856.332016,351.037889,24.705090,23.888885
857.246089,351.074159,24.888800,23.477808
858.211603,351.476234,24.714920,23.370197
858.661812,350.800692,24.883747,23.384750
858.440310,351.183908,24.937889,23.335762
859.764902,351.553590,24.391884,23.258844
858.797729,351.431681,25.501835,23.366898
858.948925,350.971818,25.157589,23.176386
858.989802,351.643166,24.726454,23.008808
859.021736,351.460382,24.996525,23.114273
858.234106,350.769046,25.257454,23.238256
858.391685,351.642051,24.451666,23.017897
858.627613,351.060177,25.193012,23.388515
858.632069,350.952342,25.276127,23.658949
857.782985,351.368301,24.873564,23.572033
858.366774,351.342797,25.146179,23.241083
858.389152,351.616060,25.299055,23.439339
857.884582,351.490411,25.628561,23.546526
857.925911,351.022427,25.424061,23.683002
857.844505,351.823746,24.819424,23.540684
856.478877,351.457074,25.774199,23.746874
857.222280,351.761995,25.496775,23.606552
856.541425,351.418961,25.556337,23.699268
856.495612,351.722365,25.567343,23.631536
854.830624,351.262094,25.121624,23.929398
853.692183,351.087661,26.308378,24.195860
853.388941,350.883809,25.355263,23.941980
851.873460,351.093213,25.043047,24.134829
850.617815,351.100916,24.886101,23.735405
850.876522,351.536174,24.413685,23.552580
848.577768,351.889370,24.384514,23.856182
847.336512,351.861201,25.113464,23.867186
846.073746,351.757202,24.216908,23.562565
844.090163,351.205969,24.887350,23.566414
841.856827,351.669076,23.669376,23.790621
842.461316,351.920151,23.960024,23.439098
840.180930,352.073585,24.707045,24.053335
835.731236,351.689255,25.425610,24.061398
835.150809,351.513285,24.893728,23.914803
832.589261,352.541418,23.618441,23.300285
831.162038,352.120515,23.882692,23.451509
830.285108,352.244244,24.056246,23.570644
828.903427,351.895067,24.781277,23.658051
825.287598,351.519905,24.356853,23.537052
823.785696,351.977755,24.417603,23.834274
821.866351,351.939801,23.562201,23.645136
819.693436,352.001303,23.646496,23.533340
818.881859,351.424536,24.241291,23.386719
817.911072,351.933249,24.044361,23.576956
815.118900,351.593918,23.297291,23.244099
813.754034,351.477882,24.678932,23.743458
812.032585,351.727896,24.352421,24.021240
810.591640,351.952543,23.795744,23.568626
810.657770,352.075706,24.410324,23.441212
808.959677,351.607496,24.508743,23.490074
807.249773,352.015001,23.591736,23.718040
805.008636,351.898732,24.552847,24.082438
804.376576,351.462056,25.286341,23.766123
802.898679,351.447055,24.008608,23.856245
801.913014,352.188578,24.221056,23.590248
802.324398,351.849659,24.014179,23.269489
800.310546,351.902640,24.037680,23.501913
799.713409,352.198050,23.151867,23.038847
799.485936,351.944472,22.998301,23.372129
798.396416,351.908030,23.083416,23.458504
795.459105,345.888710,30.806000,30.964573
734.028578,308.617226,32.948025,29.781818
757.253820,296.865993,34.215618,32.196056
770.281735,293.494300,30.431913,30.892279
781.911843,291.367879,31.796377,30.997843
792.732391,290.707922,33.753624,30.588753
803.929846,289.934525,34.351665,30.413500
804.245733,290.693149,33.654888,30.192320
826.379688,296.646007,32.676743,30.052763
837.254128,301.525334,33.007729,29.926935
847.344688,308.073280,34.325386,32.251621
858.422508,315.899609,34.179222,32.628246
868.826280,326.145127,31.933981,31.895555
868.297610,326.579338,31.625444,31.579456
888.879799,350.821601,30.287270,30.816305
896.978137,365.272992,31.332796,29.979151
906.282350,384.326948,30.562811,28.034096
915.660943,399.034760,29.919622,29.059587
924.264466,414.759482,30.718969,30.569036
924.302681,415.075847,30.858345,31.094084
942.433388,449.058425,31.281136,31.782354
947.381040,444.922046,27.014036,26.836576
945.162755,425.040264,31.288435,27.142025
944.283458,401.039346,30.808657,31.475138
943.246307,383.667471,30.608406,32.238663
943.089508,384.157753,30.592262,32.108135
941.717355,351.229249,31.799612,31.986811
942.504375,337.727754,29.660736,30.951410
942.977671,325.054056,30.992786,32.908043
942.954238,314.402622,31.633036,32.818180
942.319481,305.649776,31.632896,31.908529
941.860867,306.482244,31.731781,31.885315
945.045393,293.366873,29.228115,31.271088
944.873635,288.666925,30.508688,32.169151
944.007983,286.101080,31.523211,32.279251
943.899839,285.076435,32.188503,32.690586
944.468094,284.709778,32.467171,32.217052
943.422728,284.493608,32.745159,32.294624
945.499388,289.093948,31.267467,31.977642
944.889131,292.887701,31.179602,32.630585
945.395362,300.824626,31.482721,29.870825
945.058312,306.075820,31.539190,31.690229
945.433371,314.629488,31.315807,32.100090
944.696946,314.708130,31.377996,31.995388
946.316936,337.766599,30.225464,30.457552
946.320395,348.888223,30.512720,31.670816
945.456723,365.268665,30.900267,28.763844
945.715504,377.651444,30.681229,31.083765
945.991479,395.218790,30.348074,29.447823
946.572739,395.315341,30.416512,29.806936
944.235994,407.477347,31.027103,30.383879
941.429806,388.130659,29.033066,29.417534
936.693665,368.767388,29.868767,29.360033
930.887496,345.589857,30.298777,31.204903
926.241488,326.153875,30.652514,32.504456
925.581944,326.185083,31.014938,33.309792
915.276961,292.711485,31.250208,32.000679
911.070060,278.800961,31.597178,33.941082
905.705709,265.487082,32.045666,34.421883
901.394741,254.502071,32.234375,34.627224
895.847975,244.375879,32.143581,34.431732
896.840994,244.602240,32.129559,34.952217
886.632000,230.375801,32.089203,33.296955
881.584116,224.801157,31.935642,33.227829
877.577930,220.923786,32.051804,33.298992
872.396618,218.010586,31.976196,33.461926
869.200218,217.565172,32.067543,33.641693
868.862671,217.759575,31.049629,33.512180
859.032152,220.393747,33.047581,34.049683
853.814247,224.909880,32.103569,33.289879
849.526348,229.005306,32.253708,34.363888
844.046118,235.975370,33.079098,34.823296
839.520706,245.167826,31.285118,33.366974
839.483097,244.314112,32.341888,35.374207
828.826771,266.098173,32.173782,34.936150
824.064245,278.792728,32.205624,34.907864
819.327669,293.321796,31.984928,34.687756
814.531110,308.976763,31.332075,33.089676
810.037254,326.373407,30.688408,34.013245
810.873416,326.816689,30.587450,34.032719
799.157249,367.250824,30.319511,32.134388
794.448899,389.672951,29.772863,32.229786
788.375902,410.362413,31.685841,35.581268
775.528604,349.995657,28.433752,24.715450
776.106600,350.424046,25.030125,23.585052
775.694931,351.155783,24.299591,23.001415
778.264135,350.993161,21.632282,22.735647
778.187678,350.907139,22.837580,22.653915
779.120428,351.120986,22.139530,22.723825
779.919896,350.814872,22.936270,22.869127
781.054109,350.259624,23.077658,22.750763
780.842883,350.662276,24.537691,23.043993
782.350452,350.274660,23.845779,23.069805
783.334295,350.430213,23.953838,23.235079
783.280402,350.438424,24.361177,23.412786
783.367472,350.635941,24.428509,23.393951
782.459068,350.718369,24.429871,23.483780
782.563380,350.909198,24.346506,23.354578
782.059938,349.985828,24.670544,23.372543
781.780248,350.517385,24.313139,23.594404
781.422571,350.633429,25.088879,23.626842
781.331912,350.934074,24.711542,23.330605
780.156773,350.361289,25.874458,23.769800
780.857480,350.260113,24.658949,23.764442
779.211260,376.223832,30.087887,28.706099
766.260718,355.578983,31.283030,32.220749
756.565121,338.427692,29.767303,31.966675
746.967974,324.641508,31.217167,32.246960
736.948353,310.857949,32.128860,31.991903
736.230196,310.984165,32.218784,32.423599
717.317479,288.523059,31.481550,31.361696
707.293164,279.571381,31.936277,28.894279
695.411648,272.112725,34.680313,30.258963
688.336389,267.448718,26.222692,27.240938
679.929231,263.052216,30.079077,29.280495
679.309754,262.935185,30.447454,28.795301
660.036900,259.441297,32.257843,30.994139
651.258315,259.631898,30.613611,31.173025
642.322219,260.442041,31.695536,30.923084
633.171902,263.277649,32.878021,30.525490
626.049665,267.737602,31.327175,32.615105
625.592635,267.791109,31.124460,32.213230
611.091188,281.527963,29.437122,31.290289
602.997254,290.842921,29.786230,30.989489
592.473976,299.157214,30.929222,31.857790
585.291313,309.183386,31.891014,30.163052
577.362769,322.566548,30.077555,30.620695
577.873756,321.765273,29.825386,30.573603
562.437042,351.123656,26.289841,26.970987
554.549754,367.253662,28.709757,30.027031
560.880220,385.871281,32.650005,24.295181
570.042200,388.717037,50.707897,48.037689
658.849545,388.120456,25.417091,24.293413
659.272620,387.795023,26.895548,23.971294
694.027058,398.082575,27.543152,28.103985
702.420615,404.257121,29.650293,28.402063
719.701675,413.145966,26.371376,28.730453
727.985119,421.177730,29.014481,30.475946
738.361050,431.088848,29.243240,27.730873
738.486989,431.874396,29.863798,27.895327
763.871898,457.473677,28.874468,28.439594
774.504036,473.036736,31.597069,27.374846
784.471977,488.467474,32.757225,30.836735
785.013651,490.262157,25.045826,28.751503
824.838673,530.671260,18.744156,18.831720
826.623488,530.027113,16.798029,18.986469
816.849216,543.316055,35.900757,32.524292
762.424314,486.230308,27.014561,29.208395
740.707022,464.405788,27.056736,32.915325
717.863884,444.357719,29.681992,29.687054
693.725626,424.476904,33.695736,32.527504
693.268515,424.630346,33.262119,32.876030
650.993968,393.377549,27.881693,30.303423
626.752274,377.391450,30.777794,31.575518
603.856281,365.116065,29.003059,30.033834
582.795745,354.934468,28.043077,30.621759
559.517988,344.455631,33.300777,28.892162
558.715899,344.744787,33.725498,28.253456
519.228901,330.155958,29.880928,30.326401
496.363565,324.636047,32.353397,29.007961
474.771969,319.993183,33.931549,29.711414
456.318199,319.256755,32.794724,28.489080
435.962308,317.246618,30.429937,29.162186
435.503748,317.996093,30.545696,28.954435
398.361090,317.712721,32.870899,30.459381
381.477125,321.881080,29.799671,29.793577
362.388100,324.817722,29.616661,29.841068
341.430952,330.851067,28.536655,27.627560
323.513374,338.958279,25.627022,26.114231
324.078076,339.065042,25.285032,26.103096
305.777195,348.094093,28.222054,25.197887
270.415549,366.006646,29.220346,28.457468
252.885926,378.307268,26.232626,28.380440
236.166005,389.523701,25.585699,28.466084
218.579594,404.082088,28.259453,27.148245
218.196640,403.991245,28.513763,27.491154
210.730912,406.147485,29.097197,26.933847
219.786922,355.835090,28.337275,29.513994
228.136397,327.191390,27.009172,31.426195
233.261821,303.416759,29.509745,32.993355
239.417850,281.192572,29.451103,33.334560
239.472399,281.139288,29.631237,33.380413
245.708698,258.138063,29.281044,32.054386
256.800656,218.795893,30.275656,35.307873
262.440024,201.397572,30.455599,35.060280
268.181416,186.267559,30.741692,34.493324
274.113450,172.538774,31.693785,34.983410
274.674310,171.830187,31.671827,34.872280
280.423288,159.575584,31.466885,33.848129
292.298722,137.594305,31.947950,32.713604
299.822381,128.592882,30.877470,32.806187
305.147787,121.577591,31.603107,32.737679
312.378561,116.686058,31.302128,30.197243
318.309257,110.841257,31.286211,31.696522
318.077925,110.971416,31.522358,31.309511
330.554884,106.584151,32.676929,31.531229
338.009968,106.845986,32.503014,31.621801
344.356863,108.591221,32.269169,32.714508
351.734617,112.070272,32.237858,32.241131
357.907806,116.089398,32.196411,31.928572
357.462519,115.424372,32.479458,32.239155
370.938995,127.681774,31.930008,33.753128
378.480900,136.231657,31.561745,34.623074
384.391819,146.555555,32.497520,34.348370
391.553835,159.171370,32.807049,34.810833
398.876850,171.484678,33.739159,36.761349
398.534540,172.396236,33.954830,36.214233
412.859529,203.005981,33.258999,36.554817
419.886454,219.883041,33.535015,36.779991
426.803249,238.964161,32.903816,38.424728
434.371725,259.691395,32.684391,35.405426
440.868975,280.571638,33.098278,34.991207
440.759216,280.619370,32.768738,34.593178
455.222646,328.378683,30.590506,33.815121
463.044160,354.502321,29.115644,33.148563
469.013615,383.996610,28.049934,30.630476
476.313046,412.884786,28.292089,30.610167
480.884991,428.950303,30.335289,30.630270
479.671180,428.072876,30.814501,31.649849
496.841271,404.192097,29.688154,30.935089
506.280463,394.136527,28.596514,30.847696
514.201957,384.304386,29.260073,35.945267
522.413085,376.273933,29.770708,33.320671
531.799131,371.341862,29.128239,31.237534
530.327521,371.849133,30.501726,31.084898
547.209743,364.898808,28.133585,30.223450
555.729044,363.030194,29.615704,29.891523
564.943418,363.878787,27.287771,29.644228
572.209035,365.008960,28.553595,29.239000
579.218461,367.308669,29.862318,29.504084
578.785012,367.037395,30.060392,29.032747
594.948933,376.100285,27.979225,29.286789
627.796568,382.827299,35.230701,25.970608
660.027817,390.024832,36.162567,27.088894
704.491432,398.162511,32.988205,30.078093
743.657669,405.731115,33.758057,33.558071
742.650913,405.269020,34.884315,33.909248
775.404032,350.775219,26.523006,24.707611
774.626160,351.323641,24.624916,24.136204
774.125678,351.443330,25.441767,24.438971
773.599278,351.013740,25.500326,24.318293
772.370336,350.213032,25.611120,24.534370
773.034924,351.203331,24.302193,23.887100
771.118561,350.392931,25.211739,24.205761
770.571531,351.073398,25.057575,24.254503
769.713233,351.241604,25.413576,24.127350
768.948137,351.435075,25.457203,24.033041
767.687778,351.595425,25.187408,23.989128
767.818120,351.241525,25.213881,23.895102
766.719565,350.743475,25.169115,24.035793
766.286152,351.228970,24.816963,24.122490
765.829914,350.568612,25.269722,24.132727
766.094023,350.518094,24.818180,23.966009
765.185739,350.422870,24.864622,24.174341
765.822447,351.074433,24.346844,23.904036
766.166715,350.716165,24.838995,23.956213
765.349505,350.982738,25.005281,24.308853
765.713479,351.470783,24.555578,23.963745
765.918233,351.917594,25.145697,24.002741
765.991588,351.568572,25.503817,24.175058
766.310069,351.289210,25.235727,23.998430
766.667374,351.098823,24.843285,23.978533
766.375259,350.480913,25.132996,23.912746
767.451815,351.093670,24.540272,23.679871
767.752731,351.743676,23.557861,23.592596
766.893658,350.678558,24.712128,23.916168
767.607728,350.951000,24.185408,23.472115
767.025711,350.966417,24.474846,23.886486
767.126987,351.766898,23.541061,23.642000
767.693076,350.777693,24.031458,23.366352
767.710979,351.144551,24.468460,23.659681
768.219513,351.620333,24.947906,23.703602
767.480505,351.743834,24.969090,23.728786
768.035653,350.812118,25.108618,23.763063
768.089618,351.389856,24.460375,23.647671
767.772705,350.961701,25.424423,23.781149
768.130643,351.816895,23.708296,23.447144
768.447067,350.587950,24.620094,23.692112
768.373311,351.329541,24.402517,23.682020
764.522207,346.319446,32.327183,31.665682
713.933041,388.299217,37.816994,32.353355
693.427504,379.611746,33.684544,30.932674
671.001196,372.273939,34.758770,32.468731
647.899733,367.124130,36.906208,32.253151
647.297815,367.281759,36.851650,32.338772
610.148551,361.859255,31.313395,32.178684
588.555790,360.761137,30.182930,32.238033
563.949793,361.558220,31.579014,31.076164
544.103775,365.402804,32.601463,29.596422
523.505592,368.001564,32.908241,30.493233
524.506412,368.026902,30.479570,30.269415
481.138222,379.527126,32.446579,32.145401
464.354748,386.523148,30.763069,32.938438
441.135191,397.769043,32.434391,32.238182
420.992470,408.672596,33.932358,32.070969
400.533154,420.731544,34.191040,33.506233
399.355345,421.577335,34.615688,32.997025
380.126020,422.518356,28.088924,31.769844
382.184752,397.567057,30.814892,33.729305
385.471547,373.017010,31.594923,33.550774
391.798872,351.091408,28.058651,33.860764
395.275082,326.308636,31.380951,35.524704
395.898561,326.537107,30.543402,35.273449
403.207432,288.911301,33.997498,36.735573
408.086458,273.747482,33.203709,35.255760
412.450659,259.746288,33.366817,36.567001
417.095306,246.745651,33.035820,35.998955
422.068863,236.324100,32.838951,35.386688
421.848503,235.595329,32.887535,36.026497
431.810555,218.902613,32.131599,34.089069
436.107985,212.401257,32.027264,34.302643
441.914520,207.554604,30.670738,33.795067
446.590473,204.911579,32.015259,33.218079
450.716051,203.057146,32.733448,32.749516
451.074196,203.711754,32.814766,33.155128
460.594389,204.738058,32.217236,33.003307
465.042645,207.899231,32.080093,33.009834
469.939533,211.746462,32.069229,33.411076
475.305286,217.887693,32.212433,33.486950
480.398941,224.307018,32.146828,33.508560
480.490244,223.671158,32.193363,33.500694
490.725469,241.692814,31.985884,34.625763
496.311982,252.212734,31.617956,34.684891
501.334525,264.605932,30.519526,33.768993
506.728300,278.858807,28.168468,32.012589
512.177737,294.009930,27.854570,30.830109
511.193005,293.426745,27.882629,30.922335
520.716691,327.722835,29.099066,31.566408
526.769162,347.254771,28.476225,30.889406
533.438567,367.227893,29.983789,28.931490
579.282967,373.345249,33.012794,28.376312
630.163002,377.892179,28.586311,27.163359
630.751986,379.077682,29.490253,26.647730
634.915955,327.744665,37.315742,37.071579
691.448233,308.552263,26.892452,31.514275
692.541089,308.872350,25.828718,29.537386
693.003119,308.607329,25.478573,29.816923
692.549557,308.222705,24.940826,30.375753
692.385550,308.786026,25.198513,29.647686
693.989502,309.663511,23.830666,30.779343
691.553757,309.089905,25.267296,34.636105
692.282022,314.768720,24.361593,28.743471
690.789611,311.925495,24.557535,32.584660
688.348112,308.892325,25.522427,31.656050
691.415335,311.153926,23.049923,28.494238
689.552213,309.049034,24.998617,34.644939
680.288233,309.926028,19.848888,20.188040
678.122052,308.033719,18.118292,17.804544
678.593457,291.724825,18.431707,28.876183
680.845269,309.078575,22.839201,24.190121
677.740420,309.883777,18.248713,20.860609
688.970955,318.605626,23.576202,23.730700
677.806521,308.067735,18.726213,19.346323
678.803507,307.844347,19.469944,20.425339
677.746944,307.223775,20.609070,20.507532
714.598395,272.208168,24.899408,29.500214
715.659477,272.070699,34.210106,29.318640
681.538217,268.526896,30.501776,28.669077
661.209094,268.043371,30.220659,29.545444
643.959254,268.568531,29.275080,28.850578
622.788416,271.014768,34.015491,29.429724
607.711935,275.355940,29.688915,28.828114
607.608130,275.410755,30.355906,29.001427
568.101292,287.555892,34.810844,31.036989
549.214397,293.550365,33.687447,33.157585
531.296329,302.736240,32.924568,31.156319
514.302200,312.855721,32.669327,31.574644
498.449206,324.721403,29.183580,31.242588
497.707330,324.312128,29.430975,32.115353
478.020420,338.352440,29.371147,29.990891
440.724625,375.042641,28.154961,26.593552
421.879491,389.846243,30.052366,28.180180
402.112316,406.568051,30.652481,31.249243
385.837615,425.758999,28.882219,33.223412
385.416717,425.992798,29.516359,33.552612
371.592467,442.531195,30.375048,27.322407
382.009903,391.630962,30.374100,29.888271
391.576738,365.898818,27.154217,27.356680
395.599602,337.733640,29.797211,28.243670
402.976632,311.308825,29.419752,26.800726
403.055278,311.116706,29.239893,31.799681
407.421227,288.873293,31.474350,35.661102
418.388210,249.450378,33.054131,35.915524
425.049658,232.161661,32.406559,36.567726
430.053242,216.393301,33.237999,36.485718
436.248604,202.454412,32.745880,35.695694
436.187798,201.898462,32.472412,36.034431
442.426466,190.286093,32.194340,33.816376
453.185850,169.579569,32.302570,34.193115
458.698002,162.088852,32.172798,33.639164
465.426788,155.760426,32.000610,32.607815
471.460163,150.666723,32.452126,32.514702
476.979565,147.247937,32.164680,31.914270
476.117731,146.409021,32.021603,32.038162
488.093421,144.148962,31.698961,32.623909
494.785505,144.947571,32.022160,32.016376
500.033154,147.756637,32.146095,31.533972
505.759493,151.300655,32.045132,31.771404
511.213829,156.261617,32.157730,31.514444
511.466129,156.349419,32.425835,31.140339
522.614683,171.319639,32.475483,32.678749
527.762794,179.649233,33.291962,34.365280
533.823467,189.727501,32.532951,35.188068
539.241842,202.541901,32.330158,35.243916
544.136869,215.867725,32.669834,35.003262
545.008751,216.534996,33.007385,34.813435
555.364873,247.275595,31.532888,34.808968
560.878386,264.824022,31.952990,32.918259
566.643908,284.614290,30.517574,34.323380
571.676974,303.993385,29.846964,33.831684
576.664909,325.707253,28.897552,31.916431
576.708843,324.599203,29.063606,33.024620
584.655736,370.863996,29.167517,31.033609
587.680291,395.206235,29.291670,30.167551
585.760023,396.055491,30.001881,29.484510
585.448462,378.552902,28.044132,29.292171
581.177992,361.859478,27.859287,28.379826
580.718800,360.910124,28.134178,28.897034
574.481257,323.965359,29.904566,31.482342
570.510433,309.257464,31.261330,31.604467
567.038724,297.306225,30.856939,31.647648
563.010292,284.760406,31.042847,32.771404
559.275925,274.043570,31.353317,33.498383
560.380735,274.570728,31.255817,33.401295
553.925268,258.374668,32.044926,32.272602
551.804863,250.943476,32.229645,32.804207
549.910351,246.269367,31.591820,32.448780
547.321741,242.911085,32.076458,32.368301
545.994001,241.184273,31.493153,32.385906
544.924506,241.251078,31.826006,32.742867
541.758334,241.389732,30.969980,33.239620
538.630706,243.309000,31.409197,33.256615
536.410924,248.366402,31.615942,33.054348
533.648937,253.652857,32.023613,33.797295
530.599577,260.928413,31.783772,34.159344
530.646834,260.475082,31.776110,34.445110
523.823114,280.236816,32.519863,33.754528
520.479717,293.390650,32.843193,33.759682
517.222715,306.520893,33.051655,31.524982
513.141268,320.202847,32.184017,33.902592
510.171153,335.769888,30.897013,33.914627
509.800856,335.083807,30.710087,34.264481
500.022985,374.956024,29.350361,32.638454
495.432172,397.265996,28.554495,30.042391
499.746384,403.179384,32.160004,29.393745
520.893497,395.758219,33.579048,30.681938
542.544075,390.556138,33.077774,30.553705
542.105989,391.734651,32.982494,30.253366
584.960043,385.104094,34.059879,31.841003
608.279893,383.757106,31.115385,29.936285
630.054296,384.965649,31.161152,32.717442
650.939439,388.012492,29.490400,31.417166
673.206781,393.001676,30.681377,31.816286
673.087873,392.787292,31.070944,32.114117
717.419991,405.362125,31.436508,31.431736
738.753963,413.789995,31.845650,33.186623
759.488834,424.095356,32.943718,32.606373
780.565868,436.129721,33.941231,33.301575
801.916899,448.562754,33.349873,33.440895
802.034807,447.865316,33.726620,33.685318
845.949484,482.442119,36.054157,31.463156
868.053246,498.179882,36.190399,34.359318
889.777712,518.855022,34.701733,33.418217
903.520793,512.755577,29.220423,32.800915
908.566745,477.836992,30.477213,33.466850
908.226557,478.428360,31.093761,33.857784
918.375266,413.933396,30.606722,28.236544
922.374475,375.591524,31.283306,35.907333
926.191350,349.836359,30.869116,34.112122
930.426975,321.155087,31.840370,34.077526
934.047071,297.395969,33.137028,34.982349
934.108610,297.771049,33.491032,35.707394
943.514244,252.685404,33.344299,36.435669
947.049595,233.216774,33.125786,37.551044
952.027149,216.929232,32.822731,38.535446
956.177887,200.468390,33.297150,38.515495
959.444086,186.042374,32.923306,36.841770
959.856901,186.473248,33.319889,36.715420
967.595177,164.909643,31.912476,34.623177
969.860985,155.188013,32.172729,34.189484
972.588982,147.828316,32.071762,34.723728
975.216942,140.891222,31.692886,34.154373
977.395037,136.916704,30.983028,32.796829
977.322412,136.908909,31.576397,33.134090
982.187016,132.639589,32.651390,33.936737
984.565048,132.492947,32.824799,32.485409
986.872580,134.541712,32.643497,33.061951
988.596872,136.896791,32.794064,33.408249
991.501614,141.013702,32.645226,32.402729
991.699438,141.205751,32.435535,32.414825
997.825449,154.818089,32.365673,34.660503
1000.411215,163.484955,32.107716,34.529285
1004.276189,173.684603,31.103033,34.515274
1007.122415,186.817146,31.010603,33.565937
1008.825004,199.059790,31.591707,34.169701
1009.484159,198.853838,31.320637,34.283630
1015.517374,228.196453,30.131542,33.140011
1018.737165,244.504457,29.820072,33.027802
1021.527823,262.733466,28.874483,30.973242
1023.645383,282.135674,30.481253,33.823429
1027.202796,302.562555,30.672518,31.279999
1027.077524,302.603636,30.470562,30.992439
1033.220035,349.453174,29.109919,29.837126
1035.621073,374.327657,26.633389,27.192209
1040.910975,397.118944,28.216501,29.311127
1042.247605,410.272258,28.450407,29.085600
1040.886422,391.161540,26.954802,28.595655
1039.876113,391.357423,26.940966,29.144472
1026.096964,345.074323,29.920078,26.385988
1022.700518,317.435864,28.459995,30.211123
1017.362247,292.701920,28.364700,34.232586
1010.750278,274.244791,29.393496,34.098839
1006.466089,255.323139,30.012196,34.230892
1006.550846,255.420195,29.094528,34.280403
997.728236,221.181622,29.531679,34.991688
991.977602,207.687004,32.101612,33.351421
987.826338,193.265848,32.375317,33.782661
983.546047,181.227728,32.073898,32.750717
979.523235,170.593628,32.482727,33.888302
979.006618,170.121208,32.332306,33.657085
971.839762,153.469570,32.137394,34.270878
967.947891,147.258034,32.344475,34.109921
963.575878,142.607775,32.889664,34.052406
960.172106,139.100594,32.661137,34.038372
956.603827,138.294611,33.038570,33.450142
956.406204,138.078102,32.573662,33.619152
947.472830,139.758850,33.395840,34.470730
944.948595,143.031733,32.639164,34.113060
940.956600,146.795788,32.743149,33.706257
937.331074,153.256353,32.157227,35.464249
931.684233,160.713993,33.719585,35.724766
931.636728,159.982878,33.291218,35.585434
922.661476,181.564442,34.615532,35.549763
918.308434,192.668848,34.096169,36.672844
913.875414,205.914635,33.994297,35.835766
910.905846,221.203224,32.951744,38.308971
905.272650,238.314354,33.855572,39.190075
904.412882,238.783699,34.254642,38.807125
897.017473,276.363503,33.768818,36.866085
892.743122,300.256187,32.453903,32.887188
889.077118,322.581276,31.971916,32.094296
885.730586,351.342258,29.676836,30.628559
881.976772,374.778043,30.945312,31.744753
881.961344,376.113105,30.660725,30.634809
874.137216,429.025146,30.586325,33.700497
870.978458,458.796654,30.189972,32.557415
865.572668,485.471768,30.213985,31.114840
854.376056,476.977471,28.751696,30.668833
835.457628,453.084344,32.122524,30.679506
835.074251,454.185903,32.014492,30.069284
799.526007,411.542032,32.994389,32.439201
782.740716,395.464308,31.606123,29.575287
766.008860,377.560749,32.312115,31.371922
749.360575,363.308317,31.009556,30.619125
730.421598,350.959185,32.995487,31.608360
730.606377,350.593252,33.185715,31.835419
695.553064,328.105663,36.948048,35.366695
682.483631,320.964106,33.246979,33.909866
666.047331,315.160324,34.821728,32.579990
648.896439,310.534515,33.914955,32.927464
633.525656,308.424406,34.533184,32.357689
633.260496,308.316732,34.189297,31.783348
600.457556,307.020763,35.846363,31.398846
586.149488,308.785377,34.438511,31.261572
570.409369,312.683453,33.861607,31.981274
556.125962,317.576769,31.694517,31.761856
540.009024,323.398516,32.637714,31.915314
539.911787,323.986652,32.248569,31.592464
510.466942,343.036580,28.777481,28.729120
494.985433,353.797131,29.756063,30.103313
479.013610,365.551558,29.490053,29.442343
463.307399,380.276342,30.085611,28.604515
448.551484,394.692586,28.228765,27.083826
448.831226,394.027199,28.698914,27.072468
433.837501,409.089318,29.519518,28.758623
405.341165,445.596303,28.034155,28.924372
390.665579,464.129047,30.159847,29.484203
390.454551,455.352050,28.649240,30.270407
395.152644,433.173010,28.058992,31.944138
395.700924,432.439865,27.880585,32.875256
399.637548,411.517878,29.166912,32.024437
408.585849,375.530963,31.126879,31.763426
414.724555,361.045880,30.229136,30.832529
419.189600,346.410791,31.135746,29.433060
423.603190,332.717655,31.083879,31.470974
423.413482,332.533553,31.307840,31.969580
428.231350,321.749363,31.506760,31.487881
437.153791,304.843927,32.070950,31.982536
441.251613,298.080048,31.787447,32.422817
445.901360,292.504053,31.636650,33.142525
449.872108,289.464164,32.199165,31.903135
455.205768,287.091825,31.675325,32.810822
455.248857,287.513334,31.395605,32.984375
464.424442,286.547856,32.007263,31.677324
468.685379,289.204035,32.098228,32.243980
472.809267,292.087885,32.677113,32.572990
476.879410,297.368834,32.496742,31.817337
482.064365,303.170348,30.867233,31.108458
482.453769,303.644237,30.849718,31.421011
492.019561,320.008320,30.631174,31.162983
496.357698,330.062078,30.135899,31.275255
501.980801,342.101685,27.034515,29.364330
504.728057,354.753013,28.777811,30.818846
509.934511,368.404878,28.576557,30.059946
509.958308,368.608090,28.683764,30.302828
519.241950,402.051083,28.135798,28.490757
522.505193,420.820189,29.110945,26.411955
525.777399,422.482888,31.395313,26.270578
526.500862,404.152601,27.854332,25.951241
525.205214,379.654117,28.305706,28.234861
526.044327,380.440551,27.928383,28.160986
521.519637,334.791035,28.699076,31.021774
519.843269,314.063220,28.096931,31.236422
518.814181,296.261808,29.352007,30.693439
516.920542,278.752223,29.557835,30.397318
515.873189,264.263492,28.751814,29.076571
515.864327,264.465274,29.111349,29.527422
514.120560,238.399874,29.283241,32.838902
513.199321,227.855680,29.503984,32.341381
513.092471,218.586733,29.211351,31.657444
512.213830,211.906877,28.506399,31.226706
511.722606,205.437502,28.471392,30.661839
511.198925,205.664920,28.612366,30.677935
508.820668,197.474395,28.544233,29.114450
506.305228,195.519404,28.783426,29.483126
504.281289,195.321303,29.112051,29.534449
502.162136,195.025467,29.214996,29.318504
499.786365,197.658771,29.149843,28.348726
499.710337,197.297633,29.262775,28.589281
492.536920,205.660816,28.672140,29.600677
488.543559,211.743940,28.753511,30.209240
484.100412,218.129488,29.070942,30.310474
480.033234,225.918496,28.676674,30.789587
474.764074,235.743200,28.920834,30.461910
474.592301,236.312124,28.763327,30.605541
465.319531,258.130968,27.942015,30.151920
460.573736,271.660867,27.032955,29.755392
454.979425,284.393351,26.962162,29.773594
450.781113,300.356999,26.465401,27.917021
445.521066,315.819526,26.227194,28.490320
445.378785,315.156756,26.459646,28.388857
454.054772,297.769107,26.925055,28.111506
463.075907,280.405534,27.355183,29.312513
471.209309,264.197829,27.179260,30.736826
479.799449,250.467681,29.514925,30.607172
488.937737,238.857012,29.895790,29.975239
488.783654,238.398451,30.052069,30.258678
509.951069,218.185539,29.784576,30.566078
519.938124,208.541756,28.767803,31.085747
530.404601,201.700944,31.092325,30.997335
541.195970,196.477217,31.526541,28.271496
552.344774,191.675716,32.019047,30.368713
552.778833,191.947645,31.983631,30.512295
575.431064,187.085038,31.832369,30.159063
587.203921,186.873852,31.819750,30.335175
599.042908,187.916224,32.224831,30.482653
610.750522,189.790794,31.757189,31.212059
622.613903,194.139463,33.286041,31.587307
622.894693,194.221524,33.149647,31.250425
649.499460,206.275819,29.633411,31.336493
660.406742,213.434557,33.300018,33.709324
673.723667,223.738932,32.658691,33.045506
686.808197,233.982618,32.859474,34.047176
701.330809,247.329844,32.108288,33.255161
701.875853,247.221817,31.619961,33.166252
725.674467,276.273069,33.323895,35.169140
740.240885,293.648432,33.491138,33.445652
753.834700,311.474899,32.057705,32.780678
767.984735,332.437323,32.130634,32.672649
783.324005,358.151100,28.089760,27.678307
784.811529,357.605728,27.655087,27.923347
811.620170,402.651326,27.413309,30.430235
825.325862,427.545998,28.427294,32.775642
838.494966,460.357635,28.718756,29.845377
849.431664,467.114088,34.239906,36.185055
847.159944,440.801849,29.963827,35.495529
847.692445,440.085062,29.888708,35.396679
846.126213,391.939616,28.958824,30.304617
845.298742,366.210955,29.011379,32.904747
842.122766,346.157779,30.933096,31.513380
840.795799,322.741367,30.533974,32.906193
838.056671,301.930531,31.362236,33.995571
838.735004,302.315208,30.620865,33.940739
834.676434,269.943422,32.223206,34.122696
833.430098,254.329071,31.078686,33.269337
832.305677,241.174023,32.178204,34.927013
830.925006,229.137520,31.956316,34.819843
829.691365,219.347351,29.563612,34.562733
829.552972,218.782444,29.678289,34.461102
825.323076,203.194735,32.174732,34.153137
823.610907,197.505514,32.209805,33.950920
821.096018,193.839140,32.855778,32.504997
819.610174,190.911177,32.105434,32.254738
819.089098,188.742220,30.419819,32.829346
818.401804,188.575996,30.760715,33.172962
814.681645,190.761597,31.834318,32.897938
812.524246,193.233740,32.365501,33.278252
811.948117,197.901104,31.029570,33.261852
809.820395,203.645918,31.264935,34.029625
808.703749,210.203611,32.397259,34.996727
808.752340,210.713308,32.232082,34.855263
805.278058,230.004606,31.892424,33.794609
804.156315,241.650307,32.482147,35.416447
804.210882,254.557098,32.204830,35.935017
803.009030,268.846107,29.336927,35.777882
802.726465,284.732332,30.912617,35.560196
803.337373,284.686110,30.733755,35.348961
803.979347,321.258181,30.101860,33.127731
803.340278,342.972836,29.448099,33.517193
802.916097,365.562366,30.468092,31.945387
803.893664,387.260611,30.228380,33.773811
805.309419,411.603998,30.016577,34.896240
805.379442,411.449200,30.548115,35.179577
807.374792,453.533203,35.050823,31.175068
810.566467,429.754532,32.002419,32.595715
813.013297,397.615650,29.437510,32.953701
815.696386,368.220580,31.177547,29.120794
817.936931,335.238937,29.410677,34.304897
817.472167,334.560894,30.199457,33.231953
821.281111,276.782869,29.525845,37.432182
822.840923,251.302481,31.423950,38.774483
824.915001,227.903450,31.734062,39.320377
826.646748,205.980202,31.589981,38.842228
827.882364,186.211342,32.108372,39.008762
827.456610,186.267130,32.998867,38.805267
830.779860,149.912764,32.075542,37.260910
832.352990,133.588352,31.955725,38.036228
833.163500,120.542784,32.103657,36.287704
834.434055,109.065451,32.056473,35.222778
836.422462,97.882439,32.474663,34.874096
836.190044,96.153915,33.015686,36.941906
839.952006,79.459770,31.738405,34.767605
842.317825,74.158287,32.021461,33.162609
844.007448,69.484226,31.851139,33.560703
845.968826,65.619663,32.184929,33.746647
847.738558,63.180225,32.500858,34.226185
848.429949,63.043779,32.685017,34.542030
852.123655,64.541136,31.241955,33.266953
853.764448,67.871180,30.905621,34.029930
854.861895,72.603302,32.317966,33.638958
856.375443,78.408392,32.142296,34.136169
859.098155,85.664722,31.586489,34.082035
858.793982,85.456070,31.906979,33.981594
861.438585,103.736229,31.116398,35.320415
860.870782,115.224026,31.872824,36.400349
863.273344,127.650854,31.438885,35.852173
863.497028,142.392260,32.360352,35.987709
865.103357,159.090628,31.715687,36.393768
864.934761,159.939663,31.751030,36.130573
866.892389,193.933401,31.566868,38.488907
868.561983,214.123960,30.976337,38.858902
869.929899,236.390654,30.020779,36.582169
869.161915,260.504993,28.493530,33.697681
870.266440,282.552525,28.118448,33.641499
870.710191,283.486986,28.181097,33.467751
873.453179,331.042068,27.970770,31.079433
875.228748,360.501464,27.822723,30.168715
874.197775,391.094418,27.972744,28.073933
874.654525,418.356535,28.385096,27.764252
873.485311,443.338333,29.309767,30.160107
872.750589,444.120774,29.334751,29.695276
835.437423,385.239311,30.938334,32.399044
818.535891,356.462811,30.269001,33.598377
797.093019,331.731834,32.516109,32.967327
778.679586,308.326970,33.841373,30.388483
760.701796,285.781160,32.472111,33.842682
760.251417,285.673101,33.118412,33.603783
724.422476,245.160931,35.629467,36.702465
706.542963,228.927515,33.142887,35.871536
688.555727,213.922031,34.823994,32.943127
670.565304,200.315272,34.951157,31.368025
654.131411,186.796326,33.821323,33.029621
653.824419,186.946810,34.182178,33.718628
637.606665,176.218224,34.779537,32.924992
603.596085,158.093836,34.880035,33.741608
587.456003,152.249630,34.401913,32.759197
571.140711,147.157700,34.558346,31.680576
556.147230,143.549709,33.893864,31.630291
556.056765,143.943162,33.287045,31.671495
541.359180,142.801666,33.275673,31.932743
510.744717,143.133456,33.227005,31.523649
495.199602,144.950907,33.701954,31.715897
480.337534,148.312851,33.554691,30.791813
465.734194,153.987637,32.132954,32.027401
466.507921,153.345063,32.123234,31.943895
451.427494,160.262772,33.990326,33.352695
423.886942,177.896851,32.677364,32.369267
409.947418,187.441109,33.724167,32.270435
396.802902,199.610811,33.767670,33.602798
383.324995,213.144104,32.665577,33.647984
369.069777,228.099804,33.801258,33.971615
369.402990,228.517134,33.554523,33.763985
343.548584,260.669563,32.038383,33.795399
331.854940,278.819187,32.387066,33.523296
319.027540,298.135310,32.140774,27.598997
306.972512,319.540341,30.271818,31.602488
296.087497,342.612228,28.930307,30.261341
296.300481,342.881355,28.085897,29.603992
280.468655,365.253944,27.879852,28.737003
287.097830,343.683989,27.232235,29.807816
292.497028,321.958671,28.012955,31.405264
298.880147,304.376497,28.035429,32.051582
305.037170,288.129692,30.134605,31.401562
304.610491,287.697525,30.986027,31.949780
317.538945,256.503815,31.067076,32.645290
325.166628,243.044093,30.074894,31.644522
331.981397,232.453495,28.865492,32.821644
339.473611,221.822992,28.947119,32.898018
345.345830,213.714188,31.189192,31.659603
344.802855,213.520499,31.109964,31.574995
356.787532,198.651777,31.387407,32.110703
363.347986,194.053255,31.933704,32.145821
369.865379,190.256758,31.429161,31.952469
378.300083,188.851552,29.833191,30.847353
385.501633,188.213720,30.091057,31.208145
384.871085,187.780182,30.460672,31.366955
398.851464,190.917642,31.140356,30.531519
405.520916,194.580407,31.774612,31.334406
413.159424,199.501276,32.627281,32.297218
419.774178,205.234627,33.349663,33.068645
427.445602,213.217566,32.283119,33.546844
427.629929,213.638578,32.167046,33.442368
443.928144,234.058163,30.256069,35.515415
450.097651,246.571371,31.903873,34.746841
456.326574,259.376947,31.890759,35.766014
463.144566,273.518892,32.341431,35.841545
467.954588,289.932007,33.986065,36.159359
469.284834,290.081114,32.977200,36.474197
484.894160,329.936403,28.684526,32.540886
491.376364,353.327558,27.682842,28.758379
498.825129,375.732989,27.074863,28.091726
506.347322,397.155607,28.801823,32.464859
511.798977,422.626821,29.251480,26.804552
511.867942,423.639022,28.764612,25.277464
520.643474,404.182232,26.816866,30.236073
518.778091,368.172218,29.864738,32.585567
519.179070,333.717014,27.371696,34.368237
515.932040,299.990484,28.962114,34.297745
515.353777,269.588930,29.423237,34.678574
514.653796,270.329395,29.724184,33.337749
512.855754,216.570000,30.494402,36.241253
511.942501,190.077358,30.548325,35.909000
511.583012,167.106255,30.764893,34.922871
510.079443,143.218445,30.536602,35.329388
509.651300,123.630039,30.096958,35.435848
509.506539,123.629171,29.911337,35.549599
508.952565,87.448650,29.477674,34.081486
508.122962,72.229794,28.921915,33.265697
506.207171,58.343306,29.010851,32.591545
505.108875,45.249674,28.122498,33.712738
503.345103,35.262014,27.977724,32.247490
502.808620,35.416201,28.439835,31.928558
498.694840,18.707012,29.443777,31.582699
497.333996,13.440166,29.022873,31.081249
494.958200,9.536639,29.282187,30.915281
492.080726,7.202561,29.533197,30.552095
489.338449,5.568515,30.013874,31.253965
489.320317,5.671340,29.141874,30.793264
482.673308,7.166054,29.441202,31.104343
480.673611,9.511127,29.688385,30.903090
477.340809,14.267497,29.309189,30.772978
474.837377,19.684222,30.037809,30.527143
471.559354,26.067420,29.092039,30.058691
471.561843,26.248673,29.375208,29.785357
465.767200,43.291310,29.606157,28.978769
462.839212,53.989073,28.166630,28.319466
458.357526,65.304691,29.435850,29.269436
454.854527,79.140556,27.677689,32.041737
451.797848,92.322615,29.143005,32.705162
451.922071,92.919697,28.612988,32.374310
445.390162,123.257961,27.931644,32.441814
442.489834,141.588087,28.055069,33.068077
439.821563,159.745903,27.550516,32.762104
437.364709,178.861164,27.629400,32.546612
434.868078,199.322233,27.463650,32.284431
434.903941,199.079859,27.163668,31.879959
430.908201,242.724869,26.779491,32.547993
428.786413,265.719179,26.557278,31.592392
426.682812,289.838192,26.335678,31.192623
426.198551,315.809734,32.887589,26.153744
464.317553,318.417365,37.242970,25.254141
464.825806,318.277080,37.285942,24.846495
452.883597,370.982503,21.308321,22.173716
470.148866,380.346034,24.427397,18.911833
451.355467,408.744195,30.776005,15.424409
426.661120,418.492050,29.539309,25.283619
418.836374,431.197270,24.896732,30.099619
417.835052,435.610137,25.242714,30.326208
379.503086,412.113152,64.912346,60.149342
378.305336,481.858814,64.743698,48.973049
354.526928,502.225665,32.256462,30.357664
352.365177,500.418950,32.983925,29.176035
351.139520,501.746675,25.984663,28.109880
351.428159,500.600689,29.072439,29.107372
349.076620,501.696608,30.086521,29.019325
331.950296,492.407736,39.840496,37.323662
351.955322,499.713127,31.859833,28.705524
332.237503,488.107716,65.031845,51.665844
388.919386,431.507948,52.804310,73.023415
383.744589,440.031448,53.957767,56.909275
390.182173,439.462036,35.903614,53.895237
376.412828,506.628483,41.395199,26.554836
347.047298,498.230274,88.924889,53.256283
328.782795,476.126007,80.358437,63.479069
392.400330,431.813997,66.524826,70.011505
404.926182,439.115570,46.395241,54.308720
412.784521,444.017088,50.415562,51.918983
404.450891,435.960653,55.027691,61.813347
409.549999,434.043680,60.189339,58.896194
386.350002,433.142130,99.599190,103.486374
360.071884,412.245577,208.695709,164.567261
287.581970,379.641779,286.455017,213.368668
406.895508,284.208803,497.699646,345.342651
144.980011,325.455050,525.912598,340.971008
276.871933,483.078951,152.235687,159.823303
292.343655,499.411543,113.827644,111.139931
287.592148,478.519327,152.720490,144.708359
288.031315,491.564653,105.433647,128.434296
296.243549,502.121492,91.407494,117.258606
282.162239,506.630186,102.940140,111.675545
301.769794,514.677973,82.108818,103.849625
293.822941,538.702555,67.795769,71.642471
260.181150,526.610348,62.632542,46.915997
265.880486,551.849879,26.977463,22.534590
270.058360,553.451799,22.309847,20.705978
269.991310,552.938128,23.154709,21.479431
271.919920,552.246355,24.976353,22.587280
271.948892,550.528797,24.471022,23.334454
273.721872,553.806643,17.511372,18.823593
273.641179,553.341773,17.821547,19.330626
276.929583,550.526817,14.283115,19.468273
275.021253,552.973546,15.209021,15.342235
271.415343,531.611856,21.376734,17.541559
272.218920,511.564718,27.451122,27.110008
276.705782,510.677000,23.681606,21.797279
269.155665,510.469373,29.413446,25.711176
254.746979,509.356039,46.364029,34.338951
254.334652,509.309088,44.961937,29.442741
264.917919,512.955359,34.360054,27.327446
255.283933,515.217385,19.774260,22.227877
269.902756,516.976598,25.275871,23.633646
267.486505,516.396136,28.815664,25.090078
269.731856,517.749815,28.644693,22.902115
237.126125,503.247683,64.977097,47.202980
267.918777,513.011256,35.376015,31.809378
268.121926,515.151259,31.231176,25.761625
259.367111,511.280584,41.663124,32.479553
265.734459,514.215006,35.150368,30.479042
270.229673,518.465737,28.288387,24.590921
256.394234,513.363049,54.975258,41.976902
243.221149,491.126165,92.387863,70.896271
202.105419,470.927732,89.250519,92.675674
208.660734,493.206245,35.873104,44.140987
223.831018,506.518687,25.044422,30.329779
224.083050,514.660735,24.124695,24.765898
221.253849,514.271474,20.064560,22.172892
249.890183,531.251345,16.270483,13.989928
248.099046,528.577653,14.528615,13.713060
248.892269,527.057114,13.509881,13.275485
248.867865,526.527497,14.056774,13.917139
249.511356,521.697658,18.597977,15.892121
247.670063,520.557105,12.862266,10.000000
245.294734,511.751009,16.904539,17.919666
258.667411,500.367611,28.764029,26.139290
250.238855,500.242120,33.846497,30.790586
250.500212,499.393469,31.981956,31.513279
237.496166,496.950188,36.806728,38.747040
233.606937,499.059966,34.587551,34.260654
227.961969,499.133811,30.216797,34.442280
222.081855,498.781682,31.248983,32.266212
215.648340,496.738169,32.087921,35.332958
215.643450,496.229016,34.176773,35.621223
210.988403,494.444651,30.535343,32.245693
198.558187,490.784392,30.445307,35.560444
192.662560,489.165328,32.870289,34.563801
179.065220,482.241293,39.702511,40.485264
175.958992,478.921366,45.070927,41.896816
173.414093,486.493905,38.708912,37.928696
162.996115,489.640023,35.961876,35.245789
146.115829,501.653868,31.889563,34.881931
138.237268,507.623681,30.707291,34.528809
130.636807,516.350443,31.577829,34.104671
122.780701,523.203108,31.615223,35.402271
122.856174,523.444598,30.064100,34.966351
117.151846,530.334754,31.280006,35.466328
102.813705,533.013226,34.072819,36.808296
98.314045,533.767460,33.706249,36.878075
95.443707,532.877680,29.615625,33.981777
91.619749,532.352057,32.636986,34.372929
92.869277,531.561503,30.489614,35.038097
90.247169,531.346238,31.035099,35.618698
86.173600,530.851134,31.502748,35.699818
83.852503,531.523556,30.437027,33.487526
82.221856,532.796032,30.807085,33.105156
80.630946,533.444178,30.351606,35.315060
80.449692,533.465994,30.972340,35.151142
80.852366,533.105052,30.943312,35.013256
81.359097,533.900214,29.508129,34.457279
82.733940,533.847668,31.989262,34.630669
84.532196,531.790383,31.115940,34.544647
87.308846,530.813542,32.164127,34.188683
90.784189,528.547484,29.617188,34.568928
90.022885,528.578108,30.298792,34.579975
98.949935,523.354018,30.024572,36.215107
103.344320,520.991782,32.578392,35.473133
107.734631,518.286923,31.103298,33.308174
111.445835,516.151211,32.233837,35.347435
116.210712,513.794835,31.929928,32.263405
115.984674,514.356213,32.833603,32.835503
125.029070,508.328187,41.006714,39.974945
126.550606,506.660887,33.459675,33.400013
129.224400,505.891140,34.588131,31.973106
133.742849,503.574846,30.057793,27.851515
136.505377,503.059270,30.595299,29.877157
136.163813,502.881718,32.224213,30.895164
142.202684,500.354385,32.087280,30.649569
144.138416,499.180079,33.462460,32.980312
147.680016,497.559245,33.932972,33.165691
147.021969,493.650963,42.889141,40.445282
143.625437,477.342795,66.720139,59.573154
127.643229,468.310032,141.032578,121.295601
210.468302,446.082322,186.178818,142.476730
202.585649,341.760964,342.409882,305.628845
521.042681,258.666245,83.794891,184.679001
567.549549,310.933880,37.704617,44.187553
576.459714,313.792876,26.897577,38.623096
579.038563,323.844763,23.618435,26.993290
569.910751,321.064892,26.807323,35.792686
574.568604,324.833369,22.865015,25.796062
572.872928,322.756130,22.473616,28.505983
569.079936,321.829964,24.420736,29.046799
568.825254,314.211358,24.626526,37.708229
569.982599,318.491632,22.882607,31.130255
567.978454,318.767434,23.985334,33.817909
567.382475,315.697068,25.207367,37.515739
567.532117,314.700638,23.472170,36.200310
566.946136,314.011214,24.548733,37.710934
568.129674,319.226330,23.214907,31.642960
567.926309,317.135342,23.227884,36.078918
568.335718,316.369286,23.416359,35.641212
568.830879,317.438694,22.631588,34.507538
568.312638,316.066214,23.474298,35.047741
569.597042,315.692925,22.047123,34.663414
568.108188,314.985251,23.942389,37.316250
568.204507,314.151352,23.535379,35.738350
568.539585,315.552237,23.838322,35.617840
569.451776,314.235831,23.230555,38.178875
570.049089,314.295126,21.990547,35.688168
569.807724,314.186295,22.309612,35.292336
566.591151,316.332036,26.219793,32.228546
571.026515,315.750773,21.955114,32.734684
569.999450,313.959252,23.512571,34.823204
572.334771,314.758061,22.373377,32.105392
571.916240,314.354998,24.163839,33.627628
574.837465,313.459617,21.624168,28.234446
574.739038,314.004344,22.055115,31.116169
573.865985,313.857235,23.945173,32.288483
577.707584,313.070064,21.396770,26.039858
579.215609,313.492009,20.455688,27.749687
581.193417,314.343007,20.378460,25.264496
581.974764,314.129174,20.657936,28.923477
580.929117,314.264229,22.474236,28.631668
580.687614,313.849530,22.094456,24.423599
586.220859,313.499938,20.115744,27.310642
588.527933,314.472459,19.425987,23.593588
587.931531,314.223136,20.849199,22.700335
589.413376,313.834068,20.496708,24.328028
591.752145,313.967851,19.517977,25.026602
591.104847,313.831017,20.325817,26.546295
595.849664,314.331433,18.205118,25.903839
598.538300,314.509239,17.966892,31.389490
599.553366,314.882580,18.332420,32.402687
601.398897,314.420857,17.306793,34.980949
602.723463,314.315906,17.974884,28.994287
604.740532,315.345987,15.615184,27.282316
601.804614,312.757508,23.648184,33.861465
584.515916,277.100191,11.568482,19.749296
589.574138,277.312201,10.111807,16.883801
591.086586,276.701420,10.383855,17.061806
591.783715,276.367775,12.890590,19.140884
591.020703,276.939181,13.744539,18.894749
595.485998,276.477594,16.272156,18.364027
598.529592,277.955310,17.734652,21.669153
591.958923,275.908489,19.785343,22.527536
605.435329,275.453059,17.252193,21.787098
589.946756,271.852614,41.269569,40.609219
579.706751,315.276629,18.988731,31.092274
581.881364,314.183680,19.226450,24.767056
583.133198,314.184522,19.658215,25.132856
583.786306,313.767348,22.288849,25.907314
584.801847,313.826822,21.019730,27.655828
584.747390,313.258125,22.324621,27.878542
585.341477,312.919507,21.487314,29.430603
601.052866,311.934568,17.043449,19.250402
599.073426,310.009605,17.641848,22.769358
602.578530,308.230715,18.621508,25.690868
601.388026,311.292749,17.791548,23.080648
603.945445,313.446553,19.124495,26.539970
603.029996,311.865958,18.278582,25.507130
606.481709,311.538434,16.243015,19.327843
606.916793,312.420996,16.651503,17.946735
575.498724,342.200882,33.857559,22.632141
556.917936,330.656729,32.732300,32.115856
536.669302,320.199440,35.475975,33.114616
537.509197,320.011059,35.281322,32.950104
500.328161,305.613696,33.838943,31.610233
484.100977,300.503214,32.585533,31.885288
466.886450,296.867198,31.336639,31.819704
445.450094,294.020355,34.506966,31.878046
427.999180,293.946726,34.842693,31.456608
428.416927,293.579496,34.956081,31.611769
395.436434,296.018721,34.633484,31.552227
379.013878,299.420783,33.766636,31.218075
363.980665,303.588154,32.530205,31.493607
348.524542,310.300139,32.353127,29.956707
333.255908,317.796530,31.989576,31.278790
333.346337,317.763535,31.245607,31.173683
303.535327,337.552708,29.732199,30.624374
288.508279,351.530262,31.064348,29.319765
272.649314,364.592176,27.731596,27.987730
257.947780,379.071133,27.825262,27.463272
242.370139,394.413771,29.522154,28.683651
242.574177,393.441517,29.287037,28.846451
216.931372,419.322978,30.571815,29.698671
218.944617,402.461689,28.704931,32.318871
224.493012,376.559781,29.957964,29.673721
232.642280,351.731020,28.732306,31.553211
239.347060,324.408999,28.984762,33.862705
240.071777,324.209877,28.920826,33.852135
253.220018,282.414629,31.687454,35.172657
259.570141,264.153168,31.405575,33.412895
267.245623,245.978653,31.753998,35.212776
273.655698,229.803038,31.516733,34.948315
281.251124,215.653130,31.848570,34.994438
280.580276,215.196352,31.503393,34.228413
295.555081,191.151566,31.226328,33.479614
304.120255,181.294353,31.339083,31.690058
311.427690,174.112778,30.987307,30.936264
319.309020,166.494682,31.979177,31.590624
326.522563,159.702099,31.530073,31.784538
326.482650,159.955755,31.632895,31.583487
341.022169,152.756314,33.176796,33.865990
349.744778,150.468531,31.844372,32.194057
357.786676,150.555930,32.121536,32.399448
365.264605,152.056586,32.389648,31.761250
372.995724,155.279749,32.819225,32.568905
373.786495,154.639723,32.430904,32.404408
388.004532,165.929043,32.380772,33.018623
396.515266,173.061863,32.688435,33.742851
404.121552,181.039565,33.393223,34.325474
411.791986,190.480261,32.514893,34.614414
419.678150,201.667941,32.338711,35.303967
420.098932,201.557789,31.960556,35.247276
436.280201,228.506711,31.024426,36.690071
443.284774,244.984950,31.343863,36.132687
450.688179,261.412285,31.640537,35.232849
457.232706,279.352879,32.023544,36.577736
465.234885,301.385155,31.421545,33.712845
465.485231,301.646588,31.253937,33.659157
479.150104,347.998010,29.358198,29.877333
487.950537,371.339794,27.459709,29.518900
494.258976,395.074030,29.852764,30.919338
500.089528,417.930855,30.874369,30.493454
500.118193,414.570906,31.615852,30.632526
500.897564,414.389640,31.315899,30.623293
513.076527,397.708863,30.771725,29.692635
518.574223,390.625093,30.162838,30.128942
524.208350,386.144018,28.538610,29.912504
527.325351,382.224744,29.968168,29.772825
532.395438,380.028817,29.299444,29.894722
531.611370,379.865911,29.693111,29.912962
536.832805,380.139221,29.641188,28.727854
559.346279,383.639891,40.033184,29.093868
608.309334,401.181326,32.049000,27.032314
650.329951,416.872420,31.067564,26.574459
678.449501,431.645088,29.027042,28.578730
678.628349,431.926298,30.468433,29.021971
716.098206,438.668293,33.965015,29.918932
781.074492,462.965229,30.944664,30.025164
818.741314,479.321936,29.375607,28.336941
859.893499,494.350214,36.332756,30.111759
863.986071,493.606152,29.129379,27.661285
862.404842,494.065492,29.881054,27.447165
862.669820,492.340022,31.328058,28.342747
879.837141,456.073590,28.729469,29.387436
866.905201,423.041897,31.738277,32.863045
855.786666,396.674488,29.442846,31.739534
843.891344,370.989517,30.254761,31.915209
843.553417,371.637551,30.776531,31.320923
832.882042,348.925893,28.449146,30.167692
808.037912,300.694138,31.291321,35.052589
796.430700,282.483662,32.415169,33.762024
783.591425,265.720295,34.984406,35.721786
776.162848,250.245755,32.357353,34.896393
767.346548,236.317532,31.614891,34.919464
766.860596,236.326251,32.024342,35.137379
750.332145,212.820511,27.314703,32.060867
740.939732,203.970490,28.578106,31.862320
730.787080,196.961025,29.452013,31.299448
721.499670,190.427044,29.993233,30.268089
713.261367,184.201640,31.292944,32.107235
713.607409,184.021323,31.802658,31.375935
696.601410,177.714993,31.560261,31.252357
689.579782,177.882349,30.773743,31.434065
680.917818,178.084644,30.916016,30.892374
672.772936,179.895894,30.947327,30.387093
664.815142,183.610586,30.921021,30.882177
664.485196,182.928151,30.825525,31.265221
647.981463,193.710701,30.651541,31.314394
639.308898,201.127335,30.830198,30.966904
631.754739,209.824231,30.727137,31.691872
623.774940,219.908065,29.371700,31.808992
617.393928,231.380995,27.045118,30.879261
617.927817,231.189403,27.262434,30.553766
601.841824,256.527829,27.745029,30.973549
592.742971,272.161535,28.226715,30.236609
586.792867,287.799828,24.409304,25.865189
578.517746,301.830061,27.025410,24.448551
575.245817,302.605210,28.412994,25.133728
576.367415,303.117246,27.769438,23.961355
578.620091,296.150814,28.255144,29.919580
579.625954,296.602319,28.802639,27.047789
581.915088,295.054208,28.552999,28.638456
582.578660,297.031761,28.172953,27.841204
585.207258,300.167080,27.831299,28.455574
584.426165,299.852998,27.599388,28.457640
589.486637,308.675757,27.137180,28.661747
590.310741,315.174125,28.254017,27.296373
591.175454,322.466400,28.589991,27.558458
593.452270,333.895120,27.238768,28.380171
595.563757,342.770294,28.498108,31.229113
595.562123,343.021692,28.239367,31.293409
599.995772,367.635945,28.370466,31.241142
601.351212,383.600375,27.007854,28.977840
600.020650,392.663535,26.807177,27.400425
594.254904,379.733309,27.890594,30.693813
586.621268,362.269660,29.028730,30.279131
586.424283,362.780728,29.423082,30.453529
576.933333,334.653637,27.617186,27.079414
570.798160,324.592523,27.815390,25.187468
565.575807,312.118024,28.568697,29.601629
559.995228,303.059495,26.179058,28.706961
554.679817,296.156334,26.728626,29.654190
554.318838,296.426461,26.678047,29.239288
543.183944,284.913541,29.812513,29.106344
538.467228,282.142869,29.335178,29.240156
533.199449,279.424890,29.341166,28.707579
528.353004,277.775077,30.269529,29.297655
523.389700,277.757403,29.711075,29.244961
524.010077,278.210405,29.426529,29.286283
514.283615,282.984543,29.273182,27.849594
509.089860,287.094450,30.260714,29.419058
504.213692,291.900708,28.631931,29.378548
498.214241,298.400290,29.404926,30.883656
494.267697,308.226832,29.964258,29.958797
493.822231,307.771723,30.063931,30.422009
484.449076,328.673099,26.651001,28.833979
480.010105,341.598806,26.911114,26.775320
475.970968,355.834125,26.249321,29.299936
470.945604,368.467396,27.253464,30.175392
467.184747,383.431544,27.521410,30.115246
467.576160,384.575832,27.441799,30.028238
457.130685,381.999842,29.142855,25.729473
448.506958,351.566041,31.875011,32.147240
444.812020,328.902949,27.294580,27.342312
437.536619,307.230138,29.799065,28.343565
431.651154,281.820599,30.389179,34.288185
430.793587,281.552620,30.531498,34.942444
417.554335,240.977110,31.171959,33.811939
410.662644,223.914509,31.312654,32.371590
403.958991,206.902037,31.165625,31.961056
396.123066,191.909970,31.154018,32.902161
389.157190,178.577610,32.174683,33.501907
388.485289,178.526202,32.152397,33.533421
375.405509,155.007662,31.785421,33.992756
368.385889,145.424456,32.196640,32.863468
362.672651,137.919726,32.477638,32.093098
356.353199,130.758206,32.171810,31.934738
350.046394,125.327281,31.681675,32.977009
349.948345,125.244778,31.617611,32.927292
335.695135,118.755385,32.849861,32.022335
329.297792,118.184341,32.913300,31.300272
323.612011,118.186381,32.261303,32.281849
316.953758,119.790829,32.496159,31.950806
311.230347,122.156067,32.448490,32.265816
311.374008,122.716950,32.488438,32.716148
298.509336,133.516375,32.166649,32.581409
292.265450,140.676428,32.317463,33.330273
286.771484,149.705410,32.010075,33.689941
280.712843,160.437668,33.134239,35.533745
274.817505,172.655200,33.316349,36.010899
274.886051,172.014555,33.443905,36.285381
262.447004,200.515517,33.577141,36.948421
256.360161,218.853394,33.200550,36.308846
251.814234,236.515168,33.307098,35.837654
246.098011,255.552090,33.635738,35.271576
241.201605,276.383900,33.743202,34.785294
240.594320,276.453986,33.959694,34.560040
230.581497,322.427227,33.752628,33.746735
227.033658,350.958777,30.436563,32.830959
221.959618,380.631391,30.562565,28.769392
217.249304,407.332058,30.481392,29.417496
214.645030,437.122175,28.129179,26.385450
214.220327,437.437576,28.529381,26.680140
245.855037,416.283036,28.849287,29.860588
274.742334,393.809797,29.414902,30.984755
304.313490,371.914778,32.088768,30.910946
334.825377,351.451638,31.428734,33.186424
360.495979,333.546359,36.014500,33.728153
361.291967,333.540423,34.960304,32.343586
415.063116,304.762011,37.723976,32.811977
440.975508,291.437333,38.860939,34.072571
469.494457,280.632964,36.382839,33.403629
494.531149,270.547013,36.577431,33.934280
520.610048,263.451378,36.799683,33.439270
521.000422,263.499955,35.896942,33.437057
567.768833,254.328733,34.061840,31.115484
591.754684,251.010594,36.552036,29.252998
613.153654,249.397768,36.566460,31.330763
637.002756,249.882819,33.997803,30.195469
655.809790,251.856007,35.113197,29.871864
656.780575,251.105587,35.502621,30.111137
697.463808,258.931104,35.119278,30.894506
717.309168,264.669560,33.276169,30.252983
736.978737,272.498056,32.805317,31.758146
755.037359,280.873810,33.956261,31.030930
772.367994,290.107307,34.122383,30.078981
772.833492,290.010538,33.736340,29.877226
810.310513,311.627466,31.789852,30.256422
830.637530,323.873872,29.845152,31.762480
850.505683,340.363308,29.460897,29.265953
869.061658,358.710893,28.148417,27.546858
886.452633,374.473701,28.555706,27.721392
886.683321,373.991664,28.791443,27.414133
882.965130,333.072505,28.881741,29.718292
878.477983,309.419837,28.424164,31.842445
873.555748,287.951527,27.772068,29.812931
867.542994,267.431807,29.154785,34.717491
861.374909,249.897496,30.088869,33.457645
860.819865,250.064738,30.432447,33.866600
850.005274,216.471280,30.406387,34.396023
845.272973,201.120762,31.249971,34.610653
840.630664,188.929383,31.214109,33.401035
835.022021,178.171210,31.653471,30.904655
830.179769,167.529295,29.016748,32.523613
829.266522,167.376755,30.023859,33.053654
819.965836,150.506842,30.398487,33.213623
814.302124,144.154803,30.713779,32.898598
810.120713,140.725487,29.826555,32.021114
804.272472,137.446142,30.506039,31.903429
798.917295,135.595173,31.849741,32.140934
799.171693,134.970358,31.539766,32.378799
790.316030,135.399380,31.161966,32.736897
784.418272,136.824963,32.697456,32.939274
779.695673,140.958817,32.860306,33.403973
774.076542,145.932667,33.346767,34.565525
769.063437,152.996466,32.248772,33.501389
768.513716,153.103222,32.528938,33.619343
758.942623,171.396035,32.217571,31.683376
754.121048,183.041148,32.009663,30.586082
748.317690,195.048270,32.394791,35.675140
742.943362,208.839762,31.840300,34.962395
738.065196,224.653347,31.750334,33.433689
738.187255,224.629439,31.689367,33.715240
726.999222,261.041617,32.503574,32.856827
722.343834,281.052857,32.409351,34.368252
716.751040,306.328921,31.016813,29.801445
713.206436,328.214670,29.081944,30.037760
707.898819,352.112440,29.769749,31.360949
708.627438,352.125759,29.661205,31.772345
703.583570,376.511431,30.639992,33.902763
725.823206,353.268836,25.631897,23.429642
727.572556,352.936422,24.234371,23.520823
728.224585,352.491080,24.413559,23.076057
729.647864,352.066099,24.829054,23.678301
729.817483,352.289485,24.767107,23.817526
731.605645,352.938241,24.391436,23.414143
735.133303,352.128780,24.982697,23.958616
737.249405,351.944887,23.989376,23.546541
739.151055,352.756660,24.478014,23.883238
742.014701,352.605079,24.571829,24.029486
742.244242,352.029404,25.207497,23.976673
744.686429,351.984140,24.768885,23.992128
750.131586,352.186546,24.858673,24.208632
752.871247,352.152023,23.947588,23.741949
755.347348,352.596633,24.949892,23.918142
758.210355,352.300122,25.293703,24.115353
757.716988,352.554262,25.493496,24.384462
760.501617,352.496523,24.442120,23.943596
766.383757,352.762188,24.794205,23.785023
768.906606,352.431147,25.252123,23.739006
772.219650,352.145202,25.700985,24.238569
774.753755,351.885854,25.015650,24.231043
778.629415,352.424643,25.507204,24.039177
778.778852,352.829467,25.652155,23.982054
784.188974,352.615346,25.257248,24.007647
786.576614,351.844435,25.228840,23.956429
788.602291,352.435968,25.568424,24.476336
791.648589,351.793748,25.403563,24.567484
793.505572,351.868656,24.809759,23.889738
793.586824,352.082204,25.365074,24.294466
796.206524,351.940673,24.899448,23.881849
796.901861,352.076820,25.214401,23.995146
797.765717,351.673597,25.220615,24.012362
798.142411,351.874342,24.708269,23.867592
798.630752,352.292540,24.052641,23.851418
797.666461,352.683909,24.849966,24.363556
797.940626,352.239779,24.658661,24.036057
797.800762,352.735292,24.111996,23.773539
797.346651,352.064420,24.866653,23.729876
797.212534,352.499778,24.417786,23.947157
797.214091,352.532698,24.439970,23.893753
797.226741,352.538916,24.439970,23.893753
796.401978,352.867733,25.604122,24.014540
796.427908,352.595065,24.990868,24.032974
796.535908,352.900564,24.825451,24.042856
796.207221,353.230379,25.031858,23.884089
795.468260,352.527284,25.248367,23.894327
795.167077,352.755923,24.833185,23.709953
793.987642,352.501576,25.405151,23.632702
794.474754,352.729911,25.127850,23.573858
793.936348,352.275259,24.881779,23.661064
793.930022,352.782255,24.203596,23.661951
792.865130,352.350282,24.508886,23.525087
792.456238,352.299397,24.367527,23.621517
791.409310,352.942624,24.523317,23.552776
791.401134,353.047980,24.804752,23.484138
790.375175,352.897634,24.233541,23.666048
790.338415,352.379042,24.808479,23.527962
789.250928,352.524319,24.615801,23.724827
789.192808,352.709200,25.189545,23.798927
788.257830,352.910800,24.400253,23.857040
786.893043,353.052241,24.517088,23.962662
786.378967,353.207661,24.525761,23.250507
785.370768,352.690857,24.192543,23.520351
785.169389,353.286389,24.583017,23.858761
784.958447,352.924646,24.861050,23.639849
783.672893,352.880794,24.952688,23.625525
782.864170,352.556709,24.471287,23.527021
782.157719,353.028263,24.326786,23.932257
781.015233,353.533373,24.531343,23.708755
779.938041,352.814998,25.014311,23.511541
781.054683,352.451806,24.444250,23.543774
779.606503,353.462844,24.538654,23.563978
778.862442,352.855134,24.998974,23.656343
778.613886,352.589310,24.786392,23.674213
777.717260,353.484703,24.068100,23.632116
776.675558,353.385759,24.482712,23.376741
776.963635,353.158660,24.432085,23.402433
775.873299,353.001564,23.967953,23.182554
774.429161,352.374542,24.516186,23.938665
773.727235,353.355233,23.127344,23.375721
772.872255,352.841312,23.731194,23.256620
771.813348,353.487488,23.450403,23.413013
771.484629,353.252419,24.667381,23.680225
770.094981,352.976269,23.908499,23.148617
768.583615,352.598391,23.459879,23.396317
767.877601,353.782310,23.640257,22.969618
766.540302,353.152915,23.735424,23.187347
765.418269,353.036223,24.022139,23.669495
765.651940,353.101122,24.320925,23.650894
762.126284,353.263223,23.947014,23.287058
760.453303,353.939532,22.928473,23.089996
758.521745,353.890212,23.895327,23.242584
757.453031,352.785931,24.184877,23.115238
755.176201,353.017179,23.484005,23.418314
754.781126,353.007666,23.789955,23.186203
749.795417,352.978305,24.453505,23.299597
747.914083,352.983631,23.844088,23.145056
744.931895,352.946719,23.216948,23.208015
742.437957,353.275543,23.482344,23.562712
739.508242,353.442595,23.493034,23.246422
738.797694,352.959200,24.090300,23.392563
733.669522,353.690624,23.683519,23.415182
729.848519,353.808503,23.837549,23.343037
727.475048,353.915646,22.793262,23.028370
725.153496,353.488167,23.360577,22.850636
722.173463,353.419695,22.717936,23.215446
722.203418,353.186652,23.272825,22.861069
717.290909,353.334413,24.037952,23.394381
715.252410,353.253299,23.923292,23.161863
713.469287,353.738597,23.776312,23.210043
711.768347,354.237471,23.775681,23.125008
709.573116,353.652883,24.090115,22.908503
709.280064,353.965136,24.236767,23.360428
706.816850,353.855926,23.562113,23.182943
705.362024,353.851841,23.932083,22.942844
704.711075,354.215863,24.755657,23.506657
703.122893,354.264542,24.672712,23.588947
703.006989,353.419772,24.916233,23.512444
703.548770,353.934532,24.946814,23.530790
702.197228,353.546775,24.646410,23.271933
701.642437,353.951464,24.485287,23.436874
701.718916,353.193602,24.497086,23.278641
701.445746,353.252903,24.647390,23.559095
701.511442,353.002745,24.530327,23.679932
701.236355,353.751149,25.038708,24.108685
700.900784,353.686897,24.519466,23.655333
700.057241,353.623386,24.724236,23.631033
700.295652,353.490239,24.823746,23.628216
700.132727,354.143305,24.293480,23.305138
699.966435,354.086048,24.515863,23.367453
700.482807,353.544873,24.587780,23.335697
699.959583,353.596528,24.222240,23.425678
699.838068,353.627126,24.786766,23.504412
699.147700,353.670842,24.603460,23.445538
699.283479,353.405968,24.565142,23.694988
698.629720,353.361068,24.921534,23.806692
698.755141,353.870848,25.171301,23.760864
698.306681,353.920346,25.118523,23.524921
698.379922,353.440821,24.744318,23.320915
698.804787,353.085084,25.143536,23.793863
698.603160,353.907716,25.021688,23.841387
698.162395,353.770556,25.145788,23.715027
698.761551,353.428547,25.216503,23.861042
698.369861,353.283826,24.463858,23.923052
698.659177,353.259450,24.924578,23.857409
699.046578,353.934742,24.484613,23.648167
699.063154,354.032266,25.205910,23.561388
699.509141,353.597113,25.115946,23.584961
699.943828,354.072025,25.101377,23.641912
702.842133,353.270412,24.165928,23.570257
702.987218,353.374760,24.587107,23.607899
703.501719,353.135954,24.634932,23.429451
705.502980,354.079660,23.351336,23.210611
705.755587,353.718868,23.348083,23.073507
705.947437,353.320722,23.313145,23.047365
708.497317,353.504606,22.569586,23.026217
709.965899,353.683973,22.876455,23.340181
711.767921,354.098784,23.201534,23.568581
712.234419,354.115942,23.882462,23.198120
713.687015,353.472371,23.375463,23.068783
712.818777,353.387061,24.281715,23.027718
715.036859,354.255161,23.441950,23.256582
714.552536,354.608951,24.287128,23.390623
714.389149,355.014889,24.523556,23.175816
714.346160,354.440438,24.680777,23.362919
715.072989,354.531652,24.502747,23.838984
714.642986,354.931433,24.384945,23.887016
714.934946,355.473051,24.209457,23.878679
714.088430,355.058269,24.494492,23.526442
714.340886,355.774014,23.450716,23.585613
714.237423,355.656464,23.347767,22.731220
713.656197,356.091941,24.251331,23.348593
714.119806,356.337367,23.999664,23.254585
712.291078,357.369004,23.673922,23.361897
712.297450,357.491074,23.372145,23.344517
712.066713,357.715895,23.759842,23.164009
710.460585,358.411994,24.089027,23.733053
708.899057,358.705367,23.670197,23.657921
709.692994,358.674019,23.687975,23.438190
706.646892,359.225391,23.054029,23.458769
704.956555,359.278592,22.344881,23.305576
703.402219,359.307737,23.255327,23.345018
702.484877,359.371891,22.695053,23.268063
702.304092,358.896133,23.082806,23.135382
701.786773,359.749929,23.798552,23.455698
702.043563,359.351756,23.497000,23.433937
