0.000878
0.029635
0.031509
0.029747
0.030311
0.029942
0.029968
0.030395
0.030134
0.029814
0.029720
0.029881
0.029942
0.030388
0.031280
0.030567
0.030064
0.030511
0.030889
0.030467
0.031069
0.030085
0.030428
0.030957
0.030733
0.030276
0.030492
0.030416
0.031843
0.030887
0.030624
0.030702
0.029994
0.030285
0.030393
0.030992
0.030185
0.030093
0.031273
0.029710
0.029823
0.030132
0.030553
0.030501
0.029880
0.030532
0.029751
0.029771
0.030102
0.030513
0.030242
0.029848
0.029838
0.030146
0.030690
0.030922
0.031358
0.030518
0.030533
0.030019
0.030395
0.029974
0.030165
0.029841
0.030089
0.031173
0.029736
0.029788
0.030898
0.031231
0.030152
0.030710
0.029738
0.030587
0.030147
0.030961
0.029990
0.029948
0.030364
0.030361
0.030448
0.030007
0.030601
0.029933
0.030593
0.031414
0.030557
0.030195
0.030751
0.031567
0.030364
0.030331
0.030478
0.030732
0.030335
0.031353
0.030502
0.029772
0.030660
0.030566
0.030174
0.031250
0.029966
0.030677
0.029844
0.030115
0.029802
0.029858
0.030134
0.029884
0.029948
0.030558
0.029977
0.030120
0.029751
0.029831
0.030750
0.029709
0.029781
0.030091
0.030469
0.029988
0.029773
0.029777
0.029910
0.029905
0.030591
0.030052
0.030554
0.029782
0.029616
0.029806
0.029886
0.029915
0.029827
0.030187
0.029785
0.030021
0.029868
0.030581
0.031612
0.030095
0.030052
0.030127
0.030860
0.029918
0.029862
0.030276
0.030495
0.031097
0.030500
0.030058
0.030181
0.029692
0.029716
0.030048
0.030216
0.031027
0.029682
0.030299
0.030963
0.029790
0.030006
0.030092
0.030877
0.029967
0.030296
0.031408
0.030938
0.030043
0.029681
0.029964
0.030563
0.030736
0.030299
0.030023
0.030876
0.029985
0.029721
0.030205
0.030120
0.030102
0.030821
0.031177
0.030593
0.030039
0.029701
0.029773
0.030883
0.029668
0.030071
0.029862
0.029805
0.029806
0.030135
0.030434
0.030359
0.030476
0.030549
0.030012
0.029875
0.029708
0.029727
0.029939
0.030139
0.030540
0.030730
0.029892
0.030591
0.030704
0.029755
0.030063
0.030122
0.030406
0.031317
0.030333
0.031121
0.030315
0.030832
0.029838
0.030035
0.030434
0.029825
0.030586
0.030138
0.029647
0.029757
0.030772
0.030944
0.029840
0.029934
0.029771
0.029885
0.030215
0.030040
0.029792
0.030557
0.029965
0.029732
0.029975
0.029937
0.029854
0.029735
0.029987
0.029848
0.029839
0.029804
0.030046
0.029704
0.030016
0.031235
0.030027
0.029877
0.029713
0.030389
0.030060
0.029935
0.029799
0.029985
0.029894
0.029915
0.030901
0.029949
0.029970
0.029792
0.029783
0.029739
0.030660
0.029969
0.029868
0.030020
0.029768
0.029855
0.030379
0.030377
0.030230
0.030182
0.029802
0.029957
0.030654
0.029667
0.030001
0.029738
0.029790
0.030315
0.030787
0.029705
0.029630
0.029780
0.030005
0.030664
0.029857
0.029934
0.030012
0.030223
0.029829
0.029874
0.029853
0.030451
0.029676
0.029861
0.029737
0.029612
0.029757
0.029880
0.030109
0.030251
0.030052
0.029709
0.030172
0.030008
0.029973
0.029725
0.029630
0.029783
0.030003
0.029798
0.029957
0.030065
0.030576
0.029794
0.029791
0.029896
0.030030
0.029851
0.029663
0.029674
0.029811
0.029899
0.030041
0.029927
0.030132
0.029726
0.029791
0.030575
0.030461
0.030005
0.031169
0.029776
0.030201
0.029778
0.029682
0.029836
0.030206
0.031490
0.031668
0.032740
0.031228
0.030791
0.030670
0.030342
0.030881
0.031152
0.030700
0.030616
0.030116
0.030494
0.030448
0.030488
0.030608
0.030856
0.031067
0.031508
0.030361
0.030817
0.030071
0.029872
0.030786
0.029927
0.030064
0.029930
0.029786
0.030452
0.030638
0.030991
0.029915
0.031969
0.030847
0.032203
0.030948
0.030758
0.030410
0.031702
0.030686
0.032237
0.030875
0.031570
0.031325
0.030811
0.031337
0.030587
0.031452
0.030806
0.030584
0.030477
0.030913
0.030491
0.031167
0.030053
0.030055
0.029800
0.030504
0.029812
0.030378
0.031139
0.030943
0.030769
0.030933
0.031282
0.031337
0.030454
0.030419
0.030637
0.030964
0.031172
0.030810
0.032392
0.030529
0.030630
0.030504
0.030808
0.030627
0.030252
0.030748
0.031126
0.031048
0.030852
0.030745
0.030604
0.030163
0.030381
0.030312
0.030590
0.030514
0.030622
0.031306
0.030753
0.030436
0.030512
0.030683
0.030175
0.031221
0.030039
0.030140
0.031053
0.030130
0.030369
0.031001
0.031352
0.029876
0.029894
0.029757
0.029807
0.029680
0.030562
0.029583
0.030309
0.029867
0.029959
0.030167
0.030973
0.030483
0.030557
0.029967
0.030135
0.030102
0.029960
0.029708
0.029957
0.030026
0.029705
0.029914
0.030384
0.030829
0.030941
0.029903
0.030964
0.029715
0.029882
0.030153
0.030831
0.029836
0.030086
0.029918
0.030446
0.030151
0.030670
0.030434
0.031065
0.030405
0.030529
0.029821
0.029971
0.030169
0.031600
0.029895
0.030322
0.029770
0.030714
0.030931
0.029639
0.030643
0.031100
0.030882
0.029903
0.031624
0.029653
0.030068
0.029950
0.029915
0.029655
0.031023
0.029861
0.030714
0.030309
0.030547
0.029732
0.029736
0.029766
0.030214
0.031011
0.030245
0.030046
0.029969
0.030651
0.029794
0.030900
0.030259
0.030230
0.030380
0.029940
0.030139
0.029950
0.030159
0.029919
0.030516
0.030224
0.029930
0.030416
0.029807
0.029709
0.030001
0.029856
0.029896
0.029874
0.029861
0.029649
0.030526
0.030133
0.030322
0.029902
0.030600
0.029874
0.029721
0.031039
0.030676
0.030044
0.029844
0.029911
0.029921
0.029865
0.029895
0.030266
0.029675
0.030493
0.029727
0.029588
0.029983
0.029878
0.030310
0.029731
0.029872
0.029995
0.029944
0.030638
0.029809
0.029838
0.029867
0.030429
0.029769
0.029886
0.029949
0.030526
0.029764
0.029733
0.030106
0.029670
0.030013
0.029667
0.030024
0.029888
0.029951
0.029731
0.031015
0.029804
0.029745
0.029755
0.029847
0.029697
0.029689
0.029706
0.029914
0.029871
0.029742
0.029911
0.029659
0.030538
0.029988
0.030760
0.029864
0.030794
0.029727
0.029807
0.029779
0.029837
0.029877
0.029825
0.030000
0.029899
0.029869
0.030101
0.029873
0.030059
0.030444
0.029931
0.030286
0.030137
0.029934
0.029799
0.029976
0.029982
0.029621
0.030401
0.030134
0.030189
0.029959
0.030193
0.031813
0.030120
0.029664
0.029919
0.030020
0.030917
0.029916
0.030165
0.029765
0.029902
0.030138
0.029763
0.029743
0.029682
0.030744
0.031053
0.030167
0.029935
0.029705
0.030015
0.030012
0.029859
0.029599
0.029745
0.030186
0.030139
0.029689
0.029980
0.030813
0.030270
0.030412
0.029896
0.031253
0.030369
0.030520
0.029726
0.029715
0.030157
0.029825
0.029956
0.029709
0.030048
0.029673
0.029664
0.031465
0.030220
0.029790
0.029821
0.029909
0.029638
0.030177
0.029922
0.029818
0.029944
0.029849
0.030003
0.030952
0.030132
0.029862
0.030017
0.030546
0.029902
0.030095
0.029864
0.030569
0.031134
0.029943
0.029665
0.030961
0.029670
0.029950
0.029883
0.030039
0.030253
0.030452
0.030303
0.029892
0.030094
0.030050
0.030954
0.029629
0.030356
0.029736
0.029988
0.030523
0.031109
0.029684
0.030266
0.029814
0.030615
0.029943
0.030446
0.029657
0.030108
0.029786
0.030374
0.029741
0.029647
0.030569
0.029942
0.029910
0.030356
0.029911
0.030271
0.030375
0.029859
0.030003
0.030038
0.029705
0.029884
0.029964
0.030177
0.030684
0.029890
0.030144
0.029982
0.029746
0.030725
0.029948
0.030505
0.030269
0.030109
0.030504
0.029984
0.030087
0.029996
0.029697
0.030150
0.029577
0.029835
0.030224
0.029924
0.029775
0.030013
0.030153
0.029788
0.029696
0.029825
0.030463
0.029960
0.030625
0.029983
0.030663
0.030057
0.030404
0.030854
0.029804
0.030442
0.030337
0.030127
0.030314
0.029814
0.029625
0.029780
0.030185
0.030063
0.029755
0.030338
0.030217
0.029996
0.029608
0.029882
0.029808
0.030206
0.029836
0.029960
0.030568
0.030858
0.030603
0.030171
0.029892
0.030378
0.029839
0.029875
0.030218
0.029798
0.029822
0.029801
0.030847
0.029974
0.029878
0.029722
0.030431
0.029703
0.030016
0.030138
0.030326
0.029852
0.030413
0.029724
0.029845
0.030389
0.029803
0.029934
0.030372
0.030663
0.030735
0.030884
0.029775
0.031065
0.030335
0.029724
0.031173
0.029877
0.029826
0.029814
0.029912
0.030179
0.030595
0.029856
0.030975
0.030244
0.030216
0.031193
0.030650
0.029815
0.029692
0.030614
0.030062
0.029672
0.029984
0.030532
0.030984
0.029863
0.029789
0.029919
0.029717
0.029935
0.029737
0.030505
0.029897
0.030622
0.030359
0.029821
0.030033
0.030269
0.030959
0.030030
0.029738
0.029867
0.030779
0.029937
0.029806
0.029860
0.029883
0.030420
0.030400
0.029934
0.029719
0.029611
0.030020
0.032049
0.029990
0.030102
0.029906
0.029756
0.029669
0.029749
0.029665
0.029633
0.029813
0.029791
0.030199
0.030544
0.029746
0.029966
0.030449
0.030007
0.029848
0.029927
0.029916
0.029654
0.029952
0.030040
0.029824
0.029767
0.030248
0.030055
0.030155
0.030100
0.031162
0.030863
0.030284
0.030719
0.029736
0.030171
0.029915
0.029647
0.029939
0.029662
0.029795
0.030081
0.030082
0.030079
0.030129
0.030531
0.030582
0.030488
0.030130
0.029939
0.029970
0.029904
0.029975
0.029799
0.030255
0.030099
0.030284
0.030107
0.030373
0.030058
0.029718
0.031086
0.030764
0.030467
0.030605
0.029758
0.030537
0.029855
0.029859
0.029806
0.029866
0.030209
0.029972
0.030153
0.029834
0.030546
0.029888
0.029845
0.030843
0.031364
0.029830
0.030165
0.030486
0.029728
0.029873
0.031179
0.030262
0.029976
0.029801
0.029888
0.030378
0.029940
0.030082
0.029860
0.030016
0.029967
0.029724
0.030698
0.030670
0.029736
0.029951
0.029746
0.029838
0.030218
0.029789
0.030884
0.029930
0.029915
0.029713
0.029696
0.030326
0.029833
0.029777
0.030970
0.030300
0.029793
0.029770
0.029793
0.029726
0.030000
0.030578
0.029875
0.030424
0.029808
0.029706
0.030350
0.029972
0.030267
0.030220
0.030008
0.029813
0.030020
0.030524
0.030621
0.031019
0.030712
0.030102
0.030376
0.030204
0.029795
0.029779
0.029828
0.030183
0.029910
0.029499
0.030202
0.029865
0.029879
0.029810
0.030549
0.030529
0.029661
0.030220
0.031116
0.030017
0.029769
0.029673
0.029708
0.029766
0.029625
0.029880
0.029917
0.029786
0.030135
0.031593
0.030369
0.031345
0.029769
0.029967
0.030424
0.030801
0.030988
0.030139
0.029935
0.030369
0.029736
0.030095
0.030935
0.029786
0.030239
0.030077
0.029675
0.030448
0.029974
0.029704
0.029946
0.030348
0.030570
0.030227
0.029698
0.029576
0.029697
0.030426
0.029529
0.030536
0.030967
0.030050
0.030544
0.030009
0.029715
0.030518
0.030092
0.029891
0.030536
0.030248
0.030107
0.029932
0.029838
0.029786
0.030708
0.029752
0.029943
0.029663
0.030879
0.030291
0.029933
0.029948
0.029922
0.030148
0.030721
0.029924
0.029738
0.030002
0.030297
0.030655
0.030775
0.030029
0.030426
0.030573
0.030671
0.030387
0.029872
0.029626
0.029867
0.029722
0.030435
0.029837
0.031154
0.030448
0.029813
0.030097
0.030077
0.030189
0.029783
0.029854
0.030796
0.030565
0.029971
0.030251
0.030185
0.029909
0.030369
0.030961
0.029812
0.029621
0.029834
0.031316
0.030767
0.030088
0.029826
0.029879
0.029858
0.029674
0.029837
0.030233
0.029765
0.030085
0.030523
0.029779
0.029759
0.030958
0.029856
0.029917
0.029674
0.030418
0.029593
0.029818
0.029889
0.030390
0.030735
0.030634
0.029930
0.030740
0.030005
0.029739
0.029963
0.029817
0.030013
0.030750
0.030590
0.029686
0.029890
0.029778
0.029927
0.029680
0.030054
0.030065
0.029765
0.030000
0.030145
0.031091
0.029813
0.029907
0.029739
0.029997
0.030082
0.029743
0.030164
0.030830
0.029860
0.029874
0.029977
0.030300
0.030240
0.029887
0.029771
0.029819
0.029822
0.029755
0.029668
0.029773
0.030114
0.029740
0.029903
0.029894
0.029995
0.029844
0.030202
0.029853
0.029876
0.030348
0.029716
0.029986
0.030213
0.029967
0.029975
0.030884
0.029931
0.029895
0.029807
0.030039
0.029695
0.031384
0.031041
0.029910
0.029914
0.029838
0.029907
0.029675
0.029760
0.029593
0.031316
0.029881
0.029693
0.029609
0.030127
0.029949
0.029997
0.030835
0.029905
0.029746
0.029999
0.029965
0.029780
0.029942
0.030020
0.029857
0.029969
0.029745
0.030446
0.029916
0.029899
0.029835
0.030813
0.029766
0.030223
0.029828
0.030346
0.029664
0.030624
0.030100
0.029760
0.030613
0.029938
0.029767
0.029983
0.030435
0.029862
0.030335
0.029926
0.030015
0.030137
0.029959
0.030190
0.030009
0.029854
0.029784
0.030054
0.029693
0.030178
0.029927
0.030507
0.030262
0.030168
0.029822
0.029845
0.030717
0.029812
0.029709
0.029802
0.029845
0.030366
0.030264
0.029740
0.029782
0.029630
0.030885
0.029845
0.029965
0.030348
0.030861
0.029904
