0.001139
0.030321
0.029934
0.029676
0.029758
0.029751
0.030436
0.030236
0.030014
0.029854
0.030058
0.030080
0.030002
0.030347
0.030003
0.030123
0.029845
0.029921
0.031298
0.030692
0.030728
0.030545
0.029951
0.029920
0.030989
0.031256
0.030698
0.031498
0.030866
0.030426
0.030314
0.030166
0.030788
0.030484
0.030214
0.030516
0.030202
0.030480
0.030257
0.030667
0.031380
0.030611
0.030315
0.030321
0.030766
0.030534
0.029916
0.030392
0.031387
0.030222
0.030353
0.030385
0.030482
0.030184
0.030016
0.030098
0.030535
0.029912
0.030451
0.029949
0.030086
0.031287
0.030023
0.029855
0.030975
0.030088
0.030022
0.031440
0.030109
0.030301
0.030948
0.030655
0.031728
0.030314
0.030145
0.030256
0.030828
0.030795
0.030050
0.030568
0.030353
0.030231
0.030655
0.032091
0.030074
0.030833
0.030986
0.030000
0.031166
0.030391
0.030166
0.030535
0.029837
0.030885
0.031477
0.029947
0.030416
0.030256
0.030142
0.030675
0.030963
0.029822
0.030376
0.029838
0.029862
0.029880
0.030508
0.030028
0.030883
0.030108
0.029945
0.030145
0.030049
0.030113
0.030000
0.029944
0.030220
0.030117
0.030377
0.030351
0.030807
0.030053
0.030292
0.030122
0.029908
0.030819
0.030303
0.030160
0.030554
0.030098
0.029810
0.031330
0.030543
0.030201
0.030292
0.030541
0.030037
0.031128
0.029979
0.030005
0.029792
0.031370
0.030141
0.030885
0.030123
0.031323
0.030531
0.030803
0.030346
0.029951
0.031041
0.030367
0.030208
0.030827
0.029906
0.030736
0.030538
0.029852
0.030593
0.030479
0.030470
0.030903
0.029908
0.030370
0.029924
0.031556
0.031428
0.031244
0.030122
0.030984
0.031326
0.030648
0.030599
0.029929
0.030229
0.031276
0.029972
0.029872
0.029958
0.030166
0.030120
0.030320
0.029927
0.030594
0.030607
0.029923
0.030920
0.029994
0.030030
0.029953
0.029954
0.029904
0.030058
0.030590
0.031347
0.030395
0.030505
0.030113
0.029849
0.029772
0.029830
0.030092
0.030011
0.030772
0.029910
0.030653
0.029952
0.030139
0.031393
0.030884
0.030268
0.030310
0.029966
0.030088
0.030743
0.030238
0.030536
0.030373
0.030892
0.030006
0.030204
0.030527
0.029944
0.030216
0.030084
0.030064
0.030329
0.030039
0.029936
0.030765
0.030179
0.030036
0.031014
0.029759
0.031001
0.030903
0.030088
0.029907
0.029998
0.030120
0.029910
0.030240
0.029967
0.029818
0.029909
0.029871
0.030289
0.030695
0.030250
0.030474
0.030179
0.031116
0.030288
0.031005
0.030144
0.030128
0.029876
0.031301
0.031053
0.030020
0.030843
0.030155
0.030602
0.029841
0.030856
0.032291
0.030503
0.031077
0.030932
0.030454
0.029936
0.030587
0.029918
0.030985
0.030480
0.029874
0.031678
0.030627
0.030116
0.030870
0.030748
0.030088
0.030645
0.030393
0.029897
0.030324
0.030359
0.030328
0.030192
0.029969
0.029891
0.030082
0.031204
0.031083
0.029904
0.030012
0.029983
0.029958
0.030380
0.030009
0.031359
0.031294
0.029940
0.030009
0.029973
0.030499
0.030406
0.029731
0.030406
0.030285
0.029959
0.030242
0.030039
0.030516
0.031281
0.029782
0.030032
0.031110
0.030923
0.029885
0.030651
0.030196
0.030175
0.030130
0.030403
0.030672
0.030083
0.029908
0.030556
0.031323
0.030759
0.030735
0.030212
0.031091
0.030184
0.030626
0.029932
0.031824
0.031240
0.030127
0.029810
0.030540
0.030042
0.030162
0.029945
0.030013
0.030006
0.029837
0.029798
0.031116
0.030539
0.030954
0.030134
0.030915
0.030840
0.029930
0.029862
0.030112
0.029807
0.029991
0.030539
0.029973
0.030086
0.030954
0.030112
0.030707
0.030196
0.029907
0.030102
0.030740
0.030471
0.031246
0.029930
0.030109
0.030224
0.031036
0.031196
0.030262
0.030173
0.029898
0.029830
0.030766
0.030015
0.031002
0.030078
0.031534
0.030103
0.031002
0.029996
0.030618
0.030003
0.031181
0.029858
0.030052
0.030064
0.031227
0.030238
0.030105
0.031290
0.029990
0.030369
0.030076
0.030642
0.030316
0.030763
0.029851
0.031269
0.030087
0.029834
0.030288
0.030303
0.030783
0.030480
0.029852
0.029988
0.031172
0.029937
0.029924
0.029833
0.030016
0.030164
0.031128
0.030020
0.030086
0.030716
0.029909
0.030734
0.030160
0.031323
0.030064
0.031256
0.030031
0.030800
0.029967
0.030100
0.029984
0.030695
0.031699
0.029718
0.030105
0.030205
0.030431
0.030876
0.029937
0.029964
0.029815
0.030442
0.031182
0.030683
0.030016
0.030078
0.029871
0.029780
0.030028
0.029991
0.029936
0.029912
0.030039
0.029872
0.030293
0.029861
0.030119
0.030010
0.030122
0.029983
0.029945
0.030841
0.030348
0.031049
0.030144
0.029867
0.030028
0.029955
0.030686
0.029942
0.030053
0.031282
0.030966
0.029993
0.031499
0.030087
0.030116
0.031073
0.029858
0.029970
0.030550
0.030852
0.030102
0.030641
0.030980
0.030138
0.029820
0.031171
0.029920
0.030800
0.029892
0.030587
0.029970
0.029968
0.029995
0.030514
0.029864
0.029979
0.030295
0.030468
0.030544
0.029843
0.031367
0.030127
0.029952
0.030466
0.030563
0.030830
0.029888
0.029823
0.030003
0.030814
0.029959
0.030875
0.030702
0.030851
0.029804
0.029992
0.030033
0.030374
0.029919
0.030018
0.030083
0.030921
0.030018
0.029944
0.030823
0.031316
0.031333
0.031102
0.030282
0.029978
0.030089
0.029883
0.030353
0.029987
0.029973
0.030156
0.030104
0.030583
0.030785
0.030124
0.031427
0.030121
0.030555
0.030202
0.030130
0.030459
0.029969
0.030035
0.029963
0.029925
0.031162
0.031584
0.030021
0.030360
0.029981
0.029973
0.030018
0.030098
0.030247
0.029996
0.029872
0.029829
0.030796
0.030851
0.029988
0.031472
0.030051
0.029866
0.029989
0.030079
0.029948
0.029903
0.029989
0.030226
0.030792
0.030170
0.031340
0.030239
0.029900
0.029994
0.030020
0.029861
0.030049
0.030928
0.029840
0.030804
0.031063
0.030630
0.030344
0.030629
0.030791
0.030423
0.030557
0.029885
0.030134
0.029974
0.030331
0.030011
0.029954
0.030124
0.031673
0.030288
0.030377
0.030415
0.030202
0.030767
0.029920
0.031375
0.031173
0.029970
0.030499
0.029894
0.029860
0.030519
0.029850
0.030315
0.030626
0.029914
0.030123
0.029829
0.031428
0.030117
0.030131
0.030081
0.030129
0.030800
0.029922
0.031554
0.029879
0.030320
0.030143
0.030124
0.030298
0.029975
0.029942
0.029966
0.029859
0.030341
0.031045
0.030059
0.029982
0.030770
0.030236
0.030039
0.031077
0.029978
0.029863
0.029880
0.029890
0.030647
0.030742
0.029938
0.029917
0.029999
0.031474
0.029878
0.031011
0.030200
0.030003
0.029861
0.030049
0.029941
0.029906
0.029897
0.029905
0.030030
0.030714
0.030696
0.030103
0.029814
0.029855
0.029860
0.031362
0.029855
0.030693
0.030109
0.030023
0.030113
0.030134
0.029977
0.030335
0.029873
0.030042
0.030313
0.029916
0.030465
0.031029
0.030733
0.029976
0.030913
0.029894
0.029849
0.031214
0.030368
0.030014
0.030387
0.031311
0.030149
0.029861
0.030026
0.030087
0.030098
0.030328
0.030103
0.030022
0.030826
0.030632
0.029969
0.030775
0.030321
0.029997
0.030880
0.029850
0.029976
0.030325
0.030143
0.030244
0.030082
0.031096
0.030019
0.029818
0.030077
0.029850
0.030131
0.030407
0.029891
0.030362
0.030613
0.029908
0.030431
0.029799
0.031802
0.031096
0.029826
0.029943
0.031263
0.029858
0.031178
0.029830
0.030058
0.030699
0.030635
0.030202
0.031215
0.031378
0.030032
0.030292
0.031500
0.030275
0.029940
0.030035
0.029953
0.029912
0.031061
0.029941
0.029880
0.030715
0.031214
0.030114
0.030472
0.029900
0.029893
0.030106
0.030065
0.030185
0.030031
0.029921
0.031052
0.029830
0.030501
0.030826
0.030275
0.030438
0.030032
0.030000
0.029967
0.029909
0.030248
0.029962
0.031092
0.029918
0.029992
0.029823
0.030693
0.030505
0.029969
0.029871
0.031087
0.030120
0.030799
0.030067
0.030342
0.031004
0.029873
0.030001
0.029997
0.030320
0.031544
0.030849
0.029951
0.030153
0.029879
0.030889
0.030198
0.030202
0.030721
0.030331
0.029934
0.029975
0.031263
0.031489
0.031128
0.030698
0.030039
0.030028
0.029973
0.030380
0.030172
0.029998
0.031120
0.030452
0.029965
0.031095
0.031736
0.029918
0.030229
0.030118
0.030150
0.031083
0.030079
0.030382
0.031266
0.029836
0.030595
0.030156
0.030003
0.030343
0.030106
0.031162
0.029914
0.029886
0.030535
0.029984
0.029983
0.030858
0.030032
0.030908
0.030110
0.030059
0.030038
0.029887
0.030009
0.030153
0.030154
0.030940
0.030023
0.031111
0.030972
0.029857
0.029889
0.030018
0.029945
0.030262
0.030026
0.030074
0.030264
0.030328
0.029841
0.029816
0.030308
0.030864
0.030617
0.029757
0.029896
0.030862
0.031268
0.030414
0.031541
0.031215
0.030734
0.030273
0.031476
0.029916
0.030958
0.029866
0.030982
0.030141
0.030164
0.030054
0.030162
0.030077
0.029878
0.029896
0.030694
0.029904
0.030141
0.030114
0.029963
0.030446
0.030133
0.031908
0.029932
0.029994
0.030057
0.030984
0.029986
0.031355
0.030235
0.030140
0.029913
0.030577
0.029918
0.029963
0.029976
0.029962
0.029945
0.030811
0.030022
0.030216
0.030941
0.031408
0.029942
0.030068
0.029877
0.029801
0.030585
0.030576
0.030020
0.030093
0.029911
0.029866
0.029807
0.030832
0.029763
0.029757
0.031235
0.029982
0.030046
0.030580
0.029857
0.029963
0.029976
0.030008
0.030965
0.030119
0.030198
0.030852
0.030343
0.029902
0.031448
0.029888
0.031097
0.029901
0.030289
0.030002
0.030003
0.030871
0.030440
0.031085
0.030663
0.030380
0.030439
0.030684
0.031304
0.030427
0.031529
0.030422
0.030098
0.030925
0.030018
0.030302
0.029873
0.031210
0.030745
0.030051
0.030175
0.030652
0.030219
0.031255
0.029897
0.029844
0.029896
0.029815
0.029883
0.030014
0.031021
0.030066
0.030356
0.030228
0.029931
0.030321
0.030107
0.031640
0.031232
0.030387
0.030222
0.030001
0.030508
0.030043
0.030421
0.030011
0.029980
0.031141
0.030643
0.030395
0.031108
0.030847
0.030516
0.030033
0.030291
0.030926
0.030238
0.030059
0.031320
0.030327
0.030673
0.030611
0.031790
0.029951
0.029811
0.030020
0.031040
0.030214
0.030205
0.029977
0.030087
0.029916
0.030139
0.030522
0.030177
0.030012
0.029934
0.030025
0.031014
0.031280
0.030739
0.030732
0.030041
0.030139
0.030387
0.030203
0.030541
0.030555
0.031166
0.031060
0.030193
0.030075
0.029859
0.031113
0.030062
0.031049
0.029980
0.031005
0.030713
0.030676
0.029898
0.030409
0.030984
0.030500
0.030715
0.030413
0.031036
0.030748
0.031318
0.030067
0.031164
0.030819
0.030465
0.029888
0.029902
0.029996
0.030060
0.030096
0.030204
0.029968
0.030045
0.031270
0.031259
0.030120
0.029955
0.030604
0.029917
0.031234
0.030086
0.031253
0.031130
0.030458
0.030397
0.030104
0.030221
0.029799
0.031015
0.029881
0.030619
0.031400
0.031153
0.030406
0.030007
0.031226
0.030043
0.029899
0.030001
0.030834
0.030648
0.030213
0.029950
0.030811
0.030509
0.030232
0.029944
0.030083
0.031187
0.030057
0.031000
0.029961
0.030774
0.030127
0.030560
0.029997
0.030191
0.030539
0.030012
0.031216
0.030223
0.029997
0.030125
0.030139
0.030020
0.029953
0.030300
0.030722
0.029937
0.029798
0.030212
0.030070
0.030171
0.030170
0.030023
0.030178
0.030978
0.029833
0.030119
0.030175
0.029928
0.030090
0.030503
0.031728
0.030227
0.030080
0.029943
0.030459
0.030000
0.029900
0.030381
0.029999
0.030536
0.030147
0.030110
0.029991
0.030063
0.030668
0.030412
0.031196
0.031141
0.031188
0.030192
0.031159
0.029748
0.030758
0.030978
0.030119
0.030942
0.030912
0.030011
0.029849
0.030178
0.030715
0.031231
0.030013
0.029820
0.029889
0.029929
0.030477
0.029767
0.029932
0.030519
0.029947
0.029986
0.029950
0.029886
0.030187
0.029947
0.030037
0.030657
0.029992
0.030294
0.029867
0.030953
0.030095
0.030050
0.030756
0.029961
0.030065
0.031042
0.030129
0.029967
0.030300
0.030212
0.030018
0.031257
0.029962
0.030968
0.031361
0.029861
0.030902
0.029972
0.029985
0.029965
0.030449
0.029944
0.030116
0.030532
0.030992
0.029903
0.029851
0.030904
0.029963
0.030035
0.029997
0.030085
0.030639
0.031130
0.029935
0.030101
0.031321
0.029901
0.030314
0.030726
0.030105
0.030016
0.030085
0.030082
0.030285
0.031037
0.030021
0.030098
0.030908
0.031312
0.030750
0.030116
0.030562
0.031068
0.030353
0.030248
0.029895
0.030131
0.031218
0.031377
0.031318
0.030056
0.030496
0.030623
0.030765
0.031270
0.030766
0.029957
0.029898
0.030050
0.031510
0.030099
0.031652
0.030883
0.029892
0.030458
0.030970
0.029787
0.031251
0.029990
0.029747
0.031246
0.031278
0.029938
0.031412
0.029987
0.031387
0.030050
0.030700
0.030455
0.031139
0.031102
0.030859
0.030011
0.030074
0.030376
0.031399
0.029959
0.030747
0.030058
0.030534
0.030163
0.030878
0.029841
0.030457
0.031140
0.029825
0.031280
0.029879
0.030074
0.030237
0.029984
0.031060
0.030069
0.030009
0.030003
0.031906
0.031278
0.030129
0.030054
0.030679
0.030212
0.031390
0.030141
0.031218
0.029822
0.031012
0.030736
0.030020
0.030791
0.029932
0.029888
0.030086
0.030270
0.030653
0.031300
0.030501
0.029924
0.031158
0.030718
0.030842
0.031415
0.030072
0.030663
0.030835
0.031189
0.031096
0.030030
0.029930
0.031022
0.029818
0.029911
0.029855
0.029844
0.029935
0.029859
0.029934
0.031180
0.031048
0.030868
0.031055
0.029974
0.031420
0.029912
0.029797
0.029829
0.029873
0.030590
0.029786
0.030597
0.030296
0.030942
0.029770
0.029921
0.031085
0.029773
0.031084
0.030995
0.029757
0.029704
0.031790
0.031426
0.029921
0.030511
0.031001
0.030563
0.029893
0.030284
0.029907
0.030874
0.030002
0.030681
0.029773
0.030086
0.030229
0.029820
0.029664
0.029906
0.029778
0.029704
0.029952
0.029756
0.030429
0.029868
0.030905
0.031670
0.030146
0.030180
0.030856
0.030514
0.030316
0.031045
0.030572
0.029952
0.029845
0.030163
0.029811
0.029847
0.030874
0.030016
0.030180
0.030018
0.030759
0.030873
0.030929
0.029979
0.030210
0.030082
0.030384
0.030693
0.029859
0.030575
0.032058
0.029950
0.029916
0.029925
0.030669
0.029824
0.030109
0.030237
0.030043
0.029688
0.029942
0.030031
0.030565
0.030803
0.030576
0.029940
0.030911
0.030012
0.030206
0.029920
0.030004
0.030682
0.029895
0.030271
0.029984
0.030789
0.029963
0.030067
0.030384
0.030112
0.030748
0.030197
0.031203
0.030080
0.030089
0.029975
0.030496
0.030801
0.030234
0.031154
0.030244
0.029843
0.030446
0.030480
0.029974
0.029944
0.030014
0.030709
0.030255
0.031026
0.029946
0.031183
0.030253
0.030215
0.029940
0.031110
0.030112
0.029982
0.030067
0.030525
0.030043
0.029978
0.029948
0.030002
0.030915
0.030117
0.029951
0.030864
0.030156
0.030651
0.030028
0.030274
0.030137
0.030449
0.030323
0.029761
0.029806
0.029904
0.030009
0.030167
0.030150
0.030914
0.030809
0.030426
0.030453
0.029933
0.031320
0.029898
0.029904
0.030447
0.031328
0.029876
0.031199
0.030866
0.029726
0.031035
0.029956
0.030002
0.030553
0.029889
0.030248
0.030980
0.031611
0.030185
0.029866
0.030079
0.030202
0.030712
0.031000
0.030016
0.029990
0.030019
0.029770
0.030003
0.030299
0.030440
0.029935
0.029878
0.029790
0.030128
0.030612
0.030475
0.030819
0.029672
0.029783
0.029835
0.029859
0.030013
0.030819
0.031202
0.030076
0.029949
0.029883
0.029851
0.029902
0.029829
0.029891
0.029832
0.029970
0.031249
0.030030
0.031018
0.029881
0.029746
0.030462
0.030200
0.029713
0.030766
0.030003
0.030069
0.030758
0.030098
0.031371
0.031107
0.031801
0.030460
0.029978
0.029823
0.030410
0.029980
0.031156
0.030046
0.029887
0.031106
0.030339
0.031181
0.030514
0.030828
0.031397
0.029875
0.030058
0.031072
0.030563
0.029959
0.029920
0.029874
0.030667
0.029996
0.029963
0.030965
0.031005
0.030297
0.029997
0.029908
0.031193
0.029977
0.030127
0.030525
0.030146
0.031432
0.029875
0.029917
0.030089
0.030514
0.030650
0.030180
0.030198
0.029947
0.029924
0.030134
0.029864
0.030257
0.030777
0.031290
0.030077
0.030756
0.030451
0.031524
0.030115
0.029812
0.029975
0.030073
0.031640
0.030040
0.029838
0.031254
0.029850
0.031320
0.030056
0.030642
0.030570
0.029799
0.029911
0.029889
0.029855
0.030548
0.029849
0.029946
0.029970
0.030357
0.029750
0.030687
0.030422
0.029778
0.029882
0.030437
0.030896
0.029904
0.030128
0.029817
0.030248
0.031327
0.029868
0.031167
0.031209
0.031259
0.030040
0.031354
0.030131
0.029998
0.030027
0.030136
0.029808
0.029996
0.030785
0.030907
0.030250
0.030238
0.031230
0.030166
0.030679
0.029808
0.029871
0.031551
0.029999
0.029984
0.029905
0.029975
0.030789
0.030168
0.030394
0.030033
0.031255
0.030006
0.029860
0.029939
0.030068
0.030874
0.030957
0.030670
0.029924
0.030242
0.030664
0.030272
0.031226
0.030216
0.029967
0.030486
0.030945
0.029936
0.029869
0.029873
0.030959
0.030020
0.029955
0.030482
0.031128
0.029928
0.031070
0.030005
0.029892
0.030321
0.030025
0.030256
0.029815
0.029981
0.030880
0.031023
0.031129
0.030108
0.031057
0.029884
0.030372
0.030099
0.029838
0.030369
0.030144
0.030044
0.029916
0.030078
0.029862
0.030580
0.030895
0.030534
0.029809
0.030238
0.029830
0.029924
0.030483
0.030086
0.031268
0.031013
0.029969
0.031312
0.029750
0.031039
0.029949
0.030323
0.029687
0.029809
0.030239
0.030119
0.031195
0.029712
0.029911
0.029972
0.029833
0.031052
0.030876
0.030013
0.030751
0.029958
0.030336
0.031539
0.030202
0.030537
0.030968
0.029764
0.030152
0.031050
0.030820
0.030371
0.029930
0.029872
0.030277
0.029796
0.031416
0.030701
0.029997
0.029887
0.030384
0.030688
0.029915
0.030439
0.030968
0.030015
0.029961
0.031285
0.029811
0.030012
0.031178
0.030585
0.030054
0.031135
0.030269
0.030022
0.031785
0.029881
0.029884
0.031085
0.030028
0.029939
0.030229
0.030579
0.031069
0.031065
0.030732
0.029994
0.030360
0.030888
0.029990
0.030326
0.030607
0.029850
0.030671
0.029882
0.030003
0.030140
0.031305
0.029980
0.030710
0.030831
0.030660
0.030194
0.031587
0.030221
0.030128
0.031044
0.030061
0.030007
0.030156
0.029966
0.030594
0.031306
0.031428
0.029961
0.031154
0.031065
0.029842
0.030230
0.030906
0.031469
0.031311
0.030815
0.030149
0.029893
0.031221
0.031643
0.030298
0.029910
0.029760
0.031063
0.030986
0.029759
0.030887
0.031310
0.031530
0.031191
0.029902
0.030271
0.030382
0.030234
0.029974
0.030736
0.030110
0.029934
0.029977
0.030301
0.030795
0.030666
0.031229
0.029958
0.030703
0.031095
0.029733
0.030136
0.030565
0.029996
0.029598
0.029806
0.029938
0.030617
0.030135
0.030181
0.030331
0.030123
0.030502
0.029908
0.029988
0.029809
0.030919
0.029664
0.030665
0.029685
0.031218
0.030526
0.030362
0.030324
0.030481
0.030569
0.030782
0.029958
0.031243
0.030651
0.030150
0.031120
0.030722
0.030242
0.030217
0.029809
0.029822
0.030244
0.030191
0.030163
0.030825
0.030789
0.029744
0.031022
0.030786
0.031470
0.031282
0.030735
0.029916
0.030000
0.031793
0.031180
0.029996
0.030586
0.030808
0.030023
0.030123
0.030258
0.030263
0.030947
0.030245
0.030151
0.031357
0.029950
0.030721
0.031205
0.031151
0.029960
0.029749
0.030058
0.031099
0.030020
0.029958
0.029702
0.029871
0.030525
0.029960
0.030803
0.030636
0.029809
0.030768
0.030278
0.030248
0.030190
0.029845
0.030238
0.031019
0.029861
0.030252
0.030162
0.029820
0.030244
0.030337
0.029890
0.030171
0.030888
0.029902
0.030366
0.030411
0.029840
0.031078
0.031248
0.030094
0.029884
0.030041
0.030024
0.030183
0.029985
0.030384
0.029965
0.030297
0.030460
0.030824
0.030211
0.030967
0.029826
0.030502
0.030050
0.031149
0.030639
0.029757
0.030032
0.029955
0.031064
0.029838
0.029987
0.029922
0.030983
0.030073
0.029917
0.030002
0.030930
0.029927
0.030148
0.029741
0.029914
0.030243
0.029921
0.031012
0.030061
0.031243
0.029914
0.031188
0.030405
0.030675
0.030086
0.030267
0.031169
0.030942
0.030013
0.030209
0.030518
0.030131
0.031506
0.029973
0.030108
0.029760
0.031078
0.030063
0.030521
0.030452
0.030691
0.029854
0.030845
0.030316
0.029979
0.031007
0.030706
0.030619
0.030883
0.029939
0.030365
0.030628
0.031181
0.030090
0.030717
0.030010
0.029821
0.031442
0.029993
0.030220
0.030304
0.030019
0.029773
0.030234
0.030444
0.030961
0.029984
0.029989
0.030028
0.031123
0.029870
0.030789
0.030217
0.030162
0.029917
0.029759
0.030049
0.031373
0.030291
0.030321
0.031150
0.029982
0.030053
0.030368
0.030037
0.030005
0.030248
0.030406
0.029894
0.031146
0.031184
0.029772
0.031174
0.031136
0.030819
0.031226
0.030149
0.030884
0.030300
0.029976
0.030025
0.030557
0.030670
0.030102
0.029979
0.029899
0.029974
0.029994
0.030009
0.029967
0.030952
0.030354
0.029766
0.031651
0.029906
0.029988
0.029832
0.029785
0.029888
0.029928
0.029930
0.030563
0.030024
0.031066
0.029992
0.029934
0.030753
0.030174
0.029918
0.029899
0.029738
0.030760
0.029858
0.029751
0.030067
0.030805
0.030111
0.029996
0.029821
0.030799
0.030708
0.030504
0.029968
0.030168
0.030417
0.030829
0.029886
0.030247
0.031318
0.031103
0.030121
0.029994
0.031298
0.030695
0.030475
0.031354
0.030351
0.030059
0.030748
0.031455
0.031245
0.029974
0.030911
0.031200
0.030140
0.029863
0.031003
0.029709
0.029926
0.030662
0.030757
0.029874
0.030308
0.031016
0.029926
0.030523
0.029963
0.030919
0.029764
0.030499
0.030019
0.030098
0.030402
0.029967
0.031274
0.031569
0.030033
0.031255
0.029983
0.031092
0.030869
0.030982
0.030148
0.030181
0.030014
0.030105
0.030051
0.030038
0.031155
0.030678
0.030426
0.031450
0.030319
0.030135
0.030401
0.030042
0.029934
0.031140
0.030244
0.030043
0.031058
0.031166
0.031186
0.030015
0.029908
0.031279
0.030965
0.032098
0.030906
0.030347
0.030960
0.030977
0.029991
0.030736
0.030848
0.031180
0.031178
0.030301
0.029871
0.030266
0.030692
0.030263
0.031043
0.030034
0.030033
0.030034
0.030587
0.030068
0.029975
0.030003
0.029987
0.030581
0.030394
0.030753
0.030219
0.030501
0.030033
0.030365
0.030203
0.030929
0.030767
0.030537
0.030705
0.030002
0.029961
0.030805
0.030166
0.030005
0.030151
0.030049
0.029886
0.030042
0.030815
0.031189
0.030471
0.029884
0.030006
0.031335
0.029930
0.030089
0.029707
0.030893
0.030818
0.030536
0.030910
0.029970
0.031186
0.030093
0.029991
0.030955
0.030055
0.030248
0.030238
0.030061
0.029874
0.029996
0.030809
0.030005
0.030456
0.029943
0.031120
0.030789
0.030176
0.030054
0.029872
0.029814
0.031123
0.030046
0.031082
0.030115
0.030314
0.029946
0.030850
0.030064
0.030147
0.030608
0.030089
0.029917
0.030082
0.029917
0.030988
0.031423
0.029994
0.029897
0.031112
0.030465
0.030339
0.030296
0.029934
0.029961
0.029972
0.030660
0.030853
0.030065
0.030120
0.030230
0.030067
0.030157
0.031039
0.029826
0.030963
0.029953
0.030179
0.030089
0.029782
0.030403
0.031345
0.029841
0.029923
0.029937
0.031205
0.030179
0.031169
0.029864
0.029911
0.029955
0.030684
0.030083
0.031210
0.029976
0.030002
0.029839
0.030442
0.031139
0.030481
0.031225
0.030040
0.030018
0.030073
0.029986
0.030810
0.030141
0.030634
0.029996
0.030412
0.030082
0.030277
0.030769
0.029986
0.030455
0.029788
0.029856
0.029931
0.029918
0.030082
0.031000
0.029915
0.029930
0.029871
0.029982
0.030358
0.030699
0.030200
0.031006
0.030312
0.030637
0.030169
0.031365
0.031210
0.030139
0.030254
0.029862
0.031086
0.031149
0.030736
0.029980
0.030126
0.030629
0.030897
0.030073
0.030537
0.029953
0.030341
0.031264
0.030091
0.031161
0.031666
0.030022
0.029806
0.030561
0.030331
0.030510
0.030227
0.032226
0.029863
0.029968
0.031428
0.030164
0.031329
0.030732
0.031394
0.030747
0.031140
0.030037
0.030093
0.031457
0.029943
0.029833
0.031568
0.031429
0.030299
0.030982
0.032169
0.029928
0.029845
0.030021
0.031000
0.029879
0.030802
0.029840
0.030274
0.030975
0.030987
0.030147
0.029915
0.030139
0.030045
0.029930
0.030037
0.029968
0.029844
0.029993
0.030186
0.029949
0.030189
0.031748
0.030085
0.030033
0.030064
0.029954
0.030936
0.030208
0.030010
0.030629
0.030067
0.030078
0.030101
0.030037
0.031005
0.030708
0.030087
0.030162
0.030160
0.030367
0.031393
0.030005
0.030361
0.029897
0.031218
0.031183
0.029863
0.030142
0.029960
0.030032
0.030347
0.031493
0.029937
0.030202
0.030049
0.030690
0.031113
0.031209
0.029902
0.029880
0.029820
0.030293
0.030090
0.030751
0.030269
0.030074
0.030039
0.029814
0.030521
0.029815
0.030831
0.030979
0.030041
0.030007
0.029949
0.030074
0.030906
0.030792
0.030705
0.029820
0.030683
0.029888
0.029998
0.030654
0.031151
0.029887
0.030001
0.029951
0.030002
0.030553
0.030126
0.030165
0.030276
0.029797
0.029881
0.030093
0.030086
0.029946
0.029918
0.029961
0.031128
0.030580
0.032319
0.030064
0.029924
0.029875
0.029942
0.029864
0.029829
0.030422
0.030383
0.030278
0.030471
0.030987
0.030041
0.030029
0.030145
0.031164
0.031088
0.030046
0.031309
0.030016
0.030809
0.030203
0.029858
0.029980
0.029920
0.030996
0.030240
0.029822
0.030033
0.030030
0.030935
0.030229
0.029785
0.031167
0.029903
0.030048
0.030351
0.030141
0.030764
0.031148
0.029984
0.030451
0.030199
0.030791
0.030125
0.030939
0.029932
0.029862
