111.000000,68.000000,27.000000,25.000000
111.540228,69.298806,26.933353,26.329435
113.156049,72.441054,29.028418,26.954058
112.803046,72.841005,28.657045,26.927425
111.370619,71.556187,28.111927,26.384422
107.717552,68.377957,27.612686,26.418463
101.792679,64.663748,27.104362,26.603168
95.902321,64.407076,27.711449,26.210842
91.572896,63.759688,27.392691,26.211641
92.234715,63.698956,27.948462,26.707222
93.996784,64.482872,27.947655,25.989136
97.882639,67.154138,28.226849,26.569212
100.932732,71.249471,27.740189,26.650579
102.723639,74.371986,28.849995,26.840469
103.016354,75.559275,29.110100,27.153393
101.475997,74.576856,29.543230,27.100058
99.873157,72.266196,28.680765,26.773272
95.499983,69.240748,27.753529,25.685038
90.154668,67.369298,28.612364,26.565283
86.043019,66.274996,27.242781,26.723553
82.240078,66.789315,28.692459,27.615034
85.499544,67.773659,28.321964,27.277130
89.252980,69.841307,28.740797,27.122822
92.876183,73.829980,28.116371,27.048353
96.912627,76.782776,28.450205,27.430283
97.887022,78.056008,28.781460,27.621962
95.810676,76.827948,29.219233,26.853245
93.196132,72.112733,27.637636,26.427656
88.946538,70.162000,27.543844,26.617117
84.880854,68.871236,27.122456,26.593924
80.193360,67.847808,29.520529,26.974749
84.476106,68.700254,28.385031,26.845798
89.521906,69.302406,27.920338,27.046509
94.535655,72.261739,26.906084,26.926611
96.578346,75.962845,29.184898,27.037994
95.730069,77.403259,29.655134,26.972366
93.683988,75.053319,29.756849,27.350088
91.388563,72.604155,29.187374,26.731113
87.991693,70.467142,28.798727,26.780056
84.315914,70.099049,28.153717,26.997627
87.201338,69.805527,27.480892,26.334854
93.429789,71.569123,26.648533,26.191236
97.639349,73.118517,27.807110,27.478207
101.169377,75.873155,27.903959,27.494276
103.019442,77.494831,28.079441,27.394905
104.180273,77.158538,28.321362,27.127748
104.453727,76.043891,28.251642,26.774858
104.021365,74.478727,27.977205,27.033955
103.201777,73.537926,28.035280,26.867599
104.160302,73.369560,27.022177,27.325180
110.148929,74.609108,26.213182,26.272232
117.450548,76.563377,26.182835,25.105469
122.122675,78.449338,26.515583,25.939718
126.240688,80.663292,27.197647,26.469238
129.449844,80.828728,27.813789,26.739746
131.325240,78.008052,27.833292,26.738428
131.591092,75.735890,27.298201,26.008566
131.815949,73.308418,26.703421,25.430908
131.099493,72.021011,25.620403,25.021194
133.709298,72.425509,24.640158,24.233660
139.872744,72.256445,22.528156,25.051609
145.458701,73.588717,22.334116,24.892893
150.385795,75.523429,21.767702,24.504045
155.633306,76.985257,21.917166,24.640615
158.719993,77.995682,21.418825,24.292793
160.264070,78.121792,22.949949,24.494247
161.704394,78.495108,22.979456,23.766399
161.941403,78.911312,22.688803,23.909119
162.186271,80.948584,23.539606,22.643101
165.789526,82.057853,26.254398,22.575678
175.113976,83.223287,23.663328,22.684645
181.033038,83.689362,22.729418,22.712776
183.992229,84.933311,24.064667,23.028099
186.787334,84.653583,23.020737,21.916307
187.166170,82.249886,23.395977,22.309265
188.133931,80.016027,22.516508,21.825237
187.468281,79.562795,21.506058,21.483549
193.796179,78.652590,21.446384,21.620983
198.950592,79.078906,21.960876,21.904329
205.679637,79.759727,20.903772,22.263857
210.797186,81.632921,21.088993,22.283138
213.567687,83.275060,21.222940,22.023169
215.850780,81.995987,21.492424,21.389534
217.409771,79.550056,21.319962,21.266617
217.083542,77.723467,20.953651,20.839176
217.424785,76.155638,21.264063,20.981609
216.025732,76.128064,22.440708,20.708105
219.605017,77.169470,22.801563,20.175571
227.709038,78.080032,19.676895,18.741371
232.927267,80.216667,20.828480,20.381432
237.587483,81.854280,19.716787,20.398634
239.687307,81.427536,19.932430,20.299507
240.384480,81.199294,19.883642,20.675127
239.552959,79.688813,19.532272,19.847845
237.285626,80.000122,19.573187,19.671776
237.745152,81.532794,21.825287,18.839060
243.635527,81.962663,20.931644,19.756147
250.927399,83.524802,19.215652,18.853601
255.130142,85.585173,19.792198,19.350597
260.471939,87.549244,18.746239,19.130737
263.664566,87.460835,18.716782,18.829603
264.937203,86.941439,19.662672,18.773113
265.516132,85.204707,19.817001,19.357584
264.557655,83.643673,19.401520,18.998734
262.860767,82.425896,19.489937,18.976349
261.149330,82.237967,19.441132,18.727985
259.144445,82.980073,20.791401,19.762098
265.520498,83.559328,19.525196,18.509441
271.957053,84.924599,18.229181,17.541016
276.624772,86.889911,18.638609,17.482164
282.314786,89.808637,18.213339,17.818258
285.268044,92.028284,18.682869,18.301540
286.988207,92.030530,18.583981,18.420507
286.731263,91.344302,19.036123,18.562380
285.977765,89.481104,18.648977,18.081448
283.635325,87.788351,16.319414,17.329884
280.938267,87.594023,16.179878,17.562534
275.855718,87.321974,18.523657,17.875874
278.196028,87.095127,19.187214,18.259331
284.948785,89.291483,17.259535,18.057659
290.000629,90.979856,16.739792,17.460493
295.453648,93.710779,16.312790,15.243748
297.725415,95.846327,18.479681,17.838245
297.962205,96.392221,17.902861,17.327023
295.387398,92.956268,18.129623,18.026108
289.733728,90.082183,16.450298,15.874627
285.993635,85.950768,16.111530,17.196356
279.392634,83.753196,17.875147,18.227762
278.995584,83.542535,18.130749,18.682043
284.037263,83.691673,16.181044,18.076141
287.773113,84.135942,16.469307,17.670719
291.680937,86.297052,15.907589,17.161976
295.743138,88.656528,16.177656,16.698990
297.941294,89.213027,16.984310,15.922204
297.422944,89.371086,16.992964,16.419067
295.061976,88.068781,16.681559,16.305805
290.914631,86.679135,16.538330,16.161337
284.846332,84.461625,17.271044,16.181479
279.390919,83.134012,18.420006,17.260952
270.394338,82.775001,18.309942,19.555445
268.057112,82.946977,19.329708,18.061552
270.894441,83.448375,18.019590,18.042871
274.807657,83.756996,17.436977,18.130272
277.555589,86.197652,17.749617,16.936125
279.122171,87.476684,18.965908,19.594591
279.030120,87.045258,19.055880,19.963844
276.877242,86.072328,18.807734,19.273611
274.280704,83.864323,18.907150,18.567955
268.502865,81.435328,18.709198,17.624699
263.376075,78.854486,18.669901,17.072813
254.762143,78.036973,20.355726,18.789824
252.891051,77.253108,19.530787,19.793589
256.314817,76.993413,19.210705,19.158621
258.332519,77.440908,19.106928,19.565113
261.302148,79.347982,18.981604,19.141850
262.891533,81.986387,19.664894,19.804615
263.246641,82.946292,19.804165,21.412966
259.705070,81.225386,20.042940,20.973545
255.509899,80.353947,19.915733,18.600876
249.975462,77.400075,20.516895,18.420942
244.280190,74.832007,20.091131,18.713480
236.603411,73.948110,20.225056,19.921377
231.362517,74.613645,21.091799,20.989317
231.179760,74.379366,21.521515,20.597012
233.281826,74.706818,21.565086,21.788033
235.660538,77.480449,19.808380,19.046701
237.432790,79.785357,20.122541,17.749210
237.910134,82.931603,21.158972,18.798147
236.178038,83.204740,20.319736,16.273512
229.946470,80.186701,19.589344,16.855045
223.673799,79.269428,19.875021,16.606064
215.991048,78.339923,21.914175,20.045458
215.746134,76.684764,19.810459,19.941149
215.565262,76.470742,20.953140,20.172361
217.341251,77.689888,20.865547,20.099724
220.439541,79.880532,19.995377,18.165762
221.268365,82.474035,21.100126,19.533772
218.351914,82.680234,20.218214,19.211531
212.038030,79.017781,20.832647,16.890387
204.163597,76.060385,22.603645,18.287189
195.466733,72.749765,23.175406,20.662640
187.321927,70.922908,22.783262,23.389986
185.904101,69.430446,23.414392,23.268297
188.418030,69.042547,22.475250,22.550892
190.176663,70.168556,21.984434,23.067314
190.861862,72.680868,22.169250,22.451313
192.398428,75.670132,22.466923,21.474518
191.216971,78.611793,22.165659,19.817163
186.142363,75.679583,22.680294,20.051548
177.879568,73.553473,23.542759,19.493151
168.530025,71.441545,23.435793,19.686964
159.262813,70.327861,25.134783,23.677660
147.931620,70.335364,27.281490,27.600420
148.571698,69.580771,25.946218,24.524767
151.643245,69.991391,24.726419,24.685621
152.946591,72.157280,24.216406,23.810440
153.372976,74.837981,24.016109,23.487085
150.870162,77.215333,25.230494,23.426359
143.990240,76.105846,26.183681,23.028801
135.165323,74.666409,24.088078,23.751160
121.954030,73.778938,28.657415,25.857735
119.458678,74.518062,26.327974,25.362658
121.019884,75.321836,25.993114,24.706264
122.866003,77.289238,25.848606,24.112404
125.183219,79.660524,27.102068,25.194447
123.129746,79.495100,27.025541,24.790035
117.462486,75.690084,26.324760,22.450443
109.110123,71.527390,27.910103,23.325462
100.972966,69.684267,28.434019,23.309429
95.643409,67.596553,27.376451,25.104250
97.670174,66.543496,28.111496,25.771307
100.344064,66.247631,27.355375,26.424194
102.719026,69.384373,26.307570,25.107178
105.142199,72.760789,28.581478,24.840765
105.173377,76.220826,28.772966,25.063452
101.463569,76.318172,28.951174,24.164751
96.095591,72.905315,28.821140,23.415253
88.674343,69.576146,28.248787,24.601439
82.181810,68.617432,28.857754,24.841454
77.766861,68.269165,28.686920,26.248009
81.723697,68.137966,28.141626,25.299362
84.997143,68.645451,28.527565,26.533295
88.639020,70.926924,29.519613,27.901348
89.526072,70.879694,29.279812,27.058979
87.118692,67.787324,28.463558,27.219213
84.292315,66.118167,28.905132,27.341005
80.380443,65.031250,29.860620,27.191246
84.224764,64.472683,28.435757,27.148346
90.480794,64.343824,27.665350,26.783260
95.232554,67.033912,27.814707,27.365870
98.939306,67.859355,27.761585,27.377382
96.776461,66.767037,28.164776,26.230871
92.357330,63.391320,28.650467,24.851576
87.706539,60.539201,27.848450,25.726133
82.277286,58.788781,29.614000,27.078871
86.627984,58.221168,28.819281,26.241777
92.827909,58.633001,28.142025,26.918095
98.324084,60.923248,27.799715,27.155823
102.373938,62.410883,28.702068,27.774578
101.802954,62.627407,28.993816,28.381310
100.134439,58.787148,28.751438,28.311018
95.835919,56.867725,27.282698,26.144432
91.545520,54.755542,27.761911,26.453165
88.066826,54.245011,28.153152,26.506926
91.579977,53.668876,28.268589,27.807268
98.363303,55.106128,27.384859,27.338022
102.995137,57.090918,27.961126,28.218235
107.893895,58.586409,28.296835,28.670078
109.968564,60.805889,28.144934,28.477074
112.499636,60.223932,29.318935,28.119686
114.290421,57.927322,28.357086,27.929886
115.191676,54.519833,28.044794,27.760353
116.140570,51.320791,27.873112,28.053806
116.552080,50.083677,27.875469,28.032093
117.915655,49.851886,27.477955,27.723886
118.497642,50.988316,27.046541,27.399178
118.278765,53.722422,27.257778,27.309277
120.262882,57.296388,27.010231,26.727858
120.848134,62.539397,26.925924,25.438585
121.661583,68.448968,26.423645,25.001829
122.508489,76.332949,27.275412,25.545467
123.676517,81.247064,28.794365,26.151976
126.760753,82.701995,27.617197,25.665438
127.718684,80.793548,27.337641,25.925753
130.796701,80.339360,26.556957,25.655935
131.370394,80.722528,27.029293,25.605757
134.635765,82.875814,26.648941,24.972385
136.543628,86.031313,27.472635,26.163906
138.902802,90.044285,26.708847,24.556755
142.342984,94.872653,26.768026,24.923609
146.374180,98.776611,27.322472,25.744247
151.485101,99.771262,26.183561,24.212740
159.081207,99.245446,23.722702,22.566702
165.644512,97.937126,23.479149,21.461098
171.360074,97.676201,23.826712,22.561462
177.173172,95.993469,23.544266,23.612045
180.053813,94.784372,23.796755,23.823727
181.387128,91.106908,22.951681,23.092871
181.097367,86.787115,22.737867,23.057507
178.644596,83.216022,23.986313,22.893341
178.287238,81.148438,23.846849,22.622002
185.698314,80.154484,22.400705,22.571808
192.633016,79.320683,23.504637,22.514860
196.872836,78.558201,22.973146,21.887489
198.744715,76.642113,22.928921,21.652290
200.238147,74.783376,22.353296,21.634863
200.646570,73.315338,21.912678,20.971123
198.578005,73.357927,23.267597,21.348530
202.491539,74.488844,23.267242,20.603336
210.602036,75.246859,21.348862,21.068165
216.650094,78.741513,22.689993,20.775938
222.753909,79.040474,21.340609,20.356415
224.345934,79.593120,21.465580,21.287416
224.628245,77.410973,21.410173,22.041344
223.952541,74.587405,21.547829,21.905794
222.143944,72.269953,21.187607,20.645184
222.233675,71.124798,22.406590,20.474648
229.696674,70.577216,20.403603,19.524370
235.559827,71.142280,19.643202,20.403337
240.409224,71.775362,20.475330,20.882656
244.521490,72.701301,19.276241,21.346392
247.049713,72.445139,19.641403,20.586933
247.649063,71.945204,19.689270,19.618221
246.890730,72.430289,20.019833,19.712969
242.540098,74.185581,23.208469,22.729385
244.069004,76.732773,21.685715,20.693512
249.767822,78.628901,23.175316,18.845682
259.442492,79.928274,18.874063,18.555096
263.202220,82.756797,17.881693,18.259546
264.798077,84.027791,18.795341,19.102316
265.974212,83.455574,18.613443,19.217255
265.720129,81.353625,18.586094,17.503740
263.823498,78.941713,18.264832,16.903011
262.503200,78.295269,19.760828,17.810196
268.726883,76.808025,18.696831,18.280167
273.233609,76.987357,18.683012,18.318964
279.423706,76.676649,17.962036,18.679165
283.958941,77.751155,18.195414,18.230585
286.359605,77.587495,18.009336,18.423460
287.514784,77.320215,17.513660,17.479679
287.089886,77.347331,17.388519,17.210024
286.793079,78.273020,17.189590,16.373280
287.064362,79.696702,16.012299,16.647779
285.117758,81.467479,17.178547,16.525560
286.342896,83.437982,19.538321,17.059652
290.576321,85.349314,18.299698,17.438366
296.351624,88.236688,19.380295,17.776030
298.740117,89.477237,18.178938,17.244921
299.084972,89.096745,18.204346,17.375463
295.307277,87.940977,20.528276,18.129002
292.680213,85.086479,19.271418,18.367607
294.184003,85.707150,19.400198,17.324881
298.156137,86.313161,19.940001,16.433233
302.754349,86.778076,17.768288,16.268860
306.485398,88.136435,17.843580,16.349613
310.080983,90.236051,18.370138,16.627569
312.412986,91.546540,18.158007,16.459936
313.326765,92.637405,18.500935,17.160500
312.516612,92.306811,18.230227,16.901461
310.694798,91.756226,17.505615,17.307426
306.564543,93.563479,17.487675,16.915987
305.224468,94.405432,18.449585,16.727985
309.622815,94.510683,17.058477,16.936024
312.998643,96.528521,16.391531,16.986393
316.791903,98.250094,17.626116,16.515329
318.021416,99.986482,17.935577,17.164579
318.648640,101.614832,18.274429,16.619755
317.044976,100.910190,17.624693,16.337618
314.520065,98.064775,16.869156,15.529790
311.016006,94.691476,17.175142,15.282103
303.716648,90.687444,19.098122,15.812688
301.557610,87.307021,18.647957,16.655901
303.034186,86.840262,18.849916,15.563852
307.139581,86.359629,16.670271,15.208789
309.881293,86.625607,16.411730,16.033316
311.378843,86.790384,17.453892,16.766850
312.191813,88.122659,17.063709,16.768805
310.821070,87.987814,16.854580,16.403141
307.800599,87.348027,17.051809,16.572424
302.425682,86.364520,17.536507,15.897914
296.401980,86.559068,18.325891,16.288893
291.741349,87.246057,19.397871,17.628332
292.346327,86.839938,19.531773,17.907724
297.588206,87.250482,16.950411,17.065023
300.099429,88.903255,16.841524,17.163485
301.375669,91.382358,17.525700,17.535906
301.568020,91.900722,18.173248,17.851831
299.694825,91.059229,17.831633,17.682415
294.977714,87.933471,17.826830,18.381151
290.524498,83.953367,17.403999,17.433498
286.406650,81.479757,16.780970,17.479046
278.928438,79.959081,18.526104,18.225004
276.833053,79.278575,18.879038,17.937960
277.697412,78.181410,19.100498,18.437817
280.016084,79.562905,18.368002,18.043539
281.601324,79.969459,18.238667,17.326677
282.127634,81.089767,18.307377,17.724146
279.517015,81.384059,18.155094,17.103594
274.109957,80.224423,18.407955,17.001814
267.042730,79.666878,19.670254,16.457031
260.519478,79.178557,20.352646,17.716394
260.646214,78.415784,20.820366,18.357534
264.504148,77.797963,18.758772,18.803503
266.811666,80.174569,17.860449,18.486410
268.333892,80.941034,18.388559,19.263699
266.560623,80.444592,18.290504,19.186455
262.579154,77.994290,17.522852,18.290197
257.511036,73.359903,18.797401,18.662540
250.794940,70.602987,19.224695,19.321110
241.580995,69.142304,23.344458,23.807699
240.401841,68.863658,22.796217,22.889986
241.483294,68.972204,23.855022,23.809452
245.051750,69.791348,21.930222,21.637520
244.582594,69.794328,19.089298,20.162390
239.273277,69.909765,19.629250,20.300343
233.211243,70.090823,21.494644,20.353144
230.743991,70.835434,20.788240,19.919556
230.760605,72.138837,21.307800,20.745298
232.228081,73.819613,20.497719,19.832989
233.005518,77.968595,19.613117,19.080900
233.141376,82.518162,20.578484,16.590073
230.757010,86.301160,22.037477,18.751631
226.450588,86.137470,21.531441,16.662979
218.324828,87.292937,22.134417,18.210123
209.740050,88.799273,22.834864,20.607523
208.418282,89.517247,22.529343,21.129286
209.486991,90.765093,21.231493,20.137188
209.748785,89.526181,20.681652,20.644560
208.518802,90.283996,21.178080,21.429338
205.910807,90.858189,20.369434,22.061951
201.878059,89.780348,21.057236,21.785038
195.160865,89.042261,24.551279,23.862225
194.585925,89.399238,23.355631,23.097422
195.811299,91.680239,22.358824,22.122463
198.055822,93.492224,21.965992,21.586750
199.421594,97.135068,21.571653,22.176527
200.336342,99.430826,21.869339,22.143314
198.394554,98.484987,22.387100,23.571484
196.830114,98.268631,22.239803,22.074081
194.536963,96.318682,21.609133,22.065357
191.945689,97.416882,21.403154,21.431587
187.255006,98.034770,22.242117,21.621614
183.818239,99.094321,23.355961,22.509356
181.850205,101.485363,23.581747,23.451630
182.668036,104.012440,22.811672,23.018875
183.811459,106.660870,18.684547,22.538582
184.112378,108.604687,15.793563,20.718040
183.938170,109.911585,13.407160,19.762165
183.557480,110.849351,13.017241,19.828550
182.414597,113.287224,12.600173,18.235153
180.882890,116.381960,13.860677,18.458340
178.959425,118.448248,14.785968,16.658909
176.742563,121.212178,15.763433,15.536406
174.760940,124.323001,16.770060,14.445245
172.557337,125.238692,17.384953,13.909839
167.617272,132.377927,13.584616,16.248114
164.921213,140.927408,11.384518,19.860325
160.946507,143.626895,14.449859,21.698786
158.868608,144.832256,17.150799,24.767960
159.137906,145.612355,18.548468,24.192053
158.116708,148.042847,19.816717,24.319496
156.633240,150.126107,20.777550,23.183111
154.802024,150.228102,22.738886,24.151691
153.466040,151.044250,24.252331,25.258949
151.070230,150.490726,24.537579,23.212914
149.961725,150.271334,24.621426,23.336636
147.614843,147.536281,24.784863,23.058817
144.286582,144.940222,25.915796,23.371372
141.463506,141.881262,26.032400,20.573696
139.762239,138.590760,24.330013,22.739813
136.496331,135.189398,24.679777,22.714588
136.426304,131.469889,23.868744,21.520626
135.499598,126.626530,23.087597,20.845657
132.845155,120.390287,26.313650,24.163097
129.937641,113.705254,26.969788,24.040375
129.342321,107.642591,26.486538,25.020559
127.211764,100.713069,25.869738,23.427401
124.740121,95.683731,25.370573,23.793785
120.279970,88.970617,25.577656,24.045437
113.803721,82.514162,27.513720,24.856724
110.928790,78.380095,28.986986,25.621624
111.747073,75.447097,30.020876,26.059153
115.768093,75.855902,27.618149,25.739849
118.932954,75.718488,26.310324,25.767881
120.938227,76.760761,26.206348,25.905640
120.694369,74.665092,26.998018,26.720133
120.621722,72.388927,25.869402,25.515108
117.597047,70.504820,24.930296,25.068127
110.113708,68.485600,27.076103,25.396650
111.118569,67.998636,27.281805,25.810749
114.739646,68.126302,26.787683,25.975004
117.266144,68.744875,26.529442,25.875385
119.419945,70.284367,26.554085,26.156586
120.546987,73.189190,27.548460,25.762558
120.565094,73.692642,27.716774,26.168846
118.767654,71.907957,26.335655,25.682568
115.636794,68.725428,25.065737,25.835255
111.589212,66.414188,24.145870,25.965965
110.162724,66.741241,25.871801,25.498804
113.663418,66.065205,26.186104,25.946548
118.434596,66.367597,25.884943,26.272429
120.177455,67.614662,26.401865,27.081886
120.092237,67.593485,27.627003,27.168674
117.664968,65.242412,27.512836,26.656572
114.636678,62.771200,26.510916,25.382870
109.141609,62.622697,26.246101,24.846716
102.771721,61.610817,27.884178,25.457230
101.420576,61.916573,28.942898,26.864487
106.420577,62.991768,27.302515,27.022034
110.844049,63.946165,26.960758,26.714024
114.221962,66.382582,26.992332,27.430393
116.414250,68.067191,27.478590,27.828020
116.030639,69.454643,26.960962,27.589157
114.023520,67.470891,26.832895,27.025045
110.517552,66.070620,26.070082,26.504452
104.739875,63.909787,26.487513,26.372953
100.205538,63.088892,27.868916,26.439884
95.611563,63.820103,28.522121,26.949448
97.818333,64.356041,28.409470,26.164253
100.471416,66.135165,27.113449,25.732805
103.216352,68.850844,27.940809,25.551401
106.295301,70.475259,28.731365,26.949209
106.208111,70.971978,28.944595,27.573248
105.259972,69.522289,28.945564,26.877884
103.903719,67.368576,27.944309,26.850441
101.236860,65.951287,29.077984,26.527548
98.181646,64.711795,27.074673,26.263292
95.596750,64.888369,27.880650,26.714512
99.330437,65.847574,27.233818,26.436756
103.108714,67.828261,26.920809,26.240107
106.506603,72.169587,27.250992,25.868841
109.584694,73.531258,26.403709,26.890800
111.079343,75.885139,26.838102,26.910181
110.352565,75.210129,27.598665,26.346031
107.902724,73.266585,27.189081,26.091593
105.279995,72.139329,27.433212,25.221823
101.849579,71.031763,26.140556,25.384647
103.358267,71.535708,25.790279,25.288820
107.541540,72.630022,26.402599,25.365452
111.176810,74.842538,25.589212,25.118155
114.382896,75.643290,26.608727,26.105106
115.659375,76.361464,26.925886,26.724987
116.041029,76.606075,26.744427,26.744934
115.808851,74.452700,26.738369,26.170582
112.434865,72.012499,26.752386,25.698948
110.069794,70.120740,26.937469,25.616697
108.214617,69.400014,27.081936,25.654066
111.351230,70.017925,27.251505,25.237320
117.405021,70.509406,26.049807,25.642694
122.323137,73.247108,25.603817,25.512703
125.187818,74.133375,25.937719,26.182354
125.837315,74.086281,26.411461,26.399681
127.263357,73.410825,26.125095,25.702620
128.140416,72.326033,26.153601,25.181469
126.636923,71.467395,26.191792,25.035158
125.995375,71.546466,25.619648,25.280581
127.345364,72.193532,25.544121,24.327238
133.691712,73.324405,25.256788,24.228273
139.634792,75.806517,24.653252,23.870937
142.855817,76.852396,25.598181,23.850773
145.829666,77.815956,25.653641,23.358543
149.391553,76.386739,25.539953,24.499655
151.624267,73.261070,25.226290,24.660919
152.671709,71.506443,25.326855,24.595909
153.653054,70.745220,25.224249,24.434845
154.477666,70.363186,24.943792,24.902473
155.883344,71.143827,24.508917,24.242596
157.386199,73.275627,24.228075,23.632675
162.168472,75.855003,23.403473,22.370544
169.861378,78.351839,22.215782,22.552128
172.411287,80.758707,21.665195,22.848995
172.551264,83.290542,23.536671,22.360506
171.974539,82.305803,23.850536,23.150890
171.687319,80.509795,22.403828,22.757875
169.949006,79.442465,23.449797,22.278797
172.803910,79.140774,22.954252,21.746185
178.076994,79.707083,21.988735,20.785297
181.420733,80.463303,22.004908,20.913307
186.578243,82.978978,22.192986,20.914686
190.156819,85.024780,21.864752,20.768791
192.590833,85.158606,22.287817,22.030514
195.164661,84.268961,22.331413,21.910175
195.283915,82.201116,21.836643,20.316313
195.421970,80.536955,21.494385,20.315670
194.178360,79.344331,21.484062,20.013189
195.870928,78.867007,22.122623,20.263216
200.967134,78.824893,21.471914,20.475016
206.947758,79.378687,20.064659,20.444111
210.379335,80.803305,21.145657,20.687565
214.144464,81.480876,21.040846,20.576059
216.575469,82.562029,21.425875,21.074749
218.201652,81.626112,20.964106,20.802578
219.632345,79.205046,20.236912,20.181919
217.814699,75.879037,20.192837,20.372831
213.125504,72.367199,23.101171,20.865944
214.436296,69.971743,22.663250,21.168514
221.409258,68.675346,20.730663,21.154778
227.569328,68.810999,20.111404,21.142200
231.475694,70.721343,20.748075,20.998262
237.589471,72.044481,19.939604,21.080990
242.480380,75.825137,20.205202,20.481844
245.944139,79.518888,21.446445,19.749882
250.085105,81.160124,21.423143,20.972134
251.559868,80.662995,20.725533,20.254301
252.047016,77.543494,21.076752,21.124819
250.362453,71.428003,21.093370,20.228954
248.050882,64.073006,22.232464,21.000328
245.080350,58.240467,21.983534,22.051140
242.378605,53.218185,21.747391,22.387848
240.056290,50.112350,21.624252,22.149811
237.869505,48.211098,21.189350,21.855675
235.951527,47.006955,21.002869,21.209867
232.602145,45.782669,21.912302,21.183029
228.793303,46.849152,22.831165,21.648544
231.634644,46.916224,22.642380,21.693941
237.733380,49.745719,19.816900,21.785364
240.721619,52.448102,20.366463,21.168249
244.589022,56.984008,19.855366,21.275499
248.373449,62.942095,20.338512,20.500561
251.531128,68.552541,20.462029,20.495214
255.455832,75.531905,20.147160,20.940065
258.380627,82.461449,22.246292,21.697662
257.078510,83.649860,22.275528,20.253281
255.314450,80.032415,21.540434,19.001209
251.779660,73.920293,20.136343,19.703344
247.482494,71.174676,19.868179,19.590551
242.383467,69.272807,21.189350,20.332605
239.324873,67.389263,23.466328,22.191452
245.607084,65.962719,20.222340,20.674454
251.878265,66.102663,19.139259,20.948940
255.968848,68.373302,19.435686,20.164192
261.299635,70.280949,19.437107,19.900276
264.990877,72.943245,20.501789,20.531967
270.417246,77.078258,18.978901,18.941523
274.992855,81.890673,21.241829,20.523724
278.011891,86.050184,21.645025,19.875721
280.473891,87.444118,20.387743,19.257797
280.083753,84.848640,20.422369,20.041641
277.840904,78.747396,20.536064,21.853399
274.272827,71.811345,19.568428,18.379240
269.671270,66.977946,19.422894,20.229654
266.699280,63.656952,19.776375,20.426758
263.283772,61.518584,19.279112,20.306322
257.279296,59.540148,22.390314,20.255367
258.568555,58.306910,21.717024,20.301624
266.992939,57.028353,19.607071,19.853733
272.701406,57.468081,18.993549,20.446550
277.062123,60.143688,19.797781,18.783752
283.099804,61.502299,20.083633,19.604433
288.434126,66.024506,20.103649,18.486519
293.645547,69.057597,19.499083,18.707964
299.306919,74.619378,20.026009,18.626898
304.563149,80.803462,19.633635,16.658480
309.078505,83.510612,18.908291,17.354759
310.397263,82.859227,19.179108,17.533293
308.789697,77.534326,18.915251,18.179960
304.916716,71.423943,18.422794,17.406189
301.044278,65.175570,19.100729,18.174692
296.272822,60.121914,19.762468,18.593040
293.434685,55.655329,19.371513,19.381710
289.010865,53.641656,18.181128,17.935194
285.002819,51.530232,18.276344,17.908079
278.932477,49.068699,20.450056,20.655655
277.332908,49.036758,20.531549,19.719406
284.986298,49.088036,18.096321,18.972267
290.134323,49.959092,17.167686,18.654158
295.447267,51.726509,17.629812,18.808968
300.992741,55.138366,17.593079,18.326410
304.187547,57.318764,20.172667,19.488876
310.212759,61.179863,19.416439,20.363632
314.218445,66.207183,20.142326,21.393671
320.192884,73.279827,19.077946,19.812958
324.716263,82.099763,17.829178,17.988874
329.164706,84.681915,18.211977,18.515678
329.367381,82.615225,18.573565,18.843937
324.786495,74.672659,18.423065,20.329685
320.320090,68.230437,18.562563,19.183535
315.320480,61.529121,18.843994,20.355133
311.346897,57.374748,19.630714,19.493294
308.058891,54.712708,19.614021,18.317808
304.019830,52.523842,17.813749,17.796555
299.076789,50.997814,17.033930,16.838264
292.296325,48.941500,19.524256,17.472851
292.804750,49.077260,19.804760,17.713690
301.736890,49.712552,15.916760,16.087843
306.314932,50.707339,16.597637,16.650316
310.250807,51.908494,17.551640,17.634634
315.178523,53.935698,18.437738,18.256618
319.238959,57.161754,18.015589,18.877390
323.468027,61.818545,18.708576,19.152567
330.660412,66.689587,18.682404,20.300903
335.302767,72.912839,19.223637,18.633574
340.743292,79.628736,18.895435,17.975767
341.869364,81.720533,17.840427,16.361263
341.875524,79.270700,17.464956,17.918926
337.976196,73.390757,19.205490,17.515972
332.262705,66.174446,18.411564,20.080254
327.494700,62.164421,18.228395,17.968994
322.707167,57.452273,18.100559,18.762033
317.773454,54.892965,18.894590,18.085857
312.614027,52.295043,19.610607,18.782373
308.618219,50.176283,18.957188,18.341412
303.335018,50.624266,18.277100,17.126850
298.033421,49.623051,18.343323,17.639137
292.303149,50.948404,20.960619,19.455891
293.837802,51.791596,20.866114,20.115797
300.353053,54.307560,17.717981,17.811050
303.260671,56.502869,17.656546,17.645828
307.035632,59.318076,17.899424,18.410883
312.133713,63.071978,17.929504,18.781292
315.046436,68.536665,17.952759,19.284710
319.039856,75.484687,17.415276,18.224184
322.265880,81.745975,17.805750,18.071861
326.158382,89.862737,15.819092,17.004805
326.462021,91.349891,16.531387,17.013277
325.733135,89.599727,16.315002,16.309275
322.537648,83.585047,16.552839,19.708820
317.682152,77.979135,17.248901,16.486082
312.056870,71.346513,18.500359,18.002737
307.579610,68.364257,18.824316,17.797258
302.385150,64.678359,18.141169,17.860422
297.328325,62.020136,18.354733,17.906956
292.382764,60.461439,18.264341,17.679333
286.553596,59.371264,18.463188,17.831867
283.157602,58.339792,19.222164,18.788296
284.742662,58.073604,20.072369,19.221514
290.681860,59.391804,17.930958,17.929565
293.779034,60.928164,17.917259,18.206493
297.660850,62.653934,18.549189,18.325287
301.563827,66.578700,18.664179,18.429163
304.549009,70.392550,18.844402,18.672344
307.903736,74.850638,18.693207,18.935648
311.436488,80.638977,17.742899,17.106178
313.500531,85.222264,19.104734,17.341864
313.548169,85.490363,18.369101,18.626360
311.700881,83.781394,18.069460,17.482615
307.690221,80.143674,17.399275,16.818693
302.109380,76.547601,18.253256,17.596876
296.765346,75.431322,18.534761,17.598492
291.127575,73.470786,18.511574,18.565020
286.299417,73.458724,18.297359,19.014864
279.799663,75.501116,20.216196,17.948215
277.240101,76.549904,20.000053,18.500847
280.611618,76.274843,19.561348,19.428173
286.988539,78.164647,17.344997,18.347975
289.559122,81.477826,18.233448,17.890348
293.716672,83.462056,17.815420,18.062452
297.293567,87.963876,17.798746,17.320051
298.851127,89.191275,18.175028,19.723194
298.881262,89.499004,18.780254,19.180176
297.204105,89.748621,18.682564,19.263691
295.770292,87.770638,18.387424,18.619377
293.699184,85.056101,18.283791,18.154324
290.175026,83.009154,18.491577,18.721552
287.601612,81.781549,18.207260,18.680449
284.106030,80.576306,18.932928,18.581297
280.256751,80.965164,18.145090,18.446136
277.676232,82.389597,17.784979,18.083500
273.563463,85.183273,17.850491,17.672729
270.005891,86.943301,19.216688,18.128839
268.537067,91.562528,19.066246,17.669249
270.122683,95.007320,19.170567,18.407501
271.621734,97.905294,19.560633,18.463573
273.002583,98.349112,18.010818,16.722797
271.223574,97.457257,18.727566,19.119757
271.063753,94.952908,18.126011,17.681816
269.729861,93.139582,18.464113,15.543368
267.910744,91.587169,18.346779,16.786142
265.343638,90.173965,19.351969,17.698936
263.699736,89.313718,19.391964,18.545279
264.265468,90.354794,19.669657,17.969635
264.828207,91.012629,19.392803,18.697498
265.795325,93.822968,19.070765,18.248108
267.661373,95.723703,19.049080,19.541340
268.244711,99.226428,18.896084,18.796579
270.188311,102.275875,18.835926,17.783257
270.003051,103.637678,19.113482,17.444263
269.346012,103.753792,16.371643,15.609214
270.026310,100.719129,15.517035,15.706647
272.428925,99.680991,15.604424,15.315654
268.267280,98.107524,15.575182,16.790995
264.548790,96.729418,18.481316,16.245113
264.628640,96.307601,19.251936,16.057596
265.215847,96.556756,18.525078,15.021253
270.636442,96.807115,14.619312,14.582532
270.381440,99.604203,13.987654,10.979369
268.713628,99.104852,15.795419,11.962724
263.241202,98.833670,22.128691,15.290421
257.796456,101.273175,27.886843,29.573099
199.940559,82.806665,21.461761,24.846619
197.164368,85.926751,24.560806,25.514643
208.324664,87.315900,21.022791,21.226404
213.155552,87.614033,23.868835,24.364872
219.867081,93.841420,18.875832,19.541307
229.921961,86.828749,43.586689,41.469162
276.781234,104.254915,18.991983,19.109886
277.231397,101.352676,18.583982,19.760441
274.905606,99.493707,19.498960,18.965601
272.932751,96.810433,19.666534,18.637957
270.201519,95.035985,17.932968,17.536226
266.043329,94.242411,19.036304,17.921478
261.723912,93.821711,18.510565,17.095955
258.846133,94.497600,21.210283,17.817129
263.007582,95.468800,18.989742,17.506519
267.691683,96.273215,17.230068,17.187986
271.339637,98.799893,17.013651,16.897570
273.110744,100.097225,18.466349,17.829700
273.034389,101.902153,19.138924,18.683140
273.237882,102.521584,18.455153,18.551708
270.703843,100.952359,18.797117,19.001146
266.986191,98.365563,18.448166,18.373758
263.178276,97.074053,18.516609,18.384956
257.061738,96.480556,20.946569,18.335117
256.892555,96.541264,21.455200,17.969463
263.306781,97.265944,18.367792,17.847893
267.088613,98.571577,19.148184,17.614365
269.904457,101.235422,18.746361,18.231857
270.959924,101.561874,18.416937,18.116047
270.722943,101.696676,18.625090,18.443306
268.772381,102.940299,19.049690,18.200033
268.195258,101.830162,18.644350,17.952305
265.408699,100.635319,18.356392,17.810375
262.562517,99.644431,19.606091,18.328245
261.331065,99.000217,21.154604,19.050381
267.666780,98.888400,18.436687,18.601263
271.491662,99.888447,17.342863,18.356022
274.292588,101.661588,17.648619,18.244226
275.685667,102.688098,18.315212,18.085928
276.734486,102.426945,18.127686,18.273045
276.546731,100.630833,18.504873,19.209919
276.189629,97.781887,18.564857,18.618259
273.316991,92.332870,18.734632,18.058582
269.780622,88.209318,18.186392,18.083618
264.379399,84.042387,20.759161,18.587250
263.517213,81.921334,20.062635,18.628267
268.277213,80.329442,17.720575,18.959688
271.138601,79.672059,17.606075,19.403231
274.694081,80.097312,17.513205,19.540068
277.163140,82.480636,18.129004,19.327505
281.065099,83.876801,17.371847,18.787584
284.459946,87.332665,17.674644,17.833727
285.214780,89.687743,18.854078,18.188002
286.023848,92.410771,19.204723,19.611803
285.542541,92.495454,19.013796,19.223978
283.903456,91.421247,19.517437,19.048388
280.677031,88.797676,18.288548,17.866116
275.757998,86.035038,17.160236,17.754948
270.905439,83.247178,17.534084,17.794161
263.830801,80.502789,18.567638,18.961094
264.611331,80.100266,18.299448,19.179216
269.720887,79.803359,16.641729,19.477507
273.620029,80.857860,16.678963,19.512419
278.009628,83.040493,16.720665,19.158840
282.338503,84.981741,16.315319,18.787994
287.000443,89.409886,16.521490,16.979097
289.782088,92.189356,18.978281,20.081779
289.466801,91.126450,18.946548,19.211849
285.523602,83.857772,19.031128,20.599249
279.706529,77.924073,19.500532,19.189127
274.657339,71.930805,19.642551,20.352100
269.336889,67.802951,20.072613,20.087057
263.406987,64.448346,20.547789,19.756800
258.136942,61.520860,21.210674,18.918306
262.942749,60.246716,19.842445,19.267216
267.944742,58.784657,18.873112,19.411678
272.127592,58.973066,19.394276,20.136948
276.594621,59.424323,19.010077,19.726828
280.277319,61.247087,19.458134,20.257265
285.035216,65.279793,19.415720,20.036610
289.944553,68.155498,19.455704,20.539709
294.122243,73.702573,20.013433,20.734674
299.324613,78.555158,19.885260,20.216120
303.281388,84.953586,20.286367,19.709951
304.978091,84.926185,20.251574,20.090277
300.491232,79.422481,21.093647,21.723021
295.135946,71.217914,19.524113,19.919401
288.482396,62.384702,22.035696,21.418558
281.599812,54.868173,21.696358,21.959810
276.004821,51.017403,21.959719,20.061619
270.194940,47.152231,19.563192,17.781952
263.024669,43.346517,19.503908,17.521349
256.104620,38.874354,19.009335,18.653852
246.241538,36.286753,22.395182,20.186340
244.166280,34.955181,20.940420,20.994129
250.108959,34.330909,19.009415,19.785612
254.859785,34.357386,18.175701,20.306747
259.207148,36.097975,18.500927,19.984871
262.840771,37.863752,18.409264,20.161942
267.094597,41.415280,21.070030,21.200953
271.756415,45.191873,19.866922,21.243219
276.615107,51.059692,19.855618,21.550022
280.247743,56.271991,19.413015,23.000555
285.624184,63.479310,20.876320,22.604425
289.088602,72.304816,21.754978,22.226843
289.027374,74.658704,21.781731,21.723772
285.158727,69.679389,21.705221,21.611601
276.553144,63.603383,21.446972,21.088861
267.957204,58.095643,19.950918,20.962900
259.919175,54.734613,20.681417,21.479103
251.489971,51.607347,21.774658,21.821199
243.352744,49.297487,21.680719,21.402580
235.518112,47.723472,21.407188,21.639174
229.636352,46.598413,22.813456,21.477440
236.272267,46.722498,19.739225,20.548958
241.584918,47.746888,20.269594,20.687319
247.475665,48.102094,21.220446,20.812273
253.305830,50.019760,20.604809,21.199154
259.264357,53.696525,21.220806,22.166128
264.927467,57.812293,21.422897,22.451254
270.774563,63.324410,21.241737,21.756571
277.456011,69.744790,20.873409,19.838129
280.059818,72.847454,22.465469,23.366566
279.930246,73.359465,22.505749,22.579735
277.391856,69.629625,21.946505,22.830109
271.578432,63.165820,22.342281,22.726004
262.972726,57.135863,21.880285,21.793661
254.125720,51.959884,22.764719,22.022230
245.463300,48.654528,24.333288,22.398651
238.024290,46.613263,23.963505,21.875925
229.977619,44.684401,22.693146,21.856430
223.263132,43.660372,22.647610,21.969078
214.429926,44.574053,22.279484,21.437195
207.108668,46.568996,23.648516,21.841564
211.809199,48.080044,22.401911,22.213619
218.290216,50.259476,20.787075,21.009617
223.647385,53.447487,20.614807,20.609852
228.216435,54.981038,21.636953,23.098642
233.695078,60.016656,21.779545,22.361254
239.175011,66.464633,22.168755,22.595671
245.356051,75.032787,21.354937,21.093624
249.779907,81.139279,21.902054,22.958551
251.784001,83.003655,22.102369,22.944269
250.901205,82.221267,21.139172,20.950605
245.420229,74.509390,21.738613,21.669846
238.264583,66.868576,21.110826,21.611164
231.193192,60.600662,21.658247,22.496723
222.760147,54.939167,22.539658,23.284496
215.825163,50.040612,22.822308,23.826242
208.460535,47.341573,23.669285,23.701136
202.162521,44.746857,22.850815,23.334171
192.824654,44.011838,25.443886,24.202494
191.656441,43.003514,23.552277,23.856447
197.735886,43.959374,20.586029,23.461016
201.336718,43.669980,21.491756,24.019945
206.130091,46.062063,21.139782,23.452858
210.245638,48.886841,20.984196,23.351162
215.654352,53.967081,20.879810,22.597771
219.260276,58.614086,21.004061,23.312634
224.457117,65.045899,22.602291,23.323702
229.648725,71.386167,23.359503,26.012262
231.702913,74.342211,23.366634,24.840607
230.451061,73.437684,23.738464,24.190538
227.670715,67.877944,23.863403,24.845388
222.538491,62.365726,23.816916,24.668531
217.436158,54.667807,24.054068,24.229332
210.397679,48.964636,25.055937,25.614189
205.771907,45.529734,24.813601,25.012695
199.451926,42.018307,24.461306,24.789135
193.484757,41.156081,25.071318,23.891119
187.608621,39.823176,24.765203,23.746756
182.628088,39.629191,25.295414,24.572714
177.197521,41.666855,24.895981,24.324062
172.036275,43.574569,24.372725,24.250723
166.474454,47.000306,25.165930,24.976748
159.367917,52.091535,26.243231,27.160501
161.115408,55.835327,25.975773,26.298954
165.844931,61.643823,23.560810,24.552797
168.631029,67.844960,24.148029,23.970591
171.541228,74.970819,23.960123,23.247528
174.519982,84.003281,23.443228,21.995380
176.908838,91.956705,23.027042,21.320969
175.532580,91.839352,23.179903,21.567883
171.878708,86.440754,22.990067,21.851536
165.537790,80.101315,23.417294,22.321398
159.678430,75.149632,23.937841,23.442591
153.120894,72.356656,24.955591,23.498560
151.454512,69.844479,25.043690,23.690517
157.146326,67.963113,23.044659,24.195803
160.696412,67.962754,23.345602,25.117220
164.497231,69.084883,23.909416,24.905411
167.702150,72.113614,24.011570,24.558168
171.754312,76.329776,23.868780,23.538763
175.953169,79.213301,24.836742,23.240242
178.728769,81.492852,24.929813,24.369265
181.099324,80.888100,24.783003,25.442776
182.345626,79.861746,24.121744,24.474037
181.234508,76.927261,23.845469,23.110691
177.982760,72.519939,23.460611,23.154224
174.119442,67.287786,23.450096,24.082170
170.688428,64.420428,23.486639,24.239164
167.503613,63.110253,22.935608,24.182474
162.936038,63.242308,23.898943,24.960747
165.331935,63.375766,25.039171,25.041433
171.668125,63.385084,23.538788,24.623291
177.131729,65.094108,23.681084,24.406431
184.222349,67.966434,22.756603,22.584730
190.042444,73.210951,21.177204,21.900833
193.931676,76.288872,22.884336,24.200550
195.292217,76.685488,22.675148,23.723785
194.231839,73.439375,22.668463,23.457809
193.953975,71.945850,22.412569,23.169338
193.617590,69.698497,22.478161,22.616377
193.776185,69.217925,22.306692,21.881514
192.710367,69.751665,23.131382,22.842613
191.100260,71.798440,23.421688,23.123713
193.726641,73.710418,25.318256,23.105581
202.248689,75.223534,21.687658,21.854633
207.428561,79.416668,21.144594,21.158772
213.505131,85.094414,20.924355,20.156002
218.783959,89.092130,22.202024,20.129129
223.556520,95.544010,21.075459,18.768131
226.219773,98.719602,19.984495,16.667505
223.641837,95.746222,21.325487,19.769499
218.487599,89.876694,18.839140,18.717190
214.527890,85.828242,20.386389,19.150961
207.973907,80.010924,23.051371,23.142469
214.658838,76.408639,21.423733,21.347483
220.850677,74.695686,20.343513,20.978603
227.088047,73.774929,20.788216,21.734592
233.366243,73.688097,20.720249,21.541451
239.147968,74.970984,21.969231,21.605566
244.467443,76.711354,22.640791,20.889437
250.246963,76.102117,21.812685,20.708399
253.458393,76.116337,22.523178,21.248325
255.894129,74.373137,22.873501,22.079605
256.897258,71.699426,21.780474,21.340471
255.889324,67.011401,20.505592,19.925131
253.748063,62.315701,20.942770,20.482349
250.784283,58.238081,22.042679,21.211182
248.459065,55.983579,21.731016,21.947855
246.072680,55.095225,21.173954,20.986425
243.042580,54.481136,20.748535,20.704556
239.935020,55.450440,21.661766,21.337374
238.103481,57.319673,22.977257,21.985209
246.271149,58.276296,20.995605,21.613855
252.501645,61.274706,19.775930,20.476410
258.168355,65.140917,19.592817,21.068451
264.291795,70.269859,20.539900,20.614841
270.895482,77.408725,19.672483,19.708487
276.026921,82.314325,20.197859,20.470802
281.394225,88.736134,21.372149,20.494480
285.061558,99.621832,21.236259,18.304214
286.003623,98.732121,20.958529,19.127522
283.763637,95.151727,22.089533,18.499628
280.719257,91.154137,20.096344,18.325459
277.580985,86.419533,19.215418,18.054539
275.186210,83.829226,19.215128,18.050575
271.758392,80.440596,19.051697,19.244118
268.934721,79.819631,19.558804,18.916140
267.022860,79.697116,20.256039,19.064772
273.567014,79.059495,18.002394,19.337618
279.337112,79.884381,18.007240,18.892572
285.047459,81.101414,19.197159,19.535557
291.166468,85.601278,18.407001,18.099022
296.939550,88.040369,18.417950,17.971954
302.084883,92.966127,18.653889,15.471764
306.420218,96.316123,18.444187,16.503408
306.562589,96.582518,18.921202,17.364441
304.683158,95.544642,19.163271,17.285002
303.067717,90.214593,17.353817,17.557718
299.519462,85.452107,17.804422,16.221018
295.251380,80.202629,17.831041,16.786915
291.109440,75.577592,16.951454,17.524355
287.540631,71.867071,17.592237,17.943382
284.536134,70.464564,19.981276,19.605268
290.336766,68.270172,19.440443,18.305088
296.244612,67.908218,18.128582,18.676495
301.330949,68.052625,18.074476,18.603533
307.343232,70.722075,17.787413,18.042183
312.842226,71.903483,18.806271,18.170813
316.776990,74.470648,18.859198,19.200356
320.752007,75.488088,17.765732,19.537493
322.161042,75.401611,18.319540,20.026821
324.203110,74.696827,18.438774,19.014225
324.525610,71.739615,18.604099,17.765867
324.487497,67.684920,18.375469,16.950476
323.109041,61.924362,18.492275,17.506489
322.229073,58.918361,18.724266,17.431776
321.007296,56.578356,18.722538,18.220909
319.584329,55.129230,19.230047,18.296476
318.795107,53.223183,19.022007,18.966854
317.313927,52.568275,19.222565,19.735958
316.979898,53.413724,18.722401,19.479700
316.585510,55.027406,17.941963,18.979158
315.129423,57.423297,17.919796,18.683180
314.459149,60.856485,17.705854,18.002113
313.676127,64.170229,17.498972,18.294525
313.017016,70.515640,16.750795,16.886936
311.032369,75.944646,16.908155,18.137621
309.530643,78.225484,17.810837,18.189203
308.291922,80.126016,17.132938,16.794352
308.242989,80.743668,16.956429,16.937672
308.568122,82.022469,17.109728,16.800816
308.682220,82.681914,17.164286,17.242796
309.907808,83.386323,17.078884,16.819101
311.225434,84.240865,16.935217,17.494120
312.401554,84.897773,17.037888,17.457457
312.976553,84.950339,17.289227,18.182539
312.735111,84.221862,17.342949,17.938749
311.037939,83.561871,17.554241,17.558773
308.349721,82.821614,17.216726,17.007738
304.342435,81.712357,17.698622,16.385105
300.728006,80.864326,17.720539,16.869839
297.113177,80.785865,18.485521,17.127394
298.615400,81.340456,18.913609,16.889671
303.066773,82.747294,17.285078,16.143286
305.681201,84.632238,17.399714,16.304420
307.385778,86.662457,17.420887,17.691914
307.378442,86.900240,17.893927,17.179344
305.677623,87.674055,18.091188,17.497452
302.080482,86.118670,17.910576,16.384216
297.975019,85.155101,18.725368,17.482550
292.286553,84.524121,20.163397,18.380404
289.864958,84.497024,17.765446,17.481565
293.273657,84.912638,17.386951,17.318687
295.882636,87.033117,17.617548,17.635292
297.678951,89.445959,18.106758,17.886093
297.846344,90.473793,17.676178,17.917439
297.124307,89.763193,17.875906,17.424835
293.445444,88.442869,17.511600,18.088570
288.758113,87.450050,18.474253,16.711720
284.369392,86.920969,19.398727,18.138748
284.718761,86.890962,19.586021,18.176065
287.477791,87.888049,19.305321,18.337767
290.764441,89.007200,18.491953,16.727852
293.268345,91.540753,18.526657,17.569811
294.100244,91.328958,17.781790,17.693529
292.628248,90.938416,18.721561,17.452755
288.502050,90.582280,18.760677,17.627710
285.720502,90.443779,18.451490,17.045528
279.867077,91.032574,20.657188,18.353291
281.061781,91.695661,19.791431,17.256174
286.131146,92.597672,18.443899,17.266209
287.578156,94.504266,18.645294,17.833185
287.762440,95.584181,18.446190,17.962349
286.565989,94.696839,18.265316,17.874544
283.805235,94.895048,18.533184,17.545883
277.771102,95.125014,21.560991,17.773275
276.455940,95.220419,21.534332,17.676476
280.052656,95.504100,20.316257,17.590544
283.162497,96.554373,19.354969,17.436142
285.849977,98.867367,18.262829,17.805271
286.824097,99.458626,18.256866,18.023533
285.034048,99.317662,18.502346,17.854982
281.623978,98.771553,18.459068,17.485394
277.490531,98.443712,19.685373,17.616386
272.398305,99.602252,20.762640,17.939604
272.198903,99.707861,20.752348,19.146461
274.055913,101.942260,19.444578,18.198782
277.496449,103.224881,20.082985,18.887903
279.740986,105.984162,19.211800,17.792704
280.800568,108.454327,18.846901,17.735653
279.485934,108.777963,18.383554,17.696993
277.899396,107.675636,16.911192,17.278042
277.757946,107.574860,14.950273,17.229275
277.322145,107.922510,14.741337,21.245232
280.692933,112.278983,13.717025,18.193968
277.076684,112.162442,24.253027,27.845705
250.050301,86.599432,51.317490,49.837273
203.252284,46.804510,23.215296,24.304237
195.782407,45.006797,25.322424,23.881781
195.419324,43.307750,28.145681,25.347326
207.988504,40.846491,23.667034,23.294220
214.897682,40.895362,24.506180,23.369925
223.862940,40.554440,23.582958,23.216227
232.127538,42.436421,23.416586,23.740259
239.735883,45.402696,23.047674,24.129320
247.900908,49.349248,24.055836,24.986551
256.545608,55.125630,24.558596,24.171366
264.429729,60.583556,23.834681,24.506323
273.637941,68.333122,22.603252,24.642902
254.952625,107.308535,18.520958,17.990875
252.591551,105.544302,18.804981,17.706596
253.027140,105.040428,19.751949,18.231182
255.505709,104.208371,18.666409,18.245935
256.941207,105.527881,18.853327,18.548704
258.183176,106.734970,18.876263,18.993092
256.916282,107.134379,19.919092,19.556890
255.798831,107.692698,19.709620,19.576523
253.879568,106.290166,18.345158,18.463007
249.107980,104.727949,19.224592,18.509811
245.761252,104.158105,19.376993,18.479113
242.957726,102.543305,19.495100,19.222437
243.958157,102.097073,19.964020,19.922581
245.092533,103.377319,20.182533,20.323589
246.650525,104.498799,19.650801,19.742167
245.322701,106.036177,20.381401,19.724152
242.750128,106.076926,19.500813,18.598410
238.193499,105.888021,19.667583,16.675684
234.401389,103.255136,18.131655,16.862968
232.031168,102.397667,19.954060,19.739925
232.764786,103.137002,20.378670,19.770960
234.210383,102.946052,20.878870,20.393362
236.707150,105.136910,19.663313,20.245508
238.037489,107.783781,19.451565,19.887039
238.893021,108.879130,18.811745,19.688307
235.764688,106.769881,19.260221,20.604902
231.501502,103.437749,20.644838,21.341936
228.899096,101.539051,19.368580,19.080891
223.148177,96.196205,19.667505,20.431934
220.952540,95.116693,20.424265,21.284769
221.183255,94.861783,21.558683,20.831148
224.489584,95.010098,20.775700,20.617105
226.225232,95.460883,20.436346,20.582045
226.166480,95.760307,20.380213,21.315144
223.951816,95.616659,21.081316,21.272858
221.822780,96.758489,21.407915,20.813730
217.267456,95.662504,21.039482,19.084831
213.149711,92.623382,20.879457,19.106489
204.585770,90.454792,20.556061,20.945934
198.256271,88.031017,22.530258,22.918812
196.474407,87.661887,22.904068,22.920485
198.539469,86.934668,23.946072,22.438049
200.848268,88.056552,20.877768,21.880964
202.150454,90.810345,21.237728,21.543041
203.592692,92.449818,21.849001,22.044720
202.230924,93.799202,22.441145,22.519291
201.187802,92.132384,21.861944,21.269102
197.004719,89.179146,20.675339,20.151730
190.497820,84.840224,19.621418,20.249846
182.100653,82.280137,23.161610,21.588800
176.628684,80.170942,23.500925,23.581078
177.310948,79.397567,24.862814,23.291815
180.456982,79.253913,23.455658,23.627951
182.570724,81.919365,22.813988,23.135357
184.060000,84.703425,23.311670,23.172071
185.318610,87.520280,23.377192,23.502390
183.732018,88.346827,23.284653,22.366974
179.428817,84.590887,22.820726,23.896378
173.629413,79.561258,22.403299,21.995926
165.435684,75.082256,21.803696,21.859287
155.823420,72.001101,24.707607,24.620796
154.698981,70.323689,24.324434,24.425196
156.990561,68.322312,23.895159,24.176050
159.454208,68.554429,24.942070,24.826982
161.505736,70.593827,24.739649,24.355181
163.626809,73.127468,25.401373,24.651409
165.538291,75.176337,25.258310,27.320211
163.823563,74.333531,24.480545,26.734415
159.203791,68.975275,22.915951,24.527306
152.109323,63.490392,23.572165,24.379938
144.467281,58.279110,24.503799,25.453075
138.090124,55.084976,24.444332,25.444157
129.423923,54.241570,26.519302,27.280550
131.414566,53.309309,26.520103,26.866524
134.338195,52.826855,25.910807,26.528042
137.711109,54.907017,26.619385,26.119244
140.289318,57.807008,26.452957,26.442141
143.554339,62.001516,26.290438,25.709938
146.470661,67.791992,26.811310,25.602558
151.344025,72.283781,26.351158,24.831062
151.872030,73.959957,26.724804,25.052593
151.443750,73.670534,26.588566,25.596695
147.238130,67.821602,25.809256,25.943722
141.252525,61.546662,25.337227,23.401484
132.704993,56.543148,26.460711,24.730137
125.628701,51.859160,26.686155,26.331633
117.343437,48.812132,28.727531,27.836975
110.318073,47.384513,30.360764,29.855940
116.050185,46.325785,28.265345,27.113945
121.497838,46.251282,26.753111,27.007931
126.440300,47.171666,26.995796,27.857821
130.136012,49.527958,28.074160,28.309513
134.608558,53.478344,27.452341,27.478306
140.493626,58.830357,27.677094,26.661945
144.596333,63.350698,27.732147,27.721390
146.303651,62.995022,27.852682,28.053730
146.198028,60.068774,27.550318,29.292379
143.203019,55.050316,27.000448,28.045925
138.215110,47.323310,26.682947,27.674803
133.631394,41.313625,26.147039,28.431942
129.571364,37.153962,26.124430,28.419344
125.405391,34.448076,25.979296,28.232101
121.610654,32.907338,26.729109,27.928659
117.455412,33.346551,26.806759,27.763430
111.793597,33.868706,28.451708,28.970325
111.791337,35.717080,29.973776,29.138186
119.162997,37.631846,27.197695,27.404646
124.198467,40.410577,26.983948,26.224337
127.988409,44.475141,26.857555,26.339411
132.552346,51.109537,27.439322,26.868118
137.398660,57.551117,27.268316,26.378925
141.248129,67.328010,25.873135,22.229284
145.735723,75.177896,26.639858,26.341797
144.298303,75.381484,27.621603,25.843161
140.269138,70.350191,25.953720,25.984322
134.503267,64.161231,25.702000,25.499846
128.316136,59.489514,27.168814,26.067263
123.303349,55.546033,27.018660,25.772753
117.866882,54.686062,27.238930,26.621784
113.482960,54.199503,28.229408,27.606255
116.086073,53.050285,28.397892,27.351315
123.106987,52.690227,26.322327,26.343771
127.563785,53.777179,26.595850,26.819052
131.708082,56.922765,26.728550,26.884569
136.137721,60.704041,26.064081,26.698864
141.870947,66.291134,25.479893,25.567219
146.776990,72.420099,24.709219,25.179985
149.682213,76.210861,26.899063,25.801144
151.073645,77.366207,27.201420,26.288578
148.562050,71.897319,27.120117,25.447783
145.481820,64.574945,24.465689,25.034859
140.277336,58.315848,25.734444,25.418966
135.452127,52.247864,26.692204,26.631069
130.515800,48.157387,26.633881,26.544819
126.494570,46.796967,26.955708,25.819691
121.821052,45.512355,26.631296,25.717970
118.171641,45.375691,27.134760,27.554087
123.174176,45.511835,26.252890,26.330505
127.890778,46.672541,26.252380,25.614731
132.304835,49.798264,26.751902,25.592915
137.527266,53.467362,26.376621,25.447710
141.810681,58.208455,26.318045,25.603601
147.769409,65.325237,25.756378,24.631069
152.136082,71.086588,26.178825,25.022308
154.485776,73.023658,26.293097,26.671148
154.248898,70.302727,25.789330,25.328564
151.700493,64.922168,25.287552,24.691267
148.448118,60.002108,25.023205,24.715775
145.551182,57.025629,25.797318,24.359863
142.651909,55.222994,25.560219,24.762993
139.774544,52.846907,25.447113,25.726089
135.867558,53.150610,26.267248,26.762146
136.332882,53.912259,26.428017,26.943544
144.465878,56.632350,25.400671,25.042761
152.172374,58.387468,25.418299,25.133766
162.576273,62.714132,25.011501,25.443512
167.627106,68.218357,24.770279,24.417194
168.973024,73.441368,24.941799,24.924969
