192.000000,264.000000,22.000000,22.000000
187.156882,259.598722,21.613413,22.357321
182.601589,256.831861,21.450340,21.828571
177.447810,255.696058,21.922670,22.007313
178.039053,255.051565,22.242023,22.128963
173.114017,254.946728,21.227707,21.919121
168.211605,256.334951,22.341576,22.078442
164.036219,259.270046,22.449833,22.108887
158.611570,262.823524,22.501377,23.131775
152.562434,267.647865,22.873774,21.655586
152.201390,267.902023,23.070639,22.124359
145.385185,274.779897,23.402313,22.689894
137.830995,282.380630,23.240141,23.176842
128.008263,291.972515,24.245033,24.247696
149.201185,290.576564,33.306377,22.838106
195.376139,280.833114,33.869663,24.057505
196.779078,281.127580,32.440266,23.618414
240.704811,273.541869,31.214088,22.821276
285.304523,271.367911,20.512285,17.046045
314.842627,261.757453,27.408779,22.076754
347.023852,261.408400,24.228151,21.388409
377.100619,259.351171,21.245516,20.397505
377.380148,258.888946,20.974224,20.189760
397.747025,258.071559,19.487188,20.113184
415.887005,258.107518,18.509354,19.801565
427.868567,259.347351,20.637156,20.053032
437.413620,262.795124,21.152603,19.916405
443.883889,265.244547,21.605536,20.836704
443.621144,265.145058,21.752211,21.288445
449.172160,268.756070,20.184389,19.911283
451.454728,271.647622,20.956892,19.716879
454.439902,273.158438,20.888010,22.125248
457.207059,278.843063,21.691275,21.246658
463.754928,282.846258,18.620142,21.457767
463.748101,282.070312,18.610891,21.266352
468.595461,287.224371,19.223042,18.974613
477.465134,292.627024,19.711502,19.832973
486.805897,298.932811,24.433685,20.376291
500.328544,306.600847,21.645350,19.785969
517.310693,315.256236,22.171469,20.114740
517.907362,315.119299,21.883205,19.567783
538.388336,323.396495,21.650169,20.167612
563.910537,332.819843,18.890802,18.898201
595.469490,348.022900,16.444130,17.685509
588.569694,330.275852,19.046061,18.392921
578.457802,308.800344,15.786133,19.006214
578.309860,308.372008,15.611634,18.529520
570.691607,289.324022,17.577679,19.853653
565.457114,274.852153,17.476999,19.232527
561.524577,257.986529,16.642603,20.916105
559.309774,246.133480,17.652676,17.689388
558.210922,231.768665,17.476768,16.834820
559.190828,231.738845,16.917011,16.455694
562.036982,218.697518,17.667660,17.888300
564.451344,206.812943,19.589613,18.973171
569.244444,195.724167,17.733707,20.446751
574.217403,187.897909,19.357193,20.809242
579.974423,180.406038,21.641394,20.696838
579.278336,180.096655,21.642059,21.029449
585.534390,175.106539,20.684248,19.779289
591.645465,170.992297,20.708979,19.214933
600.796131,166.559460,19.655853,19.948620
608.997393,166.207418,19.092823,18.735748
619.880072,166.295019,14.425411,17.625626
620.002876,166.338977,14.375840,17.680349
624.925898,166.361771,16.524067,18.567661
629.314367,165.866486,16.669201,17.756367
636.323820,169.736588,17.988552,19.720402
638.920273,173.699827,20.541283,20.011581
643.785896,178.620342,20.450134,20.940647
643.663556,178.806732,20.219725,20.972897
648.505288,184.381560,20.423903,19.947989
652.910143,192.402069,19.629894,20.634388
657.757197,204.511392,17.459139,19.812227
659.157016,213.688777,19.323832,19.152494
661.875010,224.655532,19.241680,19.456053
661.939009,225.140119,18.769894,19.172853
662.923214,239.058863,19.063850,18.008003
665.083777,252.875528,18.212946,18.940323
666.606033,265.562197,18.109955,20.690109
665.056916,284.688354,19.985136,19.938633
662.575760,297.744611,20.408508,22.272974
662.949913,298.896823,20.416008,22.283171
662.265272,305.256349,22.045300,19.325747
663.717919,299.568892,20.090002,19.407478
662.451797,291.538618,19.827814,19.011887
660.373850,286.639962,20.045071,17.732965
658.305316,280.573153,20.076097,18.606209
657.852634,280.190502,20.571922,19.131580
656.197109,275.831917,19.331238,18.878239
654.272072,272.819641,18.789894,19.927303
652.391801,271.620741,19.891684,19.673332
649.595098,270.657943,20.710445,20.704580
647.551685,271.960717,21.166359,20.004152
647.019950,272.503158,21.133020,20.209433
646.183980,274.459970,19.917837,19.673784
644.713238,278.488447,19.925644,18.887512
644.329171,282.677624,20.801680,20.744778
640.437535,282.482051,21.611906,22.928450
637.347798,278.715659,19.408949,18.480360
636.467181,279.311180,19.838984,18.497898
630.667319,270.689011,19.090570,21.247669
622.759555,267.864358,19.709246,21.510668
618.579147,264.950425,20.801773,22.183229
614.728539,263.339109,18.054047,19.656349
608.586829,262.942577,20.586817,21.253735
608.475981,263.426478,20.793865,22.087400
604.222556,265.348974,20.720201,22.550377
599.896631,267.605884,20.609325,21.178961
594.375812,270.912673,21.095072,19.214262
591.273623,276.988404,20.571329,19.605883
585.940208,283.402273,21.428604,19.842842
585.453458,283.212659,21.390120,20.253450
579.947012,290.110355,20.557621,21.333584
574.481834,298.468053,21.091003,21.924356
570.970192,308.887508,19.453049,20.423946
567.913197,318.728426,20.464142,19.588799
566.120212,329.700166,19.552324,19.766672
566.985606,329.310404,19.663713,20.535400
565.391754,337.810215,19.413376,21.078136
563.113780,350.212701,20.523851,19.760180
561.241168,360.310142,19.812189,18.497007
558.832734,374.390715,18.267645,17.621986
557.513472,386.099432,17.901272,20.781227
557.673133,387.251021,17.936800,19.461760
552.137913,400.465427,20.857262,21.839390
554.908168,381.495999,22.705881,24.203356
560.921641,356.439929,17.684290,20.257864
562.748506,336.301957,18.248220,20.869509
564.768012,313.554636,19.682421,23.449959
564.762530,313.418631,19.780329,24.109650
566.271626,293.895365,20.549047,22.802345
568.633402,276.582280,19.665508,21.611788
571.929800,261.048685,18.221264,19.995445
570.993375,248.004624,18.037672,20.193842
573.915450,233.983585,17.840380,19.751453
573.823928,233.827386,17.703424,19.405947
573.039333,219.212564,20.017494,22.342888
574.780737,209.251607,19.480129,21.769281
574.954521,199.010178,19.741547,22.480793
575.084065,192.055410,20.207975,23.178452
575.428766,183.416762,20.832584,22.494810
576.093735,183.410146,20.877663,22.474741
576.320580,178.530970,20.436600,19.720329
576.865828,175.041033,19.817600,19.467979
577.196157,171.959867,20.372847,20.888535
579.102650,171.576083,19.490028,19.223158
579.443687,167.662475,18.697617,20.968481
578.757392,168.118471,18.870325,20.907364
579.476968,168.502808,20.136564,21.276913
577.504218,172.447866,21.173639,20.763275
577.984056,175.296141,20.597219,21.050461
578.480319,181.276444,21.017832,21.471231
579.741709,185.593844,21.071362,23.030188
579.041072,185.770068,20.985033,22.706877
578.630176,193.006214,21.756990,22.892742
578.873627,203.540553,21.885635,21.193876
579.668057,213.546018,19.220633,18.260981
580.341284,224.737763,18.867924,21.593660
581.044246,236.764544,18.982386,21.445578
580.639227,236.542974,19.054829,21.529510
581.541162,250.539394,20.036251,22.066059
580.331614,264.772721,21.627474,23.529123
581.384062,282.970057,19.567440,21.911324
582.304325,301.180131,18.822266,21.816965
580.577782,317.934687,20.319687,23.042961
581.288937,317.885058,20.234818,22.870092
582.043652,315.335686,20.718323,21.671009
584.168983,294.833116,20.546295,23.303377
585.942536,274.903283,20.735594,24.110819
587.003205,255.902311,21.611517,24.966492
589.031751,239.428573,20.385168,22.767324
589.671705,240.075563,19.559040,21.872162
590.628157,223.572275,19.221722,23.316345
588.787031,209.272660,20.481640,21.943354
586.269362,194.594607,22.245462,24.251928
584.472733,184.369196,21.803154,22.592957
582.201546,175.039387,20.668312,20.949749
582.785766,175.107557,20.485476,20.533928
576.307660,164.210360,21.031454,21.251076
569.655803,157.920967,22.207712,20.367588
559.806763,150.060673,23.302658,22.063053
550.422989,147.053273,24.555740,21.762430
539.425480,143.597085,25.090973,23.354601
539.778042,144.193005,25.137024,22.841381
528.414999,143.520855,25.601543,23.105968
514.508086,142.951131,26.850718,24.955233
499.570536,144.608017,25.396763,25.638744
483.239533,146.906080,26.826002,23.763809
464.804284,151.215059,28.221861,24.148521
465.262387,150.757476,28.136877,24.785261
446.730351,157.652335,25.766577,23.115690
429.824800,165.455554,20.548641,22.950384
410.850681,176.068732,21.687393,23.389494
393.343611,187.901760,20.929707,23.852955
368.408445,200.488843,26.393314,26.145235
368.384748,199.766269,26.321033,26.704840
352.097554,214.771446,29.535315,27.139202
338.144895,232.012206,25.486479,26.387526
326.456554,253.238747,23.677940,24.212307
315.756027,271.608196,25.056778,26.873707
310.258678,293.155024,25.340950,26.254402
310.509703,292.791131,25.377811,26.547113
307.373495,313.379057,24.203724,25.924973
308.476736,336.615407,24.524250,25.838121
313.490282,376.098393,21.341976,25.757738
324.121233,382.872135,20.174252,26.713734
331.016623,387.718062,22.680073,26.800650
329.909844,387.241806,23.526091,25.321766
318.999481,364.582020,60.955124,49.328182
439.208965,329.512456,22.544304,23.899652
436.495873,330.080979,24.327719,24.024126
444.532663,326.650187,22.452198,22.598166
455.444016,323.410929,22.419134,21.830841
455.792559,322.613364,22.305462,21.798056
466.164103,320.531262,21.529263,22.009027
475.009691,319.898744,22.235691,21.954218
481.901009,321.269727,23.654854,23.826876
491.515795,322.906655,24.237797,23.330339
502.902095,328.236494,22.982470,22.067955
502.620108,328.053442,22.975101,21.971420
511.516895,332.867897,23.755898,22.925556
520.270128,339.468973,24.461864,23.502594
528.632101,348.289216,24.755375,22.145998
540.698693,358.385468,20.871290,24.619465
549.543735,370.764320,21.167170,21.801319
549.850733,370.685613,20.788853,21.062662
558.860357,382.740376,21.593235,23.535091
566.769516,395.820013,23.613586,24.137367
575.147582,414.074274,23.165667,20.622528
584.506681,430.059127,22.770557,21.891714
591.489980,444.800557,23.450407,25.076960
591.902186,445.325634,23.435099,25.030247
599.648672,463.063957,22.475391,25.400051
607.098861,483.106721,22.893068,23.944971
606.576206,467.839042,21.233490,22.286337
605.855897,441.728762,21.801611,24.080704
606.267910,421.185997,19.659302,21.270298
605.398607,421.097847,19.639492,21.557301
601.021809,399.959413,24.307373,25.946947
602.032723,383.026821,19.528097,23.811749
599.298059,370.208906,22.590015,18.794762
597.662822,351.164551,21.676165,23.895969
596.404655,337.909359,21.081881,22.255688
597.758713,337.421485,20.934578,22.278021
596.679066,326.822957,20.868385,23.347429
595.812346,317.910634,19.640606,19.947031
592.828744,308.261895,21.852568,22.108500
591.113520,300.945353,21.124012,21.457367
591.268031,295.253169,20.944254,20.654074
590.801854,294.676820,20.880613,20.645823
589.623754,290.841494,20.881071,22.099380
589.432427,287.831938,20.083380,19.765808
587.684541,286.588429,21.071203,19.528200
586.211120,287.237199,21.470102,19.163431
587.180655,286.685405,20.139828,20.735006
586.931716,286.398361,20.073885,20.744167
585.087149,290.661219,21.424259,18.993645
583.505568,292.624326,21.203121,20.892069
582.475575,298.187310,19.580252,20.666842
582.667132,304.616327,19.276545,19.156158
580.978797,311.753341,20.246698,20.736364
581.067627,311.481469,20.017403,20.905344
578.839855,321.281304,20.590103,20.509211
578.735750,329.370234,19.068348,21.755554
578.493915,340.240215,17.252420,19.092129
577.803846,351.298247,18.348423,20.832708
576.414290,366.576634,18.941790,19.003115
576.992986,366.057945,18.723776,18.719227
590.225815,355.917630,15.734694,16.799433
586.079021,323.355617,16.586548,17.445465
587.280602,295.110659,19.256798,19.806805
589.503213,272.986851,20.087469,22.951946
592.605965,255.878426,18.627853,18.167965
593.667731,255.880630,17.603235,17.367107
598.823959,237.402349,16.968246,15.332631
600.965727,218.745597,17.904354,16.377058
606.062975,198.327715,18.653065,19.319260
607.447213,181.044394,20.243628,21.758289
610.847065,167.200138,22.380722,23.389214
610.195165,167.178102,22.648024,23.323050
618.048104,158.942445,19.098265,18.834715
622.009703,140.846893,18.942875,20.436661
622.268990,127.059616,21.533630,23.798111
625.059054,118.240312,23.123476,23.592764
629.130513,109.473425,23.176214,24.361568
629.374590,109.998824,22.841129,24.424120
633.595900,105.402211,20.607029,21.228109
634.391651,98.138510,20.764648,22.274975
635.013128,94.023221,21.833637,21.061438
637.091477,91.133520,20.151678,21.910145
636.264130,89.798903,22.239136,23.170963
636.392047,90.006835,22.192339,23.378435
635.447160,89.904258,23.149977,23.676691
635.171859,91.753656,22.157160,22.988041
632.484186,95.995811,23.587132,23.609856
633.250788,99.640717,22.719715,23.751770
634.374525,106.569535,23.180820,24.116804
634.368810,106.730734,23.302488,23.834965
636.507463,114.560644,23.810932,26.157078
639.628095,124.629258,24.438124,23.408796
644.224905,137.095560,25.148647,24.126156
650.555792,149.514087,22.847240,24.545511
655.513580,165.244688,22.886604,26.807560
655.109728,164.364721,23.063877,26.841465
659.712501,181.475781,24.193811,26.142370
668.000873,204.304036,20.059755,20.631369
668.403847,222.471782,21.695137,20.067789
670.316035,241.638359,26.561769,24.516129
676.737851,264.687833,22.187895,23.394964
677.014298,265.953349,22.159407,22.504473
683.888820,288.573256,21.675013,25.911905
687.670876,312.905479,22.341454,24.433418
694.415646,337.375565,21.900864,25.597923
700.965177,366.776966,22.201094,25.820358
670.272352,367.101831,26.283527,24.086948
670.428768,368.047276,26.749863,24.122892
638.272971,360.438840,24.232702,21.803236
607.863038,351.621000,24.462030,22.845699
577.039497,346.332176,23.156784,21.720528
555.944523,341.567930,22.357773,21.744419
537.567261,339.775512,22.999916,22.629175
536.318897,338.727136,24.250412,23.173635
526.592252,337.619679,24.121214,24.978506
552.494520,338.140604,31.199886,25.104893
586.094465,346.148648,24.764111,20.831388
616.398927,353.522970,24.626730,20.016834
646.057254,362.137691,25.821077,22.513496
647.230114,362.885273,25.138672,21.752640
675.452150,374.940730,23.382877,21.756701
702.418572,383.317817,26.296331,23.476938
732.747008,396.420573,22.054651,20.648546
709.951703,410.368807,25.153830,23.948719
720.055509,411.902967,30.324148,19.413754
721.562105,411.943689,30.570530,19.256413
734.768135,414.325004,25.176445,17.200678
748.978009,418.629723,24.345167,17.288513
764.807387,421.699016,21.283854,19.931574
781.932770,428.217654,21.566444,23.839800
798.349722,437.933807,37.881115,37.475136
790.197733,430.160370,62.605915,63.416969
759.400274,458.265884,52.655956,52.748756
725.413181,516.274231,20.611099,20.562416
726.907452,520.761922,22.353073,18.310225
727.107821,522.590280,23.464838,17.792082
733.022288,524.174037,19.273233,16.515856
734.576022,524.239024,17.098673,16.266031
733.546796,524.004890,18.292051,16.865189
730.607062,524.518426,20.555628,17.218306
737.506923,525.643857,15.449929,15.615805
737.695061,526.809144,13.759499,15.315297
721.189482,523.508743,21.182472,16.892952
721.026604,524.210542,22.504414,17.042410
717.531765,523.045244,23.704494,17.028111
708.590063,524.020325,21.511490,16.430954
697.077909,521.890647,23.007576,17.859064
684.589911,520.463462,27.797485,18.832499
668.815262,520.668231,31.060406,19.603777
668.123251,520.752696,27.832870,19.780695
653.958754,518.576772,33.375885,21.149099
636.475080,519.742902,32.907455,20.841192
625.523821,520.128387,32.715729,20.996750
611.820463,519.535957,34.821526,21.429047
600.552301,516.234891,42.200623,24.739508
597.705405,521.091244,31.111746,20.862816
587.204575,523.070023,30.600704,19.894806
576.422986,524.509225,31.684992,19.288221
567.572204,524.336638,28.029943,18.697725
560.961422,521.659018,26.394566,19.950695
557.699075,518.368831,26.529970,18.704386
557.512902,517.721558,26.860552,19.037384
553.688568,515.273761,30.161137,19.884684
550.517577,511.995264,27.016958,23.928463
551.759733,508.146759,33.393364,26.773819
538.771170,487.342188,79.894798,54.281963
604.173248,481.878654,40.549809,50.920456
591.294358,440.217554,22.015413,23.440350
589.696965,445.847594,17.662798,18.243227
590.798291,447.323318,14.851146,15.790718
590.230633,444.993916,17.585232,16.530205
591.974499,445.598010,16.852825,16.282053
593.405399,446.278103,17.533833,16.884338
593.725819,446.182186,15.701205,15.298219
573.456587,437.741502,12.105533,15.175959
574.510957,437.942461,15.148367,15.701995
579.290657,436.794190,16.195992,16.060999
587.380476,438.653819,17.574757,14.144004
598.522911,437.516242,15.933373,14.745948
598.918641,437.179745,18.830954,15.343997
612.216124,435.538301,24.478306,17.724863
629.509287,431.836408,25.883175,21.613070
648.374954,430.823118,26.677963,22.962151
669.968355,433.637280,23.683117,21.383907
692.471487,433.224718,24.460621,22.323303
693.443782,430.651317,25.766985,24.594801
715.214378,425.522051,32.936409,32.491951
750.030055,379.527712,30.341509,32.818558
771.462475,382.606087,32.031876,32.231449
789.197439,382.159966,27.018093,31.893223
807.689754,380.449409,31.364428,32.218647
806.607340,380.839922,30.709217,32.502731
824.945564,380.084817,33.297157,31.304415
845.002524,378.610025,31.505915,29.766373
855.414044,381.628837,31.447752,29.572042
864.367159,381.026350,28.762974,28.665916
868.876631,380.952562,29.781796,29.472168
869.516905,382.288820,32.559429,29.079514
877.098060,378.731018,27.331675,28.093204
863.857590,369.971165,45.380119,44.355404
865.254774,379.799637,29.034206,33.707630
862.526778,412.650177,27.187738,30.107655
862.054128,413.338362,21.858015,23.623405
864.461224,412.658958,23.524590,27.484951
853.552327,407.835628,29.627264,29.947134
857.460186,420.160084,20.828484,19.558369
857.393575,423.583231,16.563513,14.685309
856.456521,426.354719,13.286963,13.017097
856.053363,427.154398,13.084229,14.414901
855.849193,427.291983,13.321260,14.650313
846.142244,423.063794,23.645420,22.457216
834.581366,434.489188,15.293780,19.345381
831.620657,436.428598,13.273204,15.469026
831.307193,436.768966,10.114359,12.610479
827.722587,434.696128,10.314439,12.746523
827.145880,435.172213,10.826503,13.391544
824.865213,433.191614,12.531766,14.101113
822.560803,433.363828,11.818915,13.685899
829.634207,414.473763,11.894352,12.574432
821.088281,410.432338,13.012278,16.652306
814.795393,414.348413,11.205730,11.771709
816.601818,415.456537,10.000000,10.386057
800.592516,418.335103,17.518528,18.734493
790.749491,417.480129,12.649464,14.167356
780.540625,409.503669,15.793166,16.179665
768.952492,402.399183,19.670166,20.638651
753.947307,372.788507,17.074846,16.390158
753.924527,373.265249,16.457174,15.900199
743.516549,371.023751,17.816832,18.545296
731.807006,371.757154,17.265619,18.006058
723.876819,374.849792,16.825533,16.484631
716.473354,373.990589,16.885002,16.285730
708.685806,372.032023,17.131378,17.697651
708.615880,371.782804,17.842146,17.897087
701.995967,381.501918,26.047159,30.186451
695.841054,385.105200,24.425810,22.252790
689.268542,381.876584,21.251734,20.329109
685.390952,377.490469,23.916277,26.597456
686.898779,367.776568,23.411823,23.362568
687.792193,365.523911,24.611582,24.280115
687.160707,361.311303,20.081043,22.429298
685.113912,357.211170,17.259260,20.450983
678.028087,352.584407,19.774187,20.593388
676.356771,352.066586,16.394596,18.724215
671.946564,349.899967,15.730338,18.850519
671.642301,348.961950,16.663481,19.551924
667.425220,351.326558,16.604158,18.303238
662.829643,352.822549,16.258430,18.829056
655.783225,356.211535,19.553926,20.020817
653.550484,358.726028,19.816628,20.557901
649.450608,362.181424,20.717916,24.590034
649.403830,362.361798,21.836811,25.373032
645.571993,367.316753,23.111362,27.203508
641.156919,343.081523,22.602192,22.134876
640.076402,367.272093,22.245802,24.966307
630.347856,370.597886,27.097700,32.241707
586.192370,381.978800,18.362921,19.259130
590.306929,386.067184,14.413635,15.603594
578.151142,390.920827,15.545929,19.755722
569.335987,399.224307,16.646599,17.172848
559.130507,401.475878,21.692913,22.232687
520.790634,368.929528,54.119698,37.008141
506.951647,374.888512,33.344059,30.101175
499.474772,377.445728,28.206606,29.231096
488.810131,374.612536,28.811943,26.805256
476.247015,373.086588,21.583767,24.659811
459.415866,374.384070,21.272058,24.840618
444.390337,372.401024,21.209690,23.042994
446.066514,352.294462,20.193884,21.016439
445.455818,351.389185,20.139153,21.211493
426.303286,349.535354,19.838978,20.775623
410.129752,347.924309,18.876070,19.930674
391.869185,348.103570,19.769236,20.932312
374.011281,348.363070,19.377729,21.223150
355.982785,351.549633,19.534460,20.989908
356.580787,351.556491,19.541132,20.828426
338.322084,355.327991,19.999210,21.426228
323.434062,358.535041,19.656412,21.879971
308.516601,362.748023,18.738382,21.859219
291.917530,364.108630,18.793289,20.493282
277.133071,367.036095,18.937357,19.686731
277.311167,367.193598,19.367268,19.572828
264.418361,368.138012,17.777460,19.177843
251.283489,368.179873,18.176453,20.452847
239.672933,366.937404,18.892958,20.809467
230.144757,365.774484,20.480688,22.296288
223.305332,365.104877,19.641792,21.798723
223.145741,364.596942,20.456940,21.646358
215.292956,365.474032,22.488710,23.394451
210.492156,384.843199,20.196779,26.208029
207.295842,366.646418,22.341543,22.546553
202.650124,370.025586,23.349495,23.523804
199.198027,372.482228,24.477970,22.832748
194.202083,372.795897,29.015001,24.230452
197.941689,376.855462,20.859550,21.140511
194.768846,380.510163,19.152929,20.328041
190.537901,386.141756,20.314434,18.784613
189.422881,387.021502,19.433588,18.511440
188.227706,388.379171,19.501635,18.234152
189.702706,388.208514,21.434851,18.489147
184.722037,388.773467,19.099886,17.983288
184.260614,387.718776,21.220425,19.451847
180.504222,386.410975,20.752687,19.380651
177.336652,383.749347,23.351866,21.433521
177.284010,382.861613,21.966625,21.776554
176.614716,382.228957,22.351402,21.378407
171.175688,380.799450,23.657360,20.929415
172.279811,379.243743,22.120203,20.891460
169.537847,377.527851,21.385458,20.023325
168.050009,376.236555,21.489140,20.837255
163.542109,375.399868,22.361498,20.216616
166.092241,375.670453,21.314724,20.213066
162.366863,374.007057,22.203491,20.911654
161.489178,373.423533,23.072418,22.259098
157.562984,371.603168,23.067606,21.307703
152.166181,370.764173,23.419783,20.367638
151.834285,371.547363,23.478266,22.621241
151.965452,370.844771,23.194630,22.352169
145.659584,372.300045,22.992531,21.916681
142.132560,372.771679,23.253496,21.437319
142.943038,374.041171,22.506517,22.022060
138.699347,372.928713,24.947817,23.499327
134.758176,372.993011,26.343786,22.632860
136.386855,373.224618,23.852289,21.913391
133.282710,374.549789,24.937075,22.237185
132.043207,376.277567,23.933498,22.589689
132.320700,378.858873,22.364162,22.369062
130.904065,380.066363,22.641256,21.749973
134.145332,381.860296,21.080002,21.790701
132.537400,382.881066,22.445616,20.474876
130.790134,382.143643,22.626404,21.324905
127.120976,381.863853,23.916723,21.300463
122.809702,384.957820,19.028301,19.520741
111.852116,386.012069,24.705185,23.300701
114.229118,370.601752,34.369850,34.656567
111.427225,376.711516,34.277256,34.880383
147.568172,377.114825,27.329407,27.251148
163.050583,377.686259,22.076820,21.731998
177.841960,376.346394,21.269381,21.173777
190.785161,376.541138,22.014021,21.674059
207.107238,376.122577,21.732157,21.635197
208.008128,376.523685,21.379885,20.743021
221.525743,375.742931,21.830402,21.172831
238.045374,376.482395,23.201679,21.433207
253.168728,375.222519,23.563004,22.628458
269.342634,374.138906,24.056561,23.679642
291.139368,380.635196,23.257404,20.316120
291.449032,380.643701,23.702705,20.525169
307.772244,382.263926,23.395864,20.928953
325.639322,383.960296,23.302868,20.316120
343.220304,386.028512,21.903219,19.204796
359.436982,387.793242,22.169661,19.221645
374.248899,388.623266,22.588413,19.963049
374.955062,388.607386,22.917681,20.042517
389.140375,387.642959,22.005199,20.917377
399.882127,387.672193,22.637754,20.982376
408.132421,386.688983,22.521231,21.319759
416.510486,386.716007,22.026110,21.120356
421.918521,386.062385,21.947870,21.402386
422.886714,385.834770,21.745401,21.569048
426.168933,384.729128,22.354532,21.677687
428.993930,383.332644,21.727861,20.844723
432.964540,382.424497,21.665272,21.172592
432.130888,382.424973,22.881779,20.644129
435.001146,381.896420,22.612202,21.045914
434.787324,381.968571,22.847555,21.019388
436.837224,382.172948,21.752386,21.470993
437.113084,383.395793,22.624365,20.791935
437.288878,384.502407,22.968493,22.213640
437.477726,386.402393,23.589622,22.193239
437.418255,388.078844,23.454285,22.027586
438.144894,388.177994,23.502388,22.272699
438.507124,390.688399,23.445805,22.116108
439.075705,391.688214,22.316990,22.110786
439.723327,392.998253,22.092630,21.797297
441.190199,393.413572,20.492275,22.414366
440.515994,392.474837,22.480516,23.332867
440.216680,392.876573,22.361311,23.139778
440.819158,392.602445,21.658720,22.860992
439.891651,390.338099,20.991768,22.234480
439.636982,388.034286,21.389801,22.367725
440.166742,386.162886,20.139645,22.254866
440.247869,385.492694,18.626141,21.615757
440.194738,384.804190,18.658909,21.807989
439.861576,385.340033,18.250710,21.557524
439.205376,385.964680,18.030960,21.418291
439.027239,387.588876,17.997768,21.662720
439.527822,389.684221,17.962111,21.548979
440.885207,391.612956,17.845652,21.874889
441.025901,392.158623,18.027674,21.172449
441.614674,393.537148,17.723396,20.962038
441.703862,394.569337,18.370497,21.897705
442.164449,396.920451,17.466856,20.574169
440.800637,398.060059,17.629370,20.452921
437.206734,399.388108,17.724342,19.829170
437.111209,399.854038,17.549479,19.836458
431.656620,398.212657,17.415443,19.731548
425.013486,397.244133,18.307775,19.807863
417.949999,395.898072,18.766186,19.178757
409.678818,391.691336,18.907379,20.607992
401.114389,390.712873,16.505741,18.145102
401.298438,390.546640,16.524591,17.808348
393.138962,387.568313,16.583641,19.701824
384.770967,383.104532,16.586294,19.873648
378.387971,379.385365,16.961149,20.726000
371.683480,375.999951,16.635565,20.008331
366.595303,373.201936,16.489304,18.716797
366.486729,372.750954,16.578827,18.384455
359.765783,368.386671,16.994915,19.920912
354.691360,368.710361,16.947077,19.151247
348.476062,368.082582,16.677172,19.218588
342.812732,368.487641,17.251757,19.441483
338.104659,370.270460,16.189348,20.564634
337.808719,369.671834,16.178843,19.933479
331.471141,373.410202,16.464327,19.111551
325.486090,376.525753,17.258503,19.682245
318.259541,376.128520,17.323395,20.254536
312.192906,377.163125,16.811987,21.253593
305.024215,377.813545,17.761385,20.588961
304.755276,377.905040,17.823341,20.674892
297.331501,377.822006,17.878593,20.747927
291.636909,377.101149,17.616058,21.217352
285.752549,376.720359,17.404173,21.131092
280.442612,374.882332,17.346176,20.509508
274.529814,372.777694,17.176891,19.114651
274.239735,371.985386,17.992386,19.907328
270.262646,370.863345,17.487183,18.727650
265.644195,368.406347,17.589190,18.172232
262.923825,369.691599,17.159544,18.548536
256.918538,370.584969,19.041594,20.470560
253.989282,371.906192,18.336790,20.230778
252.408479,372.017296,19.732618,22.150942
248.275094,373.806022,20.348387,22.263943
242.483191,377.426222,22.456303,23.459219
236.418154,378.504744,25.728191,25.976431
235.812950,382.693712,21.452835,21.179426
231.631282,382.460847,21.804598,22.484261
231.536705,382.886736,21.815773,22.191343
227.849285,382.742804,22.079956,22.042295
224.368148,381.851727,22.387339,21.487108
220.139130,379.718677,22.953194,21.941662
219.810534,378.708384,21.327425,21.260489
218.406133,377.234511,21.264463,21.899136
219.491008,377.333774,19.732523,21.104549
216.493946,377.197765,21.582428,21.293497
216.417154,376.070891,20.993908,21.661304
216.513928,376.064753,20.954573,21.525999
217.435576,375.910566,20.750315,21.869528
218.175111,376.052814,20.914503,21.721317
217.729095,376.219795,21.267794,21.274263
220.343033,375.933104,20.334984,21.229406
221.015307,375.352332,21.037241,21.450329
221.759671,375.223032,23.321791,21.742880
225.040526,374.647908,24.008463,21.921791
228.134034,374.651809,23.874624,20.840420
228.030870,374.710324,23.530834,20.756096
231.231551,373.484450,23.949663,20.865490
233.974037,372.747974,23.635788,20.628954
236.538388,371.327335,24.645025,21.256556
239.316218,372.144320,24.665224,20.986523
241.079855,369.548862,24.572979,20.444195
241.149779,370.680854,24.500719,20.475430
244.444407,368.821166,24.002407,21.745953
246.488769,369.756197,24.876474,21.424810
248.965303,369.906396,24.521206,20.809044
252.108646,368.916727,24.305817,21.114470
256.014955,369.457710,23.835562,21.603167
254.954850,369.649242,24.151136,21.311335
258.464770,369.749807,24.053339,21.802328
263.234652,370.730099,23.385281,21.954416
266.085900,370.135911,23.528685,23.130615
269.129372,370.881288,23.998985,23.113808
273.265674,371.607168,22.689653,23.047697
272.850179,370.417987,23.679426,23.667164
276.934783,370.985953,22.784395,22.462841
281.613559,371.408720,23.099558,22.704550
282.566311,371.712797,23.801659,22.686598
286.076627,371.569425,23.933668,22.413322
289.637347,372.689698,23.362947,21.158920
289.668506,373.075342,23.002642,21.325056
292.080496,373.323939,23.550663,21.764881
293.748435,375.165421,23.875216,20.536646
296.351604,375.609254,24.032114,21.284004
297.752386,376.976958,22.992802,20.360668
298.589418,377.410147,22.195400,20.969954
298.723446,377.792454,22.122269,21.026972
299.761353,379.667210,21.046638,20.496744
300.198023,379.881633,21.113575,22.027706
294.862186,382.177924,24.144615,20.692280
294.054749,382.498927,22.326498,21.468029
288.869542,384.159561,23.651266,21.217417
288.663553,384.047548,23.856220,21.513922
284.551359,384.633312,24.060162,21.329813
281.419849,385.677783,22.874268,20.954357
279.950087,386.229012,21.687069,20.812927
274.849614,386.923297,24.447737,21.608242
271.139769,386.875409,24.222523,22.000000
271.777669,386.676879,24.129324,21.857273
270.619851,386.728161,23.441435,22.229120
267.761094,387.018952,23.128454,21.779770
266.155365,386.982031,24.526413,21.889425
268.024322,386.118040,23.267000,21.027166
268.596123,385.658342,23.082169,21.132505
267.466040,385.532277,22.806126,20.555466
270.811345,385.384278,21.943525,21.494576
271.222382,384.815238,22.386177,20.817158
274.073973,384.461370,21.927364,20.787849
275.053066,384.353143,22.085579,21.000191
277.881841,383.812102,23.191572,20.808628
278.794285,383.941088,22.608986,20.899549
281.988441,383.534780,22.289787,20.129478
287.615065,382.989331,22.439884,20.828522
292.312587,383.201933,22.660082,20.452925
296.351931,383.637725,23.490284,20.793545
302.381309,383.017294,23.772806,20.402334
302.927606,383.063170,22.654318,20.312885
309.062439,384.556382,23.493958,19.968513
314.204880,384.564838,23.869797,20.494768
320.177592,385.386504,23.845415,20.450916
326.170144,386.336835,23.599714,20.351440
334.382352,386.119735,22.100439,20.600323
333.282983,386.501425,23.021223,21.030134
339.879551,387.069767,23.153473,20.669054
344.280296,388.290302,23.909981,21.293314
350.217201,388.571157,23.155014,21.443991
355.571521,389.515721,23.654848,21.531349
362.169824,389.197428,23.194151,21.457769
362.063545,389.591767,22.428848,20.734848
367.846972,390.509995,22.130032,20.677477
373.154445,391.918777,20.784533,19.902386
375.886189,391.934104,20.762321,20.877712
379.289663,392.647288,20.454800,20.573986
380.060292,393.650167,22.574705,20.602165
380.534384,393.033738,23.130581,20.815186
381.830839,393.655427,22.421886,20.795021
385.117996,393.452344,22.237305,21.972595
382.681602,393.428556,24.762987,22.488607
383.740386,393.231279,24.988054,22.204046
384.436294,393.769373,25.125803,22.540274
384.261111,393.326381,25.254862,21.851879
383.980024,393.789119,24.917095,22.374630
384.510718,394.303723,25.011240,21.621452
384.219212,393.824233,25.110268,21.558903
386.565263,394.661313,23.767515,21.204842
386.409704,394.641002,24.579510,21.526737
386.180656,395.175004,23.911644,21.394485
387.057711,395.719101,25.362537,21.664301
386.667198,396.476800,24.906998,21.239754
387.950747,398.513778,25.689487,22.004932
388.482937,399.560346,25.338699,22.579659
387.917765,401.173832,25.106083,22.672274
387.940165,400.949600,25.460972,22.489290
386.042143,404.101915,25.519260,22.542685
384.017854,407.136308,24.926558,21.833549
381.899744,409.557101,24.847790,23.162998
380.318269,413.394515,26.700239,23.101582
378.676132,417.348759,26.247383,21.972895
379.091445,416.345459,25.996996,22.684206
376.587049,419.631143,27.419134,23.037582
375.103206,422.581855,28.459909,24.302204
375.574449,424.469928,27.975431,23.207348
374.525708,427.937877,28.080038,24.354336
378.203424,429.390940,25.962490,23.782667
376.685582,429.370197,26.929235,24.195871
379.953339,431.718856,26.062332,23.320484
381.557182,431.570341,25.676559,24.013304
383.393976,430.996809,26.137676,23.200895
386.211007,429.433553,26.306379,23.698792
389.225782,427.456228,26.373112,23.628386
388.961834,427.229717,26.400604,24.092218
393.021267,425.311226,26.068802,23.713884
396.671790,423.087266,25.861872,23.592148
400.707670,421.343788,26.236034,24.844172
404.838232,419.623187,26.243496,25.243404
409.030537,418.600616,27.331573,24.942501
408.173036,418.195846,27.715948,25.270763
413.875523,417.591243,26.369965,25.629734
417.830681,416.872915,28.766685,25.770567
422.147360,415.841824,27.938259,24.515306
423.817572,414.764227,29.697277,25.730253
426.233003,414.808741,29.632879,25.253500
425.785207,414.643192,28.861784,24.655886
427.254014,414.465847,28.723272,23.999926
425.787876,414.362730,27.932678,24.406279
426.013491,413.448082,26.397511,22.334856
424.985565,411.590726,25.709373,24.553894
425.951485,409.878394,22.284782,21.674892
425.959231,409.980638,22.681620,21.957687
427.416435,407.342568,20.733978,21.534378
427.482245,403.697993,19.148302,19.703739
429.073479,398.689531,18.339676,20.048147
429.581533,392.223498,18.171085,20.784054
412.264708,405.019464,16.437794,18.930616
412.535015,405.967394,15.915176,18.803457
398.941171,409.972136,19.825159,24.969296
397.692040,405.436976,23.769670,32.028370
416.781382,397.090606,18.769165,20.756145
403.228897,384.539427,22.460064,17.434393
388.344560,375.812506,19.040110,19.730665
388.024312,375.665021,20.691111,21.429436
395.664172,337.962173,28.592588,25.101328
393.580687,332.426033,25.279686,22.391863
385.709880,337.029548,28.316664,21.577190
382.516058,334.679879,36.297867,32.696190
460.523829,352.799998,17.488928,16.703617
460.233451,354.284410,15.578877,14.414115
446.100703,349.197240,13.517687,15.112159
433.202978,349.415921,15.265660,17.819969
423.248563,353.022050,18.297094,22.258141
417.571043,355.899800,15.848521,19.102661
411.736163,357.137312,20.701303,21.303083
404.338822,379.858723,16.187071,19.726748
397.139346,376.682090,17.236811,21.929478
391.376123,376.466568,16.509663,21.201448
386.958662,376.489171,17.471409,21.726013
383.765060,375.385455,17.429497,21.324673
381.434414,371.557215,17.579605,19.014479
382.208363,372.280207,16.434837,18.270132
378.208307,369.333680,18.259823,19.742989
376.194442,366.545015,18.023027,21.423613
373.812992,364.393800,17.545586,19.761162
371.434916,364.332897,17.958101,20.397387
369.423259,362.618978,20.673647,22.422012
368.541368,362.895093,20.043934,22.383324
365.445573,364.087898,22.597700,21.833490
361.155858,363.321629,18.410017,20.830164
355.232924,360.346126,18.268251,18.756756
354.865057,360.027622,16.703098,20.296587
352.020077,363.719652,17.709763,19.075064
351.746932,364.589547,18.032518,21.106232
349.442915,366.032356,19.095592,20.439684
348.692011,368.804445,18.205677,20.388731
347.421767,373.018369,17.882067,17.204285
348.432774,375.137633,16.680458,16.433147
348.987774,376.176794,16.734200,17.327436
348.957418,375.914780,17.249668,17.875124
351.047684,375.602373,16.613197,16.950026
355.130158,376.799437,15.882392,20.082998
360.037750,369.794884,15.478623,16.045824
339.344684,390.010246,14.961652,15.698047
335.488417,372.603823,27.309509,23.784597
334.890196,374.678397,23.002617,17.605686
338.229687,351.833432,23.089909,20.304043
349.209500,319.703370,29.321489,31.521290
378.681795,331.259625,19.574211,22.652615
380.197878,323.859741,17.481987,20.855902
377.459227,320.149961,17.024857,17.596096
377.857828,320.383329,16.749214,17.300203
374.627451,316.910501,16.569237,16.856874
370.725372,313.890979,16.508297,17.344215
365.500892,312.639379,14.377562,14.756953
357.780475,311.521385,15.604531,15.869390
348.377115,312.186639,16.071602,17.638020
348.033319,311.337253,16.598312,18.347466
337.221002,313.262010,17.581186,19.143497
325.254621,315.980206,17.150072,17.550161
312.894433,320.132534,18.837420,20.611456
300.415960,324.849093,15.941766,15.148979
286.379918,331.971240,17.608232,16.697304
286.237527,331.559705,17.882257,17.242748
272.839522,336.855352,17.725214,17.379869
258.749500,340.056135,18.365364,17.823648
246.900450,344.669373,18.294033,18.028181
232.371630,347.184020,19.104401,21.336143
220.724922,348.861887,19.510174,18.931116
219.973581,348.482055,19.934036,20.495888
206.416874,349.748561,19.487835,20.878899
193.718479,350.466931,20.611866,20.766109
182.241878,351.164960,20.821363,21.604084
171.367007,352.779387,21.586409,22.646988
157.520909,353.654716,30.838091,30.814810
174.215563,374.859713,18.350365,24.433504
176.576133,396.219269,21.931898,16.383902
169.450133,403.376425,23.677176,20.164919
155.831128,379.523356,18.212358,19.454292
147.641645,378.129004,23.111206,22.173571
142.426836,356.266750,21.768227,21.775770
142.681767,355.893042,20.480267,21.193735
142.482614,357.803883,19.977190,21.053099
142.065272,359.502559,19.778822,21.963524
143.574607,363.208237,20.105108,21.493513
143.944799,366.713657,19.757362,21.969007
144.940639,369.085669,21.000853,22.556894
144.304092,368.741590,21.804134,22.684025
144.956285,369.547840,22.369356,23.283033
147.420961,368.990855,20.900085,22.996552
149.891589,368.529719,21.335409,22.701324
151.864782,368.489390,22.615517,23.519867
154.313320,369.544912,21.807842,22.705965
154.591959,369.243233,21.592392,22.623770
158.673316,371.259963,21.917570,23.117508
161.055532,374.655251,23.203186,22.875166
165.992591,378.144341,20.980360,20.526211
172.705760,379.296034,20.202627,20.387743
177.499571,375.553686,21.355453,22.350946
177.440160,374.730298,21.302530,22.281010
182.297636,373.965934,20.376816,20.951439
190.175267,372.272478,19.545465,22.775606
193.753028,373.913412,21.217756,21.834665
202.207623,374.574655,19.705410,21.086369
207.637412,377.135628,19.577307,21.150946
208.191892,376.650037,19.447977,20.969212
213.734879,377.279067,20.522242,21.884064
220.043103,378.083691,19.602068,21.203955
224.083305,375.127442,20.664974,21.759968
229.414625,373.713808,19.404747,19.990778
233.454246,374.067333,20.098715,20.053030
234.144174,373.284663,19.921892,19.983063
239.425183,375.050467,19.767183,19.599260
243.523335,375.122838,20.276819,20.635715
248.409760,380.205817,20.611477,18.921646
253.444496,383.152718,19.885967,19.092062
257.452019,383.662562,23.117840,21.723518
257.122670,384.092202,22.703646,21.319477
260.867612,385.400790,23.445253,21.433647
263.586403,385.264971,25.108021,21.773951
268.246950,386.061508,23.740692,21.561049
269.693300,385.908452,24.569313,22.502605
270.412936,386.835135,24.590300,22.789415
268.760697,386.460706,26.648935,23.326015
267.247446,386.534370,25.893570,23.004782
263.759708,386.006448,24.043133,22.953373
254.247014,385.936697,24.120462,21.999468
239.122672,384.225247,24.584349,22.225391
216.832142,383.172780,23.723621,21.988079
216.428994,382.539851,24.980257,22.262733
194.952808,382.200386,25.234356,22.349989
175.459970,382.561657,24.936937,22.200758
157.458179,382.731743,24.132231,22.226072
142.746415,383.023657,24.565378,22.525751
128.236136,384.190131,22.933416,21.421417
128.787758,384.436733,24.719761,22.016615
117.949416,384.230956,24.061819,22.125420
108.539122,385.111021,23.057922,21.504259
101.080770,386.088314,21.581696,20.403677
95.729374,385.828361,22.646862,21.102127
87.886083,386.589766,22.111818,20.862337
87.810662,386.515890,22.965204,21.039209
81.077864,386.696528,20.887810,20.194504
75.615436,387.282431,23.758299,20.739038
69.393606,386.910895,21.440414,20.690018
64.423255,387.046257,22.110365,21.168333
61.258318,386.222437,25.586769,21.429972
60.885995,386.121411,24.614267,21.617947
58.257962,383.899540,27.943384,23.156141
54.260677,384.700768,21.250317,20.844336
51.236404,383.046821,26.425007,22.155472
46.671287,381.464562,23.515417,22.182537
43.913017,381.142849,22.424313,20.947790
44.013692,380.619388,22.751703,21.576324
42.426679,379.310990,22.531908,21.944149
40.007819,378.860574,21.841932,21.391346
39.586420,378.960878,20.778725,20.492708
37.554522,378.583499,21.343445,21.592628
36.387226,379.774990,20.924358,20.940924
36.122272,380.329888,21.489048,20.954151
34.629412,380.768845,21.060730,21.326963
33.771036,381.005965,20.586761,21.111580
32.153642,381.616326,21.364244,21.392597
31.145730,382.804724,23.450228,22.276674
30.355390,384.629002,23.195734,22.437948
29.684398,384.631237,20.126043,21.867476
28.338923,386.984380,18.734327,21.172131
26.237231,388.681299,18.804808,21.760057
24.897201,390.855204,19.529173,21.512552
24.970982,392.760426,20.516651,22.690260
26.341524,393.667146,20.672966,21.987797
26.394505,393.734438,22.835171,22.811960
28.651497,393.993379,23.264614,22.547802
35.294568,394.159128,23.325777,22.502817
43.347659,395.620085,19.512930,21.552347
49.645565,397.225761,20.934071,20.992788
61.927928,398.365125,22.945669,21.947674
62.387401,398.037560,22.783964,21.850468
75.175734,400.024725,20.586372,21.576883
88.358088,400.695966,21.457762,22.169682
102.322868,401.654288,20.892048,22.380104
117.547652,403.758801,21.025183,22.204388
131.213975,404.718712,21.902178,22.181639
130.570177,404.545407,23.389755,22.585438
146.740865,404.826364,22.963739,22.984509
160.521607,404.354170,25.034151,23.906275
174.691443,404.270704,25.926413,24.342562
190.394363,405.309004,25.012684,23.477945
206.218272,405.039030,24.324766,24.005419
205.456840,404.626513,25.757818,24.786339
220.280986,404.737284,24.751753,24.004694
232.818663,405.998888,23.578651,22.603800
247.758819,407.239700,22.697531,24.235304
257.100956,408.060535,25.537029,24.326437
269.701686,408.601972,24.631651,24.484119
266.054811,409.232740,28.327026,25.052347
276.726817,409.855087,27.527327,25.179571
285.768148,411.913547,28.064140,25.566437
293.255085,411.706562,28.312878,25.695539
301.203250,413.468163,29.121687,25.076969
306.998290,414.107766,30.812826,25.366917
307.498251,413.904324,30.982277,25.763609
315.402662,415.230424,29.901085,24.599537
323.980105,417.082776,29.588026,25.632885
330.486478,419.548862,30.096949,25.430738
338.923206,421.680142,29.249310,26.052441
344.814056,424.591372,30.351551,25.719147
346.978684,424.584023,28.365557,25.560062
354.721759,426.227638,27.695036,25.829962
361.667944,428.514162,27.697472,26.101549
368.453219,429.175227,28.841627,26.561554
378.003199,429.194043,25.951920,26.787533
382.867316,429.148715,27.223806,26.470093
382.363158,429.357265,27.715292,26.593979
387.219007,428.929214,29.204277,26.928701
390.268524,427.239655,29.871479,27.216648
386.047742,448.947774,24.907068,26.411144
390.096609,446.179325,24.279442,25.805365
393.354557,443.650057,25.302746,25.825006
392.871300,441.906135,25.307491,26.415993
403.712228,420.095424,25.646082,24.114540
406.383479,419.233554,26.373556,25.231949
404.481853,420.730950,27.269733,25.068455
409.722354,420.834912,25.758947,24.232342
410.707603,422.696813,27.050640,25.010906
411.239180,421.564962,27.410095,26.015589
415.068036,421.724302,24.463747,24.585840
416.505164,420.712922,24.389578,24.527958
418.769605,422.871234,23.145037,23.086639
426.067603,421.001606,18.992895,21.695807
427.402734,418.187804,18.952242,22.168259
428.181467,418.115608,19.008171,21.532736
431.116043,415.822986,18.013050,20.518326
433.538081,413.010687,18.672209,21.035685
438.374580,409.432866,19.177570,20.690151
443.257277,405.363832,18.769857,20.693529
448.950726,402.556429,19.144367,20.962290
448.920943,401.855449,19.393713,21.501007
457.607388,400.342584,18.290178,19.242702
466.066476,399.038298,17.320589,19.698290
476.480204,397.980889,17.830673,19.742199
486.365697,397.626870,18.071337,20.225620
497.872416,399.756557,17.579138,19.166677
496.983732,400.532709,17.710159,19.121332
508.222813,402.252067,16.847790,19.643616
518.344143,404.459831,18.157482,20.956480
529.010551,406.329371,17.678608,20.699539
538.215499,406.326337,17.474203,20.305157
547.670756,404.525356,18.124075,21.577971
547.637901,404.203854,17.985744,21.282148
553.798924,402.439008,18.943247,21.302723
559.900831,399.907290,18.233513,20.747240
564.749390,396.913210,17.967693,20.193727
566.704212,393.455399,18.816113,20.838110
569.386660,391.851391,18.031082,20.419439
570.085463,391.827190,23.923149,23.075903
571.525706,391.155771,18.053938,20.611979
573.775258,391.279572,17.542597,20.712444
564.846969,391.748399,17.415396,18.317257
576.102015,393.894573,15.245178,17.505293
575.759934,394.184166,15.136835,17.430258
576.305189,394.678510,15.657060,18.095631
573.794727,394.204094,16.693645,19.662840
572.500294,391.343875,16.976582,19.300964
570.932789,388.114364,14.952625,16.723976
567.567582,385.721648,14.152720,16.623909
564.685899,382.259340,15.366838,16.693537
564.136442,382.536849,15.996933,17.731346
560.791898,378.905771,15.663607,17.722788
556.964192,375.226692,14.701799,17.464628
553.474575,375.628019,16.184483,17.376024
548.615909,376.248243,15.828871,17.107553
542.198517,377.560321,17.422405,19.215858
541.354175,377.236036,20.639601,21.083651
536.231830,382.834813,15.789243,16.053944
528.129157,384.328360,18.133711,19.010355
518.960266,387.248700,18.741215,18.171864
509.966931,384.363158,19.689608,19.088425
504.326252,379.287527,18.098431,17.606234
505.038625,378.904397,17.691004,17.359570
495.427381,369.353090,16.641832,16.623522
486.690657,362.623848,15.531730,15.888914
477.390691,355.162709,14.294924,16.760769
463.247638,348.400677,17.065828,16.338293
451.971849,343.691285,17.111752,16.529140
451.329777,343.854507,18.452324,18.597334
441.378304,339.693259,16.943565,17.784912
430.876384,337.853083,16.409822,17.349848
417.899867,336.751277,18.250975,19.578278
407.977698,337.574315,17.842344,19.144398
396.682283,339.065174,18.699333,18.994253
396.504329,339.754281,17.754080,18.336216
383.631257,342.640966,18.058039,18.542521
371.068100,345.681311,20.647800,20.152025
357.337015,352.727427,24.568344,21.621653
347.509865,363.648469,20.138584,21.727352
334.660801,370.542381,21.110844,22.345495
334.668715,370.232569,21.469528,23.270655
325.143641,379.752540,21.445129,22.514816
316.017830,384.736580,20.303173,21.034796
309.369262,383.786352,20.157042,23.040689
304.205155,382.979545,19.818834,22.004318
297.754378,380.135945,19.932127,22.776920
297.949504,379.796330,20.015181,22.580540
293.531530,377.326563,19.667755,22.252047
288.040537,375.029669,19.400764,21.967722
281.696314,372.442688,18.993996,20.703817
274.320560,368.440422,18.503315,22.170752
265.756425,365.955385,18.753000,20.734636
266.112837,366.484467,18.479553,19.506262
256.420554,364.563847,19.530844,19.444311
249.292734,358.607762,18.279915,19.643970
239.429017,353.593108,18.686174,19.216713
231.068219,350.891966,18.574503,19.160067
222.566017,349.962173,18.495701,20.252203
223.232483,349.625521,18.719715,20.191484
215.906947,350.061350,18.267797,19.900660
210.341936,351.950231,18.600296,19.239147
206.630622,353.684981,18.669821,18.701569
204.576391,353.342902,18.512405,18.470810
202.176427,351.981009,19.348452,20.817278
202.481649,351.834219,19.295082,20.674250
199.853690,350.496691,21.056211,20.488367
199.482023,348.819199,20.275436,20.453604
197.526344,348.801714,19.306438,20.605814
196.255256,349.803678,20.244238,20.827488
194.650662,349.233206,19.842752,21.110933
195.169461,349.613418,19.866411,21.467789
192.580697,349.258183,21.505350,22.150465
190.999002,347.609192,21.888351,22.685720
188.839123,345.307508,22.694622,22.153727
187.564488,343.772346,22.960527,22.317404
189.281426,343.475421,20.256212,20.120407
188.120481,343.677126,21.534266,20.696733
189.170789,343.860004,19.944376,20.258505
189.139930,346.224304,20.304136,20.642584
188.289123,348.616250,20.398458,20.949818
189.735331,350.811106,19.606155,19.905588
190.256052,351.577859,18.345711,19.372974
190.464692,350.919432,17.773386,18.895746
193.290984,352.563493,17.461370,17.775875
194.031557,353.551032,16.555542,17.028358
196.161420,353.619523,17.132914,16.028904
197.001411,354.496367,16.433643,16.167160
197.758615,354.147447,19.044580,17.241322
197.495904,355.125393,17.973818,17.703596
200.329527,354.769382,19.436050,18.081314
200.723306,354.526370,18.123568,17.481209
200.505004,354.162918,19.990667,18.015966
201.639738,354.036513,18.267586,17.971947
202.411088,353.607541,16.883120,18.469746
202.547702,354.586474,16.463369,17.873802
202.424798,353.323125,16.445360,18.636585
202.619164,352.843037,18.112741,19.028486
203.452211,352.856186,19.499886,19.625624
202.460431,353.282013,21.373880,19.949301
203.537457,353.469070,18.249582,20.169813
202.693156,352.514634,19.200697,20.255733
202.398534,353.402471,18.394548,19.802700
200.887587,353.253577,18.266563,19.538574
201.943848,351.648818,21.614178,20.335068
202.299501,351.740126,21.974243,20.780031
201.467106,350.029242,22.183186,20.383036
202.046874,350.231977,21.767561,20.141193
202.775352,349.864920,21.082729,20.178225
198.897758,349.415098,20.379896,20.134478
199.308880,349.814938,20.740124,19.479109
193.600629,348.877168,22.654306,20.066357
188.047205,348.520389,25.812798,20.989975
188.734046,347.640338,25.214903,21.582497
184.222155,347.518031,25.177109,22.130402
177.116504,348.707791,23.117170,21.082829
171.596889,348.852105,19.863997,19.419071
171.537882,347.009666,24.190063,21.649755
163.305567,347.490058,25.201881,23.210159
160.748738,346.724142,26.158602,23.904993
162.155625,346.306097,24.496927,22.631556
158.684468,347.366728,25.995829,22.360773
131.305038,353.085444,23.076244,23.628738
127.803980,352.560740,20.985626,20.960213
123.073251,350.159722,19.823214,20.546398
123.471242,350.529111,19.568628,20.865475
134.093457,359.728276,27.783594,26.115421
163.504959,350.480042,22.409184,22.320156
167.244985,351.394452,21.500254,20.606686
171.330211,352.727071,21.524366,20.963428
175.304586,354.729259,23.145714,21.470200
175.967157,355.196162,22.738899,21.784637
179.834952,355.796869,23.190084,22.944445
186.503757,358.879701,20.417250,20.983044
190.035448,360.297076,21.799728,21.733086
195.174061,362.090398,20.602039,20.241146
201.506846,362.463523,19.728811,20.681114
202.496131,362.835808,18.681379,20.213087
207.249228,363.758122,20.172234,20.634892
213.607355,364.301616,18.179848,19.809952
218.994985,365.740976,18.455614,19.544382
223.887489,366.709089,17.717831,19.539598
228.233287,368.862886,17.727652,19.679628
227.353202,368.015268,18.591887,19.830156
232.547299,370.423162,18.719889,20.291826
236.436575,371.586432,18.938507,19.661669
242.463422,373.234798,18.292391,20.215155
247.082606,373.907255,19.291723,20.125643
252.939003,374.954210,21.309620,20.999659
252.417136,374.921885,21.855055,20.712982
258.656572,374.320667,21.692360,21.004637
267.946651,374.835962,20.494215,20.713877
276.012110,374.818823,20.351212,20.672449
284.279703,375.559189,20.019073,20.604269
293.024786,376.589334,19.972382,20.722767
292.010408,376.836783,20.735756,20.355202
301.662467,378.028214,19.192633,20.502874
308.128485,380.861255,21.479797,21.015785
317.322619,382.824156,21.102835,21.339418
320.881186,385.790737,24.088766,21.987158
326.367210,388.723232,23.479031,21.289701
327.031472,389.271914,23.313654,21.610819
331.790662,392.565194,23.650324,20.907200
337.455082,395.921921,22.537090,21.955763
338.317159,399.730574,24.184244,21.834352
338.725112,402.852455,26.129972,22.643629
338.791018,406.051105,27.718742,22.480675
340.147378,405.185582,26.421305,22.701221
338.656364,408.565237,26.855228,22.613207
340.010292,410.231783,25.016026,22.844584
337.234235,410.496361,26.891672,23.278196
339.844743,410.660883,24.556993,22.489275
338.934978,409.177744,25.067877,22.288042
339.146996,409.355566,25.264278,21.993555
338.687488,407.051181,24.845617,22.363327
340.360979,403.844537,23.501709,21.515583
340.845346,400.287292,22.535431,21.083838
341.261660,397.073610,21.848160,21.072016
343.343190,392.399781,21.542765,21.313824
343.981273,392.714378,20.407057,20.532362
343.956531,390.371799,22.855520,21.274986
347.851571,385.650968,21.872499,21.492619
350.632295,383.543134,22.514505,22.121990
351.725167,382.620501,23.346796,21.134630
353.238607,383.082740,22.654945,21.249504
352.069210,382.530305,22.950520,21.558468
352.222641,382.841832,22.996113,21.769367
352.263437,382.522842,22.805130,22.087088
351.222988,383.197966,22.847942,21.664324
348.516003,383.414576,23.222408,21.740664
346.792914,382.753190,22.978941,21.723270
348.155812,382.628762,22.600130,21.576283
345.096482,382.401676,23.110109,19.937185
344.232889,379.168667,22.927856,21.574896
343.928020,376.538905,22.532034,21.837029
342.779655,375.907194,21.433811,21.381601
342.836601,375.721173,20.187153,20.991276
343.492390,375.823978,19.470577,20.898329
340.939767,377.670745,19.410059,20.662560
339.055958,379.321874,19.623859,20.816006
335.877596,380.757305,21.695068,21.181974
336.526478,383.883374,20.340710,18.508511
337.247322,383.471889,21.369991,19.395521
337.128037,383.523073,21.520494,19.477602
338.922846,383.946163,21.221970,18.178457
341.090842,386.245908,20.814985,17.361797
345.025942,388.219089,19.807640,17.754211
346.822725,392.126944,20.762535,17.412775
351.952286,393.275069,21.467770,18.179764
352.094350,393.229505,21.401476,17.822460
359.027377,392.361497,20.731581,18.645840
366.978078,391.105330,21.033182,17.835342
374.461851,384.931414,21.642891,18.156984
382.774220,378.434384,20.955044,18.438015
390.600808,368.867030,19.984354,19.715958
390.553079,369.050922,19.399080,18.585783
398.389200,356.059489,18.908325,21.056969
420.708506,350.006312,16.747940,18.756012
408.941073,334.115695,21.217291,20.832787
398.647557,339.074272,16.914843,16.155928
407.095021,333.677151,14.019794,13.385732
407.174116,334.053741,12.203134,12.243567
414.296657,326.849495,12.838574,13.650370
404.817955,315.537732,22.655655,22.682892
440.259860,300.496206,19.562815,20.253706
446.640632,300.752030,17.668413,19.272942
453.079994,301.472433,17.632179,17.487654
452.971925,301.420752,17.416029,18.234327
459.557841,301.060649,16.553537,18.369808
464.510403,300.698770,16.113022,20.804970
466.967614,301.655826,16.940702,21.686481
469.403536,302.164564,17.255978,21.291334
469.953266,301.583446,16.720047,19.542225
469.943027,301.557998,16.489708,19.466831
470.392158,300.330396,16.216677,20.191589
468.893279,298.835574,16.910028,20.247074
467.491943,297.590484,16.563202,19.146008
465.322359,294.820075,16.209438,19.655811
463.346503,291.576684,16.316935,19.949020
462.485302,292.307239,16.584015,19.929958
459.880206,291.272129,16.980471,19.544779
456.811070,289.680796,16.953863,20.375051
452.465890,290.387250,17.541616,19.558060
449.342797,290.838843,16.418425,17.148975
444.473959,290.026102,17.957020,19.054380
444.073130,288.119706,18.444416,20.014420
438.701255,284.760505,18.837038,20.055302
440.318760,287.788580,17.485794,21.360563
437.905050,288.555817,16.978184,19.871737
435.900812,288.950166,17.730778,20.820099
433.648764,288.873663,17.931438,19.915396
433.831275,288.419150,17.174295,20.882587
432.536374,289.753363,16.971464,19.585226
430.290339,290.047673,17.026194,18.891754
427.243723,290.153627,17.438030,19.160620
425.946903,292.765926,16.980705,18.031061
422.056452,291.861896,17.272266,20.771732
421.683874,291.321961,17.690845,20.346825
416.902450,296.462658,16.886103,19.828379
411.555960,300.962662,17.333004,19.094095
405.107457,304.002413,17.237143,19.395712
399.935322,307.007967,17.094582,20.298864
394.368732,311.521760,18.049767,20.201950
394.236000,310.880549,18.307098,20.581600
388.472741,315.500345,18.030325,21.061567
382.721368,321.140654,17.344320,20.654104
376.098774,326.378500,18.181595,21.559790
370.044231,331.743232,18.366898,21.686092
365.790388,336.157233,17.716106,21.710552
365.590493,336.004313,18.038687,22.696079
359.251026,340.813869,17.876511,21.590969
353.927558,344.904105,18.455439,22.347042
349.467973,348.190341,18.428915,23.333042
343.766715,352.160873,19.312349,23.471926
340.009863,356.900255,18.596241,22.111921
340.399637,356.653420,18.748844,22.702103
335.660570,361.033171,18.962063,23.092779
331.709641,365.698672,19.089676,22.221645
327.227884,371.278396,19.767445,23.190708
321.820546,376.197413,21.590277,24.929928
317.155948,383.931878,22.447527,23.028122
318.251079,384.733045,21.792780,23.219978
313.845089,389.854707,24.358177,24.490372
308.569842,394.735646,26.898645,25.457512
304.997143,399.510288,27.987213,24.759012
305.391679,401.562823,24.895132,23.274639
304.270034,403.054515,23.221857,21.993015
303.887057,403.194162,23.534586,22.721945
298.502179,403.420654,24.362082,22.413622
297.915611,400.587029,26.239372,24.798677
294.802324,397.651107,24.664524,24.183887
289.137300,395.925496,27.587734,22.411789
285.346557,392.959250,24.742678,22.601398
284.673815,392.444604,26.690006,23.648628
282.127561,390.523622,25.519072,22.475494
278.160346,388.038238,26.838266,23.208317
274.908930,387.849881,25.364216,22.346962
271.663929,387.064840,24.455772,23.457563
267.741306,387.586394,25.750465,23.697765
268.723290,388.039312,24.822042,23.968229
265.504877,388.691676,23.379444,24.203335
261.682160,389.704935,24.010023,24.999846
258.796453,391.370567,24.104300,24.474001
257.788491,391.652812,21.929159,24.646687
255.292914,392.509047,22.628633,24.727644
255.601349,392.229008,22.112999,24.687189
253.543541,391.347486,22.539673,25.331276
250.952749,390.294930,22.258793,24.617393
248.904689,388.432057,21.531038,23.649445
245.402948,388.762989,22.715183,23.059626
244.520609,385.484243,21.050602,23.660086
244.908440,386.214211,20.463959,23.266047
240.768476,385.501016,22.828777,23.268700
235.363380,391.045532,15.122399,17.664675
233.457209,389.791762,14.206249,16.516659
235.796988,382.807028,21.760998,22.818892
232.498829,383.344792,22.221138,22.135384
233.778698,383.083592,21.631500,22.487633
231.259652,382.886450,22.882711,22.073744
230.077446,383.282244,21.884415,20.849661
226.321164,382.765241,23.596205,21.605644
224.351121,380.836166,24.367826,23.586229
225.046610,379.806562,22.380611,22.565634
224.027045,380.193033,23.788904,22.503981
222.973775,380.703232,24.354544,22.566149
222.750324,379.299307,24.420280,22.747572
223.259452,379.814437,23.789446,22.179348
221.063415,381.090387,25.031389,22.730543
220.531904,383.368511,25.578541,22.600039
221.041450,383.171556,25.578875,22.083738
221.781049,384.664358,26.148672,22.949469
223.919846,387.351602,26.005699,22.029549
224.651940,391.314277,26.633184,22.283398
226.577633,395.318750,26.582848,22.631460
230.047890,399.613685,25.906876,22.091763
229.585492,398.993869,25.649710,21.802265
231.453285,402.406418,24.917313,21.920923
234.952329,402.308779,23.267416,22.341673
233.845922,402.412481,23.923809,22.195494
233.459636,399.875923,24.530649,22.271776
232.294833,397.122809,25.414255,22.109013
231.625520,397.258950,24.952559,21.729652
230.361243,393.802890,24.768579,21.809765
228.834423,390.665861,25.532349,22.404203
226.947895,386.989927,24.810051,22.258444
225.435437,384.493837,25.602911,22.263868
223.099241,382.716033,25.771786,21.078686
223.453403,382.615958,25.504900,21.329105
221.802229,381.116776,24.648182,21.227434
219.291298,380.255224,24.999107,21.202261
218.703588,378.221043,24.047583,22.175684
218.902721,378.530457,22.532341,21.492996
215.422923,377.514054,24.469919,22.159683
216.358251,377.581696,23.211096,21.938669
216.448776,377.215459,22.594063,22.494751
215.023655,377.183233,23.090691,22.298025
213.731320,377.364306,23.348928,22.092190
214.870443,377.139937,22.794132,22.239849
213.394130,376.909377,23.210421,21.614910
214.077559,376.487720,22.522854,21.845354
213.796491,376.415008,21.860723,21.366077
214.138823,375.872253,21.295788,21.378572
214.378922,376.386377,21.360283,21.055243
213.966600,376.417169,21.159267,20.487595
213.690947,375.709702,21.828350,21.173792
213.304975,376.068370,21.917189,21.165096
213.861953,375.128845,22.005289,20.868044
213.473303,374.871264,22.123837,20.289021
213.394625,375.417294,22.649151,19.806856
214.189402,375.572917,22.806393,19.547161
214.320287,375.426406,22.834723,19.884106
214.635686,374.805884,22.796377,20.013622
215.015048,375.434711,22.904642,19.508846
216.477030,374.598928,23.333523,20.025328
218.993190,373.374681,21.216875,20.348394
219.237538,371.648539,22.489080,21.238661
216.900908,369.828461,28.127794,26.663317
267.102602,403.863643,22.008297,21.540249
261.635150,403.449752,21.512217,21.735470
257.320760,403.883560,21.623594,21.777620
251.539732,406.619174,22.290874,23.155430
247.768424,409.897154,21.512400,22.599066
241.062937,409.822419,23.285801,23.566925
240.886327,409.898231,22.723471,22.927502
234.761745,409.350484,21.375114,20.881798
225.506429,404.859681,23.316725,22.886131
213.574171,403.012284,23.634205,22.275116
202.676178,400.700749,22.784927,21.334976
191.799396,400.631493,21.039759,20.952814
192.179905,400.373567,21.017418,21.266792
179.219014,400.633451,21.571867,22.957062
168.043241,402.816609,22.414206,23.186569
157.652044,407.217087,20.993557,22.040323
146.735129,411.790273,21.678720,22.284721
131.752985,418.540813,25.425495,22.734667
131.774769,418.760653,25.819183,22.854504
120.055439,426.669405,24.712456,23.201521
108.739420,437.143132,25.643826,23.501778
98.413404,451.475879,23.781528,21.695583
87.163045,459.655975,24.559637,25.424334
76.711533,475.368527,23.669579,23.708061
77.449638,475.073282,22.976776,23.580374
66.235228,491.987166,23.681736,22.609066
55.757625,507.953554,22.793154,23.986242
46.605940,526.092899,22.139149,25.561861
38.777741,546.003207,22.155897,24.104389
