0.023257
0.018716
0.019973
0.020055
0.018907
0.025713
0.018942
0.020225
0.019204
0.018594
0.047425
0.019686
0.019032
0.020259
0.019798
0.019611
0.019731
0.019095
0.029443
0.035010
0.019832
0.018977
0.020511
0.046942
0.021219
0.021846
0.021222
0.022030
0.021105
0.021010
0.021064
0.021307
0.028751
0.028818
0.020515
0.021176
0.021536
0.024732
0.021825
0.018567
0.021809
0.019089
0.021503
0.019313
0.019369
0.019238
0.020739
0.022991
0.021671
0.025211
0.020611
0.020795
0.020595
0.020683
0.022431
0.022285
0.022065
0.019995
0.020272
0.022383
0.021064
0.020576
0.020575
0.020673
0.021878
0.020870
0.020426
0.021428
0.020486
0.025535
0.020871
0.021617
0.021122
0.021035
0.022741
0.022628
0.031189
0.021931
0.020944
0.020577
0.020310
0.020406
0.024263
0.021796
0.020516
0.020984
0.022360
0.021599
0.020592
0.030159
0.019655
0.021083
0.033048
0.023760
0.021059
0.034475
0.021103
0.023512
0.020495
0.024477
0.023529
0.021717
0.023495
0.023927
0.020197
0.020690
0.029387
0.021075
0.022755
0.021575
0.021756
0.021647
0.022100
0.021388
0.021875
0.021556
0.022445
0.021283
0.021119
0.028781
0.022196
0.021668
0.020594
0.021153
0.021087
0.021057
0.020278
0.021726
0.021654
0.021267
0.021138
0.021319
0.020043
0.019785
0.020649
0.021499
0.031186
0.020738
0.020614
0.021396
0.021545
0.021484
0.019783
0.019466
0.019306
0.027418
0.019951
0.024364
0.021350
0.026800
0.026692
0.020705
0.020684
0.020299
0.024828
0.020225
0.019826
0.021307
0.020724
0.027079
0.021683
0.020480
0.020695
0.020722
0.021772
0.021729
0.021566
0.022987
0.019068
0.019476
0.043587
0.031320
0.024986
0.021545
0.040614
0.020859
0.020557
0.024092
0.020650
0.021522
0.026973
0.021505
0.024749
0.027750
0.021425
0.020278
0.025979
0.021169
0.021597
0.020601
0.035533
0.021322
0.021258
0.022809
0.021301
0.021287
0.021442
0.021789
0.021701
0.025533
0.033934
0.021665
0.020300
0.031774
0.021920
0.021862
0.020460
0.022264
0.023160
0.021832
0.021968
0.021010
0.026100
0.024579
0.026032
0.024331
0.022051
0.024262
0.020459
0.021693
0.021052
0.024167
0.020732
0.020784
0.022639
0.021790
0.021063
0.020994
0.020106
0.021253
0.020273
0.027784
0.020355
0.036115
0.020617
0.021147
0.023649
0.020120
0.019277
0.020787
0.020401
0.019156
0.020129
0.020738
0.020346
0.020416
0.019139
0.020494
0.020795
0.019836
0.020634
0.020310
0.018987
0.020501
0.020905
0.020570
0.020204
0.020064
0.020136
0.019625
0.019676
0.019894
0.033615
0.018627
0.018729
0.019607
0.031726
0.019421
0.019233
0.020247
0.018915
0.019564
0.019634
0.020469
0.019890
0.020256
0.019831
0.020134
0.038070
0.018929
0.020328
0.018653
0.020295
0.020104
0.019943
0.019382
0.020968
0.020209
0.020993
0.020045
0.019291
0.020212
0.019578
0.019813
0.018696
0.020050
0.019652
0.020285
0.020226
0.020035
0.019435
0.020657
0.019044
0.020882
0.019884
0.019309
0.021116
0.020068
0.019460
0.020530
0.019748
0.019392
0.020351
0.020384
0.020332
0.019782
0.020692
0.020406
0.020540
0.020698
0.021643
0.020038
0.020957
0.020440
0.020727
0.020443
0.020344
0.018711
0.018915
0.020002
0.020162
0.019158
0.039965
0.029534
0.020908
0.020438
0.023735
0.026585
0.020527
0.018901
0.020642
0.019963
0.020628
0.020202
0.020365
0.020044
0.020359
0.020300
0.019929
0.028412
0.020296
0.020419
0.019647
0.019544
0.020261
0.020280
0.019992
0.018888
0.019576
0.021777
0.018636
0.019258
0.019856
0.021228
0.022579
0.020385
0.019923
0.019093
0.019619
0.027597
0.020110
0.018937
0.020452
0.021031
0.020561
0.020051
0.020509
0.019229
0.019968
0.020296
0.020216
0.019939
0.019818
0.018969
0.019971
0.019993
0.024507
0.019954
0.020420
0.019984
0.019892
0.019645
0.019109
0.018938
0.018899
0.020875
0.028196
0.035123
0.020172
0.036085
0.028833
0.018372
0.020291
0.020330
0.020493
0.020045
0.019817
0.020169
0.019963
0.020381
0.019573
0.019875
0.018920
0.020144
0.019508
0.019849
0.024553
0.020247
0.026993
0.018668
0.020321
0.020349
0.028853
0.018781
0.019643
0.020422
0.020333
0.019936
0.020198
0.020223
0.019126
0.020958
0.028933
0.019888
0.019902
0.019071
0.019006
0.019490
0.018985
0.024753
0.020496
0.019836
0.020642
0.034527
0.037686
0.019875
0.020577
0.020078
0.019104
0.019700
0.019723
0.021432
0.020368
0.019920
0.027428
0.021719
0.020022
0.018857
0.018535
0.018905
0.020138
0.020910
0.020320
0.019577
0.020225
0.019025
0.019590
0.020065
0.019513
0.019983
0.019637
0.024847
0.021266
0.019110
0.019856
0.019706
0.020469
0.018806
0.018786
0.020153
0.020593
0.019133
0.019504
0.019899
0.019932
0.020112
0.019862
0.019782
0.026195
0.020408
0.019896
0.018427
0.019934
0.020058
0.020270
0.019894
0.019821
0.020115
0.019975
0.019530
0.022368
0.019721
0.019727
0.019400
0.019429
0.020374
0.018584
0.020015
0.020727
0.019231
0.020089
0.019110
0.018754
0.018986
0.019258
0.022227
0.019922
0.020634
0.018854
0.030033
0.019427
0.020186
0.020256
0.018741
0.020333
0.020751
0.021868
0.020002
0.019717
0.018690
0.019683
0.018976
0.019078
0.019702
0.018589
0.021254
0.022785
0.019957
0.034568
0.024052
0.019827
0.020760
0.020284
0.018293
0.035192
0.020196
0.019865
0.019641
0.018826
0.020195
0.020518
0.027012
0.020469
0.019796
0.019608
0.019427
0.021512
0.022311
0.018948
0.020255
0.019326
0.018977
0.023171
0.018808
0.021851
0.019140
0.019165
0.019343
0.019621
0.018666
0.019218
0.019551
0.019274
0.019748
0.019922
0.019879
0.019744
0.019970
0.020217
0.035492
0.019687
0.018867
0.018677
0.019986
0.019303
0.018791
0.019647
0.019601
0.019719
0.018566
0.019899
0.019677
0.019940
0.021008
0.020258
0.018578
0.019551
0.019522
0.019356
0.019823
0.040724
0.019847
0.019403
0.019779
0.019134
0.018112
0.019874
0.019490
0.019810
0.018930
0.019653
0.030391
0.020334
0.020236
0.019432
0.020517
0.019498
0.019505
0.019354
0.019048
0.019360
0.026398
0.019819
0.019240
0.019562
0.020828
0.019968
0.021746
0.020108
0.019888
0.019520
0.019755
0.019410
0.019737
0.018269
0.018824
0.018235
0.018571
0.018782
0.019042
0.018837
0.019730
0.020004
0.019765
0.019830
0.031356
0.037026
0.018242
0.022426
0.020357
0.019178
0.018797
0.019759
0.019745
0.019921
0.019397
0.022564
0.023411
0.020765
0.025421
0.025569
0.019695
0.019828
0.018658
0.024991
0.019019
0.024806
0.020068
0.018444
0.022735
0.018403
0.026197
0.019205
0.019975
0.019632
0.019419
0.018592
0.018852
0.019766
0.019691
0.019237
0.019535
0.020389
0.020277
0.018482
0.018620
0.029867
0.021017
0.026302
0.020382
0.020091
0.020022
0.019834
0.018895
0.022191
0.020200
0.019715
0.019395
0.018706
0.019877
0.018557
0.019555
0.027839
0.022569
0.018386
0.025965
0.019822
0.018376
0.018950
0.020082
0.018851
0.019872
0.021071
0.020778
0.020682
0.019737
0.023805
0.022049
0.018437
0.018577
0.019938
0.019988
0.019820
0.018490
0.019280
0.018226
0.019426
0.024171
0.021348
0.020400
0.019778
0.019968
0.021820
0.020186
0.024242
0.019995
0.027103
0.019991
0.032184
0.019905
0.028731
0.018921
0.019627
0.019974
0.019876
0.024746
0.020566
0.020291
0.020044
0.025939
0.019086
0.019885
0.019120
0.018896
0.031235
0.019002
0.018645
0.019954
0.019364
0.018192
0.019659
0.019718
0.018008
0.019135
0.019059
0.019871
0.019507
0.019513
0.018318
0.020436
0.018951
0.019816
0.020007
0.019449
0.019687
0.018751
0.024769
0.018622
0.018496
0.019570
0.020059
0.019550
0.019313
0.019226
0.020079
0.020086
0.018610
0.018936
0.025546
0.023298
0.019599
0.018458
0.028127
0.019864
0.019033
0.018850
0.019696
0.018709
0.019225
0.019770
0.030612
0.019367
0.019597
0.019296
0.019733
0.019255
0.019263
0.022614
0.019478
0.018973
0.018489
0.020244
0.038763
0.025609
0.018540
0.019820
0.019720
0.018856
0.020592
0.020194
0.020800
0.034427
0.026816
0.019391
0.019068
0.019892
0.018868
0.019368
0.027226
0.018780
0.019521
0.020784
0.020012
0.019558
0.023818
0.019807
0.018554
0.019460
0.019762
0.019763
0.019189
0.025173
0.019401
0.019807
0.019277
0.020161
0.018719
0.019929
0.027924
0.019471
0.019182
0.020626
0.019844
0.018386
0.019481
0.020054
0.020028
0.022908
0.019331
0.019472
0.019763
0.020071
0.018740
0.019460
0.019661
0.018468
0.027481
0.027854
0.024108
0.023623
0.019444
0.019866
0.019605
0.019529
0.021719
0.019168
0.018781
0.029267
0.019031
0.019822
0.048412
0.020123
0.019745
0.020617
0.019755
0.020402
0.019858
0.018516
0.018773
0.019621
0.027521
0.019327
0.019720
0.019976
0.019979
0.019851
0.023991
0.025232
0.019791
0.020295
0.020227
0.019573
0.019813
0.018525
0.019562
0.019502
0.022548
0.039826
0.019128
0.020077
0.029151
0.019488
0.019872
0.019472
0.018706
0.019719
0.018888
0.019764
0.019659
0.025610
0.023158
0.019725
0.021588
0.020155
0.019794
0.018460
0.019422
0.018803
0.019940
0.019851
0.022525
0.019359
0.019687
0.020541
0.024674
0.032815
0.020687
0.019531
0.019773
0.019819
0.018890
0.019583
0.019444
0.025399
0.019201
0.018978
0.019861
0.020379
0.020890
0.038119
0.020455
0.020002
0.024453
0.019338
0.019679
0.019996
0.020142
0.020152
0.033355
0.018520
0.019561
0.018313
0.039531
0.019968
0.019917
0.019928
0.019997
0.019722
0.019725
0.020081
0.018565
0.018959
0.020271
0.019781
0.019678
0.020020
0.018962
0.019392
0.020075
0.018433
0.035257
0.018755
0.018631
0.020272
0.029813
0.019121
0.018184
0.019907
0.019247
0.020179
0.020033
0.018658
0.018677
0.028244
0.019806
0.018860
0.020267
0.020073
0.018376
0.018913
0.039742
0.023747
0.026723
0.019857
0.018726
0.022820
0.019536
0.019254
0.028720
0.019650
0.019673
0.019848
0.019516
0.018529
0.019155
0.019752
0.026951
0.037070
0.022817
0.019578
0.025831
0.030024
0.019603
0.019339
0.020115
0.019918
0.019053
0.018592
0.020019
0.020179
0.019668
0.019841
0.020670
0.019728
0.018589
0.019384
0.020263
0.020622
0.019749
0.020084
0.019647
0.019032
0.019861
0.038449
0.025586
0.019193
0.029233
0.028286
0.020286
0.019295
0.021154
0.020337
0.019450
0.023847
0.020063
0.018800
0.019813
0.019407
0.018435
0.019654
0.019191
0.018507
0.019495
0.022033
0.022596
0.040788
0.025830
0.018308
0.020033
0.029396
0.019330
0.019276
0.036138
0.019713
0.031552
0.019778
0.018424
0.018659
0.019554
0.019028
0.019948
0.019365
0.019643
0.020910
0.019692
0.019292
0.018256
0.018906
0.018211
0.019427
0.018729
0.019891
0.019636
0.019653
0.033283
0.036769
0.019930
0.019913
0.018604
0.020087
0.020163
0.019866
0.019709
0.020819
0.019567
0.018723
0.023603
0.027802
0.019182
0.020134
0.020335
0.019770
0.034035
0.022613
0.019594
0.019520
0.020741
0.019511
0.020251
0.019934
0.019881
0.018542
0.019248
0.018626
0.027559
0.020146
0.019607
0.028254
0.020060
0.019509
0.035291
0.019677
0.019979
0.020282
0.019750
0.019511
0.019415
0.018443
0.019083
0.019285
0.020071
0.019580
0.019990
0.018595
0.019502
0.018360
0.019055
0.023255
0.019357
0.039577
0.019924
0.018535
0.019099
0.019962
0.020165
0.020198
0.018986
0.020561
0.020398
0.018706
0.019879
0.018633
0.019966
0.018561
0.019954
0.019085
0.018779
0.020714
0.018886
0.020220
0.018529
0.019668
0.019440
0.026292
0.018472
0.019468
0.019848
0.017910
0.019154
0.019251
0.021002
0.018811
0.019457
0.021002
0.020770
0.018418
0.019672
0.020819
0.028299
0.018301
0.021536
0.020071
0.020192
0.018512
0.019774
0.021258
0.019877
0.018591
0.019344
0.019106
0.032068
0.019832
0.019947
0.020116
0.018750
0.020059
0.019687
0.019638
0.020185
0.018793
0.019318
0.020120
0.018484
0.018942
0.020075
0.020016
0.019081
0.019774
0.018388
0.022714
0.018548
0.019306
0.020355
0.019734
0.020098
0.018302
0.019668
0.019811
0.019963
0.019714
0.020198
0.019533
0.026463
0.019277
0.019385
0.020071
0.019210
0.019935
0.035743
0.019823
0.020580
0.021927
0.019811
0.019529
0.019910
0.041602
0.019182
0.020190
0.018998
0.019922
0.018733
0.019297
0.021028
0.019888
0.018789
0.026738
0.019549
0.019629
0.020461
0.030157
0.019977
0.022714
0.018590
0.019127
0.019198
0.018220
0.020271
0.019625
0.020057
0.046744
0.020594
0.019011
0.019848
0.019845
0.018733
0.019087
0.019107
0.019513
0.018474
0.042464
0.021142
0.019574
0.019894
0.047983
0.028778
0.019522
0.038344
0.042524
0.019682
0.019386
0.020063
0.027775
0.020924
0.020016
0.019734
0.018315
0.018507
0.019959
0.018221
0.020012
0.019537
0.019054
0.024061
0.018793
0.027983
0.020225
0.019137
0.020327
0.018521
0.019801
0.045777
0.025849
0.020309
0.019888
0.018281
0.019991
0.020786
0.019537
0.019666
0.019541
0.019150
0.018439
0.019670
0.020181
0.019025
0.019838
0.019007
0.024075
0.024348
0.021497
0.020049
0.028162
0.019647
0.018602
0.019692
0.020328
0.030065
0.019517
0.019613
0.019435
0.021404
0.019752
0.025146
0.018806
0.020127
0.018897
0.021157
0.020618
0.020513
0.047635
0.019449
0.019614
0.018826
0.018490
0.021750
0.020211
0.018805
0.019931
0.019752
0.019925
0.017983
0.028418
0.025151
0.019933
0.023735
0.025062
0.020056
0.018678
0.031524
0.020715
0.029700
0.019330
0.019025
0.019708
0.018664
0.019661
0.020480
0.018965
0.019636
0.020517
0.020070
0.028666
0.020084
0.020542
0.019716
0.020969
0.020692
0.019015
0.019577
0.019399
0.021043
0.018558
0.022563
0.019498
0.025212
0.028393
0.018828
0.019878
0.019951
0.020361
0.031984
0.019773
0.020129
0.020479
0.018854
0.018867
0.020181
0.018891
0.018948
0.020949
0.020165
0.032505
0.019648
0.020232
0.022153
0.018580
0.031745
0.019651
0.019366
0.020002
0.019681
0.019977
0.019522
0.038632
0.019591
0.019919
0.018551
0.018951
0.018736
0.019729
0.019581
0.019313
0.019378
0.021594
0.020146
0.019794
0.042523
0.021643
0.034553
0.024960
0.019866
0.028366
0.018704
0.020232
0.044457
0.018564
0.019729
0.018226
0.019979
0.041881
0.022670
0.019197
0.018950
0.018090
0.040874
0.019811
0.023920
0.019467
0.019842
0.019818
0.019721
0.019866
0.028495
0.018458
0.024350
0.019786
0.018581
0.024386
0.020176
0.019546
0.020266
0.020039
0.021512
0.036215
0.020451
0.019900
0.018607
0.045908
0.019716
0.019569
0.019883
0.018794
0.020728
0.019941
0.018508
0.018952
0.018401
0.046535
0.027838
0.019996
0.020200
0.018741
0.018614
0.020091
0.019652
0.019523
0.028872
0.019738
0.020011
0.022771
0.020513
0.019872
0.019423
0.019809
0.025040
0.018695
0.019809
0.019862
0.018812
0.018888
0.019910
0.019251
0.020579
0.030281
0.018621
0.020871
0.019920
0.018199
0.018790
0.018382
0.026795
0.020516
0.018839
0.024728
0.018683
0.018466
0.018314
0.020681
0.018992
0.018421
0.018522
0.019054
0.019553
0.025102
0.022346
0.043781
0.018353
0.018867
0.019963
0.019257
0.019956
0.030758
0.019795
0.019585
0.018824
0.019432
0.019626
0.024380
0.028686
0.047553
0.018317
0.019547
0.022994
0.019775
0.020100
0.020389
0.020038
0.019366
0.019897
0.019630
0.018947
0.030404
0.018650
0.020066
0.019948
0.018773
0.020461
0.019586
0.036813
0.020087
0.019164
0.019817
0.044405
0.018918
0.018558
0.018714
0.025064
0.019939
0.019747
0.019747
0.021159
0.030751
0.020021
0.021446
0.018688
0.020266
0.020098
0.020984
0.019828
0.019994
0.022202
0.024982
0.019534
0.018342
0.018257
0.018499
0.019700
0.031943
0.019768
0.018691
0.030347
0.018749
0.018647
0.018295
0.020437
0.020003
0.027024
0.018407
0.038234
0.027055
0.020324
0.019942
0.019466
0.020499
0.019513
0.019271
0.019936
0.019589
0.018645
0.018877
0.020122
0.018658
0.020138
0.020328
0.020173
0.019646
0.019540
0.020163
0.020269
0.020369
0.019550
0.019964
0.020487
0.019327
0.036011
0.019932
0.020440
0.048225
0.019993
0.020008
0.020489
0.020180
0.030500
0.019646
0.019787
0.025973
0.019735
0.020015
0.018635
0.018341
0.019960
0.019292
0.018655
0.019687
0.020363
0.019999
0.027373
0.030803
0.018263
0.018140
0.018658
0.020029
0.020514
0.020401
0.020258
0.020445
0.019667
0.024726
0.020348
0.019677
0.019741
0.038663
0.021105
0.020303
0.022445
0.019702
0.025231
0.026755
0.020620
0.020001
0.023611
0.020057
0.020465
0.032711
0.020946
0.028538
0.020073
0.020024
0.019839
0.019850
0.020443
0.019856
0.019921
0.020012
0.020462
0.024585
0.025389
0.020578
0.020111
0.020482
0.018578
0.020671
0.020169
0.022556
0.022479
0.020120
0.019926
0.027000
0.020141
0.020175
0.022831
0.020914
0.020751
0.019028
0.023680
0.034102
0.025914
0.020507
0.027033
0.019834
0.019752
0.019665
0.022384
0.021565
0.031469
0.020777
0.020153
0.020165
0.019827
0.020329
0.025724
0.019588
0.024446
0.020106
0.020251
0.025537
0.023751
0.024194
0.026766
0.020495
0.029186
0.020638
0.021764
0.019706
0.018643
0.019151
0.018771
0.018926
0.020287
0.030233
0.020350
0.047768
0.020216
0.018704
0.018684
0.019020
0.020293
0.019140
0.019816
0.018813
0.020540
0.019789
0.020791
0.020261
0.020498
0.018906
0.025687
0.019318
0.029798
0.019379
0.032251
0.024699
0.026748
0.024819
0.027805
0.025250
0.025593
0.022905
0.019018
0.019153
0.044355
0.021479
0.019773
0.019023
0.019380
0.025771
0.020325
0.019163
0.018714
0.018895
0.027478
0.019588
0.020247
0.018905
0.018612
0.038268
0.027659
0.018550
0.031558
0.019238
0.029727
0.025588
0.033209
0.019845
0.019944
0.018321
0.019852
0.019826
0.019785
0.019049
0.030443
0.028815
0.018538
0.025214
0.019262
0.020273
0.022592
0.021163
0.032090
0.019037
0.019745
0.022118
0.033839
0.029024
0.020324
0.020840
0.020875
0.020243
0.021234
0.024675
0.019890
0.019244
0.024821
0.031511
0.023206
0.018811
0.023277
0.018403
0.018610
0.031557
0.018669
0.020047
0.021111
0.020522
0.018929
0.018694
0.018800
0.019011
0.019796
0.020352
0.019935
0.019626
0.019600
0.018589
0.024596
0.018286
0.018354
0.026582
0.019480
0.028836
0.020284
0.020205
0.019375
0.040901
0.020022
0.018971
0.025595
0.019509
0.020141
0.020174
0.019988
0.020254
0.019884
0.018275
0.020765
0.020014
0.032766
0.020284
0.019562
0.019218
0.019620
0.021042
0.028358
0.023717
0.023102
0.024779
0.019496
0.018833
0.020214
0.018509
0.019685
0.019133
0.019120
0.020033
0.026089
0.021672
0.018819
0.019459
0.018974
0.044241
0.018435
0.018587
0.020104
0.018212
0.018724
0.026394
0.018836
0.018982
0.018745
0.028320
0.018995
0.018212
0.018395
0.044595
0.018729
0.034827
0.019564
0.036461
0.019355
0.019115
0.022367
0.019784
0.019419
0.020030
0.019677
0.047994
0.018517
0.020480
0.019577
0.040642
0.018857
0.019760
0.018691
0.019594
0.020141
0.018719
0.032370
0.018755
0.018684
0.019135
0.019971
0.020344
0.019987
0.019068
0.018721
0.018828
0.021977
0.018810
0.020215
0.020120
0.030645
0.024285
0.020474
0.034311
0.018973
0.020186
0.020665
0.020003
0.022821
0.020084
0.020191
0.019523
0.019156
0.018708
0.018860
0.018907
0.018958
0.018503
0.020822
0.018746
0.018688
0.018309
0.018763
0.019106
0.018841
0.018784
0.030124
0.035111
0.020661
0.025398
0.019546
0.018788
0.018603
0.019302
0.018553
0.022244
0.029317
0.019711
0.036034
0.018433
0.019390
0.028904
0.018544
0.019352
0.019846
0.019902
0.018247
0.021011
0.019761
0.018731
0.030937
0.028051
0.042214
0.020003
0.020315
0.047026
0.032555
0.028549
0.024884
0.018766
0.023215
0.019036
0.018583
0.019031
0.019062
0.018547
0.019517
0.020312
0.022063
0.020624
0.020988
0.019542
0.020259
0.018839
0.020370
0.020520
0.024098
0.019646
0.019295
0.023565
0.023675
0.018422
0.019285
0.019359
0.018324
0.020492
0.028701
0.023704
0.019289
0.018851
0.020352
0.020848
0.030919
0.031665
0.018405
0.020083
0.019229
0.035472
0.029908
0.019768
0.019947
0.019218
0.020081
0.018815
0.019290
0.018845
0.019005
0.027719
0.019593
0.018544
0.018751
0.019389
0.019786
0.018866
0.020302
0.036108
0.019779
0.019149
0.020168
0.020161
0.024579
0.019924
0.025315
0.019647
0.027142
0.032151
0.019827
0.018631
0.020267
0.029498
0.033610
0.026425
0.026711
0.027571
0.026269
0.025241
0.026730
0.020971
0.020536
0.019378
0.019881
0.018808
0.023605
0.018623
0.019035
0.020163
0.019802
0.018824
0.020772
0.019792
0.020422
0.019816
0.022291
0.020410
0.019904
0.019464
0.020477
0.019825
0.019609
0.020456
0.020268
0.020109
0.019782
0.018912
0.019557
0.020451
0.034239
0.020694
0.020682
0.020275
0.035721
0.021354
0.021040
0.021221
0.021908
0.022203
0.021182
0.021252
0.020319
0.023112
0.022285
0.020820
0.022446
0.021423
0.025317
0.021631
0.021291
0.022406
0.021735
0.048381
0.021842
0.020841
0.022069
0.021715
0.020642
0.021578
0.020768
0.023660
0.020112
0.019158
0.019884
0.025254
0.019138
0.018758
0.019626
0.019215
0.019108
0.020274
0.020440
0.020015
0.026496
0.020194
0.020801
0.025221
0.021873
0.019713
0.026352
0.021321
0.020182
0.027840
0.019770
0.020352
0.020648
0.020384
0.019692
0.020364
0.023520
0.020182
0.027163
0.019599
0.019952
0.020441
0.019828
0.019676
0.020006
0.020399
0.019738
0.019975
0.022934
0.020081
0.020601
0.019607
0.019865
0.020097
0.019004
0.019956
0.020405
0.020476
0.020159
0.021346
0.032562
0.019627
0.018954
0.019495
0.020271
0.018405
0.018476
0.018685
0.018557
0.018850
0.019544
0.018613
0.024524
0.019580
0.020218
0.019085
0.020138
0.018391
0.019593
0.018538
0.019768
0.019041
0.021752
0.020042
0.020077
0.018432
0.021214
0.018531
0.018930
0.018664
0.019991
0.019946
0.019173
0.020036
0.020717
0.020515
0.020067
0.027774
0.020120
0.021140
0.030566
0.021799
0.029059
0.019936
0.021652
0.020243
0.019670
0.020098
0.020546
0.025296
0.020073
0.019204
0.020246
0.019290
0.020172
0.022526
0.025616
0.019883
0.019609
0.020119
0.019639
0.020596
0.020582
0.020569
0.027575
0.020727
0.024950
0.020432
0.020896
0.021132
0.020796
0.020249
0.021742
0.022195
0.021716
0.020046
0.037201
0.021911
0.021940
0.023667
0.022769
0.023818
0.022563
0.021970
0.022583
0.023738
0.021573
0.021719
0.021893
0.021673
0.022781
0.032105
0.021725
0.021436
0.020814
0.019602
0.020081
0.020516
0.030717
0.020291
0.020042
0.020466
0.020768
0.019997
0.020152
0.022673
0.020070
0.020419
0.020404
0.019911
0.020358
0.020190
0.020226
0.018875
0.019879
0.019574
0.018911
0.020098
0.020824
0.020773
0.020708
0.019718
0.019768
0.020262
0.020290
0.019987
0.020397
0.020142
0.020777
0.020217
0.036891
0.024125
0.020689
0.019691
0.019950
0.019992
0.020062
0.019501
0.019418
0.023600
0.020185
0.019548
0.020963
0.026498
0.019906
0.020233
0.019674
0.022613
0.021846
0.020883
0.020107
0.020394
0.020283
0.026470
0.019802
0.019874
0.025724
0.020162
0.020553
0.019926
0.020736
0.020103
0.019751
0.020069
0.020618
0.020205
0.020026
0.019890
0.020202
0.019993
0.020068
0.020258
0.019809
0.022813
0.019858
0.020094
0.018472
0.019510
0.019347
0.018325
0.019943
0.019817
0.019766
0.019784
0.019552
0.019320
0.018681
0.019631
0.019251
0.019407
0.019291
0.023192
0.019946
0.019130
0.019731
0.024453
0.018328
0.019665
0.019426
0.021768
0.032363
0.020105
0.022107
0.018689
0.026715
0.019743
0.019802
0.019661
0.019486
0.019759
0.020327
0.019693
0.018862
0.019702
0.020590
0.020101
0.019671
0.019178
0.020155
0.019922
0.019157
0.018954
0.018797
0.019549
0.020858
0.019191
0.018652
0.018668
0.018495
0.018795
0.019723
0.018454
0.018684
0.019821
0.018698
0.019916
0.020063
0.020166
0.019913
0.024471
0.019721
0.018934
0.019983
0.018861
0.019671
0.020344
0.020494
0.020668
0.019699
0.047613
0.020046
0.045555
0.020270
0.024678
0.018413
0.018390
0.042651
0.020605
0.047116
0.047096
0.020035
0.018798
0.043575
0.020967
0.019924
0.032825
0.021301
0.019354
0.018764
0.020061
0.019973
0.019892
0.019672
0.026330
0.020314
0.022371
0.032636
0.020143
0.019496
0.024240
0.047327
0.019678
0.019860
0.018607
0.018358
0.022652
0.019943
0.025404
0.019727
0.019254
0.019942
0.020092
0.034470
0.019792
0.018925
0.020055
0.025071
0.034272
0.018462
0.018774
0.022245
0.024723
0.019965
0.019532
0.026019
0.020215
0.020322
0.019471
0.019446
0.020930
0.019568
0.019830
0.020370
0.019710
0.019974
0.020344
0.019081
0.019190
0.019832
0.025024
0.026302
0.019838
0.019424
0.019471
0.019643
0.019455
0.018862
0.018626
0.039825
0.025887
0.047178
0.020012
0.030186
0.019798
0.019820
0.028801
0.019697
0.020211
0.020080
0.019299
0.019896
0.019683
0.019630
0.022873
0.031839
0.020105
0.019551
0.019274
0.019074
0.019734
0.022339
0.018559
0.019395
0.028506
0.019446
0.019398
0.019993
0.019716
0.019256
0.019786
0.018749
0.019661
0.020206
0.019227
0.025700
0.025048
0.019867
0.022101
0.018764
0.023261
0.019377
0.019770
0.019544
0.020024
0.019425
0.019411
0.025372
0.018895
0.026211
0.019256
0.019552
0.028924
0.019000
0.034518
0.019991
0.034413
0.019537
0.019803
0.030740
0.033927
0.026271
0.019963
0.026402
0.032713
0.018828
0.018255
0.030274
0.019768
0.037849
0.019512
0.032291
0.020162
0.019236
0.019904
0.021138
0.022977
0.018207
0.018568
0.019383
0.020039
0.030317
0.019231
0.019327
0.019952
0.026013
0.019376
0.018640
0.020637
0.019053
0.019728
0.019398
0.026732
0.019715
0.047532
0.046197
0.019424
0.020092
0.044671
0.029613
0.019185
0.024862
0.018730
0.019792
0.019461
0.019681
0.022577
0.019031
0.019840
0.020181
0.047810
0.019796
0.019636
0.026381
0.020191
0.020520
0.019017
0.019177
0.019907
0.020299
0.023210
0.020129
0.020126
0.020050
0.020267
0.019771
0.037975
0.020192
0.019585
0.019026
0.022015
0.019819
0.020746
0.019758
0.019242
0.019580
0.020071
0.020423
0.019647
0.018619
0.028885
0.019691
0.026506
0.019726
0.018386
0.020518
0.047198
0.019726
0.019702
0.020856
0.019958
0.018856
0.019283
0.019435
0.019812
0.020531
0.025248
0.019813
0.021123
0.019872
0.019011
0.029892
0.019801
0.018838
0.020065
0.019972
0.019181
0.019002
0.019527
0.018413
0.020213
0.018833
0.017967
0.019635
0.018699
0.018953
0.030530
0.019612
0.020024
0.019293
0.019941
0.026823
0.019664
0.019247
0.020717
0.020128
0.018460
0.019392
0.019704
0.021592
0.019833
0.019481
0.019683
0.027962
0.019959
0.020837
0.020294
0.020781
0.020052
0.019407
0.020075
0.019981
0.018963
0.042847
0.020443
0.018258
0.020297
0.026381
0.019476
0.019470
0.018459
0.019325
0.018818
0.018501
0.020047
0.020006
0.034557
0.018675
0.020741
0.018523
0.018979
0.018443
0.022211
0.018656
0.025277
0.018673
0.027491
0.019364
0.020347
0.020223
0.022101
0.019901
0.020106
0.020290
0.048176
0.020180
0.019323
0.020132
0.020384
0.019524
0.019967
0.020319
0.047295
0.019684
0.019750
0.020021
0.019867
0.019886
0.020238
0.027739
0.023882
0.018348
0.027742
0.022100
0.020278
0.040388
0.018826
0.018333
0.018775
0.024656
0.031058
0.019946
0.028576
0.018442
0.021267
0.027090
0.020989
0.034711
0.025121
0.021847
0.021157
0.035439
0.021792
0.026468
0.021469
0.021420
0.021539
0.022113
0.023341
0.022388
0.022978
0.021659
0.022406
0.021734
0.021462
0.020747
0.039973
0.021515
0.031570
0.028065
0.021952
0.020774
0.047263
0.050043
0.019318
0.021169
0.018559
0.029805
0.019860
0.019496
0.047438
0.019728
0.025502
0.019942
0.018426
0.020180
0.018998
0.018842
0.020044
0.018444
0.019558
0.020209
0.020249
0.018850
0.020018
0.020130
0.019949
0.029297
0.020431
0.030262
0.020687
0.020650
0.024007
0.024472
0.019214
0.019389
0.030191
0.020640
0.020126
0.025682
0.020423
0.020620
0.021084
0.020479
0.019750
0.020717
0.020363
0.020224
0.019785
0.020173
0.020135
0.020140
0.019120
0.020016
0.020372
0.043455
0.020185
0.018722
0.019798
0.019804
0.018651
0.019036
0.022989
0.020388
0.018397
0.020758
0.019258
0.020753
0.040157
0.019790
0.047785
0.020236
0.021283
0.021353
0.021863
0.018674
0.020215
0.019532
0.018582
0.020355
0.035584
0.018806
0.020431
0.020830
0.020134
0.022649
0.020320
0.020267
0.020009
0.024074
0.020482
0.018893
0.020229
0.020085
0.019381
0.020294
0.020056
0.020524
0.023986
0.020579
0.023181
0.020105
0.020035
0.019495
0.020154
0.021410
0.021061
0.020726
0.020389
0.019301
0.019897
0.018746
0.020135
0.019179
0.020096
0.019644
0.020187
0.024582
0.020737
0.019946
0.018877
0.020076
0.038032
0.020170
0.019722
0.024510
0.020022
0.029157
0.020402
0.022365
0.020168
0.019886
0.019549
0.020084
0.019699
0.020385
0.040214
0.020276
0.022876
0.018428
0.019622
0.020824
0.019201
0.021583
0.026921
0.019990
0.024652
0.019180
0.019184
0.020532
0.021541
0.019950
