0.011436
0.022800
0.021459
0.021748
0.021082
0.026251
0.021285
0.021466
0.044091
0.019961
0.021422
0.021105
0.021491
0.021074
0.021999
0.021791
0.021075
0.025373
0.029741
0.020665
0.029428
0.037306
0.021279
0.027750
0.022939
0.034382
0.029844
0.021389
0.021329
0.021258
0.021081
0.020241
0.020262
0.021935
0.026545
0.021313
0.030419
0.024368
0.021925
0.022243
0.029035
0.021763
0.021556
0.022904
0.021330
0.021841
0.020753
0.021541
0.021750
0.022631
0.033234
0.021974
0.033044
0.021251
0.021746
0.022415
0.021716
0.021843
0.021830
0.024567
0.021673
0.027464
0.021360
0.021173
0.021946
0.020201
0.021667
0.021125
0.021113
0.021411
0.020673
0.022229
0.021196
0.022048
0.023360
0.022084
0.020476
0.020108
0.023714
0.020905
0.022290
0.021560
0.025846
0.021491
0.022317
0.021495
0.023719
0.031230
0.021978
0.025332
0.022357
0.026078
0.022413
0.021818
0.022187
0.022377
0.021729
0.021680
0.021897
0.022451
0.024424
0.021519
0.022054
0.021633
0.021847
0.020465
0.020523
0.043567
0.024002
0.035088
0.021678
0.022110
0.021316
0.032231
0.022587
0.025339
0.022352
0.022760
0.022298
0.021856
0.021818
0.022363
0.021966
0.022356
0.038329
0.021577
0.022558
0.023692
0.020526
0.021366
0.022320
0.022164
0.021643
0.023460
0.022137
0.022723
0.020738
0.037445
0.021112
0.020840
0.021323
0.022113
0.042118
0.041213
0.021897
0.022233
0.022162
0.028476
0.022916
0.038848
0.023819
0.022232
0.024771
0.021566
0.028439
0.021673
0.039319
0.022470
0.023060
0.026179
0.025658
0.023369
0.022426
0.023179
0.022714
0.036176
0.023974
0.022321
0.022460
0.021995
0.021862
0.023302
0.021789
0.021555
0.021668
0.033677
0.021998
0.041832
0.042393
0.021852
0.023944
0.021514
0.023056
0.022328
0.021912
0.022734
0.022225
0.022709
0.021189
0.022418
0.023246
0.022836
0.022819
0.022793
0.042100
0.022120
0.023472
0.021545
0.022812
0.023105
0.036711
0.022763
0.022175
0.023080
0.022585
0.022612
0.021082
0.023121
0.021610
0.030384
0.021335
0.021538
0.024619
0.021493
0.022345
0.022253
0.021937
0.021425
0.021602
0.022119
0.021704
0.020812
0.021349
0.020359
0.020562
0.020113
0.028834
0.019865
0.021971
0.020167
0.019678
0.020635
0.020663
0.019887
0.031513
0.019603
0.020205
0.020480
0.020193
0.019621
0.032741
0.020854
0.045040
0.020619
0.019176
0.020123
0.033618
0.021365
0.035819
0.025055
0.026923
0.021747
0.020127
0.018642
0.018551
0.024812
0.018794
0.033192
0.020783
0.019072
0.022611
0.019566
0.018597
0.019332
0.018915
0.046743
0.029415
0.019166
0.018909
0.019137
0.020421
0.018692
0.019733
0.027238
0.020497
0.018847
0.026840
0.023627
0.024014
0.020663
0.032232
0.026270
0.019573
0.019167
0.019977
0.019387
0.019742
0.018492
0.020786
0.018330
0.026797
0.018597
0.020265
0.027710
0.020903
0.019428
0.019509
0.018701
0.020401
0.018823
0.021030
0.029782
0.028182
0.018588
0.019535
0.019396
0.019405
0.023540
0.020101
0.020566
0.020996
0.020473
0.021068
0.019951
0.020250
0.018856
0.020169
0.019340
0.021212
0.020679
0.028564
0.026262
0.019670
0.020385
0.018541
0.020276
0.018539
0.020844
0.019304
0.019800
0.027076
0.019130
0.036802
0.019504
0.022680
0.019010
0.018356
0.019581
0.018862
0.019002
0.019882
0.020937
0.019695
0.018522
0.019752
0.019813
0.018684
0.018946
0.020358
0.018511
0.025931
0.019120
0.019946
0.019582
0.019792
0.025955
0.020113
0.018546
0.019874
0.019106
0.019863
0.018582
0.018952
0.021027
0.018386
0.020184
0.020393
0.020045
0.024360
0.019434
0.018747
0.021196
0.018799
0.018334
0.019583
0.018615
0.019643
0.028648
0.018693
0.018932
0.018572
0.019599
0.019613
0.018722
0.030535
0.020097
0.023573
0.018294
0.019926
0.019345
0.020688
0.018907
0.019873
0.019700
0.020504
0.019503
0.020035
0.019125
0.018471
0.018852
0.031486
0.018637
0.019946
0.019852
0.019674
0.019683
0.019767
0.037638
0.022005
0.019440
0.019933
0.020138
0.019564
0.019044
0.019720
0.018336
0.020419
0.019697
0.019747
0.018225
0.019923
0.019092
0.019802
0.018171
0.020421
0.018314
0.019290
0.019348
0.029122
0.019880
0.020415
0.019952
0.018816
0.019287
0.018527
0.019696
0.020469
0.019667
0.018420
0.019087
0.018756
0.018854
0.018767
0.019597
0.019484
0.019845
0.019830
0.018826
0.020044
0.019470
0.019077
0.019378
0.019222
0.020041
0.018053
0.019490
0.019931
0.021092
0.020065
0.018384
0.019013
0.020346
0.020094
0.019959
0.026963
0.018810
0.018338
0.019400
0.019510
0.019954
0.017865
0.018919
0.019150
0.019051
0.020500
0.026509
0.019227
0.019710
0.022266
0.019868
0.020578
0.020449
0.019373
0.020120
0.019981
0.020259
0.020138
0.019914
0.020556
0.019920
0.018526
0.019580
0.019084
0.019388
0.018945
0.018136
0.028835
0.020936
0.018760
0.022722
0.020310
0.018957
0.019541
0.018811
0.025269
0.024470
0.019642
0.020975
0.020594
0.019221
0.020227
0.019709
0.020351
0.020023
0.019937
0.019551
0.019135
0.020201
0.019607
0.020355
0.023112
0.019902
0.018780
0.018554
0.019648
0.019784
0.019808
0.019939
0.019805
0.020062
0.021412
0.020053
0.020722
0.020517
0.018910
0.018769
0.019735
0.019863
0.019725
0.018268
0.019075
0.020075
0.019813
0.020140
0.028612
0.019883
0.019789
0.020147
0.019787
0.019722
0.018786
0.018549
0.019713
0.026793
0.019004
0.019969
0.019934
0.018429
0.025098
0.018861
0.018649
0.018106
0.026595
0.018840
0.018313
0.018055
0.018043
0.021734
0.020261
0.021106
0.020031
0.019767
0.018784
0.019061
0.019580
0.019483
0.019183
0.019394
0.019607
0.018913
0.019633
0.019254
0.017880
0.019430
0.018315
0.018810
0.019536
0.018237
0.022167
0.024215
0.020183
0.022200
0.019814
0.032207
0.025567
0.019898
0.019960
0.021121
0.019521
0.019547
0.040367
0.019922
0.018714
0.020082
0.018800
0.018821
0.019372
0.019329
0.018527
0.021562
0.019862
0.025201
0.024624
0.019211
0.030499
0.019181
0.019971
0.020015
0.019691
0.026745
0.019594
0.024350
0.027715
0.026399
0.018369
0.019555
0.019915
0.019768
0.027217
0.019398
0.019660
0.020116
0.021244
0.020213
0.032240
0.019947
0.020211
0.020192
0.018742
0.026543
0.023988
0.019513
0.020308
0.019571
0.019784
0.036667
0.020515
0.019721
0.018276
0.027963
0.018176
0.021410
0.028748
0.020045
0.019869
0.020157
0.019964
0.020038
0.020890
0.019424
0.019844
0.020202
0.021272
0.020309
0.020307
0.021023
0.029212
0.019922
0.020202
0.023470
0.019749
0.030206
0.028341
0.020337
0.018489
0.020159
0.019586
0.019462
0.019471
0.019459
0.020047
0.019975
0.020345
0.020024
0.021419
0.019497
0.030567
0.019270
0.020151
0.021571
0.022932
0.033928
0.020583
0.024329
0.018233
0.020858
0.019300
0.020749
0.024801
0.019178
0.021851
0.018905
0.021431
0.019571
0.022771
0.029046
0.019214
0.019498
0.019598
0.018244
0.021089
0.018221
0.024935
0.019386
0.018249
0.019596
0.018197
0.019219
0.024726
0.019469
0.022780
0.021116
0.046586
0.036643
0.019411
0.019674
0.029805
0.020547
0.023784
0.026278
0.027068
0.018162
0.020558
0.019791
0.038312
0.021060
0.021937
0.021730
0.018052
0.020835
0.019647
0.019626
0.026065
0.026134
0.027102
0.020214
0.020523
0.019513
0.023500
0.018210
0.020394
0.020824
0.028689
0.023088
0.019757
0.030907
0.018215
0.020134
0.018488
0.021541
0.022898
0.019619
0.021955
0.019372
0.030694
0.019521
0.024350
0.019937
0.019630
0.026534
0.019534
0.020567
0.020021
0.020158
0.026941
0.019908
0.020040
0.024754
0.027636
0.026306
0.027310
0.018138
0.019185
0.019515
0.035736
0.018317
0.018559
0.021013
0.018881
0.017942
0.019478
0.023552
0.025131
0.031349
0.019040
0.020579
0.019015
0.025413
0.030590
0.028231
0.039269
0.022150
0.021447
0.020059
0.020499
0.023899
0.020229
0.020242
0.020059
0.019875
0.028674
0.019011
0.019895
0.021737
0.019545
0.020746
0.018766
0.018415
0.017895
0.018863
0.018749
0.018436
0.025717
0.019332
0.019013
0.020049
0.019274
0.019615
0.026237
0.021494
0.019687
0.019624
0.018255
0.019754
0.018273
0.018205
0.019796
0.018819
0.020118
0.019215
0.018119
0.018323
0.019055
0.018379
0.019724
0.019206
0.020115
0.019531
0.019813
0.019575
0.019722
0.019571
0.018782
0.019566
0.018565
0.018760
0.018976
0.018345
0.019557
0.024623
0.019417
0.018146
0.019153
0.025969
0.018791
0.019194
0.020009
0.018637
0.019309
0.018807
0.018420
0.020310
0.018837
0.019047
0.018014
0.028629
0.018839
0.018433
0.018138
0.019602
0.025708
0.022529
0.019365
0.018519
0.019845
0.018669
0.018904
0.018265
0.019212
0.018882
0.019744
0.028208
0.018213
0.019582
0.020276
0.019375
0.019062
0.018754
0.019116
0.019639
0.019883
0.018234
0.018894
0.018892
0.019172
0.017865
0.018492
0.019275
0.025601
0.018428
0.019094
0.025708
0.019413
0.018069
0.018705
0.020085
0.028714
0.019628
0.020010
0.020172
0.038025
0.019155
0.018664
0.019753
0.019379
0.018614
0.018638
0.019241
0.019523
0.019933
0.020292
0.019340
0.018271
0.018246
0.019195
0.019481
0.018539
0.018827
0.020048
0.019094
0.019513
0.018851
0.019543
0.019226
0.018381
0.018950
0.018452
0.019199
0.019301
0.018374
0.021428
0.019661
0.019342
0.019551
0.019030
0.018944
0.018777
0.019052
0.018370
0.020405
0.020024
0.018659
0.019160
0.021861
0.018931
0.026175
0.018401
0.018964
0.029783
0.019520
0.018763
0.019313
0.019368
0.019107
0.019585
0.018717
0.019669
0.020004
0.018731
0.019512
0.019662
0.019451
0.018968
0.019205
0.019335
0.020733
0.020178
0.018218
0.018948
0.019590
0.019192
0.019139
0.019681
0.019547
0.019884
0.019906
0.019319
0.019657
0.017895
0.030149
0.030383
0.018010
0.019292
0.018952
0.018893
0.019660
0.019653
0.020212
0.019782
0.019137
0.030093
0.019792
0.019650
0.019779
0.020077
0.019565
0.019386
0.020107
0.019437
0.018027
0.018660
0.023927
0.020030
0.019307
0.018091
0.018037
0.018589
0.019942
0.026780
0.019427
0.017972
0.018340
0.019449
0.024492
0.018705
0.022123
0.019602
0.020362
0.018871
0.021638
0.019069
0.018868
0.018057
0.021002
0.018761
0.020428
0.018303
0.019563
0.019161
0.019067
0.019636
0.029844
0.019323
0.018640
0.020676
0.018682
0.019929
0.026887
0.019819
0.018272
0.018546
0.019323
0.018763
0.027488
0.018817
0.019066
0.019404
0.020201
0.019797
0.019871
0.024295
0.020171
0.018734
0.026408
0.018747
0.018835
0.020249
0.020120
0.020200
0.018333
0.018512
0.019762
0.019853
0.022531
0.019121
0.019743
0.018057
0.019875
0.022779
0.019920
0.020039
0.025587
0.019101
0.025698
0.024403
0.020044
0.020092
0.018818
0.019500
0.020236
0.019015
0.019098
0.019519
0.018539
0.018621
0.018820
0.018629
0.019107
0.018605
0.018392
0.017940
0.018404
0.019718
0.019873
0.019795
0.018502
0.019112
0.018267
0.019610
0.019839
0.019447
0.018322
0.019294
0.019382
0.022811
0.019277
0.019151
0.020568
0.019869
0.019320
0.018371
0.019591
0.020298
0.018897
0.043138
0.020468
0.018687
0.019107
0.019579
0.021586
0.019406
0.019906
0.017999
0.019734
0.018202
0.019602
0.018225
0.019357
0.018496
0.018155
0.020235
0.018527
0.019535
0.019062
0.019439
0.018557
0.018032
0.018556
0.019680
0.019108
0.019289
0.019792
0.028864
0.020706
0.018678
0.018157
0.018587
0.020045
0.020309
0.019319
0.017905
0.019508
0.019422
0.020063
0.019679
0.019144
0.019591
0.019926
0.019968
0.018428
0.018516
0.020393
0.019981
0.019917
0.019309
0.019614
0.019074
0.019977
0.019482
0.022916
0.019468
0.019274
0.019110
0.019783
0.019743
0.019482
0.021572
0.018093
0.019676
0.018889
0.030507
0.019595
0.018206
0.028962
0.018223
0.019129
0.018286
0.025712
0.018363
0.019120
0.019759
0.019254
0.018212
0.018404
0.018338
0.018749
0.018011
0.019236
0.020206
0.019913
0.019412
0.018838
0.018955
0.019168
0.019973
0.019938
0.018767
0.018943
0.019107
0.019796
0.018993
0.019720
0.017928
0.018997
0.036530
0.018113
0.018919
0.019886
0.019665
0.018331
0.024778
0.018692
0.018480
0.031496
0.019116
0.023271
0.019691
0.019351
0.027938
0.019113
0.019343
0.019467
0.019358
0.018446
0.022809
0.019111
0.018956
0.018734
0.018990
0.028296
0.019895
0.019735
0.018546
0.019273
0.020024
0.020128
0.019691
0.019813
0.018563
0.020282
0.019349
0.020236
0.019538
0.019808
0.019418
0.019777
0.018829
0.019268
0.018496
0.018481
0.018268
0.019597
0.020051
0.019239
0.019693
0.019160
0.019285
0.019374
0.018912
0.018883
0.021279
0.019174
0.018837
0.019611
0.019359
0.024448
0.018731
0.019077
0.018236
0.018814
0.019180
0.018347
0.019200
0.027117
0.037553
0.019286
0.019240
0.020414
0.019531
0.019215
0.018217
0.033344
0.019473
0.019335
0.018502
0.019604
0.018070
0.019037
0.023576
0.025794
0.018666
0.019404
0.025500
0.019077
0.019536
0.019387
0.019393
0.020021
0.025524
0.018495
0.017942
0.033836
0.018950
0.019007
0.017934
0.023587
0.018815
0.021205
0.018673
0.029436
0.018021
0.019127
0.018702
0.020648
0.018545
0.018151
0.018114
0.019532
0.019411
0.029969
0.019600
0.018484
0.018882
0.025707
0.019667
0.019487
0.018500
0.019134
0.018062
0.018538
0.020168
0.019126
0.029521
0.019253
0.019873
0.019954
0.019356
0.028803
0.019262
0.018638
0.019340
0.018861
0.018292
0.019621
0.019667
0.017898
0.019136
0.018302
0.018544
0.028608
0.018913
0.019265
0.019760
0.022124
0.020671
0.019140
0.020165
0.020215
0.019573
0.022734
0.019732
0.018516
0.024881
0.018139
0.018288
0.019479
0.019488
0.018899
0.022753
0.019515
0.030175
0.019616
0.019477
0.019499
0.024581
0.019582
0.019872
0.025991
0.018376
0.019825
0.028007
0.018384
0.018768
0.021033
0.018941
0.019832
0.020240
0.018680
0.027387
0.019335
0.019897
0.025328
0.026780
0.025560
0.022116
0.019556
0.020511
0.020625
0.019623
0.020476
0.019314
0.020111
0.019782
0.020497
0.018509
0.019616
0.019005
0.021310
0.020551
0.028788
0.019334
0.022334
0.020483
0.018076
0.019254
0.020006
0.019879
0.019995
0.019068
0.019805
0.018580
0.019258
0.019467
0.019270
0.019191
0.018119
0.019998
0.027070
0.020510
0.018569
0.018461
0.020803
0.018314
0.019239
0.019200
0.018324
0.042083
0.018374
0.022038
0.036817
0.018786
0.019787
0.020184
0.019751
0.034294
0.020506
0.021823
0.019272
0.019411
0.019903
0.020124
0.022694
0.023911
0.019800
0.019749
0.038532
0.030843
0.020850
0.018503
0.019880
0.019889
0.018344
0.019149
0.019455
0.018963
0.017977
0.018765
0.019092
0.030412
0.018729
0.019763
0.019443
0.018192
0.019798
0.024283
0.020306
0.018652
0.019865
0.021706
0.020527
0.020413
0.031999
0.033503
0.018669
0.018536
0.020807
0.019519
0.020635
0.020083
0.024630
0.022822
0.018736
0.018804
0.020463
0.020666
0.034925
0.029293
0.028630
0.019874
0.020576
0.019706
0.019898
0.020343
0.021518
0.033162
0.019358
0.019757
0.019508
0.026653
0.020313
0.036421
0.018876
0.020134
0.019366
0.021861
0.018629
0.020670
0.018321
0.031264
0.038811
0.020635
0.028925
0.018731
0.019940
0.036321
0.019766
0.019785
0.019228
0.018370
0.019664
0.020067
0.019177
0.019748
0.024354
0.019060
0.035875
0.019863
0.023208
0.021104
0.019308
0.021688
0.019077
0.018349
0.026715
0.027486
0.019871
0.022908
0.018511
0.021603
0.025156
0.026693
0.024276
0.020315
0.019692
0.038957
0.019060
0.019831
0.024266
0.023206
0.018399
0.018280
0.019832
0.022585
0.019367
0.020005
0.019062
0.020553
0.018407
0.018295
0.025411
0.038972
0.030417
0.028176
0.020208
0.020525
0.027741
0.019765
0.019844
0.019337
0.018700
0.018843
0.020119
0.018261
0.029183
0.024430
0.019493
0.019156
0.019757
0.018591
0.027119
0.029464
0.024265
0.026688
0.025961
0.027953
0.019807
0.031863
0.022950
0.018563
0.029029
0.019578
0.019435
0.019132
0.033315
0.025212
0.019804
0.025861
0.019621
0.022057
0.018853
0.019598
0.027550
0.019515
0.023718
0.018225
0.018484
0.020123
0.019533
0.019458
0.021071
0.019518
0.019530
0.025820
0.036595
0.021246
0.019004
0.020127
0.023661
0.019676
0.022097
0.027588
0.019042
0.018356
0.019603
0.018918
0.018937
0.018293
0.024757
0.019679
0.018417
0.019842
0.026542
0.018289
0.019023
0.019651
0.018629
0.020082
0.018367
0.019675
0.019508
0.021603
0.032463
0.019350
0.018538
0.019679
0.018658
0.018482
0.018415
0.018980
0.018512
0.019551
0.019177
0.019049
0.019329
0.019902
0.019803
0.019449
0.019239
0.019820
0.018855
0.019555
0.018564
0.018911
0.018466
0.019663
0.019937
0.018445
0.018791
0.018178
0.019241
0.018562
0.018462
0.018188
0.019022
0.020474
0.020202
0.018395
0.019251
0.018999
0.020208
0.019651
0.019639
0.018702
0.019262
0.019731
0.018888
0.018875
0.020004
0.019984
0.018661
0.019407
0.019979
0.019442
0.021256
0.019812
0.019948
0.019429
0.020176
0.019541
0.019379
0.019895
0.020700
0.020019
0.020058
0.019824
0.020808
0.020163
0.019561
0.019528
0.019163
0.019540
0.018493
0.020321
0.019299
0.019466
0.020013
0.020069
0.019563
0.020060
0.019511
0.020058
0.019829
0.018634
0.019155
0.018710
0.027324
0.022919
0.018579
0.020213
0.019889
0.019022
0.019153
0.019753
0.018964
0.018575
0.019415
0.019187
0.018928
0.019520
0.020200
0.019992
0.020197
0.019170
0.019691
0.020133
0.019445
0.018577
0.018264
0.019390
0.019456
0.019438
0.021038
0.020116
0.020599
0.019478
0.019827
0.018697
0.019414
0.027197
0.018833
0.031190
0.020909
0.019878
0.018851
0.019490
0.019258
0.027395
0.024003
0.026246
0.019326
0.019913
0.018842
0.018532
0.020508
0.019155
0.028354
0.019184
0.021631
0.018722
0.020536
0.019854
0.019032
0.029743
0.020343
0.020407
0.019488
0.027752
0.019358
0.021449
0.020916
0.020481
0.020448
0.020662
0.020704
0.029055
0.021804
0.020456
0.020379
0.019374
0.020764
0.027470
0.027278
0.020565
0.018400
0.020352
0.020034
0.020194
0.020378
0.029054
0.020006
0.019885
0.019270
0.026823
0.020005
0.020623
0.019491
0.019115
0.024952
0.020107
0.028862
0.019672
0.019201
0.020081
0.020521
0.019197
0.020709
0.019916
0.020323
0.021311
0.021040
0.020263
0.019372
0.020399
0.019615
0.020704
0.020453
0.022581
0.022061
0.019240
0.018784
0.019889
0.020320
0.020103
0.019926
0.019492
0.020715
0.018873
0.019820
0.019767
0.019785
0.033252
0.020042
0.019766
0.018951
0.019488
0.018975
0.019729
0.020280
0.019491
0.022532
0.024773
0.020065
0.022277
0.026001
0.020693
0.021104
0.019850
0.019936
0.025027
0.033416
0.020553
0.023187
0.019258
0.019621
0.019143
0.020833
0.029148
0.021232
0.020534
0.025649
0.023947
0.019750
0.019609
0.020898
0.022182
0.020209
0.018867
0.024942
0.019574
0.032472
0.020219
0.019916
0.021909
0.022299
0.020017
0.020898
0.019396
0.020210
0.019275
0.020652
0.019017
0.020254
0.019878
0.020274
0.020219
0.020238
0.023754
0.019832
0.021123
0.019686
0.019560
0.029761
0.020021
0.026835
0.024077
0.021710
0.031857
0.021632
0.021127
0.020638
0.023892
0.031863
0.021025
0.020960
0.020392
0.021347
0.020467
0.023596
0.021999
0.019796
0.022319
0.023127
0.024971
0.020847
0.020748
0.022844
0.023437
0.020795
0.020856
0.019444
0.020868
0.024363
0.020917
0.021670
0.020631
0.020855
0.021033
0.020665
0.030862
0.039055
0.019316
0.026946
0.028805
0.020091
0.021074
0.020407
0.020411
0.022399
0.019987
0.021247
0.042386
0.024395
0.019738
0.020140
0.019246
0.018778
0.026556
0.020389
0.021189
0.025267
0.019039
0.020531
0.019037
0.020275
0.020007
0.020133
0.019460
0.020016
0.022325
0.020724
0.023691
0.025908
0.021148
0.020759
0.019526
0.019010
0.036356
0.030838
0.038130
0.020168
0.019228
0.021183
0.020038
0.020638
0.019310
0.021493
0.020591
0.020320
0.023478
0.020694
0.020801
0.019741
0.020160
0.020206
0.026284
0.020762
0.019436
0.019021
0.019942
0.020922
0.020402
0.020415
0.020580
0.019896
0.021658
0.020463
0.020721
0.020363
0.019346
0.021448
0.024974
0.019797
0.019479
0.019844
0.020690
0.020692
0.020389
0.025031
0.020904
0.021331
0.019273
0.019147
0.024995
0.019230
0.022527
0.020355
0.030510
0.019281
0.019545
0.020556
0.019898
0.020555
0.020242
0.019918
0.019879
0.019614
0.020844
0.020192
0.021207
0.019806
0.020796
0.020050
0.020201
0.021170
0.020083
0.020621
0.020600
0.019877
0.024768
0.020111
0.021535
0.020694
0.021072
0.021849
0.020584
0.020955
0.019661
0.019816
0.021952
0.019826
0.020554
0.019174
0.020527
0.021434
0.021024
0.020495
0.020762
0.021008
0.020551
0.019358
0.020959
0.020896
0.020979
0.030214
0.019923
0.021548
0.020834
0.020395
0.020568
0.020380
0.021036
0.026472
0.020041
0.019409
0.021204
0.020483
0.020540
0.019593
0.020070
0.020960
0.019721
0.021273
0.019832
0.040812
0.021642
0.020598
0.019913
0.019010
0.019740
0.019837
0.021241
0.030924
0.020638
0.019689
0.021206
0.021084
0.019347
0.021313
0.019928
0.020819
0.019613
0.023038
0.019520
0.020281
0.020331
0.020668
0.021115
0.021336
0.021596
0.019335
0.020815
0.020229
0.020936
0.021556
0.020313
0.020253
0.019573
0.020348
0.021140
0.020765
0.020037
0.021173
0.020120
0.019900
0.019283
0.021586
0.020367
0.020553
0.020189
0.020601
0.019944
0.021347
0.020088
0.022263
0.020548
0.021012
0.020885
0.021200
0.019910
0.019759
0.032368
0.020896
0.019526
0.020833
0.020697
0.020148
0.019799
0.020436
0.021309
0.019460
0.020673
0.020601
0.021446
0.020262
0.021197
0.020617
0.021013
0.019716
0.027256
0.020541
0.020137
0.021036
0.021293
0.020797
0.019712
0.020199
0.021521
0.020953
0.020875
0.019919
0.019901
0.020769
0.019932
0.020720
0.021416
0.020533
0.021609
0.021124
0.021368
0.019694
0.021448
0.020261
0.021143
0.019952
0.022441
0.020470
0.020035
0.019916
0.021178
0.020153
0.021150
0.022122
0.021306
0.020483
0.020225
0.020136
0.022697
0.020047
0.021808
0.020662
0.021281
0.020458
0.020271
0.022232
0.020992
0.020870
0.022191
0.020515
0.021310
0.021409
0.021181
0.021605
0.021392
0.020109
0.025492
0.022297
0.021895
0.021235
0.019904
0.023577
0.021207
0.020565
0.020246
0.020276
0.020147
0.026994
0.028187
0.020060
0.022910
0.020154
0.021889
0.020371
0.033509
0.025735
0.021157
0.020608
0.021006
0.021214
0.023382
0.021513
0.020258
0.021194
0.020525
0.019865
0.019260
0.022236
0.021570
0.021736
0.023961
0.021737
0.021442
0.020414
0.020023
0.019456
0.021192
0.048282
0.020772
0.020817
0.039655
0.019968
0.020081
0.030637
0.019885
0.023474
0.031310
0.026345
0.020662
0.029563
0.028803
0.021409
0.020991
0.021493
0.020268
0.019843
0.019671
0.021167
0.041573
0.025227
0.030132
0.021062
0.020339
0.021468
0.020312
0.020843
0.021161
0.020935
0.021412
0.021374
0.020501
0.020369
0.020356
0.021085
0.020774
0.020487
0.020128
0.021452
0.021866
0.021468
0.020165
0.021287
0.021457
0.033674
0.021670
0.043144
0.019052
0.029662
0.019375
0.021254
0.020555
0.020228
0.020298
0.027862
0.020600
0.019509
0.038056
0.020939
0.020217
0.019924
0.024358
0.021992
0.021638
0.021757
0.020916
0.021050
0.021203
0.021070
0.023925
0.021352
0.028506
0.027964
0.027775
0.020181
0.020030
0.023517
0.019604
0.019797
0.020938
0.020851
0.039598
0.041192
0.032622
0.020890
0.020390
0.020417
0.021991
0.020313
0.038460
0.019360
0.020113
0.019815
0.020609
0.021089
0.022991
0.020092
0.042440
0.021159
0.020547
0.021990
0.020006
0.021116
0.020325
0.038342
0.021391
0.020212
0.021321
0.030804
0.021315
0.021295
0.021750
0.023143
0.033055
0.021613
0.021479
0.029160
0.020057
0.019816
0.019822
0.020102
0.020866
0.019581
0.019535
0.021531
0.020836
0.021198
0.019469
0.020032
0.020816
0.019560
0.020370
0.019755
0.023149
0.025526
0.021040
0.038626
0.023987
0.037453
0.019406
0.020299
0.040528
0.020266
0.020041
0.019791
0.020280
0.020177
0.019263
0.021149
0.020299
0.020093
0.018829
0.019072
0.034323
0.019231
0.020833
0.019351
0.020630
0.020805
0.032712
0.020232
0.019549
0.021017
0.023486
0.019952
0.020042
0.020424
0.020144
0.019559
0.028871
0.019798
0.020803
0.020188
0.020729
0.021283
0.048055
0.027457
0.020159
0.023021
0.019674
0.020963
0.019127
0.020449
0.020584
0.020578
0.019395
0.042513
0.019828
0.019315
0.019564
0.023553
0.026636
0.019653
0.019720
0.020590
0.020118
0.036898
0.030487
0.021672
0.019489
0.019965
0.020664
0.020802
0.020119
0.020846
0.019799
0.021207
0.019769
0.021371
0.020648
0.021404
0.035655
0.029951
0.020019
0.019773
0.018723
0.034371
0.020083
0.019709
0.023438
0.031622
0.029310
0.019954
0.033731
0.020121
0.019042
0.019140
0.019228
0.021076
0.034451
0.020311
0.019483
0.020012
0.018969
0.019926
0.020059
0.029200
0.019945
0.020142
0.038451
0.020810
0.019145
0.019840
0.019433
0.021310
0.019902
0.030379
0.020202
0.020588
0.019451
0.020104
0.019430
0.032673
0.029240
0.026642
0.020660
0.020363
0.045324
0.023693
0.022042
0.020522
0.024989
0.019275
0.019907
0.023064
0.020916
0.019940
0.019577
0.019449
0.019575
0.018354
0.019949
0.018439
0.021781
0.019678
0.019739
0.025216
0.018794
0.020257
0.027983
0.019854
0.020416
0.024933
0.036204
0.019852
0.020501
0.020656
0.020467
0.029133
0.018594
0.019037
0.018859
0.025349
0.019702
0.018548
0.019670
0.019983
0.023993
0.019839
0.021536
0.021096
0.020586
0.018840
0.030724
0.019896
0.023075
0.019812
0.020593
0.020518
0.020362
0.023277
0.021425
0.020553
0.021278
0.019585
0.019517
0.028440
0.021000
0.020561
0.020463
0.020381
0.024870
0.032632
0.021820
0.026595
0.020092
0.020585
0.020422
0.040204
0.019938
0.020177
0.021676
0.026853
0.027550
0.018801
0.018880
0.038914
0.019739
0.020021
0.019080
0.020793
0.020196
0.019367
0.029378
0.020329
0.020039
0.036759
0.019668
0.032197
0.020172
0.018713
0.020149
0.018813
0.020016
0.026775
0.018401
0.019425
0.020415
0.018982
0.029483
0.027798
0.020113
0.020214
0.034037
0.020255
0.020548
0.019752
0.020462
0.020681
0.026809
0.019185
0.018995
0.042156
0.020744
0.033160
0.019850
0.021367
0.018847
0.034216
0.020327
0.019233
0.020014
0.021073
0.018979
0.020204
0.020387
0.020171
0.023833
0.020867
0.044278
0.024498
0.021499
0.024499
0.020265
0.019847
0.020305
0.024088
0.029486
0.019603
0.020743
0.018770
0.020713
0.025177
0.019783
0.019477
0.019749
0.020191
0.019128
0.020997
0.020159
0.020600
0.019743
0.019888
0.019316
0.020347
0.019439
0.028398
0.020292
0.019990
0.025699
0.025425
0.025094
0.020015
0.026913
0.026515
0.019260
0.020033
0.027729
0.019771
0.020376
0.026706
0.020288
0.019158
0.026608
0.018713
0.021133
0.018783
0.026233
0.019252
0.029234
0.046203
0.018676
0.020087
0.018981
0.019608
0.018758
0.018680
0.019974
0.025132
0.020095
0.019345
0.019955
0.019270
0.020166
0.020133
0.020042
0.018528
0.020273
0.038963
0.039846
0.019968
0.019974
0.022449
0.036621
0.019085
0.020538
0.019988
0.020380
0.018817
0.019802
0.020532
0.020378
0.020385
0.020420
0.018622
0.026546
0.020473
0.020653
0.020450
0.018816
0.019285
0.021266
0.020778
0.032154
0.020373
0.020499
0.018831
0.019514
0.020893
0.020394
0.022475
0.035246
0.019493
0.020675
0.020680
0.019020
0.019593
0.024021
0.019437
0.021345
0.020664
0.029987
0.020004
0.020356
0.019908
0.022656
0.028916
0.026340
0.019816
0.019939
0.020264
0.020639
0.019194
0.029520
0.020775
0.021434
0.021049
0.020251
0.019908
0.019993
0.019824
0.020209
0.020366
0.019034
0.020652
0.020029
0.020117
0.020310
0.020037
0.018852
0.019773
0.020103
0.020075
0.020617
0.019006
0.020179
0.020316
0.020209
0.020303
0.019315
0.020216
0.020011
0.030389
0.044453
0.018481
0.019891
0.018692
0.027807
0.023370
0.038000
0.029731
0.019093
0.019656
0.019621
0.020934
0.021780
0.020688
0.019963
0.019519
0.019359
0.029507
0.027119
0.028553
0.020216
0.019792
0.018149
0.020426
0.018424
0.019435
0.018943
0.019798
0.019650
0.018293
0.019764
0.032875
0.019628
0.019471
0.019222
0.018689
0.019252
0.018447
0.019810
0.019672
0.019319
0.026641
0.019692
0.018650
0.018023
0.019132
0.019849
0.019748
0.019452
0.018511
0.022573
0.019241
0.020260
0.020238
0.025883
0.019462
0.018895
0.019160
0.018566
0.018879
0.028243
0.019885
0.019045
0.018596
0.019557
0.019826
0.020182
0.020499
0.019941
0.018383
0.019074
0.018696
0.018874
0.018856
0.018647
0.021761
0.019011
0.019435
0.019029
0.019521
0.018299
0.018121
0.019361
0.018365
0.018442
0.018317
0.018994
0.019617
0.020115
0.018284
0.019753
0.019041
0.018920
0.017941
0.020355
0.018638
0.019727
0.019624
0.020005
0.018735
0.019703
0.019721
0.020237
0.018998
0.020297
0.021734
0.019926
0.019304
0.018672
0.019800
0.019602
0.018849
0.018378
0.018801
0.018673
0.019407
0.027039
0.024778
0.018411
0.018431
0.018637
0.018695
0.020104
0.018473
0.018071
0.020044
0.018061
0.019577
0.018329
0.018190
0.018625
0.018781
0.019283
0.019549
0.019849
0.019069
0.018976
0.020374
0.019539
0.020905
0.030190
0.019722
0.018386
0.019688
0.018222
0.018685
0.020342
0.019012
0.019107
0.019647
0.019132
0.018522
0.019839
0.019616
0.036761
0.018516
0.018512
0.018421
0.018964
0.019432
0.018443
0.019364
0.032361
0.018329
0.018241
0.018316
0.018229
0.018496
0.027286
0.018164
0.018667
0.019059
0.018925
0.018678
0.029324
0.019296
0.019078
0.018522
0.018395
0.019711
0.019872
0.019090
0.025271
0.018474
0.019021
0.023121
0.019397
0.019782
0.019124
0.019085
0.018656
0.018614
0.018674
0.019024
0.019151
0.019004
0.034879
0.019809
0.019869
0.018618
0.019091
0.018547
0.018569
0.019458
0.018708
0.018316
0.018409
0.019133
0.018184
0.019685
0.019898
0.019460
0.018809
0.019275
0.026039
0.019691
0.030930
0.019111
0.020128
0.019160
0.025401
0.020187
0.018489
0.019909
0.019773
0.018507
0.019174
0.019535
0.018350
0.018318
0.019890
0.018132
0.018581
0.019177
0.019865
0.019883
0.018626
0.020262
0.020157
0.030322
0.019617
0.019818
0.025066
0.035421
0.037710
0.018872
0.023546
0.018716
0.022725
0.018563
0.019072
0.020384
0.020081
0.020197
0.019010
0.019031
0.020066
0.018907
0.021665
0.020068
0.021155
0.020229
0.019629
0.020353
0.024140
0.024126
0.030747
0.019833
0.019247
0.021777
0.020333
0.019950
0.026771
0.026402
0.021093
0.035345
0.019020
0.029436
0.020928
0.029057
0.020245
0.029062
0.019656
0.020068
0.020213
0.021005
0.020181
0.021638
0.018968
0.019713
0.020012
0.020556
0.020115
0.021287
0.020040
0.018482
0.019235
0.020468
0.019572
0.020695
0.018879
0.039219
0.018790
0.020447
0.032420
0.020524
0.018749
0.032663
0.043306
0.020329
0.020971
0.024587
0.020801
0.020685
0.020660
0.020602
0.019665
0.026101
0.018954
0.027617
0.034624
0.018817
0.020424
0.020002
0.019907
0.019617
0.020101
0.020134
0.043598
0.019970
0.019606
0.022905
0.020551
0.019761
0.020463
0.019946
0.018802
0.041409
0.022257
0.019749
0.031629
0.034598
0.024857
0.020359
0.021797
0.019204
0.030044
0.039414
0.021475
0.035537
0.020059
0.020067
0.019345
0.018201
0.019518
0.025543
0.025431
0.020973
0.019972
0.019786
0.019428
0.019815
0.020572
0.018563
0.036825
0.018757
0.022253
0.020172
0.020217
0.023795
0.019806
0.023222
0.024648
0.019272
0.018968
0.020462
0.032892
0.019847
0.019687
0.029015
0.027353
0.027985
0.027649
0.020008
0.041159
0.018607
0.018959
0.019832
0.030283
0.038750
0.019822
0.031157
0.019922
0.018327
0.024558
0.019284
0.019566
0.018474
0.022550
0.018225
0.022113
0.025069
0.019087
0.022969
0.019488
0.021567
0.019820
0.020743
0.020502
0.019872
0.021024
0.020375
0.019707
0.020341
0.020029
0.018571
0.018515
0.019337
0.019052
0.020737
0.020504
0.020345
0.019652
0.019114
0.020198
0.020111
0.047696
0.018773
0.037677
0.019692
0.026127
0.037411
0.020392
0.020029
0.029648
0.019615
0.034301
0.028981
0.019774
0.019517
0.018184
0.018913
0.019527
0.020608
0.020057
0.020810
0.019686
0.019975
0.019602
0.019808
0.019833
0.018322
0.018197
0.035048
0.018230
0.018535
0.018557
0.020006
0.018385
0.019783
0.019096
0.019036
0.020116
0.019366
0.019663
0.035030
0.022865
0.019776
0.027161
0.026456
0.019653
0.019095
0.019154
0.018845
0.019908
0.033421
0.033985
0.028609
0.022530
0.019887
0.019911
0.019510
0.023662
0.021428
0.023187
0.021997
0.019506
0.020586
0.021263
0.031038
0.019528
0.033947
0.021549
0.021362
0.019855
0.019876
0.021659
0.020033
0.021164
0.020440
0.020506
0.020809
0.020219
0.021744
0.020236
0.021396
0.031774
0.021932
0.021079
0.020262
0.049608
0.022177
0.021469
0.024622
0.020557
0.021571
0.022156
0.020308
0.021434
0.020907
0.020633
0.025577
0.021841
0.031247
0.022889
0.020325
0.021855
0.022441
0.033049
0.020130
0.021151
0.029498
0.020966
0.020377
0.019434
0.020243
0.020316
0.020737
0.019585
0.020074
0.047969
0.021891
0.019562
0.019314
0.019380
0.020306
0.020336
0.019059
0.020194
0.019792
0.020302
0.019679
0.019542
0.023801
0.018868
0.027992
0.019687
0.019137
0.018824
0.018440
0.019049
0.020618
0.026654
0.020646
0.020158
0.019403
0.018423
0.020084
0.019784
0.019685
0.019100
0.019908
0.018300
0.020275
0.018876
0.019955
0.020710
0.018615
0.019579
0.019668
0.018790
0.019990
0.019895
0.019523
0.018542
0.029399
0.019518
0.026479
0.018604
0.019108
0.025885
0.018885
0.019119
0.019582
0.020380
0.018380
0.019349
0.020582
0.019729
0.020003
0.018157
0.018207
0.018705
0.022115
0.019929
0.018169
0.020332
0.019314
0.018767
0.018937
0.023250
0.018521
0.025844
0.019132
0.019774
0.028664
0.018493
0.020015
0.018902
0.018520
0.019523
0.019509
0.019510
0.018337
0.019445
0.019718
0.019661
0.019840
0.019928
0.018801
0.018434
0.028085
0.019861
0.019766
0.019344
0.019383
0.028477
0.019726
0.020135
0.018512
0.035549
0.026780
0.018352
0.019314
0.020326
0.020238
0.020023
0.024647
0.025393
0.018102
0.020093
0.027811
0.028060
0.019072
0.018985
0.020327
0.019955
0.018922
0.019549
0.028794
0.027079
0.018576
0.019950
0.018906
0.019603
0.019333
0.020111
0.018427
0.019358
0.019467
0.020083
0.020083
0.019524
0.020071
0.018342
0.021685
0.019702
0.018905
0.018768
0.019866
0.019181
0.022363
0.024992
0.026248
0.018967
0.020765
0.020412
0.020473
0.019960
0.019151
0.019785
0.019755
0.018971
0.020183
0.019358
0.018852
0.019996
0.020107
0.020093
0.020281
0.018527
0.024270
0.019343
0.019889
0.025918
0.018895
0.032688
0.018704
0.018852
0.020331
0.020984
0.019800
0.018487
0.018627
0.018633
0.018763
0.018588
0.020006
0.019314
0.019668
0.019544
0.018241
0.019910
0.019495
0.020108
0.018454
0.019191
0.020253
0.020334
0.019015
0.020314
0.018887
0.019766
0.019468
0.018784
0.020480
0.020415
0.023966
0.019606
0.020008
0.031218
0.020631
0.019755
0.028395
0.018894
0.019689
0.028117
0.019971
0.019155
0.019143
0.018840
0.038525
0.024139
0.024195
0.020240
0.020494
0.018912
0.020646
0.018635
0.020653
0.020084
0.030403
0.018922
0.019885
0.019209
0.024716
0.030729
0.037063
0.028762
0.020581
0.020126
0.019134
0.022392
0.020814
0.019204
0.019100
0.019584
0.020114
0.020496
0.026531
0.020233
0.020307
0.018922
0.019890
0.020451
0.019840
0.019076
0.020413
0.019254
0.021369
0.026621
0.021171
0.020337
0.019624
0.019702
0.019774
0.018813
0.024718
0.019350
0.018796
0.027389
0.019177
0.018695
0.018967
0.018722
0.029703
0.020561
0.019994
0.018554
0.019910
0.020149
0.020490
0.019993
0.019145
0.018875
0.019582
0.019812
0.020204
0.018905
0.020115
0.019315
0.018954
0.026290
0.018530
0.019601
0.019995
0.018641
0.018884
0.018931
0.018520
0.018568
0.019034
0.020232
0.019008
0.019046
0.018880
0.025740
0.019191
0.018664
0.027277
0.027402
0.018604
0.018389
0.018653
0.019379
0.029155
0.018543
0.025673
0.019576
0.019961
0.019209
0.019351
0.019540
0.019760
0.025872
0.018524
0.019455
0.027762
0.018711
0.023241
0.019069
0.019874
0.019255
0.018466
0.018508
0.018808
0.030839
0.018149
0.019226
0.019543
0.018170
0.026819
0.020167
0.019873
0.018351
0.018621
0.018493
0.028759
0.020137
0.019239
0.019063
0.018574
0.018729
0.021723
0.038198
0.018930
0.018751
0.018100
0.018786
0.018820
0.030106
0.019843
0.019671
0.019554
0.019782
0.023160
0.018473
0.019698
0.018143
0.018944
0.028273
0.018367
0.018499
0.020053
0.018375
0.019849
0.019390
0.019289
0.018488
0.018647
0.018559
0.019155
0.018366
0.018072
0.020117
0.019583
0.023713
0.019140
0.027789
0.018973
0.023207
0.018625
0.017937
0.018166
0.019461
0.019517
0.018732
0.018635
0.019492
0.020078
0.019116
0.028358
0.019553
0.018435
0.019285
0.019393
0.019863
0.018877
0.030388
0.019435
0.044417
0.020222
0.019925
0.019407
0.018571
0.019713
0.018366
0.019813
0.018292
0.019703
0.017950
0.019928
0.022780
0.020230
0.018351
0.026151
0.018444
0.019110
0.021080
0.017857
0.018206
0.018287
0.019537
0.017952
0.019391
0.019309
0.023866
0.018910
0.021090
0.019552
0.019508
0.023070
0.027559
0.020689
0.020247
0.018289
0.017989
0.019445
0.019583
0.025455
0.031442
0.018853
0.019972
0.019399
0.021707
0.019586
0.021041
0.019834
0.019677
0.020178
0.021728
0.019200
0.017734
0.019019
0.018341
0.018174
0.026476
0.024328
0.020090
0.018999
0.018582
0.018201
0.019286
0.017913
0.018403
0.018300
0.022764
0.018487
0.019284
0.026006
0.018442
0.019240
0.018746
0.021393
0.020565
0.020031
0.019036
0.019524
0.018358
0.018670
0.019015
0.025519
0.019953
0.020630
0.019705
0.020183
0.019907
0.018429
0.019847
0.018063
0.018830
0.019771
0.019066
0.019808
0.018768
0.018008
0.026740
0.018479
0.018646
0.018808
0.019179
0.030391
0.026390
0.019692
0.018728
0.018365
0.027464
0.019311
0.019016
0.018854
0.020722
0.018555
0.018260
0.018532
0.018150
0.020087
0.019440
0.020466
0.032914
0.018606
0.024312
0.019337
0.019105
0.020022
0.019736
0.020078
0.031581
0.020447
0.029193
0.025005
0.019813
0.019619
0.018100
0.019126
0.017906
0.019664
0.019005
0.019814
0.028386
0.028436
0.019180
0.020353
0.019859
0.019495
0.027554
0.038087
0.021205
0.019700
0.018008
0.018904
0.022932
0.019423
0.019404
0.018493
0.019365
0.020014
0.020894
0.019851
0.018323
0.018150
0.022376
0.019727
0.021016
0.020058
0.029958
0.028506
0.019841
0.020021
0.019154
0.019176
0.018764
0.018221
0.028941
0.018199
0.019192
0.019740
0.026813
0.018855
0.018369
0.026313
0.019278
0.024898
0.019378
0.025857
0.019797
0.019663
0.019775
0.018021
0.021496
0.025203
0.019503
0.018966
0.018769
0.023134
0.029580
0.024772
0.018892
0.021451
0.019396
0.018641
0.030734
0.019708
0.026224
0.019574
0.020160
0.030045
0.020398
0.033204
0.020630
0.023926
0.018531
0.023142
0.020057
0.018971
0.019336
0.020002
0.019151
0.018970
0.024124
0.018780
0.018732
0.019423
0.018016
0.021533
0.018999
0.019614
0.019231
0.019112
0.018559
0.020722
0.019395
0.019463
0.026575
0.019231
0.020179
0.018894
0.032270
0.019864
0.021913
0.027912
0.023407
0.029768
0.020075
0.023037
0.035215
0.019650
0.019336
0.019602
0.025814
0.018606
0.022649
0.020157
0.019674
0.020224
0.021597
0.019639
0.018356
0.019300
0.019804
0.025463
0.019583
0.019497
0.019462
0.019631
0.019498
0.019340
0.018261
0.022668
0.021225
0.019460
0.018254
0.019821
0.028417
0.024679
0.020742
0.020059
0.034485
0.019642
0.018356
0.020627
0.023615
0.018267
0.021614
0.018942
0.020444
0.025170
0.019492
0.019922
0.018668
0.020304
0.019602
0.019199
0.023664
0.021891
0.019104
0.024803
0.020080
0.018639
0.019324
0.020271
0.027731
0.018484
0.018803
0.019313
0.018592
0.019627
0.019317
0.019142
0.018261
0.024636
0.036320
0.019373
0.018801
0.030213
0.020098
0.019948
0.019885
0.019735
0.018165
0.018362
0.028715
0.019071
0.018589
0.018838
0.020389
0.019117
0.020687
0.019355
0.019381
0.019440
0.019649
0.018079
0.021147
0.021950
0.019127
0.034593
0.018939
0.019750
0.018563
0.019538
0.028144
0.018735
0.029936
0.018193
0.019070
0.018361
0.018806
0.018159
0.019163
0.018489
0.018965
0.018272
0.019821
0.020107
0.021043
0.020362
0.020293
0.019561
0.019040
0.020522
0.019690
0.019211
0.019328
0.019048
0.029630
0.019018
0.019820
0.019428
0.029298
0.021088
0.021395
0.020383
0.019211
0.019631
0.020283
0.020461
0.021466
0.020746
0.020196
0.021115
0.019983
0.019528
0.019338
0.020431
0.020066
0.019633
0.020088
0.020598
0.021692
0.020827
0.020941
0.022771
0.021543
0.021963
0.021925
0.023910
0.023053
0.021782
0.021755
0.022669
0.035766
0.021648
0.020009
0.021138
0.020438
0.021865
0.020520
0.021719
0.022708
0.021595
0.045824
0.022985
0.023642
0.022762
0.022686
0.035376
0.022199
0.023060
0.022937
0.021281
0.034208
0.021430
0.024126
0.021873
0.021950
0.021411
0.020264
0.022396
0.021469
0.020156
0.020594
0.020494
0.020256
0.021590
0.019933
0.019802
0.020972
0.024514
0.020104
0.020209
0.018453
0.019034
0.019114
0.019661
0.018306
0.018224
0.018645
0.018484
0.019409
0.018505
0.019048
0.018516
0.019712
0.019682
0.018279
0.018706
0.032858
0.019140
0.027818
0.018386
0.022584
0.020323
0.019769
0.028940
0.018966
0.019043
0.019891
0.019607
0.018528
0.019344
0.018545
0.019962
0.019921
0.030093
0.019143
0.018794
0.019686
0.019396
0.018817
0.018865
0.019723
0.018555
0.018097
0.018680
0.020166
0.019175
0.018349
0.037490
0.019096
0.018748
0.018890
0.020525
0.019955
0.018582
0.018856
0.018372
0.030341
0.018919
0.018273
0.019888
0.019434
0.019600
0.018878
0.019205
0.018248
0.019597
0.018063
0.017927
0.024773
0.018463
0.023650
0.018572
0.019600
0.018447
0.020112
0.026299
0.019710
0.019360
0.018386
0.019639
0.019993
0.018412
0.018428
0.018170
0.019960
0.020099
0.020519
0.019333
0.019799
0.018311
0.018660
0.019875
0.019774
0.019016
0.019686
0.018787
0.019408
0.018325
0.018646
0.018085
0.019099
0.018404
0.019826
0.019462
0.020388
0.019515
0.018355
0.018337
0.021460
0.029377
0.019760
0.020892
0.023558
0.020003
0.021597
0.018777
0.019213
0.025458
0.025969
0.027170
0.027188
0.026728
0.019445
0.019776
0.027246
0.019240
0.021656
0.019931
0.019174
0.018480
0.022659
0.019872
0.018957
0.019978
0.018962
0.035632
0.030593
0.018915
0.023832
0.020323
0.019737
0.018418
0.019958
0.019862
0.019669
0.028450
0.026389
0.026704
0.020465
0.020985
0.019937
0.018920
0.021647
0.020098
0.036221
0.019881
0.020444
0.020017
0.019023
0.020575
0.029357
0.019385
0.018839
0.020216
0.020587
0.024650
0.020258
0.019511
0.020468
0.019235
0.018584
0.021336
0.019370
0.020415
0.018560
0.018310
0.018398
0.024025
0.019111
0.017808
0.027336
0.017927
0.026679
0.018367
0.019772
0.021224
0.030055
0.027269
0.018271
0.018977
0.038302
0.018491
0.039360
0.022899
0.020499
0.029237
0.019883
0.018495
0.023233
0.019350
0.019429
0.021177
0.026319
0.019973
0.019467
0.018637
0.019373
0.020226
0.018216
0.019628
0.019249
0.018726
0.033074
0.019232
0.019209
0.018777
0.025442
0.026002
0.019397
0.021588
0.018563
0.021638
0.019009
0.020201
0.019098
0.019640
0.036076
0.020164
0.025171
0.019454
0.018195
0.028006
0.019572
0.027029
0.019553
0.018955
0.019558
0.020332
0.024741
0.019981
0.019189
0.020055
0.026850
0.046438
0.027723
0.019653
0.020850
0.019135
0.018694
0.020766
0.019667
0.047588
0.020012
0.019711
0.019561
0.027119
0.019312
0.019989
0.018857
0.020734
0.018433
0.019513
0.018369
0.018517
0.018487
0.019369
0.018479
0.018562
0.019698
0.019336
0.018597
0.018568
0.031845
0.020140
0.032700
0.040275
0.031714
0.020355
0.019966
0.019966
0.023419
0.025758
0.018120
0.019716
0.025032
0.019793
0.027882
0.018717
0.019618
0.026858
0.019574
0.018947
0.018256
0.023418
0.026978
0.019524
0.019299
0.019454
0.022352
0.024530
0.018089
0.020223
0.018218
0.018333
0.020017
0.026059
0.018247
0.019305
0.028311
0.020374
0.022760
0.019647
0.019552
0.036558
0.019968
0.019859
0.020753
0.018158
0.019131
0.019238
0.018433
0.026347
0.020041
0.017683
0.028687
0.018628
0.029325
0.021392
0.019613
0.018947
0.027583
0.019768
0.019503
0.019170
0.019092
0.018122
0.019157
0.019299
0.018778
0.019336
0.019269
0.019363
0.019361
0.029705
0.019456
0.028143
0.023005
0.019375
0.019325
0.020129
0.019907
0.019260
0.022789
0.018124
0.018536
0.020231
0.017784
0.019663
0.019032
0.018315
0.029934
0.019917
0.019645
0.018145
0.047115
0.025964
0.019418
0.020537
0.018227
0.020674
0.019753
0.018709
0.020035
0.019296
0.026700
0.018215
0.019638
0.019746
0.028511
0.020111
0.019546
0.018460
0.018081
0.024221
0.018010
0.018476
0.018789
0.033946
0.019259
0.020235
0.020562
0.024020
0.045348
0.019962
0.018809
0.018755
0.022969
0.018505
0.019748
0.018401
0.019659
0.019171
0.018369
0.038800
0.019174
0.019512
0.030502
0.018392
0.018532
0.020111
0.036490
0.020520
0.018713
0.020759
0.024582
0.018208
0.019474
0.018953
0.018283
0.019772
0.019025
0.020352
0.018246
0.019165
0.018306
0.018379
0.018582
0.019360
0.019625
0.020532
0.018449
0.025347
0.027020
0.018812
0.018899
0.028304
0.018740
0.019020
0.022859
0.020061
0.019193
0.019856
0.018492
0.018798
0.027319
0.018691
0.018739
0.018418
0.019584
0.018225
0.019599
0.021034
0.019937
0.040099
0.019975
0.018996
0.018814
0.029352
0.025466
0.019172
0.022751
0.018339
0.018181
0.018136
0.018567
0.019885
0.019577
0.018449
0.018511
0.020472
0.019593
0.019798
0.019768
0.027328
0.019802
0.022432
0.019472
0.018713
0.018400
0.018954
0.018788
0.033907
0.019456
0.018191
0.018261
0.018965
0.032527
0.018796
0.019456
0.020462
0.018939
0.019353
0.019308
0.028528
0.018710
0.018508
0.019333
0.019840
0.018574
0.028042
0.018556
0.019726
0.018566
0.018551
0.019086
0.018496
0.019227
0.018624
0.018600
0.019774
0.020409
0.019861
0.018375
0.027236
0.019987
0.041628
0.019312
0.019684
0.019003
0.019697
0.019057
0.019877
0.019752
0.039754
0.018592
0.026527
0.018428
0.019952
0.028787
0.027753
0.026095
0.018711
0.024427
0.018898
0.018557
0.026167
0.018961
0.021138
0.020114
0.019611
0.025751
0.019775
0.020186
0.019834
0.019725
0.027504
0.019618
0.031080
0.020592
0.024089
0.022555
0.020320
0.033198
0.020443
0.022960
0.022167
0.023561
0.020045
0.020422
0.020521
0.031076
0.020740
0.019691
0.022072
0.020721
0.021393
0.021012
0.021135
0.021651
0.042976
0.020094
0.020480
0.024799
0.021989
0.020622
0.021356
0.021045
0.020355
0.021391
0.022048
0.020639
0.021361
0.020972
0.020974
0.020745
0.022618
0.020487
0.020872
0.020029
0.021813
0.020478
0.020872
0.020683
0.020091
0.018983
0.019126
0.019488
0.018837
0.020999
0.020300
0.037282
0.027853
0.018612
0.019711
0.019607
0.030111
0.018927
0.019702
0.019954
0.019461
0.019276
0.018785
0.020354
0.020157
0.018482
0.018317
0.018769
0.018401
0.018416
0.019830
0.019842
0.018973
0.021061
0.019807
0.019946
0.019500
0.023712
0.024067
0.043238
0.020430
0.019807
0.021413
0.019718
0.027198
0.019477
0.018740
0.019188
0.022065
0.019274
0.022824
0.018750
0.022950
0.020044
0.021398
0.032103
0.021446
0.025555
0.048329
0.022289
0.030763
0.018773
0.020469
0.019005
0.018895
0.020162
0.036477
0.019621
0.019177
0.019360
0.019112
0.018509
0.018849
0.019965
0.020173
0.035169
0.018790
0.036249
0.020951
0.020118
0.019943
0.019272
0.019754
0.018875
0.028866
0.018629
0.019750
0.019943
0.021449
0.028035
0.018791
0.019247
0.018954
0.023191
0.020297
0.020418
0.030419
0.019536
0.029753
0.018634
0.018331
0.020540
0.018534
0.021670
0.019109
0.019004
0.018771
0.018487
0.018834
0.019224
0.028557
0.026890
0.019560
0.022853
0.018204
0.019846
0.020147
0.020742
0.019640
0.020070
0.030787
0.019812
0.018853
0.018649
0.035524
0.019769
0.039514
0.019221
0.018393
0.019857
0.019745
0.041521
0.024101
0.019218
0.030038
0.018147
0.019328
0.019465
0.019521
0.018724
0.019012
0.019016
0.024398
0.019685
0.018895
0.018911
0.019162
0.028216
0.019764
0.043099
0.029937
0.018697
0.018732
0.019281
0.018592
0.019202
0.018994
0.019962
0.019597
0.042756
0.018781
0.018160
0.026127
0.020021
0.032239
0.018540
0.020048
0.018667
0.019405
0.019938
0.018250
0.029658
0.019325
0.018555
0.019087
0.025407
0.019215
0.019124
0.037808
0.029577
0.023352
0.018255
0.018810
0.019416
0.018780
0.019199
0.018421
0.018536
0.019292
0.019222
0.019439
0.018053
0.020044
0.019152
0.018329
0.019145
0.019925
0.019799
0.019560
0.018660
0.019397
0.020061
0.020300
0.019693
0.019528
0.019713
0.023790
0.019974
0.019964
0.018685
0.018477
0.028144
0.045158
0.018428
0.019484
0.045144
0.019820
0.020220
0.034765
0.020062
0.019906
0.019248
0.018620
0.020422
0.018435
0.019436
0.019933
0.019748
0.018215
0.019977
0.019838
0.019327
0.020385
0.019412
0.027392
0.020162
0.021232
0.019223
0.020031
0.034223
0.020190
0.018662
0.018344
0.018141
0.019698
0.019077
0.018418
0.019633
0.019530
0.019781
0.019788
0.019874
0.018976
0.018232
0.020309
0.019723
0.018858
0.019812
0.019821
0.019404
0.044899
0.020041
0.018951
0.019299
0.038924
0.041780
0.019935
0.018878
0.019629
0.020745
0.019685
0.019534
0.020029
0.019858
0.029258
0.019749
0.019525
0.019226
0.019452
0.019651
0.019482
0.019481
0.019991
0.036586
0.020970
0.019760
0.020093
0.020532
0.019504
0.018059
0.018075
0.018565
0.019675
0.019983
0.019572
0.019807
0.019612
0.019749
0.019367
0.019446
0.020066
0.020255
0.020059
0.044582
0.018303
0.029216
0.028896
0.020123
0.023142
0.029635
0.020685
0.019937
0.030832
0.024724
0.019470
0.019613
0.019885
0.019863
0.019570
0.018504
0.025716
0.019581
0.019494
0.020073
0.019904
0.027253
0.019228
0.019248
0.020066
0.019210
0.018635
0.019383
0.019317
0.018458
0.019464
0.019985
0.019779
0.018983
0.048209
0.027197
0.018727
0.019574
0.019393
0.020088
0.019930
0.018513
0.019664
0.029069
0.019740
0.019126
0.024307
0.019478
0.020500
0.020298
0.019960
0.019922
0.018931
0.019787
0.019084
0.018570
0.024133
0.026300
0.018543
0.019002
0.018604
0.028287
0.019234
0.019923
0.027640
0.019427
0.018497
0.031624
0.020503
0.019765
0.019971
0.019358
0.019788
0.018645
0.020505
0.020005
0.018185
0.018953
0.019943
0.019725
0.019184
0.019873
0.019862
0.020771
0.019317
0.047772
0.019377
0.019385
0.036230
0.024023
0.020454
0.018489
0.018400
0.019000
0.039057
0.019307
0.019766
0.033161
0.019602
0.019112
0.020706
0.018840
0.019146
0.020460
0.020412
0.019855
0.019639
0.019285
0.019739
0.019976
0.019481
0.020039
0.020116
0.020070
0.023455
0.019869
0.020201
0.020221
0.019914
0.018719
0.018522
0.018725
0.019850
0.019510
0.030161
0.026908
0.019973
0.020070
0.019822
0.020267
0.018599
0.019747
0.019488
0.019401
0.020011
0.019212
0.019440
0.019533
0.033518
0.018532
0.020092
0.019273
0.018341
0.019105
0.019473
0.018964
0.019538
0.028314
0.019420
0.018539
0.019869
0.019601
0.019514
0.018323
0.019669
0.019735
0.019786
0.020012
0.020268
0.042019
0.018084
0.018674
0.043403
0.018410
0.018346
0.018516
0.019318
0.018976
0.018733
0.020189
0.020142
0.020029
0.030482
0.018925
0.019454
0.019305
0.020164
0.019183
0.018668
0.021954
0.020182
0.020546
0.019040
0.019563
0.020405
0.020687
0.019083
0.019446
0.027536
0.019475
0.019369
0.037068
0.020790
0.019329
0.019555
0.036767
0.020062
0.019613
0.030802
0.020240
0.019268
0.019825
0.019236
0.019354
0.018498
0.019779
0.027456
0.019636
0.019529
0.020163
0.020876
0.019831
0.018229
0.017818
0.018017
0.018496
0.019639
0.021528
0.020383
0.018395
0.019846
0.019383
0.022034
0.018463
0.018703
0.028858
0.020155
0.019854
0.020625
0.018650
0.018720
0.018518
0.018392
0.018508
0.020508
0.018383
0.019507
0.018518
0.019290
0.019086
0.019490
0.019854
0.018458
0.018469
0.019843
0.020638
0.019899
0.019474
0.020129
0.021238
0.020983
0.019824
0.020426
0.020072
0.020897
0.018347
0.018049
0.019398
0.019534
0.018752
0.019349
0.018383
0.019332
0.019342
0.019656
0.019576
0.018367
0.030407
0.018374
0.018078
0.018205
0.018625
0.019300
0.019270
0.018409
0.019773
0.027027
0.018363
0.019537
0.018436
0.019295
0.020034
0.018291
0.019665
0.018231
0.020161
0.019679
0.018615
0.018591
0.019334
0.019777
0.018907
0.019064
0.018789
0.018703
0.019880
0.020516
0.019720
0.047981
0.018712
0.018268
0.018481
0.018692
0.018782
0.020050
0.018462
0.019848
0.019708
0.047974
0.031029
0.018995
0.024066
0.019929
0.019107
0.030213
0.024535
0.018478
0.019238
0.018769
0.018320
0.019109
0.018789
0.018344
0.019687
0.019227
0.019315
0.020421
0.018127
0.019717
0.020183
0.019295
0.019586
0.020324
0.018325
0.019966
0.020679
0.020104
0.019018
0.019819
0.019979
0.019755
0.018948
0.022872
0.019854
0.018957
0.019801
0.019525
0.019310
0.019658
0.027618
0.018650
0.018898
0.022426
0.018680
0.018866
0.018622
0.018463
0.018789
0.018499
0.019091
0.018759
0.018558
0.019283
0.019685
0.021905
0.018914
0.018213
0.018631
0.018648
0.019025
0.019002
0.019490
0.019145
0.018800
0.019754
0.020005
0.019930
0.021022
0.020069
0.020284
0.019680
0.019967
0.020234
0.018868
0.019902
0.019919
0.019478
0.019797
0.019983
0.018706
0.020111
0.018782
0.018220
0.018098
0.019727
0.019877
0.018783
0.019783
0.021370
0.018646
0.018472
0.018104
0.018178
0.019771
0.018499
0.018298
0.018126
0.019866
0.019526
0.024676
0.018270
0.019194
0.018717
0.019747
0.019457
0.018658
0.019091
0.018252
0.021204
0.019843
0.019610
0.020680
0.020343
0.019616
0.018753
0.018842
0.018621
0.020584
0.019482
0.020920
0.021010
0.019663
0.019584
0.021207
0.020620
0.019307
0.019253
0.025479
0.020057
0.019138
0.019106
0.020804
0.019013
0.018286
0.019167
0.020022
0.019040
0.018868
0.019684
0.018328
0.019820
0.020435
0.019914
0.019311
0.021646
0.019461
0.018890
0.018973
0.021254
0.018564
0.019360
0.019443
0.019060
0.019797
0.021539
0.021450
0.021917
0.032709
0.019753
0.020478
0.022192
0.019915
0.028207
0.022481
0.020858
0.018671
0.038290
0.022484
0.019190
0.019128
0.018946
0.023133
0.020126
0.021195
0.023086
0.018752
0.020488
0.019362
0.019738
0.019922
0.021295
0.019539
0.020304
0.036344
0.018868
0.019455
0.021437
0.024949
0.018992
0.020050
0.020821
0.041490
0.023077
0.034887
0.019804
0.024547
0.018730
0.019664
0.019009
0.018764
0.019679
0.019285
0.020782
0.020622
0.019685
0.020530
0.019601
0.039787
0.019620
0.025004
0.021343
0.035117
0.019422
0.039553
0.019019
0.020328
0.020091
0.029268
0.029579
0.019056
0.018974
0.019575
0.022397
0.019707
0.019532
0.019465
0.020753
0.026337
0.020429
0.020207
0.020201
0.019761
0.020838
0.019111
0.027867
0.022322
0.020122
0.021144
0.020119
0.022767
0.025710
0.020155
0.019530
0.019739
0.029693
0.020995
0.020678
0.021448
0.023484
0.033469
0.021914
0.035242
0.021164
0.019368
0.020291
0.019562
0.019539
0.019125
0.048333
0.020446
0.020717
0.022296
0.019816
0.020661
0.021013
0.032364
0.020682
0.020458
0.021762
0.021053
0.020844
0.020216
0.023535
0.019365
0.019648
0.024675
0.020161
0.020971
0.027523
0.019322
0.023540
0.023914
0.024676
0.031532
0.020330
0.026588
0.023994
0.020697
0.019876
0.019909
0.019596
0.022916
0.019843
0.040273
0.019258
0.026529
0.027961
0.019964
0.021134
0.020615
0.021047
0.019153
0.020476
0.020763
0.020860
0.020227
0.020854
0.020373
0.027752
0.019325
0.021478
0.019789
0.020618
0.025206
0.019556
0.020885
0.026360
0.019511
0.019245
0.026960
0.021032
0.022594
0.020053
0.020492
0.034715
0.019552
0.021158
0.019287
0.019305
0.020586
0.020987
0.020444
0.020990
0.025698
0.020654
0.019886
0.027833
0.026095
0.020750
0.021188
0.020051
0.047988
0.021139
0.021715
0.021527
0.020755
0.020834
0.020477
0.041637
0.020844
0.025062
0.019090
0.019824
0.020349
0.020766
0.020606
0.020881
0.032021
0.022810
0.020359
0.018856
0.021223
0.021039
0.045448
0.019998
0.019161
0.022745
0.020262
0.018994
0.020631
0.040864
0.020486
0.020303
0.020642
0.021146
0.023270
0.020962
0.021820
0.048702
0.020833
0.020288
0.019537
0.020704
0.019599
0.019471
0.019223
0.020826
0.020421
0.020911
0.022366
0.020103
0.019905
0.021108
0.020237
0.020481
0.019849
0.020604
0.024130
0.019480
0.021517
0.021630
0.020234
0.020096
0.021512
0.020851
0.020319
0.021058
0.020744
0.019700
0.019463
0.019011
0.019741
0.020856
0.036278
0.019530
0.020801
0.020491
0.022319
0.026561
0.020691
0.033992
0.020888
0.020566
0.021209
0.019282
0.020415
0.020255
0.020819
0.019760
0.019993
0.031716
0.021385
0.020579
0.020362
0.030272
0.029970
0.034043
0.021863
0.022187
0.048639
0.021307
0.020677
0.020952
0.042602
0.021040
0.020985
0.020806
0.020813
0.021714
0.020327
0.020457
0.021452
0.021015
0.026619
0.048803
0.027490
0.021260
0.021052
0.021078
0.020549
0.022036
0.019743
0.048255
0.021518
0.019622
0.020288
0.021100
0.021594
0.031905
0.020434
0.019940
0.021450
0.024594
0.021091
0.019911
0.020511
0.020712
0.019879
0.028161
0.027117
0.021139
0.020401
0.019901
0.019904
0.019496
0.019710
0.020828
0.020442
0.020813
0.019569
0.021272
0.021237
0.020695
0.021717
0.029252
0.020553
0.020570
0.020556
0.020787
0.028631
0.020549
0.021572
0.020199
0.020972
0.020131
0.020856
0.021149
0.021138
0.022139
0.021288
0.021065
0.021172
0.021396
0.031410
0.021254
0.021212
0.021322
0.021165
0.021168
0.023368
0.021414
0.019885
0.021187
0.020791
0.020369
0.021412
0.021148
0.020764
0.019747
0.021643
0.020177
0.020916
0.021171
0.021976
0.021140
0.022281
0.021478
0.021251
0.020732
0.020729
0.021593
0.020964
0.020553
0.020208
0.020802
0.019932
0.020932
0.020106
0.028234
0.019444
0.020796
0.019292
0.019565
0.021058
0.020947
0.026167
0.019720
0.033995
0.019768
0.020725
0.019919
0.021977
0.019860
0.020714
0.021118
0.020638
0.033765
0.021359
0.019616
0.021709
0.021127
0.020361
0.021149
0.021425
0.020330
0.020912
0.020652
0.021471
0.026190
0.021296
0.022386
0.020056
0.021042
0.023412
0.019964
0.020071
0.024365
0.020205
0.021862
0.019918
0.025455
0.021149
0.020898
0.020124
0.020949
0.019683
0.020786
0.021287
0.030509
0.020978
0.020781
0.029506
0.019664
0.020716
0.020799
0.022205
0.019937
0.026279
0.021784
0.021203
0.032352
0.021699
0.020492
0.021813
0.024112
0.019587
0.019939
0.030488
0.023859
0.020985
0.019695
0.020233
0.020289
0.030826
0.023381
0.021220
0.021479
0.020878
0.038201
0.022199
0.024951
0.048209
0.021182
0.019957
0.021092
0.021747
0.047488
0.021183
0.021102
0.021346
0.021505
0.021017
0.019993
0.020471
0.021306
0.021089
0.049261
0.020942
0.021303
0.021304
0.020790
0.045845
0.035120
0.019948
0.019633
0.020094
0.021333
0.020567
0.021040
0.026984
0.028555
0.021365
0.020195
0.024630
0.019877
0.019941
0.020983
0.031605
0.020880
0.020593
0.044899
0.020747
0.021808
0.021839
0.045103
0.021343
0.021327
0.019899
0.020662
0.021429
0.021402
0.021131
0.021191
0.021425
0.020772
0.020746
0.021405
0.020764
0.020954
0.021563
0.032731
0.021717
0.021830
0.020466
0.020967
0.021000
0.021814
0.022220
0.042231
0.021564
0.019922
0.019847
0.020334
0.040801
0.041063
0.021659
0.021274
0.049020
0.023275
0.020184
0.043221
0.049156
0.030837
0.048899
0.020138
0.029771
0.020756
0.021871
0.022111
0.021396
0.049363
0.021468
0.021380
0.044282
0.022056
0.049466
0.024294
0.019947
0.020769
0.022041
0.020836
0.021257
0.049095
0.022015
0.021903
0.021177
0.038714
0.048618
0.020648
0.026396
0.032265
0.021079
0.028832
0.021924
0.021730
0.049717
0.020708
0.045880
0.021992
0.020340
0.020434
0.021595
0.031410
0.020095
0.021768
0.020222
0.021374
0.032988
0.021856
0.021389
0.020286
0.023527
0.021307
0.021888
0.020541
0.021450
0.022870
0.022172
0.037544
0.020619
0.020199
0.022579
0.022104
0.022005
0.021245
0.022890
0.021625
0.021654
0.044096
0.020793
0.021812
0.021351
0.020466
0.031099
0.022776
0.022597
0.022950
0.045160
0.026153
0.021401
0.047688
0.021482
0.021987
0.040930
0.022141
0.021112
0.049720
0.031138
0.020810
0.021010
0.021085
0.048192
0.039565
0.037046
0.021883
0.021869
0.020689
0.021377
0.021919
0.020652
0.022294
0.022019
0.021670
0.021994
0.021701
0.022237
0.022488
0.020616
0.022201
0.021266
0.022617
0.049215
0.022188
0.021487
0.021583
0.021293
0.049617
0.021718
0.022219
0.049734
0.044102
0.050014
0.021299
0.049261
0.021332
0.028729
0.022149
0.021551
0.020588
0.020571
0.021782
0.044627
0.021213
0.048185
0.020359
0.020316
0.046706
0.020831
0.021673
0.043300
0.020846
0.020291
0.021567
0.046296
0.045707
0.041637
0.047123
0.021276
0.020134
0.020288
0.019902
0.020546
0.021970
0.020864
0.021239
0.021296
0.020657
0.021242
0.032157
0.021663
0.022038
0.049302
0.032226
0.021088
0.022335
0.045859
0.021445
0.041574
0.021945
0.021061
0.019629
0.020950
0.020966
0.049553
0.019843
0.021409
0.021307
0.020762
0.019761
0.019840
0.020674
0.020851
0.019530
0.021047
0.021096
0.021288
0.022320
0.024188
0.049190
0.022075
0.033096
0.019827
0.038241
0.019893
0.029225
0.021024
0.020065
0.021001
0.030072
0.021848
0.020804
0.042310
0.020767
0.020865
0.039065
0.021170
0.020651
0.021218
0.033324
0.020719
0.048680
0.032496
0.048935
0.021022
0.020668
0.036009
0.019898
0.037179
0.021094
0.021373
0.020790
0.021342
0.020413
0.020652
0.021004
0.019961
0.020354
0.020199
0.020739
0.020480
0.022511
0.020895
0.020730
0.021738
0.020952
0.021314
0.019746
0.021589
0.020867
0.020400
0.032183
0.049195
0.049762
0.023113
0.019500
0.020070
0.021437
0.032995
0.021442
0.021633
0.020314
0.021200
0.022600
0.020645
0.041712
0.031322
0.019957
0.020322
0.021413
0.021699
0.020177
0.019890
0.020038
0.019928
0.019679
0.020601
0.020040
0.019836
0.043564
0.021584
0.020193
0.020247
0.021939
0.021790
0.043647
0.033932
0.027559
0.020712
0.021238
0.020687
0.021660
0.021043
0.024537
0.021729
0.030334
0.019951
0.021688
0.020705
0.020237
0.021017
0.021512
0.020037
0.039493
0.021191
0.021201
0.020083
0.048882
0.020081
0.019854
0.040602
0.020447
0.021198
0.019600
0.026870
0.021425
0.020906
0.020799
0.020659
0.020603
0.021696
0.020269
0.020577
0.020786
0.020402
0.022795
0.035016
0.027202
0.030464
0.026995
0.019725
0.019923
0.020544
0.020263
0.019826
0.019390
0.019895
0.019499
0.020974
0.020142
0.020182
0.019725
0.019587
0.019753
0.019547
0.047785
0.044169
0.023269
0.019742
0.019858
0.042673
0.033601
0.019487
0.019820
0.020414
0.020483
0.020342
0.020669
0.020968
0.020434
0.020543
0.019418
0.019608
0.021062
0.021268
0.019911
0.026351
0.020263
0.021167
0.020033
0.019767
0.018831
0.020895
0.020251
0.020512
0.019826
0.019550
0.018907
0.020700
0.020385
0.019549
0.048307
0.019864
0.027220
0.028512
0.020279
0.020015
0.027003
0.019909
0.019113
0.020359
0.030558
0.020865
0.019828
0.045820
0.019962
0.021074
0.042499
0.018855
0.018865
0.019653
0.019051
0.020631
0.020510
0.020953
0.020065
0.020316
0.020897
0.018972
0.027088
0.018690
0.019915
0.020037
0.019509
0.020634
0.019078
0.019808
0.018965
0.019940
0.019534
0.020146
0.020468
0.023227
0.047323
0.020789
0.047631
0.020421
0.021490
0.020784
0.019699
0.021030
0.029796
0.024031
0.018589
0.020573
0.021254
0.020440
0.028593
0.019949
0.018471
0.018853
0.020240
0.018863
0.019094
0.018420
0.019104
0.039072
0.036733
0.020155
0.035819
0.019888
0.019359
0.020645
0.020174
0.029899
0.027115
0.018715
0.041116
0.053420
0.019884
0.018899
0.024145
0.019174
0.019007
0.019400
0.047592
0.030207
0.019824
0.019472
0.018312
0.023729
0.021384
0.029850
0.025242
0.023195
0.018919
0.019952
0.018779
0.019079
0.020819
0.019390
0.019539
0.018905
0.019359
0.020963
0.019982
0.036163
0.038231
0.046110
0.018692
0.018732
0.030184
0.020144
0.029991
0.019478
0.018717
0.021034
0.020105
0.021186
0.018997
0.020448
0.019589
0.019994
0.018577
0.019869
0.019431
0.018869
0.019353
0.019309
0.019416
0.020121
0.019624
0.021540
0.018752
0.040230
0.022769
0.018411
0.019227
0.019872
0.018420
0.020018
0.019055
0.019570
0.020511
0.019099
0.020056
0.019442
0.019843
0.038084
0.019431
0.018987
0.020438
0.019219
0.020210
0.019411
0.018698
0.022035
0.018401
0.023040
0.020175
0.018700
0.020412
0.018678
0.028036
0.028445
0.019988
0.018039
0.025371
0.027133
0.031589
0.034561
0.020356
0.018372
0.018181
0.018061
0.018147
0.019763
0.019784
0.021102
0.018335
0.018498
0.018851
0.019544
0.019259
0.041482
0.020377
0.018461
0.018257
0.039041
0.020997
0.019473
0.018895
0.050602
0.019453
0.018546
0.020211
0.018082
0.019294
0.019602
0.020470
0.019938
0.047615
0.019932
0.034914
0.018382
0.018463
0.019417
0.019854
0.019735
0.019869
0.019522
0.019142
0.019655
0.019302
0.019674
0.019360
0.019159
0.047262
0.027446
0.018095
0.018297
0.018573
0.018193
0.019739
0.019639
0.019181
0.019482
0.019441
0.018620
0.020178
0.021181
0.019905
0.019225
0.029692
0.018257
0.020087
0.021566
0.018339
0.023112
0.020308
0.020656
0.020261
0.019790
0.018559
0.019799
0.018256
0.022951
0.040137
0.034922
0.030282
0.018647
0.019128
0.020486
0.029828
0.018206
0.020234
0.018975
0.020691
0.020441
0.019683
0.047206
0.018279
0.019616
0.019989
0.019643
0.045909
0.020071
0.022299
0.019850
0.019961
0.019512
0.021971
0.023617
0.020307
0.019107
0.018661
0.019076
0.026690
0.048335
0.030105
0.019782
0.020109
0.022418
0.020774
0.020243
0.020234
0.019920
0.030605
0.020739
0.043849
0.033817
0.019091
0.018578
0.019296
0.018686
0.039113
0.041057
0.018292
0.039607
0.018369
0.018910
0.027565
0.028326
0.018276
0.019761
0.028298
0.026815
0.028801
0.019486
0.020310
0.019782
0.020994
0.032532
0.020567
0.020324
0.019964
0.019876
0.020401
0.020816
0.020925
0.020230
0.020161
0.019477
0.020160
0.019314
0.019314
0.019679
0.019611
0.019805
0.025538
0.020884
0.020343
0.040295
0.048096
0.018571
0.018644
0.019919
0.020072
0.019342
0.019898
0.019805
0.037329
0.019576
0.019971
0.019773
0.019615
0.020256
0.019807
0.026504
0.029814
0.019675
0.020221
0.020051
0.019795
0.031697
0.038593
0.026214
0.020769
0.023976
0.019249
0.020244
0.019930
0.020126
0.018264
0.027076
0.019407
0.047778
0.018986
0.020191
0.019918
0.037462
0.019774
0.020016
0.020250
0.021899
0.019632
0.029208
0.029302
0.020091
0.047225
0.021768
0.020454
0.032727
0.019125
0.026452
0.021568
0.019762
0.021223
0.047924
0.020080
0.019069
0.029763
0.020998
0.019368
0.018448
0.028496
0.022389
0.018112
0.018833
0.047478
0.019246
0.019562
0.033571
0.023241
0.020261
0.019094
0.020288
0.028108
0.019334
0.047706
0.019162
0.018786
0.047988
0.021932
0.019495
0.020473
0.019533
0.020068
0.020071
0.019047
0.020569
0.020705
0.020281
0.020059
0.020427
0.019649
0.019637
0.019582
0.021305
0.020988
0.020481
0.019799
0.019482
0.019842
0.019434
0.019222
0.019780
0.038342
0.041542
0.019256
0.020805
0.020896
0.020206
0.022074
0.043795
0.019891
0.047157
0.019724
0.020431
0.032316
0.041280
0.038064
0.019011
0.041539
0.024574
0.020057
0.020753
0.020140
0.020041
0.020136
0.019799
0.019716
0.041081
0.019264
0.020310
0.049066
0.019140
0.018485
0.018411
0.022395
0.036605
0.018888
0.019559
0.019823
0.048094
0.043126
0.022881
0.018658
0.030765
0.019805
0.030896
0.018480
0.019810
0.019830
0.019754
0.019689
0.019709
0.018527
0.024499
0.026695
0.019823
0.027451
0.025924
0.020285
0.019937
0.019613
0.020192
0.038722
0.019471
0.020208
0.019902
0.021135
0.019722
0.019052
0.018718
0.018784
0.048504
0.018960
0.018993
0.020666
0.022393
0.020561
0.019594
0.019354
0.022701
0.019226
0.018337
0.019244
0.019437
0.029039
0.042025
0.019184
0.027259
0.019881
0.039502
0.019748
0.019108
0.038314
0.020585
0.047297
0.020201
0.018442
0.025012
0.041799
0.021488
0.035527
0.020903
0.020417
0.019068
0.018492
0.025730
0.020044
0.020518
0.021224
0.020712
0.020539
0.020571
0.020475
0.021917
0.019652
0.018878
0.020375
0.019802
0.020073
0.020390
0.018941
0.018841
0.019732
0.019959
0.020366
0.020350
0.020039
0.018905
0.020391
0.020580
0.019703
0.021219
0.020835
0.020558
0.018647
0.019114
0.018844
0.019851
0.019428
0.024073
0.020454
0.020803
0.031377
0.018188
0.019599
0.018713
0.018364
0.018509
0.018967
0.020082
0.020409
0.019815
0.019794
0.018798
0.018938
0.020724
0.019966
0.023386
0.019867
0.019666
0.019989
0.038517
0.019568
0.018271
0.020164
0.020044
0.020653
0.018826
0.042358
0.019252
0.020043
0.020199
0.021069
0.020430
0.026567
0.020208
0.018674
0.027955
0.019809
0.023406
0.019302
0.030744
0.020853
0.025586
0.020416
0.018392
0.033016
0.018397
0.020321
0.020219
0.019711
0.019877
0.026465
0.020686
0.019992
0.020020
0.020449
0.019813
0.029448
0.018661
0.019161
0.020511
0.029755
0.019148
0.020359
0.020261
0.020196
0.020740
0.020156
0.020208
0.020510
0.021187
0.020405
0.037400
0.020587
0.020186
0.018964
0.019054
0.020462
0.020090
0.020828
0.020644
0.021052
0.020439
0.020811
0.020512
0.020057
0.019093
0.019560
0.020531
0.020221
0.023344
0.026084
0.019231
0.020236
0.019892
0.019287
0.020671
0.021622
0.019028
0.020359
0.019514
0.020026
0.031692
0.020348
0.025795
0.020295
0.019191
0.020355
0.019988
0.019923
0.021562
0.019675
0.029499
0.020248
0.019202
0.020551
0.020498
0.019592
0.019140
0.021850
0.019913
0.021800
0.019820
0.019087
0.020093
0.022660
0.030542
0.019604
0.019955
0.021086
0.020131
0.043289
0.018837
0.019635
0.028442
0.021099
0.020545
0.027161
0.019853
0.020409
0.019852
0.020863
0.028614
0.019834
0.018791
0.026005
0.020205
0.018647
0.020928
0.019271
0.025586
0.019025
0.020441
0.019132
0.019446
0.019813
0.021663
0.020445
0.033997
0.024081
0.026547
0.018818
0.022827
0.019708
0.018863
0.019673
0.019726
0.018526
0.019918
0.018928
0.020367
0.019888
0.018809
0.019431
0.022449
0.019986
0.018990
0.019438
0.020241
0.019568
0.019026
0.019602
0.020430
0.018672
0.018672
0.018980
0.018661
0.019339
0.018709
0.018787
0.020731
0.018935
0.018872
0.018508
0.018780
0.019316
0.019590
0.021231
0.018551
0.018924
0.019522
0.019334
0.018956
0.023259
0.018394
0.019536
0.018827
0.026263
0.019239
0.019601
0.018773
0.020100
0.047871
0.039219
0.018575
0.020125
0.019501
0.019807
0.033095
0.019746
0.018211
0.022975
0.025726
0.019647
0.019573
0.019114
0.029849
0.020599
0.019465
0.020913
0.020294
0.019434
0.019691
0.021328
0.029742
0.020083
0.017945
0.018702
0.025197
0.041067
0.046646
0.018909
0.019409
0.018913
0.019973
0.018759
0.019706
0.019465
0.019113
0.020034
0.019173
0.046858
0.018606
0.019782
0.020106
0.019812
0.019872
0.030003
0.018196
0.019868
0.018862
0.026399
0.019842
0.018985
0.019121
0.042618
0.018997
0.022467
0.019368
0.019649
0.029580
0.018941
0.046070
0.041538
0.034604
0.019963
0.038579
0.019493
0.047534
0.019137
0.020879
0.019180
0.018252
0.019513
0.022496
0.019435
0.028324
0.029271
0.017961
0.030808
0.020073
0.048264
0.038198
0.018679
0.018351
0.019384
0.018718
0.047381
0.017980
0.017972
0.030734
0.044943
0.029002
0.019744
0.020884
0.019811
0.019243
0.019293
0.019428
0.025709
0.026210
0.019428
0.019994
0.019035
0.018868
0.047357
0.019375
0.019503
0.018373
0.019461
0.019047
0.019573
0.023313
0.039444
0.019339
0.018563
0.047333
0.037478
0.017842
0.018225
0.019672
0.019620
0.026025
0.019400
0.018872
0.021385
0.019497
0.019087
0.018433
0.028303
0.018391
0.018476
0.018328
0.019299
0.017919
0.019775
0.019847
0.019968
0.021081
0.019435
0.018340
0.020450
0.019241
0.019620
0.018660
0.018673
0.019150
0.019454
0.018148
0.020289
0.018456
0.018086
0.018640
0.039715
0.019481
0.019198
0.019478
0.019972
0.018784
0.020461
0.018375
0.018690
0.018681
0.018848
0.018647
0.018340
0.019432
0.018479
0.040454
0.019581
0.018348
0.018188
0.019457
0.018639
0.018503
0.018044
0.018189
0.019257
0.019029
0.019537
0.019619
0.020000
0.020014
0.019956
0.031777
0.025423
0.019444
0.019693
0.019546
0.018051
0.019500
0.019689
0.021744
0.018080
0.019919
0.019228
0.020218
0.017993
0.019003
0.018564
0.019380
0.018914
0.018104
0.020165
0.018646
0.019577
0.036993
0.018399
0.018435
0.030401
0.020000
0.019460
0.018871
0.019557
0.018440
0.019121
0.019001
0.018595
0.032180
0.019454
0.018715
0.019400
0.019268
0.018941
0.018351
0.017897
0.019336
0.019779
0.019875
0.019448
0.018957
0.018630
0.020265
0.033421
0.019672
0.019801
0.027449
0.018589
0.018479
0.018322
0.019931
0.019597
0.019986
0.029507
0.018374
0.019179
0.020159
0.020510
0.020090
0.019587
0.018093
0.020240
0.019058
0.018385
0.019914
0.018403
0.018687
0.019424
0.019296
0.018416
0.018398
0.018111
0.018581
0.018672
0.020308
0.021873
0.019382
0.018208
0.019969
0.020541
0.019425
0.020148
0.020151
0.038347
0.019997
0.019880
0.018357
0.019759
0.017962
0.019004
0.019831
0.046094
0.019608
0.018049
0.027307
0.019714
0.019472
0.020050
0.019677
0.019603
0.018660
0.018110
0.035816
0.019119
0.019311
0.019439
0.024567
0.027322
0.019627
0.030541
0.038819
0.019612
0.019062
0.020222
0.019867
0.019399
0.025944
0.020054
0.019104
0.019548
0.022070
0.019462
0.030106
0.020428
0.019492
0.047621
0.019658
0.019584
0.019514
0.030017
0.019091
0.019984
0.018717
0.019157
0.019293
0.019006
0.018958
0.019479
0.019192
0.019342
0.020070
0.019927
0.017841
0.019771
0.018238
0.019581
0.019260
0.018411
0.022410
0.018897
0.018232
0.021877
0.018632
0.019033
0.030038
0.019920
0.019533
0.018747
0.022592
0.020248
0.019094
0.019625
0.020430
0.041132
0.019633
0.018546
0.019703
0.018744
0.019656
0.019703
0.019230
0.018813
0.019966
0.019494
0.019342
0.019414
0.020032
0.019029
0.019830
0.019425
0.019619
0.020199
0.019972
0.019590
0.019918
0.018579
0.025485
0.023861
0.019614
0.032194
0.022332
0.018755
0.018859
0.019384
0.020296
0.020371
0.018096
0.024062
0.017980
0.026837
0.018795
0.018768
0.018748
0.020404
0.020131
0.019486
0.018992
0.019659
0.019978
0.018402
0.019712
0.018585
0.019128
0.020789
0.019384
0.029445
0.019875
0.019771
0.020055
0.019806
0.019467
0.023474
0.020454
0.020180
0.019459
0.019648
0.019539
0.019615
0.018298
0.018380
0.019992
0.019181
0.019323
0.019330
0.019587
0.017993
0.020024
0.020490
0.021149
0.019090
0.020812
0.023381
0.019741
0.020360
0.019888
0.019996
0.020001
0.019426
0.019026
0.022178
0.018555
0.019258
0.019364
0.018957
0.024385
0.018482
0.019578
0.019903
0.019495
0.030258
0.019676
0.020420
0.020124
0.020950
0.020543
0.020354
0.026752
0.020167
0.018764
0.019376
0.020026
0.018842
0.019042
0.019232
0.019730
0.020006
0.018615
0.020222
0.019762
0.021373
0.021313
0.020338
0.019805
0.020574
0.020071
0.020214
0.020480
0.020848
0.021110
0.019026
0.020545
0.020231
0.019853
0.020032
0.024359
0.027900
0.019172
0.019327
0.019668
0.020315
0.019272
0.021191
0.033049
0.027964
0.020144
0.026951
0.019289
0.019731
0.020343
0.019445
0.028565
0.020724
0.022116
0.020202
0.019347
0.020104
0.020423
0.020055
0.020204
0.019315
0.020597
0.019510
0.019717
0.019063
0.020314
0.020729
0.019793
0.019947
0.021257
0.021269
0.023487
0.021271
0.021219
0.019729
0.021879
0.021063
0.020365
0.019444
0.019700
0.019576
0.018625
0.044053
0.020611
0.020478
0.020623
0.021432
0.021648
0.021798
0.021157
0.028442
0.021479
0.021557
0.020149
0.019720
0.020233
0.021960
0.020556
0.020191
0.018839
0.022182
0.020505
0.020053
0.022687
0.019901
0.020228
0.020220
0.020765
0.021103
0.021390
0.021793
0.020717
0.020020
0.021461
0.029617
0.020213
0.021542
0.025300
0.020956
0.019363
0.020507
0.019701
0.020870
0.020821
0.018860
0.021373
0.020814
0.020344
0.020646
0.019785
0.020843
0.020724
0.019984
0.020785
0.020476
0.019529
0.019407
0.019201
0.019440
0.021792
0.019972
0.018988
0.018943
0.020704
0.018899
0.020270
0.018983
0.018808
0.018616
0.020057
0.019100
0.030457
0.028500
0.019074
0.018995
0.018929
0.019008
0.019055
0.018563
0.019766
0.019610
0.019499
0.019426
0.019006
0.020247
0.020533
0.020002
0.020686
0.019936
0.019536
0.026069
0.018895
0.018807
0.020223
0.020250
0.019979
0.020300
0.020232
0.019726
0.019617
0.020037
0.019933
0.020401
0.028567
0.019830
0.020171
0.019572
0.019839
0.019185
0.019945
0.018543
0.019974
0.019938
0.018948
0.019487
0.018466
0.018532
0.019880
0.019602
0.019620
0.018573
0.018636
0.018666
0.019389
0.022849
0.018821
0.019941
0.019641
0.019445
0.020139
0.019475
0.021103
0.019526
0.018483
