0.011422
0.018854
0.020395
0.019926
0.018938
0.019740
0.021472
0.018787
0.019317
0.019696
0.019794
0.025842
0.020950
0.025648
0.026500
0.020122
0.021321
0.028527
0.021067
0.021337
0.019318
0.020584
0.025816
0.020789
0.019764
0.018499
0.018625
0.018432
0.024198
0.020041
0.020079
0.019025
0.019076
0.019373
0.020615
0.020413
0.020534
0.018301
0.019131
0.019597
0.021520
0.021150
0.020428
0.026080
0.025252
0.021148
0.019160
0.021018
0.020690
0.021874
0.019602
0.023760
0.018734
0.018907
0.019730
0.020631
0.019719
0.019841
0.019994
0.031649
0.019626
0.020292
0.020719
0.019775
0.020561
0.020508
0.019757
0.019745
0.019375
0.018993
0.019921
0.018782
0.020275
0.020467
0.021491
0.019704
0.021396
0.019735
0.019773
0.020283
0.020072
0.020727
0.018272
0.020053
0.021821
0.020077
0.035109
0.019618
0.019806
0.019098
0.020471
0.019773
0.019284
0.023459
0.019589
0.021192
0.018132
0.018647
0.026841
0.022524
0.020849
0.018791
0.019797
0.019602
0.024554
0.020984
0.019499
0.020441
0.019181
0.019064
0.019691
0.021735
0.019974
0.020854
0.019731
0.019619
0.019145
0.021987
0.020075
0.019694
0.019205
0.019491
0.020226
0.021219
0.019850
0.019672
0.020405
0.019221
0.019509
0.019159
0.019781
0.019907
0.019020
0.021113
0.020574
0.019525
0.019888
0.020162
0.018559
0.024638
0.025805
0.019900
0.019432
0.019256
0.023291
0.019343
0.025798
0.020009
0.019286
0.020006
0.019216
0.018985
0.018798
0.019427
0.019518
0.018158
0.022173
0.019289
0.046318
0.026386
0.019055
0.025322
0.019503
0.019672
0.018794
0.030182
0.019306
0.019211
0.019998
0.018391
0.019244
0.019503
0.019698
0.030969
0.019080
0.018715
0.019652
0.019770
0.019841
0.019489
0.025068
0.019226
0.019656
0.018410
0.019769
0.019313
0.019090
0.019585
0.019074
0.018203
0.019839
0.018412
0.028464
0.020654
0.025441
0.018505
0.019778
0.019355
0.025361
0.019838
0.030272
0.019047
0.019428
0.019757
0.020455
0.018920
0.019230
0.017909
0.018981
0.022063
0.018332
0.019757
0.020587
0.018536
0.019224
0.020013
0.019654
0.019549
0.019412
0.024771
0.018458
0.021895
0.019396
0.018864
0.018807
0.019002
0.019475
0.018509
0.018977
0.021096
0.020254
0.022119
0.018619
0.018621
0.019949
0.019727
0.018788
0.018575
0.019565
0.020348
0.018477
0.018983
0.018709
0.018844
0.018476
0.019503
0.020970
0.030388
0.019935
0.019845
0.019124
0.019368
0.019897
0.026187
0.018109
0.017905
0.019689
0.019345
0.019298
0.019469
0.018665
0.019571
0.027193
0.029644
0.019182
0.045527
0.047289
0.020825
0.019568
0.046763
0.026509
0.019421
0.031910
0.020864
0.028468
0.019869
0.047350
0.021730
0.019483
0.019754
0.034653
0.018689
0.038590
0.036155
0.022948
0.019853
0.019278
0.018751
0.019373
0.019242
0.019484
0.019317
0.022186
0.019320
0.018928
0.019240
0.018126
0.020627
0.029802
0.029798
0.018464
0.020769
0.018867
0.018847
0.019795
0.020387
0.023697
0.019392
0.018723
0.019835
0.027280
0.022920
0.018235
0.019205
0.018673
0.019807
0.019288
0.027949
0.018604
0.018461
0.019616
0.020516
0.018310
0.018633
0.018960
0.019430
0.019089
0.018874
0.020013
0.019328
0.019363
0.019384
0.019332
0.018715
0.019458
0.018666
0.020024
0.018859
0.019513
0.018752
0.019039
0.018714
0.019795
0.018279
0.019819
0.018906
0.020097
0.019439
0.019125
0.018826
0.020039
0.020114
0.019202
0.020026
0.019490
0.018550
0.019006
0.037353
0.019804
0.020198
0.027777
0.026128
0.019005
0.036112
0.018887
0.018866
0.018590
0.028298
0.038812
0.019620
0.019507
0.023121
0.018411
0.042171
0.020181
0.037411
0.026138
0.019416
0.018879
0.047028
0.043010
0.032464
0.020090
0.018322
0.026884
0.019327
0.019641
0.022370
0.020539
0.019709
0.020127
0.018682
0.018810
0.027570
0.019047
0.020522
0.018264
0.018688
0.018784
0.047374
0.031838
0.019254
0.020071
0.029031
0.019206
0.033009
0.038875
0.047008
0.043949
0.019695
0.019535
0.018574
0.019813
0.019264
0.030623
0.035421
0.027718
0.018794
0.018797
0.019618
0.019348
0.019376
0.019559
0.019494
0.019894
0.037819
0.019602
0.020082
0.019161
0.019248
0.019425
0.018167
0.019733
0.046316
0.019307
0.036796
0.020863
0.019451
0.018948
0.020473
0.020546
0.020732
0.018717
0.022609
0.020150
0.019566
0.019554
0.018198
0.019340
0.019278
0.018394
0.018800
0.020234
0.019694
0.019692
0.019918
0.030098
0.035197
0.034836
0.027320
0.019798
0.027461
0.019819
0.018641
0.019046
0.018961
0.030009
0.018251
0.019550
0.025196
0.030206
0.018780
0.047235
0.019785
0.019427
0.018961
0.048656
0.040682
0.018431
0.018774
0.019148
0.029758
0.021693
0.019719
0.027237
0.033142
0.020487
0.019965
0.020509
0.019054
0.041205
0.019331
0.020294
0.018596
0.020352
0.034891
0.021096
0.019069
0.018802
0.019418
0.020898
0.019216
0.018726
0.018819
0.019835
0.019486
0.019159
0.021744
0.027369
0.019663
0.018517
0.024031
0.024025
0.019578
0.019388
0.019941
0.018582
0.020226
0.037467
0.018759
0.019743
0.018997
0.018445
0.019007
0.018003
0.018954
0.033677
0.018896
0.019278
0.024637
0.018916
0.019813
0.019885
0.018457
0.018336
0.020788
0.019647
0.019486
0.019228
0.019893
0.019835
0.019336
0.028177
0.047072
0.040288
0.020015
0.019292
0.037828
0.022543
0.019899
0.031687
0.043527
0.028219
0.018589
0.032638
0.021385
0.019652
0.021371
0.019868
0.020257
0.019844
0.018266
0.021732
0.019458
0.019177
0.019520
0.018678
0.018500
0.020150
0.022836
0.024273
0.027071
0.019650
0.020154
0.020959
0.026472
0.027602
0.024975
0.032146
0.045723
0.018588
0.027709
0.019514
0.019817
0.018775
0.019199
0.025822
0.029862
0.019807
0.031497
0.039602
0.018914
0.019520
0.019463
0.023227
0.019508
0.020086
0.017872
0.018625
0.018443
0.033324
0.021741
0.025810
0.020250
0.020548
0.020572
0.028208
0.022139
0.025483
0.020203
0.019610
0.018903
0.019164
0.026391
0.019738
0.019107
0.018814
0.018340
0.018359
0.018289
0.018672
0.019625
0.017985
0.019095
0.019258
0.019020
0.018898
0.018603
0.019826
0.019704
0.019047
0.019249
0.019007
0.018577
0.019708
0.018327
0.020021
0.028372
0.020108
0.018467
0.018115
0.018832
0.018748
0.019481
0.018873
0.026882
0.018467
0.019335
0.019439
0.020251
0.018879
0.019889
0.027513
0.018455
0.019306
0.018056
0.019435
0.020029
0.023900
0.019260
0.019840
0.021203
0.019592
0.019909
0.019617
0.018717
0.019799
0.019087
0.018727
0.025151
0.019583
0.020212
0.019791
0.019884
0.019347
0.019272
0.019494
0.019973
0.019461
0.019391
0.018545
0.020038
0.021067
0.024007
0.020141
0.019663
0.017995
0.019795
0.020615
0.018679
0.019556
0.029909
0.019869
0.035239
0.019342
0.019078
0.018536
0.030027
0.019661
0.047865
0.043630
0.025384
0.038570
0.019667
0.032597
0.025281
0.035962
0.045828
0.019357
0.019317
0.019396
0.043190
0.019272
0.044634
0.035825
0.025930
0.047890
0.019582
0.027259
0.047218
0.030429
0.018814
0.019571
0.018903
0.020392
0.040952
0.018241
0.040852
0.027215
0.030351
0.038644
0.038092
0.023240
0.038146
0.024953
0.023772
0.019792
0.025123
0.018839
0.020221
0.047980
0.023085
0.029360
0.023462
0.033548
0.019109
0.024846
0.019471
0.018646
0.026077
0.020617
0.029177
0.025928
0.029271
0.047697
0.019540
0.019267
0.035275
0.025376
0.023190
0.047890
0.019174
0.019561
0.018433
0.018188
0.027196
0.018935
0.038311
0.019864
0.019538
0.033706
0.034270
0.043993
0.022155
0.033644
0.020138
0.036455
0.019025
0.019931
0.027381
0.019286
0.021593
0.047510
0.019531
0.021437
0.023054
0.018855
0.019384
0.025746
0.018180
0.021099
0.036909
0.047793
0.034642
0.022805
0.019650
0.019939
0.047893
0.019332
0.019250
0.058257
0.042891
0.022010
0.019520
0.031472
0.032973
0.037725
0.029992
0.020153
0.019092
0.018954
0.020290
0.018755
0.019477
0.022877
0.019900
0.024829
0.019307
0.020250
0.023997
0.019777
0.019022
0.017900
0.017937
0.020369
0.017863
0.029149
0.018029
0.019181
0.031951
0.042379
0.043700
0.031214
0.018874
0.018881
0.038851
0.018548
0.019502
0.024071
0.020313
0.027799
0.018551
0.019821
0.028297
0.029773
0.019616
0.040502
0.019642
0.018744
0.023788
0.019737
0.025537
0.027354
0.028924
0.023416
0.019802
0.019090
0.018873
0.041782
0.029100
0.019280
0.019034
0.018337
0.019301
0.018246
0.018614
0.030520
0.019598
0.018305
0.019766
0.017989
0.019264
0.018323
0.022940
0.039423
0.018550
0.018562
0.019884
0.019746
0.018936
0.021539
0.022469
0.019665
0.020652
0.026599
0.020204
0.047312
0.019316
0.018327
0.019397
0.019065
0.020505
0.018491
0.018560
0.019795
0.026858
0.048008
0.023291
0.023419
0.019162
0.020917
0.048391
0.019411
0.018316
0.018715
0.018986
0.019753
0.022668
0.019121
0.019260
0.025229
0.027486
0.019040
0.041364
0.023205
0.032183
0.019304
0.019365
0.019220
0.019030
0.021260
0.038519
0.020276
0.029028
0.022665
0.018058
0.018358
0.018887
0.018800
0.037544
0.022923
0.019297
0.019557
0.018790
0.027588
0.042577
0.025300
0.019459
0.018733
0.026887
0.026537
0.026449
0.019471
0.019820
0.019051
0.019741
0.019124
0.023241
0.019845
0.033955
0.020543
0.019353
0.026114
0.019565
0.019939
0.020381
0.019773
0.019570
0.020130
0.019529
0.024600
0.018659
0.019652
0.019408
0.019344
0.019500
0.018846
0.019591
0.019123
0.019682
0.018550
0.027320
0.020161
0.030187
0.019935
0.021210
0.019781
0.019117
0.027663
0.018466
0.020041
0.019417
0.018906
0.019478
0.019585
0.018495
0.019271
0.034660
0.027165
0.022059
0.018313
0.020393
0.019373
0.024245
0.020039
0.019619
0.018858
0.019669
0.019077
0.019471
0.034092
0.019575
0.019111
0.019790
0.047147
0.018935
0.019930
0.019526
0.031299
0.019771
0.019966
0.026225
0.020114
0.039097
0.019477
0.030415
0.018328
0.019689
0.018392
0.020106
0.020071
0.029956
0.017912
0.019646
0.018816
0.019980
0.023692
0.019610
0.026210
0.029178
0.019965
0.018507
0.030066
0.019519
0.019229
0.018330
0.019385
0.018279
0.019315
0.018589
0.018807
0.024608
0.025879
0.019620
0.020276
0.018750
0.019889
0.018511
0.018318
0.022892
0.022525
0.019158
0.019300
0.038670
0.019778
0.018092
0.018779
0.029546
0.019750
0.019493
0.018360
0.019372
0.019956
0.019912
0.033325
0.018886
0.019883
0.019765
0.019983
0.018557
0.027414
0.018719
0.019453
0.018459
0.019309
0.019817
0.019521
0.019693
0.020940
0.019480
0.047143
0.018554
0.018654
0.027855
0.026303
0.018285
0.020088
0.018720
0.019758
0.018510
0.019206
0.023578
0.019575
0.019292
0.018634
0.019679
0.018201
0.043658
0.019521
0.019348
0.019934
0.025596
0.020343
0.021035
0.019378
0.019158
0.019635
0.020081
0.018220
0.018486
0.028652
0.019213
0.019409
0.018449
0.019301
0.025915
0.018962
0.018035
0.018617
0.018473
0.019028
0.019379
0.019193
0.033250
0.020633
0.018433
0.018508
0.019171
0.019494
0.018863
0.028213
0.019841
0.019268
0.018473
0.019693
0.020459
0.019779
0.038485
0.020050
0.019794
0.020598
0.029560
0.019062
0.019896
0.019503
0.032144
0.019269
0.019678
0.028825
0.017993
0.019080
0.017914
0.018604
0.029626
0.018194
0.026151
0.019060
0.019367
0.019028
0.023730
0.019297
0.017941
0.019272
0.019721
0.026043
0.021008
0.018315
0.027404
0.019223
0.019190
0.019202
0.018135
0.028795
0.030041
0.051262
0.019276
0.020102
0.039927
0.020355
0.019150
0.020236
0.018618
0.020127
0.019360
0.019300
0.018248
0.028646
0.019293
0.019111
0.028738
0.018198
0.019203
0.017941
0.019319
0.019167
0.019572
0.019480
0.036456
0.024756
0.018822
0.035156
0.019489
0.019341
0.028086
0.018789
0.018997
0.027328
0.019420
0.018277
0.020525
0.019662
0.018713
0.019775
0.020141
0.028026
0.021173
0.020729
0.020266
0.019516
0.019796
0.022933
0.020916
0.019401
0.019668
0.019542
0.023386
0.019780
0.020102
0.019429
0.017927
0.024505
0.019259
0.019516
0.019544
0.018669
0.019252
0.020270
0.020078
0.018019
0.022716
0.027292
0.019471
0.037820
0.018692
0.018722
0.019174
0.019252
0.018958
0.019295
0.018527
0.025078
0.021199
0.020277
0.021096
0.021727
0.021501
0.021061
0.020335
0.019450
0.018998
0.021847
0.042756
0.020459
0.019908
0.021060
0.019752
0.020251
0.019266
0.020772
0.022104
0.020178
0.019000
0.020679
0.020248
0.028506
0.019740
0.019418
0.019224
0.029071
0.018792
0.019532
0.019106
0.020739
0.019034
0.019570
0.019610
0.020202
0.019331
0.019845
0.018858
0.018515
0.034271
0.020050
0.019764
0.019773
0.018874
0.018228
0.027195
0.019318
0.020257
0.036924
0.025341
0.018521
0.019114
0.019009
0.025954
0.022045
0.018424
0.023940
0.019574
0.029266
0.018491
0.018960
0.019015
0.019000
0.026846
0.026955
0.019748
0.019392
0.018822
0.019581
0.019466
0.038921
0.020364
0.019475
0.019853
0.019449
0.037199
0.018839
0.019839
0.020037
0.020840
0.019869
0.029343
0.019595
0.029713
0.018757
0.026538
0.035604
0.019982
0.019140
0.019623
0.019436
0.019464
0.019336
0.025569
0.019545
0.019025
0.019850
0.019500
0.033864
0.026726
0.019368
0.027731
0.019366
0.025085
0.020343
0.028458
0.019366
0.018184
0.018687
0.020510
0.039054
0.024395
0.022959
0.021473
0.020451
0.019098
0.027296
0.018873
0.051527
0.018485
0.021559
0.019557
0.017953
0.037091
0.019498
0.041348
0.019984
0.025838
0.019635
0.023523
0.019630
0.020082
0.036420
0.019283
0.018947
0.019499
0.028950
0.021497
0.021683
0.019272
0.019975
0.019431
0.019489
0.018681
0.018073
0.019429
0.018780
0.019141
0.038498
0.020023
0.025659
0.019364
0.019238
0.018883
0.019398
0.019643
0.019741
0.043253
0.019618
0.024445
0.020063
0.019773
0.019112
0.019596
0.018366
0.019450
0.018267
0.019264
0.024404
0.019414
0.019455
0.019946
0.018306
0.019961
0.018675
0.019355
0.029378
0.019595
0.019388
0.018891
0.019265
0.035312
0.019302
0.024023
0.017863
0.019675
0.032564
0.019076
0.020039
0.027858
0.018757
0.018926
0.019840
0.018842
0.020061
0.027606
0.024863
0.019917
0.019553
0.019716
0.032917
0.018329
0.024705
0.019379
0.018679
0.019173
0.020757
0.018907
0.019888
0.023937
0.028131
0.022850
0.019204
0.018393
0.026781
0.018714
0.031761
0.019367
0.019107
0.029395
0.019467
0.019179
0.026420
0.018943
0.018885
0.020599
0.028720
0.030680
0.019634
0.018556
0.027417
0.029426
0.019450
0.019456
0.021027
0.019400
0.028034
0.018910
0.019725
0.032864
0.019797
0.028002
0.019618
0.019049
0.019074
0.028450
0.044331
0.034784
0.021590
0.019721
0.025784
0.026980
0.019443
0.019621
0.027721
0.018558
0.036854
0.018091
0.019248
0.018159
0.022130
0.019933
0.019777
0.019798
0.018686
0.019596
0.019994
0.019652
0.019543
0.020204
0.019146
0.038062
0.019005
0.018170
0.019381
0.019835
0.026129
0.019243
0.039139
0.019929
0.018880
0.020229
0.019610
0.019798
0.018149
0.039557
0.019808
0.019625
0.018986
0.019352
0.018984
0.020299
0.018983
0.020267
0.019724
0.019189
0.019617
0.025635
0.019149
0.020287
0.018558
0.019206
0.019972
0.018399
0.019902
0.019776
0.019317
0.018409
0.018879
0.020298
0.018457
0.019986
0.042627
0.039461
0.049769
0.024746
0.021896
0.018828
0.019584
0.019858
0.017937
0.020201
0.022290
0.019407
0.030932
0.026615
0.019859
0.019392
0.019545
0.020268
0.019127
0.024380
0.018160
0.018179
0.019184
0.019174
0.019958
0.019008
0.020454
0.018361
0.018903
0.019798
0.018505
0.019260
0.019570
0.023145
0.019753
0.024384
0.030930
0.019854
0.021603
0.019428
0.019073
0.021432
0.021757
0.027146
0.017867
0.018336
0.047646
0.022961
0.019779
0.020062
0.018371
0.018795
0.019368
0.018736
0.021184
0.019263
0.019986
0.030339
0.019584
0.027091
0.022130
0.021112
0.029273
0.019872
0.019246
0.018784
0.022074
0.019795
0.019773
0.021164
0.018670
0.023324
0.020008
0.018637
0.020187
0.018910
0.018764
0.021655
0.019837
0.018326
0.019373
0.019352
0.019692
0.020817
0.018384
0.019767
0.029580
0.019619
0.027726
0.019988
0.018259
0.019328
0.018131
0.019470
0.018798
0.019219
0.018993
0.028656
0.019473
0.029381
0.023805
0.045578
0.019993
0.020303
0.019732
0.019651
0.019200
0.019872
0.018625
0.023588
0.023028
0.019859
0.019980
0.025078
0.021533
0.019209
0.019752
0.026637
0.026501
0.019439
0.019783
0.019712
0.020324
0.019153
0.019607
0.019515
0.018522
0.019534
0.020491
0.020434
0.019278
0.019108
0.025313
0.021572
0.020066
0.019494
0.019890
0.018795
0.019080
0.019303
0.018857
0.023975
0.022502
0.018179
0.021129
0.020309
0.020225
0.019853
0.026920
0.019676
0.019460
0.018504
0.019532
0.021009
0.025298
0.019330
0.019272
0.019874
0.019588
0.021245
0.019687
0.018668
0.020039
0.018477
0.019731
0.022011
0.018075
0.025152
0.018843
0.019029
0.018838
0.018220
0.019517
0.019041
0.020226
0.019381
0.026055
0.019925
0.018903
0.026851
0.047935
0.019292
0.020075
0.018250
0.018677
0.020320
0.018357
0.020010
0.032481
0.024008
0.018121
0.018054
0.017882
0.020887
0.021064
0.023336
0.019655
0.020064
0.019992
0.026533
0.018609
0.023998
0.019144
0.020350
0.018614
0.019901
0.019698
0.018205
0.019711
0.020301
0.019487
0.020598
0.019472
0.019889
0.019496
0.018910
0.029473
0.019360
0.020136
0.020855
0.018750
0.020273
0.020347
0.025322
0.019992
0.020071
0.025299
0.023757
0.020381
0.020866
0.019467
0.023841
0.018523
0.019634
0.019550
0.019258
0.036716
0.019845
0.019198
0.019328
0.025951
0.020566
0.019392
0.019414
0.019384
0.019708
0.018505
0.019848
0.019463
0.019803
0.020245
0.025698
0.018058
0.020009
0.021401
0.030127
0.019014
0.019410
0.020381
0.020200
0.020337
0.026588
0.020409
0.040484
0.019505
0.020147
0.019005
0.018066
0.019679
0.018253
0.019297
0.027962
0.023317
0.017974
0.018856
0.020253
0.019516
0.019705
0.019710
0.020777
0.019163
0.019536
0.018358
0.019531
0.019621
0.019370
0.019543
0.019692
0.019551
0.021544
0.024672
0.025241
0.025808
0.024023
0.026128
0.045522
0.036436
0.024645
0.024658
0.025509
0.024557
0.038123
0.024580
0.024434
0.034885
0.031133
0.026109
0.030025
0.025453
0.025242
0.024786
0.026074
0.026273
0.025737
0.027117
0.026515
0.026913
0.028192
0.027315
0.026292
0.037333
0.025390
0.026684
0.027903
0.028851
0.027047
0.036804
0.027769
0.027525
0.027653
0.027358
0.025019
0.024041
0.023087
0.020117
0.019471
0.018078
0.020600
0.018881
0.023309
0.020894
0.020013
0.019468
0.019100
0.018918
0.019224
0.024840
0.019388
0.018337
0.019327
0.019282
0.020231
0.018422
0.018234
0.019151
0.019782
0.019504
0.023099
0.037579
0.018986
0.020539
0.018795
0.017903
0.019219
0.025671
0.018694
0.026422
0.018569
0.020056
0.020155
0.032937
0.025980
0.033454
0.019438
0.037165
0.019579
0.019397
0.019453
0.019067
0.019578
0.019676
0.018743
0.019481
0.018430
0.019975
0.028632
0.021745
0.019261
0.019580
0.019196
0.018153
0.018532
0.019786
0.021344
0.018795
0.018400
0.038752
0.019090
0.032714
0.019665
0.018189
0.024184
0.020228
0.035484
0.020184
0.019001
0.019064
0.020803
0.018499
0.031230
0.019097
0.019532
0.018785
0.019857
0.019472
0.022611
0.019441
0.020245
0.019555
0.023104
0.018346
0.025161
0.018475
0.019337
0.026504
0.024709
0.019674
0.024833
0.023381
0.019163
0.020111
0.044878
0.028707
0.027666
0.018781
0.027647
0.030965
0.022800
0.019247
0.019973
0.018540
0.020367
0.018802
0.018581
0.019480
0.018591
0.018256
0.019786
0.018660
0.021013
0.019604
0.019429
0.019016
0.019018
0.023023
0.021042
0.018173
0.023450
0.019402
0.019425
0.020196
0.020061
0.019732
0.019421
0.019974
0.020274
0.019542
0.019209
0.019609
0.018272
0.019434
0.019437
0.019342
0.019702
0.020252
0.020418
0.019652
0.019592
0.028201
0.019287
0.019945
0.019455
0.019731
0.018685
0.018481
0.018931
0.019538
0.022760
0.018720
0.019458
0.027008
0.019011
0.019513
0.019197
0.019509
0.019305
0.018928
0.023235
0.020025
0.018553
0.018658
0.019194
0.022381
0.029152
0.026120
0.019280
0.020271
0.026719
0.019287
0.019661
0.023996
0.019238
0.018028
0.018192
0.019350
0.020267
0.040610
0.019522
0.019862
0.024764
0.019635
0.020213
0.019257
0.019516
0.019498
0.020041
0.018370
0.019872
0.019936
0.018574
0.019605
0.019373
0.019582
0.019132
0.019223
0.018981
0.023687
0.020697
0.019881
0.022200
0.018060
0.017727
0.019593
0.019279
0.019815
0.019563
0.018934
0.019028
0.019448
0.020461
0.019741
0.020114
0.020280
0.019460
0.019970
0.038260
0.019780
0.022423
0.022405
0.019395
0.018516
0.048942
0.019380
0.019153
0.019469
0.020748
0.018832
0.018630
0.018899
0.026548
0.019874
0.018838
0.018329
0.019957
0.019410
0.018948
0.018746
0.018830
0.018945
0.018978
0.019845
0.019184
0.020076
0.029569
0.019608
0.019549
0.019626
0.019128
0.018903
0.020387
0.020032
0.019431
0.043874
0.019697
0.020933
0.019614
0.020487
0.019487
0.029698
0.019918
0.019056
0.018069
0.019673
0.020068
0.020289
0.019871
0.020123
0.018444
0.018410
0.019714
0.019585
0.019882
0.029493
0.019785
0.025428
0.020004
0.019914
0.020017
0.019622
0.019808
0.019722
0.019903
0.019920
0.020363
0.019819
0.027519
0.020629
0.020736
0.018782
0.019960
0.020217
0.019500
0.020726
0.018769
0.018520
0.019247
0.031605
0.019997
0.020120
0.020697
0.018218
0.019808
0.022711
0.019781
0.019208
0.018721
0.019499
0.020240
0.019519
0.019631
0.018939
0.019027
0.018763
0.019225
0.019373
0.018029
0.022541
0.019478
0.018802
0.018185
0.029091
0.019114
0.019617
0.019653
0.018431
0.019883
0.025826
0.019209
0.019186
0.032570
0.021496
0.027642
0.019811
0.028193
0.030402
0.018601
0.018330
0.020058
0.020236
0.026410
0.018443
0.018723
0.019080
0.018958
0.020680
0.018070
0.018994
0.018543
0.029727
0.018389
0.019578
0.019128
0.028642
0.019368
0.026026
0.020491
0.018458
0.023936
0.019857
0.020388
0.019524
0.019974
0.018371
0.033450
0.022433
0.019916
0.035932
0.019622
0.020533
0.019438
0.019902
0.018325
0.018309
0.018734
0.019170
0.021267
0.036504
0.025678
0.019028
0.018744
0.018093
0.018541
0.021793
0.020145
0.018451
0.018418
0.020577
0.019813
0.019303
0.018952
0.019631
0.018910
0.022823
0.018593
0.019624
0.026461
0.023788
0.019743
0.019608
0.020066
0.019770
0.019582
0.018855
0.021588
0.019988
0.029106
0.019682
0.019792
0.018310
0.025832
0.020683
0.019235
0.035431
0.019628
0.023753
0.025922
0.025585
0.018774
0.019209
0.019985
0.019327
0.019165
0.019266
0.018901
0.019553
0.027377
0.019401
0.018385
0.019518
0.017904
0.018023
0.023120
0.019910
0.019509
0.022360
0.024111
0.020303
0.022592
0.019448
0.019468
0.026651
0.019225
0.020188
0.021439
0.036047
0.028917
0.019792
0.018901
0.026327
0.020414
0.018915
0.018977
0.019963
0.028721
0.033626
0.017977
0.018497
0.019528
0.018524
0.029411
0.019634
0.019532
0.036554
0.017973
0.030462
0.019520
0.033465
0.020185
0.020253
0.019499
0.019266
0.023729
0.019162
0.019108
0.024306
0.029244
0.019554
0.018626
0.019464
0.020538
0.018728
0.019677
0.037575
0.020720
0.019805
0.026310
0.019797
0.020077
0.019679
0.019699
0.019455
0.020261
0.024018
0.025282
0.025823
0.024728
0.029829
0.019501
0.019075
0.019724
0.031633
0.018807
0.018549
0.020026
0.019073
0.018335
0.028323
0.025935
0.019329
0.019655
0.019530
0.018566
0.020656
0.019434
0.019596
0.022277
0.021151
0.019776
0.045343
0.021807
0.021779
0.019693
0.020435
0.037757
0.018390
0.027145
0.022756
0.019188
0.019711
0.018727
0.019263
0.019048
0.037225
0.034489
0.040547
0.020454
0.025461
0.020383
0.034785
0.019401
0.038031
0.022444
0.023709
0.025853
0.023509
0.027491
0.024237
0.018336
0.023965
0.027942
0.019979
0.025301
0.017859
0.018750
0.019809
0.019902
0.021599
0.020712
0.020361
0.019868
0.020203
0.020373
0.019407
0.021189
0.019107
0.019265
0.022246
0.019401
0.018197
0.031384
0.025125
0.026278
0.019880
0.030343
0.020045
0.019095
0.022574
0.037208
0.019298
0.018651
0.026753
0.029790
0.018330
0.018410
0.019065
0.025809
0.034350
0.030990
0.018348
0.024933
0.019604
0.030353
0.018365
0.019081
0.019450
0.018668
0.019855
0.023155
0.020074
0.032522
0.018530
0.026743
0.019119
0.022663
0.020816
0.019920
0.019694
0.018051
0.018955
0.034293
0.017919
0.019233
0.019382
0.026303
0.019412
0.019032
0.019666
0.019717
0.019978
0.018282
0.029648
0.019350
0.022967
0.019098
0.020102
0.019561
0.020414
0.018046
0.020628
0.019463
0.020131
0.019125
0.025451
0.024213
0.019363
0.019541
0.019600
0.019441
0.018510
0.020034
0.019732
0.018818
0.018236
0.019349
0.018654
0.019371
0.018083
0.025295
0.025332
0.018969
0.019800
0.018754
0.019183
0.018752
0.019297
0.018874
0.018947
0.018919
0.018817
0.019731
0.018804
0.019348
0.018006
0.020231
0.018840
0.020404
0.019722
0.020107
0.027506
0.019315
0.019103
0.034053
0.021844
0.018990
0.018567
0.019582
0.020678
0.019686
0.019022
0.018164
0.019931
0.026970
0.023070
0.028160
0.020170
0.019738
0.019448
0.019266
0.027903
0.018991
0.047291
0.028130
0.018631
0.017834
0.023117
0.033403
0.030684
0.022537
0.020434
0.019681
0.020044
0.020816
0.020961
0.019683
0.029590
0.027211
0.020047
0.018877
0.018995
0.019839
0.022350
0.020090
0.020014
0.020003
0.019667
0.037819
0.018306
0.018564
0.020477
0.019534
0.019357
0.019414
0.017778
0.021038
0.017715
0.018012
0.019932
0.019104
0.018291
0.017871
0.019267
0.025326
0.019190
0.028627
0.019373
0.018975
0.020191
0.023593
0.038347
0.018296
0.027371
0.018267
0.018128
0.022618
0.018390
0.019417
0.019099
0.023723
0.019266
0.019422
0.019535
0.019641
0.018408
0.018583
0.018952
0.019368
0.024401
0.020088
0.019231
0.018253
0.023911
0.019685
0.019187
0.018640
0.018862
0.018178
0.018842
0.018603
0.017992
0.020033
0.018028
0.019666
0.018767
0.017797
0.019240
0.018875
0.020155
0.022924
0.019561
0.019163
0.024906
0.019927
0.018975
0.018976
0.019495
0.018779
0.020142
0.026787
0.018159
0.021960
0.019085
0.018086
0.019570
0.018323
0.018184
0.018877
0.025865
0.018355
0.023879
0.018952
0.018759
0.020127
0.020757
0.018594
0.018873
0.021427
0.018492
0.018956
0.018805
0.019884
0.018738
0.031276
0.018263
0.030160
0.020116
0.019286
0.019890
0.019383
0.020571
0.019154
0.018665
0.018348
0.018152
0.019375
0.020002
0.018428
0.023236
0.019022
0.021421
0.029280
0.029306
0.018571
0.028683
0.023546
0.019427
0.018739
0.022022
0.019174
0.019873
0.018545
0.019750
0.024541
0.018253
0.017761
0.018603
0.019357
0.018683
0.018063
0.018307
0.018733
0.018242
0.022211
0.019243
0.018632
0.019161
0.019380
0.019935
0.018582
0.019323
0.018063
0.022437
0.021775
0.018736
0.020195
0.019098
0.019547
0.018970
0.022548
0.019606
0.019415
0.018971
0.018835
0.019903
0.020045
0.020007
0.018034
0.019498
0.018403
0.019139
0.019427
0.029660
0.033235
0.019238
0.019371
0.041083
0.018462
0.018527
0.019720
0.021908
0.019469
0.019479
0.018337
0.018287
0.020227
0.019635
0.019634
0.030130
0.019911
0.019737
0.018914
0.018217
0.018988
0.020369
0.018475
0.018603
0.019584
0.020102
0.018116
0.045971
0.020185
0.019603
0.019873
0.018572
0.018314
0.018908
0.019332
0.019467
0.019016
0.018825
0.029721
0.019595
0.018174
0.018488
0.019608
0.019437
0.019132
0.025332
0.025843
0.027874
0.018006
0.035523
0.019758
0.019454
0.027789
0.025142
0.019130
0.018031
0.019561
0.018357
0.036725
0.018454
0.018996
0.031687
0.018298
0.019725
0.019279
0.019685
0.019612
0.018801
0.019544
0.029782
0.019271
0.018428
0.018939
0.019059
0.023362
0.019870
0.020037
0.019938
0.023545
0.019632
0.027988
0.019165
0.018246
0.019447
0.019075
0.029790
0.019228
0.024394
0.018917
0.019504
0.018045
0.018098
0.019110
0.018325
0.020205
0.027154
0.035327
0.019511
0.018892
0.019819
0.019626
0.018952
0.018303
0.019214
0.020445
0.020675
0.020058
0.019375
0.019625
0.019347
0.019337
0.019178
0.019744
0.021385
0.019275
0.018521
0.020107
0.018765
0.022799
0.018756
0.019004
0.028629
0.019106
0.020219
0.019181
0.019363
0.019477
0.018808
0.019404
0.026025
0.028579
0.018843
0.025344
0.034676
0.020428
0.019291
0.029690
0.019007
0.019179
0.019911
0.019922
0.020404
0.018854
0.019249
0.018982
0.020141
0.018780
0.019072
0.019159
0.019886
0.018161
0.018582
0.019789
0.018633
0.020176
0.023280
0.019364
0.021670
0.020195
0.019864
0.018092
0.019062
0.019250
0.028734
0.020967
0.020992
0.019504
0.019655
0.019573
0.019273
0.018184
0.020669
0.021135
0.019239
0.018161
0.018567
0.018475
0.018446
0.019807
0.019296
0.019337
0.018917
0.018716
0.019321
0.019599
0.020056
0.018071
0.019833
0.018792
0.019217
0.049102
0.019952
0.033309
0.018493
0.020864
0.018070
0.017908
0.028170
0.025894
0.024162
0.019728
0.019269
0.047973
0.018275
0.019979
0.018338
0.019782
0.018702
0.019400
0.028728
0.019988
0.019326
0.021536
0.019771
0.019389
0.039523
0.019563
0.018146
0.021603
0.018311
0.020313
0.018455
0.030058
0.018069
0.029633
0.018634
0.019087
0.018854
0.018375
0.019480
0.027574
0.021411
0.031668
0.019332
0.019268
0.018844
0.018132
0.020839
0.017853
0.028920
0.020439
0.019962
0.020372
0.019851
0.019513
0.018513
0.025061
0.021088
0.019556
0.019628
0.019662
0.035320
0.024181
0.024398
0.039046
0.021085
0.033005
0.019518
0.018537
0.019408
0.018964
0.020239
0.019831
0.024354
0.020274
0.018667
0.044772
0.018168
0.019219
0.022739
0.018803
0.019448
0.019537
0.019856
0.017917
0.028959
0.019432
0.019691
0.019567
0.019494
0.018582
0.019048
0.025897
0.019381
0.020847
0.018654
0.019537
0.018473
0.020999
0.019532
0.022926
0.018075
0.018552
0.019136
0.020333
0.021179
0.020114
0.030015
0.019947
0.020354
0.019594
0.019563
0.018482
0.020755
0.019513
0.031192
0.019494
0.020486
0.019479
0.019250
0.019438
0.019231
0.028145
0.026830
0.018742
0.019796
0.019730
0.019120
0.018856
0.019629
0.039144
0.019686
0.027075
0.018948
0.019840
0.019995
0.019645
0.018430
0.019681
0.026151
0.019251
0.019111
0.024858
0.025178
0.019403
0.019825
0.024212
0.018104
0.018911
0.018498
0.019177
0.025958
0.026677
0.021755
0.019909
0.018368
0.024884
0.022661
0.019870
0.025898
0.025128
0.026755
0.018266
0.019551
0.019764
0.018732
0.018262
0.019297
0.019552
0.022577
0.019664
0.019935
0.019898
0.019128
0.019368
0.022266
0.024588
0.019810
0.018322
0.019471
0.020786
0.020734
0.020255
0.020009
0.019547
0.018106
0.018401
0.019714
0.018934
0.018693
0.042007
0.021342
0.018750
0.018556
0.020246
0.019530
0.033318
0.027399
0.020704
0.019368
0.019256
0.018422
0.017996
0.019294
0.025110
0.019732
0.018438
0.019438
0.018338
0.019172
0.026801
0.019035
0.023162
0.022620
0.018375
0.018103
0.019163
0.018639
0.019376
0.020070
0.018398
0.019385
0.018139
0.019990
0.020035
0.031006
0.019393
0.019429
0.020950
0.019441
0.019224
0.039224
0.025736
0.018601
0.019333
0.020654
0.019692
0.018707
0.018494
0.020154
0.019312
0.025038
0.032957
0.019066
0.026022
0.018725
0.019157
0.019673
0.019697
0.020554
0.018726
0.018178
0.027706
0.019751
0.020340
0.027765
0.018081
0.020757
0.018274
0.020201
0.020003
0.034041
0.023234
0.017944
0.019283
0.017938
0.018707
0.019636
0.019212
0.019816
0.018926
0.019473
0.019938
0.030046
0.018195
0.018077
0.020667
0.027586
0.018397
0.020441
0.018655
0.018937
0.019874
0.019394
0.018635
0.018889
0.023427
0.029658
0.019364
0.018260
0.019524
0.019445
0.025154
0.018370
0.019613
0.029271
0.034253
0.039236
0.019392
0.019480
0.020402
0.019940
0.019395
0.018174
0.029826
0.020456
0.019573
0.030013
0.018395
0.027898
0.018343
0.018234
0.031747
0.028568
0.019710
0.018891
0.019024
0.026606
0.026889
0.024680
0.019695
0.028086
0.020316
0.019969
0.027671
0.021414
0.018228
0.018532
0.019551
0.021198
0.022213
0.018139
0.021598
0.019574
0.020190
0.020061
0.019902
0.018393
0.019223
0.019733
0.020679
0.019048
0.020219
0.022908
0.020227
0.018252
0.019564
0.028277
0.025930
0.019816
0.022479
0.022741
0.018281
0.023236
0.018634
0.020172
0.027754
0.038609
0.023813
0.018142
0.019405
0.019850
0.019426
0.029944
0.019786
0.027692
0.019067
0.018263
0.018798
0.019273
0.018825
0.020186
0.020550
0.019591
0.026819
0.027299
0.018761
0.018183
0.018122
0.018099
0.019894
0.022013
0.018585
0.021046
0.020166
0.023314
0.019260
0.036857
0.020838
0.018232
0.021083
0.018462
0.020009
0.018195
0.020208
0.021878
0.020847
0.020429
0.018835
0.036267
0.027442
0.019393
0.019006
0.019601
0.018900
0.026561
0.018233
0.019145
0.019416
0.024882
0.027366
0.020201
0.019340
0.020038
0.018936
0.019174
0.019634
0.019431
0.017896
0.018282
0.019435
0.018883
0.029661
0.019824
0.018430
0.030712
0.018436
0.019108
0.031829
0.019018
0.020044
0.019235
0.019266
0.026478
0.029090
0.022573
0.021222
0.019689
0.020194
0.034226
0.018834
0.018772
0.022151
0.017970
0.019232
0.023730
0.020497
0.018852
0.019276
0.019422
0.019021
0.020022
0.026009
0.019402
0.019670
0.018464
0.040770
0.019489
0.020065
0.018937
0.018475
0.019077
0.025246
0.019176
0.041614
0.019899
0.018796
0.028814
0.019212
0.018750
0.024759
0.035769
0.019122
0.019810
0.020676
0.018977
0.019783
0.019945
0.020054
0.039015
0.018719
0.020000
0.019337
0.020547
0.019325
0.020061
0.019489
0.019790
0.018634
0.019350
0.018441
0.018296
0.041703
0.034986
0.019834
0.030612
0.018498
0.018434
0.036258
0.019331
0.018385
0.033313
0.018182
0.038051
0.018024
0.019287
0.017947
0.027189
0.019996
0.021746
0.019650
0.018138
0.018217
0.024449
0.018418
0.029915
0.019632
0.019936
0.020111
0.019495
0.018699
0.024365
0.019751
0.019292
0.018853
0.017925
0.026882
0.018371
0.018634
0.018359
0.019808
0.032796
0.018594
0.018210
0.033911
0.019380
0.026065
0.026999
0.019083
0.029259
0.019124
0.019048
0.018726
0.018752
0.020743
0.020336
0.023840
0.019307
0.024220
0.024289
0.018716
0.018663
0.019455
0.023634
0.020459
0.019904
0.018155
0.019510
0.019827
0.019747
0.017760
0.019618
0.019287
0.019949
0.021517
0.019121
0.018665
0.025309
0.018479
0.019592
0.019219
0.019522
0.021047
0.019221
0.019212
0.019677
0.019660
0.019342
0.019774
0.020890
0.019264
0.018273
0.019536
0.025726
0.019356
0.019021
0.019672
0.019022
0.018768
0.019476
0.017989
0.018994
0.018391
0.019907
0.019860
0.019423
0.018701
0.019017
0.020158
0.019484
0.019039
0.017908
0.018454
0.018890
0.019668
0.018191
0.019461
0.017923
0.018337
0.018455
0.018088
0.018892
0.019907
0.019243
0.020974
0.019232
0.029231
0.019883
0.019861
0.018120
0.018149
0.019349
0.018412
0.018874
0.018452
0.030233
0.019020
0.020250
0.018953
0.020038
0.028314
0.020246
0.018049
0.019129
0.019202
0.018859
0.019581
0.018745
0.018597
0.020135
0.020018
0.019070
0.018970
0.025157
0.019154
0.018274
0.018324
0.019002
0.019545
0.029628
0.019385
0.018478
0.019302
0.018937
0.018119
0.019364
0.019308
0.019036
0.027566
0.019648
0.018744
0.018447
0.029396
0.026883
0.024573
0.019369
0.019621
0.019755
0.018502
0.021943
0.019859
0.027366
0.019298
0.021606
0.017883
0.019059
0.021000
0.019887
0.019309
0.018168
0.019145
0.018351
0.019103
0.019976
0.018958
0.018671
0.018404
0.020110
0.022961
0.018121
0.018021
0.019401
0.019195
0.019376
0.019104
0.019660
0.018801
0.018131
0.018478
0.018789
0.019059
0.018183
0.019092
0.023278
0.020223
0.020098
0.018012
0.018604
0.019261
0.018571
0.018150
0.018197
0.017904
0.019012
0.018140
0.018811
0.020388
0.020562
0.020149
0.020300
0.019108
0.019138
0.019000
0.019442
0.018724
0.019429
0.022284
0.026696
0.021767
0.019238
0.017939
0.032974
0.018789
0.022250
0.018456
0.020366
0.039713
0.018337
0.023698
0.024359
0.026333
0.018255
0.018933
0.027182
0.031282
0.018028
0.018640
0.018493
0.022455
0.019575
0.018753
0.040096
0.025439
0.019904
0.019331
0.021604
0.019165
0.018239
0.020158
0.019245
0.019641
0.018187
0.021481
0.024758
0.018579
0.019644
0.019709
0.017950
0.019178
0.019231
0.018687
0.025486
0.019250
0.022133
0.019393
0.027123
0.020732
0.022389
0.018924
0.018731
0.025350
0.019739
0.020182
0.019389
0.019045
0.019156
0.019860
0.020025
0.025182
0.032961
0.021382
0.026713
0.023893
0.022918
0.025443
0.024258
0.019781
0.019310
0.029054
0.020396
0.019393
0.021215
0.025818
0.024117
0.018073
0.023249
0.019336
0.020637
0.023446
0.025168
0.024549
0.026594
0.026517
0.018998
0.028369
0.018222
0.035249
0.019786
0.019534
0.019488
0.019056
0.023208
0.018100
0.019196
0.019260
0.041217
0.021650
0.018353
0.018559
0.026339
0.019674
0.019424
0.025824
0.020158
0.019508
0.018878
0.020565
0.025301
0.024803
0.025996
0.017716
0.020843
0.027188
0.018795
0.019505
0.019046
0.019168
0.018319
0.020356
0.022238
0.018910
0.018475
0.018564
0.027750
0.017875
0.019996
0.028122
0.018506
0.019059
0.022717
0.018356
0.019000
0.021340
0.020386
0.019105
0.023075
0.019107
0.019467
0.019461
0.020042
0.020224
0.019601
0.024419
0.018622
0.018778
0.019111
0.021795
0.019185
0.021523
0.024093
0.020004
0.020419
0.030303
0.022533
0.027540
0.019526
0.020430
0.024031
0.019347
0.019877
0.019635
0.018859
0.038129
0.019883
0.019076
0.022647
0.018569
0.022767
0.019333
0.029377
0.018881
0.021903
0.018260
0.022337
0.021141
0.021995
0.019599
0.020922
0.029154
0.029981
0.019624
0.021448
0.019119
0.018181
0.024280
0.018623
0.020998
0.026160
0.019106
0.017727
0.030019
0.024564
0.018907
0.018036
0.018520
0.019208
0.019793
0.019668
0.018043
0.029315
0.026670
0.018257
0.018679
0.032224
0.019208
0.019514
0.018439
0.026640
0.020055
0.018134
0.020020
0.019268
0.019560
0.019349
0.018358
0.019166
0.021764
0.030663
0.019125
0.018824
0.019005
0.044919
0.032468
0.024684
0.028239
0.018657
0.018828
0.019375
0.019724
0.022639
0.018481
0.020526
0.019930
0.019534
0.018841
0.018819
0.019633
0.032357
0.018731
0.018544
0.019782
0.018144
0.018065
0.029751
0.018906
0.019881
0.019139
0.018650
0.018977
0.020025
0.019111
0.019429
0.017849
0.019203
0.018899
0.019844
0.020756
0.018576
0.018812
0.018099
0.018415
0.018723
0.019527
0.019291
0.027231
0.021235
0.019343
0.018897
0.018559
0.018107
0.021133
0.029222
0.020005
0.019169
0.019527
0.018662
0.019730
0.019909
0.018892
0.019308
0.020895
0.019564
0.018539
0.019451
0.019834
0.019597
0.019957
0.018555
0.024103
0.022840
0.019478
0.018998
0.019314
0.019556
0.019493
0.030995
0.020510
0.020439
0.019798
0.019227
0.018136
0.018130
0.019110
0.019563
0.019463
0.018615
0.019038
0.018920
0.030582
0.018081
0.019142
0.028549
0.020927
0.018274
0.026254
0.017925
0.025622
0.019053
0.019725
0.020523
0.018425
0.019846
0.019096
0.018209
0.018294
0.019089
0.030358
0.026442
0.024213
0.019356
0.019174
0.022287
0.018326
0.018462
0.019050
0.018806
0.018457
0.020586
0.019234
0.019233
0.020137
0.027709
0.019737
0.018882
0.018339
0.020139
0.018296
0.017750
0.018391
0.018440
0.028922
0.019121
0.018274
0.018417
0.019335
0.020335
0.019474
0.017986
0.019517
0.019098
0.018778
0.017863
0.018737
0.019710
0.018208
0.018259
0.019043
0.019347
0.018695
0.017901
0.018524
0.021881
0.019897
0.019136
0.018192
0.019587
0.019719
0.020250
0.018988
0.023542
0.019001
0.018733
0.028940
0.018928
0.018937
0.019268
0.018060
0.018330
0.019204
0.018457
0.018468
0.017816
0.018588
0.019658
0.018455
0.018425
0.019932
0.018247
0.019027
0.019707
0.018305
0.021328
0.018736
0.032683
0.020212
0.021786
0.018785
0.018311
0.019056
0.018115
0.018446
0.020497
0.018692
0.019407
0.025703
0.020897
0.020624
0.018519
0.019624
0.018139
0.027486
0.019332
0.019062
0.020762
0.019714
0.026635
0.017798
0.019038
0.019106
0.025882
0.018220
0.018111
0.018061
0.018766
0.027858
0.019132
0.021854
0.019659
0.019784
0.018371
0.019140
0.018803
0.019667
0.018234
0.020525
0.018337
0.018219
0.027927
0.019411
0.019550
0.019147
0.018576
0.019199
0.018748
0.018922
0.020917
0.018594
0.019211
0.019561
0.019500
0.019677
0.019592
0.019228
0.018874
0.023102
0.019563
0.019391
0.020747
0.019515
0.019739
0.019209
0.018454
0.019234
0.019244
0.020668
0.017995
0.019232
0.019310
0.018786
0.018747
0.018593
0.019719
0.019877
0.019155
0.019382
0.018953
0.027130
0.018953
0.020537
0.019018
0.020401
0.018852
0.017824
0.020189
0.020706
0.030547
0.019785
0.020166
0.018616
0.020252
0.019567
0.020459
0.027727
0.018799
0.017985
0.027593
0.019175
0.019267
0.032197
0.028191
0.018955
0.018832
0.018468
0.019842
0.018689
0.018258
0.018987
0.018545
0.019307
0.018577
0.019138
0.030559
0.019729
0.019134
0.018817
0.022160
0.018583
0.018075
0.017864
0.019154
0.020950
0.019163
0.019150
0.019470
0.025194
0.026777
0.020038
0.018871
0.031897
0.019254
0.018242
0.018887
0.019025
0.020771
0.017836
0.020393
0.019755
0.021632
0.020109
0.029826
0.019904
0.025740
0.019759
0.019820
0.018238
0.018913
0.019813
0.019324
0.018930
0.019463
0.023982
0.019822
0.018320
0.019652
0.019395
0.018793
0.021349
0.019322
0.022032
0.018783
0.017802
0.019565
0.018558
0.027066
0.024471
0.019203
0.028432
0.027274
0.019900
0.018915
0.019397
0.031471
0.021178
0.018406
0.021492
0.018619
0.029681
0.020088
0.019114
0.020343
0.019439
0.027346
0.020342
0.019426
0.019171
0.018516
0.023630
0.019327
0.027372
0.019625
0.019350
0.019431
0.019401
0.018193
0.018049
0.020219
0.017914
0.019417
0.019576
0.018414
0.019124
0.020542
0.019967
0.019815
0.025317
0.021547
0.020053
0.019750
0.019582
0.019135
0.026811
0.019478
0.018852
0.018341
0.045045
0.020048
0.025201
0.019663
0.020227
0.020490
0.019828
0.019565
0.018921
0.020096
0.019358
0.019712
0.021247
0.019031
0.020211
0.019930
0.018558
0.018626
0.030339
0.018945
0.018285
0.019675
0.021487
0.019430
0.019122
0.029296
0.018868
0.020383
0.019028
0.019857
0.023705
0.019019
0.018396
0.020568
0.019364
0.019665
0.019391
0.018084
0.019426
0.020664
0.028844
0.019002
0.019271
0.019598
0.019699
0.019086
0.019611
0.019460
0.019797
0.020782
0.019562
0.019591
0.023914
0.019390
0.020018
0.017992
0.019335
0.020034
0.019803
0.019039
0.018239
0.020313
0.019298
0.025776
0.019200
0.023251
0.018462
0.019646
0.019385
0.017871
0.023068
0.041096
0.019222
0.018865
0.019195
0.018957
0.018333
0.019463
0.019362
0.019399
0.019914
0.019589
0.019180
0.019394
0.019246
0.020222
0.020016
0.028702
0.027426
0.021769
0.019687
0.018652
0.019859
0.024478
0.019171
0.019680
0.019423
0.018189
0.028559
0.018177
0.019125
0.020299
0.020575
0.019229
0.020272
0.019647
0.019549
0.028989
0.020015
0.019598
0.019450
0.030634
0.020415
0.021009
0.019256
0.018073
0.028436
0.020317
0.022112
0.019817
0.022454
0.042452
0.019939
0.024628
0.025411
0.029849
0.020690
0.037539
0.020522
0.019605
0.029621
0.019097
0.018243
0.023867
0.019781
0.019159
0.020954
0.018805
0.018465
0.022368
0.019324
0.021344
0.018451
0.019509
0.021175
0.020070
0.020075
0.020126
0.019938
0.020597
0.028433
0.019297
0.017951
0.020042
0.019495
0.017913
0.018949
0.019932
0.023605
0.019471
0.019359
0.018103
0.018473
0.019902
0.019692
0.019077
0.019150
0.027239
0.019521
0.021403
0.018761
