0.200506
0.111468
0.022430
0.023020
0.021922
0.022556
0.021861
0.021220
0.020070
0.022038
0.020252
0.021648
0.021120
0.021617
0.021522
0.021587
0.020459
0.022241
0.035762
0.021022
0.030006
0.030634
0.022649
0.022665
0.021785
0.023547
0.022152
0.021144
0.020018
0.024869
0.020951
0.024868
0.022157
0.021498
0.025914
0.023302
0.023985
0.029153
0.031444
0.023170
0.023096
0.022091
0.022399
0.025403
0.021853
0.023437
0.026065
0.021891
0.025651
0.030755
0.027151
0.022627
0.023083
0.022613
0.022725
0.022281
0.022397
0.022462
0.022473
0.022707
0.021597
0.021769
0.021343
0.022666
0.024746
0.023422
0.022976
0.022523
0.023152
0.021773
0.031007
0.024009
0.023064
0.034534
0.029451
0.025718
0.029296
0.022952
0.022341
0.020887
0.020181
0.021233
0.023269
0.024050
0.024652
0.023355
0.020904
0.020808
0.031227
0.020276
0.020447
0.019618
0.020645
0.021357
0.019878
0.020097
0.028037
0.019236
0.021336
0.020957
0.020396
0.020640
0.019604
0.025640
0.022271
0.022108
0.018609
0.020002
0.019638
0.029775
0.021016
0.019048
0.019890
0.020610
0.020560
0.022491
0.021717
0.019287
0.020555
0.018605
0.023174
0.025101
0.019919
0.019626
0.020064
0.019462
0.019217
0.020824
0.019286
0.018877
0.020668
0.019427
0.020916
0.020347
0.024196
0.019856
0.023991
0.018920
0.028200
0.019562
0.019717
0.019749
0.019345
0.019231
0.020524
0.019270
0.019994
0.019757
0.019103
0.020232
0.020025
0.019405
0.019615
0.018023
0.020509
0.024504
0.019968
0.024259
0.022278
0.019165
0.024086
0.019375
0.024191
0.018558
0.019740
0.019842
0.020419
0.020745
0.019517
0.019512
0.020673
0.019994
0.022632
0.024158
0.019823
0.018903
0.019480
0.018604
0.019484
0.020591
0.022034
0.018534
0.018953
0.018360
0.019184
0.019080
0.020218
0.020341
0.020528
0.019540
0.019448
0.029665
0.019864
0.020989
0.019228
0.019761
0.021239
0.018353
0.020106
0.020265
0.030815
0.019584
0.019822
0.019570
0.018916
0.018779
0.020441
0.019349
0.019175
0.036065
0.019750
0.022829
0.020789
0.019716
0.018246
0.019186
0.019442
0.019144
0.019940
0.019491
0.023404
0.019439
0.020478
0.018708
0.026876
0.020016
0.020984
0.019696
0.019169
0.023451
0.019246
0.019795
0.019749
0.019266
0.019892
0.018821
0.020880
0.018964
0.021792
0.027073
0.018518
0.019423
0.019468
0.020663
0.018981
0.021582
0.021145
0.024602
0.027955
0.019185
0.027302
0.020265
0.018682
0.020318
0.018757
0.019117
0.020147
0.028674
0.021633
0.020458
0.020423
0.035883
0.027538
0.023482
0.022897
0.021992
0.020276
0.023436
0.019882
0.026651
0.018501
0.020027
0.019249
0.018810
0.020104
0.019383
0.019927
0.024202
0.020587
0.020528
0.020274
0.019619
0.029951
0.019508
0.022236
0.025219
0.027817
0.019766
0.019200
0.020257
0.020835
0.019241
0.020710
0.019639
0.024360
0.019708
0.019577
0.022002
0.018296
0.020572
0.020055
0.021282
0.024474
0.030091
0.019942
0.019567
0.026065
0.019965
0.019606
0.019411
0.021716
0.018594
0.019756
0.021818
0.019210
0.018556
0.032727
0.019592
0.026502
0.019431
0.019015
0.025752
0.038074
0.026314
0.027927
0.019545
0.019321
0.022790
0.019268
0.020182
0.020127
0.021359
0.028639
0.029849
0.021940
0.020743
0.020340
0.019561
0.018848
0.030671
0.020194
0.023506
0.018688
0.029422
0.020672
0.020805
0.036411
0.025579
0.028074
0.019132
0.019903
0.023578
0.019359
0.021920
0.025909
0.020273
0.019608
0.022419
0.019739
0.023594
0.019024
0.019630
0.019088
0.019757
0.019338
0.022809
0.020330
0.020848
0.030164
0.022002
0.021887
0.021661
0.024547
0.018957
0.022077
0.019153
0.019433
0.020842
0.020399
0.020438
0.019525
0.019262
0.021730
0.025657
0.019836
0.019792
0.019202
0.019717
0.025950
0.026963
0.023305
0.019671
0.029174
0.020427
0.018535
0.019381
0.019530
0.025519
0.020687
0.019083
0.029690
0.019540
0.018468
0.028415
0.018445
0.018346
0.020067
0.019477
0.018935
0.023046
0.018069
0.019523
0.018324
0.024854
0.021470
0.019530
0.019393
0.020982
0.019318
0.019498
0.020517
0.020207
0.019645
0.019957
0.018818
0.022259
0.020170
0.024474
0.019597
0.023672
0.028401
0.025334
0.030029
0.020803
0.021725
0.020092
0.029287
0.018999
0.019286
0.019478
0.022386
0.020621
0.020083
0.018392
0.018945
0.018681
0.022057
0.028213
0.023407
0.019507
0.019776
0.020058
0.026905
0.022171
0.020252
0.019647
0.020260
0.023714
0.019743
0.026827
0.020664
0.019546
0.019879
0.019990
0.020497
0.020087
0.018839
0.019090
0.019748
0.018805
0.020234
0.019472
0.018259
0.020306
0.019092
0.019577
0.021055
0.021172
0.030020
0.028214
0.019027
0.024956
0.028264
0.020664
0.019397
0.021426
0.027882
0.019336
0.025930
0.038593
0.019530
0.019981
0.018779
0.019924
0.021337
0.019695
0.018964
0.020418
0.020450
0.018538
0.018794
0.018976
0.019388
0.018990
0.018766
0.018882
0.020738
0.018342
0.018816
0.023674
0.018832
0.019430
0.020814
0.019289
0.019247
0.019322
0.028224
0.019261
0.019010
0.019376
0.019436
0.018510
0.020320
0.020846
0.027123
0.019810
0.026402
0.019833
0.018708
0.028969
0.020398
0.019833
0.019755
0.019444
0.019926
0.018668
0.018366
0.028382
0.022951
0.019521
0.020078
0.019634
0.019372
0.021971
0.019070
0.019294
0.019644
0.017943
0.019934
0.019813
0.019210
0.019623
0.020268
0.019803
0.019924
0.020188
0.019779
0.019129
0.021424
0.018932
0.019583
0.020577
0.019382
0.024191
0.026337
0.019174
0.026181
0.018932
0.028729
0.019826
0.018909
0.026949
0.024315
0.020776
0.018895
0.028629
0.019989
0.019406
0.023124
0.021292
0.019699
0.020849
0.019738
0.019634
0.022336
0.018516
0.019506
0.020509
0.019345
0.022813
0.019656
0.026701
0.018337
0.020604
0.019971
0.019259
0.020458
0.022196
0.022485
0.037722
0.030865
0.018460
0.021081
0.019801
0.020329
0.019702
0.020398
0.026295
0.018971
0.020107
0.027260
0.032886
0.019967
0.022032
0.019864
0.019571
0.022420
0.027261
0.019861
0.023971
0.019329
0.019701
0.019446
0.020147
0.019199
0.020000
0.021651
0.019519
0.019868
0.023810
0.021290
0.019890
0.019820
0.019134
0.019654
0.020396
0.018938
0.018631
0.020151
0.019163
0.020467
0.020382
0.018792
0.019981
0.020267
0.018300
0.018550
0.021445
0.018913
0.019785
0.027600
0.021059
0.020801
0.020377
0.020417
0.019237
0.019488
0.020771
0.020468
0.020282
0.020516
0.019483
0.019288
0.020067
0.018871
0.023112
0.026771
0.019193
0.019754
0.018482
0.018681
0.019016
0.020835
0.018720
0.026639
0.019340
0.020169
0.020117
0.020379
0.022139
0.019070
0.018616
0.019450
0.019767
0.026807
0.018677
0.024285
0.019980
0.019670
0.019610
0.019990
0.020473
0.029237
0.018787
0.020146
0.018693
0.018945
0.024301
0.021383
0.020351
0.020773
0.019760
0.020364
0.019989
0.019916
0.021653
0.025540
0.018948
0.020104
0.019893
0.019398
0.019637
0.020243
0.019965
0.019258
0.018951
0.019459
0.019476
0.019783
0.019431
0.018792
0.019262
0.023105
0.019900
0.019925
0.021264
0.020594
0.018977
0.019782
0.019309
0.019518
0.023616
0.019856
0.019232
0.018473
0.019960
0.027981
0.020058
0.018994
0.020080
0.019932
0.019563
0.019209
0.019494
0.019541
0.019330
0.020919
0.019314
0.020167
0.021501
0.019706
0.019310
0.021321
0.019997
0.020967
0.018655
0.020015
0.024145
0.019893
0.020586
0.019674
0.019135
0.018843
0.019501
0.019814
0.020057
0.018848
0.018765
0.019953
0.020097
0.019639
0.023471
0.020325
0.019189
0.019262
0.020707
0.019979
0.019433
0.019529
0.020576
0.019881
0.019787
0.019611
0.018894
0.020114
0.018827
0.020575
0.026046
0.019518
0.019865
0.019933
0.019653
0.020189
0.019898
0.022777
0.018755
0.020171
0.019230
0.019819
0.021304
0.031448
0.020956
0.020600
0.020002
0.019238
0.019000
0.019768
0.020299
0.020442
0.019536
0.020287
0.020298
0.019766
0.020592
0.019879
0.020341
0.020008
0.019292
0.019655
0.021658
0.019296
0.020231
0.019326
0.018874
0.019833
0.021250
0.019986
0.020033
0.020410
0.020216
0.019537
0.019963
0.019767
0.020553
0.019690
0.019915
0.020175
0.019899
0.019871
0.019625
0.019742
0.020234
0.019794
0.019810
0.019591
0.020106
0.021252
0.020829
0.020123
0.023591
0.020368
0.020275
0.021104
0.020643
0.020073
0.019681
0.020110
0.019665
0.019257
0.019917
0.020290
0.022880
0.020135
0.020265
0.020059
0.019327
0.020478
0.020403
0.020370
0.020567
0.021710
0.020289
0.019924
0.020512
0.020675
0.020631
0.020152
0.019739
0.020263
0.019197
0.019609
0.020158
0.020750
0.020837
0.019801
0.019956
0.020337
0.020613
0.019924
0.018909
0.023339
0.019273
0.031060
0.019427
0.021024
0.020681
0.021030
0.019995
0.021342
0.019558
0.020671
0.020637
0.020263
0.020388
0.019646
0.020081
0.020634
0.020429
0.020137
0.020163
0.019426
0.019353
0.021725
0.020554
0.018985
0.020991
0.020596
0.020644
0.020693
0.020282
0.020466
0.018996
0.020053
0.020741
0.020525
0.020849
0.020068
0.020506
0.020288
0.020388
0.020354
0.020451
0.019958
0.019725
0.019017
0.019866
0.020872
0.030508
0.020075
0.020988
0.020448
0.020079
0.020674
0.019328
0.019325
0.018980
0.019992
0.021044
0.020404
0.019756
0.019671
0.020548
0.019785
0.020258
0.020452
0.019883
0.020112
0.020247
0.020449
0.021616
0.020654
0.021168
0.026322
0.020335
0.020701
0.019210
0.020408
0.021016
0.020322
0.020114
0.019886
0.019756
0.020835
0.020943
0.030428
0.020152
0.022863
0.026869
0.021182
0.020656
0.020505
0.020514
0.021635
0.020557
0.020317
0.020737
0.021953
0.020986
0.020823
0.020777
0.020828
0.020852
0.021060
0.021001
0.020345
0.020013
0.021072
0.026031
0.019984
0.020850
0.032532
0.020768
0.021047
0.021562
0.049618
0.020719
0.021300
0.020767
0.020198
0.021479
0.021372
0.020944
0.019235
0.031101
0.020123
0.020516
0.020196
0.028951
0.020448
0.025640
0.020623
0.020205
0.021556
0.020209
0.024079
0.021891
0.022527
0.020243
0.021936
0.021140
0.039424
0.019743
0.021017
0.021245
0.025917
0.020830
0.020609
0.021818
0.020321
0.021548
0.020678
0.020522
0.021712
0.026098
0.020166
0.021493
0.020909
0.020601
0.022287
0.027216
0.035079
0.021178
0.022444
0.020512
0.019305
0.026093
0.020221
0.020934
0.021950
0.020974
0.020643
0.020671
0.021081
0.020778
0.020963
0.024434
0.027268
0.021146
0.020941
0.032152
0.020700
0.026037
0.020971
0.020514
0.020497
0.020624
0.020625
0.020749
0.020851
0.021915
0.019679
0.023049
0.020448
0.020468
0.021294
0.026080
0.020470
0.021486
0.020881
0.020429
0.020541
0.028746
0.021392
0.021574
0.021334
0.019771
0.019807
0.021325
0.020914
0.021104
0.019761
0.021269
0.022522
0.025928
0.020428
0.020757
0.020750
0.020676
0.032001
0.021085
0.021226
0.020061
0.027784
0.021303
0.019986
0.025079
0.020240
0.021163
0.031656
0.020762
0.033223
0.022143
0.022975
0.021394
0.020905
0.022634
0.020076
0.021291
0.021262
0.020624
0.022294
0.021666
0.019933
0.020889
0.021331
0.027775
0.029636
0.036890
0.020797
0.022179
0.019809
0.023379
0.022216
0.019682
0.027658
0.040978
0.021418
0.019958
0.020688
0.021126
0.020850
0.033685
0.021751
0.022273
0.022151
0.021859
0.021665
0.020616
0.021386
0.021106
0.046467
0.021262
0.021131
0.021135
0.024157
0.027895
0.021294
0.020578
0.025072
0.024319
0.038018
0.020782
0.020699
0.021478
0.022253
0.021913
0.022718
0.026971
0.021236
0.020959
0.020882
0.020591
0.021839
0.021149
0.020870
0.021601
0.021702
0.020401
0.020041
0.021970
0.030349
0.027498
0.022008
0.020003
0.022281
0.026743
0.022015
0.021762
0.021897
0.022494
0.038775
0.025418
0.020107
0.019750
0.020858
0.020107
0.022302
0.026708
0.021365
0.021304
0.021036
0.022024
0.022093
0.020917
0.022333
0.027171
0.022113
0.021645
0.021633
0.021530
0.020665
0.021663
0.042776
0.020183
0.030361
0.020732
0.020490
0.022769
0.020676
0.022221
0.021046
0.021328
0.025314
0.021530
0.020801
0.024256
0.021814
0.034250
0.035884
0.021368
0.032499
0.020187
0.026101
0.030342
0.021890
0.020142
0.021853
0.026633
0.021804
0.022434
0.028285
0.021323
0.021968
0.021284
0.021587
0.020149
0.021374
0.021571
0.025474
0.022850
0.026307
0.021536
0.021827
0.032023
0.021341
0.020159
0.021350
0.026659
0.026033
0.021203
0.020446
0.021040
0.029741
0.020349
0.020951
0.020466
0.043221
0.022565
0.021614
0.021021
0.021545
0.021468
0.026973
0.020507
0.021432
0.021448
0.021016
0.032328
0.030366
0.020205
0.021681
0.020884
0.022372
0.020269
0.020713
0.025577
0.027714
0.020762
0.020654
0.022183
0.027386
0.021100
0.020464
0.021584
0.021751
0.021814
0.021463
0.020944
0.021449
0.022148
0.021821
0.021542
0.024229
0.024368
0.024963
0.020728
0.021545
0.021773
0.021866
0.022002
0.022800
0.022543
0.021981
0.021960
0.027699
0.022554
0.021300
0.020866
0.021451
0.020595
0.027198
0.022101
0.021118
0.020626
0.021135
0.022870
0.039422
0.021883
0.020824
0.021971
0.022228
0.022339
0.021357
0.021976
0.023054
0.020928
0.022564
0.022311
0.021570
0.020783
0.021456
0.022010
0.021909
0.028755
0.021362
0.021412
0.020329
0.029809
0.045094
0.022429
0.021609
0.021948
0.020515
0.021642
0.021436
0.022088
0.021702
0.021145
0.024070
0.021513
0.021960
0.020365
0.021926
0.029585
0.020404
0.021536
0.022798
0.021619
0.022427
0.020698
0.022900
0.026114
0.021637
0.024926
0.034289
0.022271
0.022455
0.021846
0.021672
0.021095
0.032956
0.022708
0.021563
0.021594
0.021281
0.022240
0.021861
0.022088
0.021738
0.032316
0.036573
0.021802
0.021863
0.021675
0.034841
0.049549
0.020739
0.022249
0.021918
0.020992
0.021109
0.022347
0.021799
0.045561
0.028703
0.027403
0.046662
0.022624
0.038205
0.021272
0.021648
0.021848
0.022095
0.029588
0.022085
0.022721
0.021493
0.022213
0.020348
0.020937
0.021498
0.024079
0.021444
0.025754
0.022267
0.020523
0.040999
0.021430
0.035739
0.021553
0.021706
0.022042
0.031739
0.022102
0.021544
0.021658
0.022667
0.022158
0.021803
0.021867
0.028611
0.021820
0.022758
0.022444
0.021532
0.020938
0.020414
0.022569
0.020747
0.022001
0.027030
0.024701
0.024240
0.021728
0.022871
0.020914
0.028410
0.022075
0.021577
0.021634
0.021909
0.022004
0.021501
0.021094
0.022027
0.030027
0.021527
0.021866
0.040518
0.024376
0.022277
0.021561
0.021049
0.020792
0.021647
0.022023
0.021647
0.046180
0.027872
0.021931
0.020742
0.021697
0.022173
0.022765
0.023356
0.022112
0.033904
0.022307
0.021211
0.021173
0.020508
0.032397
0.020877
0.021740
0.021499
0.022687
0.025018
0.021861
0.022766
0.027684
0.021306
0.022455
0.022752
0.025277
0.022609
0.035975
0.021736
0.022037
0.022713
0.023036
0.023520
0.021190
0.021933
0.021250
0.022146
0.021864
0.021125
0.025087
0.020767
0.022739
0.021847
0.021788
0.021747
0.022323
0.022341
0.023474
0.021975
0.022434
0.022625
0.020791
0.028811
0.022148
0.022002
0.021189
0.022415
0.022750
0.021954
0.023660
0.021918
0.022147
0.023093
0.022069
0.023624
0.020984
0.021926
0.028252
0.020809
0.021850
0.031723
0.026333
0.023597
0.022051
0.021155
0.021770
0.032602
0.031502
0.022573
0.037584
0.022127
0.021045
0.022592
0.022399
0.021350
0.021085
0.020900
0.026261
0.021944
0.021820
0.022405
0.022215
0.022762
0.021208
0.022371
0.046555
0.022077
0.022254
0.022668
0.022317
0.022020
0.022034
0.022144
0.023188
0.030398
0.046029
0.026490
0.021985
0.022293
0.022081
0.023129
0.021749
0.036491
0.021115
0.034218
0.021528
0.022250
0.021665
0.021975
0.021509
0.022980
0.022947
0.022191
0.022767
0.021956
0.021476
0.023203
0.021937
0.022811
0.022685
0.021864
0.022816
0.022861
0.022967
0.022197
0.021439
0.022307
0.023098
0.036355
0.022618
0.022056
0.022713
0.022421
0.022206
0.022482
0.021377
0.022638
0.022006
0.022457
0.032593
0.026604
0.022702
0.022591
0.022729
0.022268
0.022969
0.023662
0.021755
0.027006
0.030231
0.022578
0.022069
0.021915
0.028469
0.022682
0.021598
0.022216
0.023397
0.022562
0.022791
0.021111
0.022215
0.022146
0.027118
0.022713
0.022003
0.033765
0.022193
0.022087
0.028984
0.032550
0.022441
0.022077
0.021340
0.026781
0.021064
0.021403
0.022015
0.022517
0.022903
0.022522
0.022687
0.022512
0.022021
0.021681
0.021983
0.021286
0.022546
0.021874
0.023238
0.025915
0.023307
0.023432
0.031381
0.021211
0.022489
0.023326
0.022908
0.022555
0.021602
0.022777
0.031605
0.022700
0.022287
0.022824
0.022383
0.023001
0.022292
0.022152
0.022376
0.022657
0.023540
0.022720
0.023028
0.022349
0.022739
0.022095
0.020643
0.022994
0.022555
0.023234
0.022981
0.022275
0.023245
0.023210
0.023422
0.023251
0.022644
0.022707
0.032166
0.022512
0.026652
0.022330
0.021609
0.021878
0.021636
0.022117
0.026020
0.024500
0.023252
0.022950
0.021501
0.023268
0.022282
0.033667
0.023021
0.021680
0.023390
0.027216
0.036329
0.021572
0.023016
0.023263
0.023232
0.022392
0.022379
0.033961
0.022449
0.023299
0.032378
0.022340
0.023052
0.023102
0.023798
0.023624
0.023019
0.023489
0.023354
0.023478
0.022132
0.023625
0.023326
0.033059
0.023081
0.023410
0.023357
0.023349
0.023951
0.023856
0.023720
0.022779
0.049466
0.023403
0.022956
0.030441
0.023251
0.023206
0.023341
0.021904
0.022742
0.021756
0.022365
0.023217
0.023186
0.035555
0.023971
0.022850
0.022658
0.023285
0.022957
0.032595
0.023677
0.035834
0.022112
0.024135
0.024311
0.023582
0.022238
0.022432
0.021945
0.022893
0.021929
0.022608
0.023555
0.023747
0.021969
0.023658
0.023488
0.029690
0.023034
0.022527
0.023592
0.022251
0.021968
0.051035
0.022234
0.022319
0.029269
0.023034
0.022781
0.029822
0.022709
0.023634
0.027765
0.022873
0.025849
0.021271
0.021891
0.021808
0.028011
0.022694
0.023833
0.023807
0.023488
0.022337
0.023304
0.023478
0.024977
0.033278
0.022643
0.023080
0.022198
0.022034
0.022154
0.023642
0.023765
0.022132
0.023111
0.022792
0.023304
0.021822
0.023415
0.023670
0.043363
0.023430
0.023314
0.023117
0.024317
0.022098
0.023019
0.022130
0.027441
0.022926
0.023439
0.028102
0.023121
0.022069
0.027786
0.030993
0.022412
0.024793
0.023176
0.023671
0.021893
0.029221
0.022890
0.023242
0.029868
0.027980
0.022502
0.022305
0.023414
0.023787
0.023241
0.022971
0.040697
0.023672
0.023155
0.022053
0.025013
0.030244
0.022689
0.032792
0.024001
0.021563
0.023080
0.027127
0.022350
0.023332
0.023328
0.023507
0.022991
0.028571
0.033185
0.021737
0.022959
0.024908
0.022071
0.021847
0.024745
0.023259
0.041865
0.021803
0.022546
0.023050
0.022242
0.021498
0.023197
0.021803
0.022103
0.021683
0.023368
0.023599
0.029001
0.024139
0.023566
0.022946
0.032268
0.022269
0.035144
0.023831
0.023604
0.022583
0.025472
0.024031
0.023908
0.023800
0.030116
0.048665
0.047084
0.023925
0.022317
0.023367
0.023532
0.023173
0.023850
0.031847
0.023554
0.025362
0.028987
0.024319
0.032986
0.022231
0.024790
0.033058
0.025925
0.022571
0.022975
0.022545
0.025588
0.022310
0.024186
0.023105
0.023835
0.024217
0.024375
0.022801
0.023563
0.024139
0.024258
0.023896
0.023178
0.040625
0.024237
0.022716
0.024388
0.023053
0.023462
0.023114
0.024613
0.024475
0.024041
0.023857
0.021327
0.024609
0.022624
0.024188
0.024078
0.031608
0.022615
0.022762
0.023337
0.036260
0.024012
0.022687
0.023646
0.024623
0.022607
0.024075
0.023935
0.023175
0.023292
0.026568
0.024310
0.023475
0.022580
0.024343
0.024717
0.023420
0.023739
0.037229
0.022942
0.023376
0.023678
0.022444
0.023987
0.040706
0.024184
0.023837
0.023342
0.023896
0.024562
0.045954
0.023163
0.023924
0.024865
0.023815
0.023901
0.023990
0.022817
0.034070
0.023520
0.023030
0.024002
0.025636
0.027544
0.024312
0.031463
0.024695
0.022951
0.023423
0.022858
0.023188
0.032977
0.024533
0.022961
0.033689
0.023315
0.032705
0.031883
0.023616
0.024394
0.028201
0.023469
0.025148
0.027609
0.024382
0.025415
0.024567
0.024576
0.023647
0.024548
0.023680
0.042188
0.023612
0.023453
0.024655
0.024198
0.031395
0.024757
0.022865
0.023886
0.024399
0.023709
0.023964
0.023667
0.025867
0.024814
0.024934
0.025141
0.034105
0.025517
0.041235
0.024436
0.027427
0.025538
0.025394
0.025216
0.024991
0.024933
0.025438
0.025300
0.023907
0.029157
0.026193
0.038332
0.032103
0.026013
0.025415
0.026287
0.051664
0.024059
0.025662
0.023722
0.052716
0.025785
0.025178
0.025989
0.033858
0.025553
0.024589
0.025950
0.023983
0.024416
0.037244
0.025959
0.024753
0.025342
0.024459
0.025443
0.026051
0.026906
0.039206
0.033925
0.031705
0.036105
0.026165
0.027786
0.039643
0.025469
0.024567
0.024234
0.024001
0.025432
0.025438
0.024231
0.025572
0.025077
0.025694
0.025240
0.026070
0.024157
0.025508
0.024778
0.025114
0.025677
0.028745
0.052598
0.025726
0.024839
0.039427
0.025702
0.023503
0.032156
0.049504
0.024930
0.025842
0.025486
0.024303
0.022754
0.024107
0.024266
0.025116
0.026035
0.024912
0.025929
0.024239
0.025368
0.025334
0.024544
0.025269
0.025516
0.025947
0.023962
0.023784
0.025537
0.025112
0.030836
0.025919
0.024084
0.022105
0.031240
0.023447
0.025266
0.022978
0.024282
0.026187
0.024723
0.024351
0.024083
0.024211
0.023824
0.037146
0.031899
0.024957
0.026431
0.031417
0.028511
0.025914
0.026155
0.026269
0.032402
0.025537
0.026834
0.025954
0.028317
0.031370
0.026203
0.025567
0.033445
0.025854
0.026287
0.036059
0.026126
0.035320
0.025293
0.025835
0.025301
0.025854
0.025825
0.025519
0.024678
0.025731
0.024535
0.026642
0.024692
0.027161
0.031230
0.035481
0.026144
0.026346
0.026067
0.025286
0.024918
0.026383
0.029743
0.026087
0.026176
0.027432
0.045998
0.026350
0.026309
0.025448
0.025580
0.025987
0.028661
0.030613
0.025408
0.033801
0.025808
0.026012
0.026311
0.026882
0.026020
0.025101
0.025562
0.024508
0.025064
0.031643
0.025704
0.046222
0.026941
0.023931
0.025511
0.023329
0.026169
0.025037
0.024652
0.023067
0.025104
0.025082
0.039741
0.024724
0.026035
0.025102
0.023607
0.023289
0.023546
0.024812
0.023717
0.023638
0.024042
0.025553
0.022930
0.024767
0.032880
0.026611
0.024340
0.026432
0.024967
0.032871
0.025006
0.034469
0.024815
0.023093
0.024549
0.023488
0.024024
0.024731
0.024735
0.024694
0.024282
0.024951
0.032860
0.036823
0.025415
0.027500
0.028793
0.025244
0.024480
0.025120
0.047762
0.024192
0.041563
0.023363
0.043808
0.024861
0.025161
0.025094
0.023592
0.031933
0.022933
0.023757
0.023205
0.025441
0.027238
0.026273
0.023372
0.023054
0.024104
0.023450
0.023891
0.025026
0.025050
0.022848
0.024486
0.028219
0.028135
0.024438
0.034382
0.024461
0.024403
0.024182
0.023990
0.024166
0.024231
0.024201
0.024619
0.024498
0.022179
0.022881
0.033333
0.027818
0.024035
0.026201
0.024222
0.023792
0.028564
0.025135
0.033125
0.031777
0.023896
0.027840
0.036071
0.031571
0.049440
0.024109
0.024096
0.023535
0.024849
0.025018
0.042942
0.024012
0.024961
0.024422
0.025127
0.022965
0.023336
0.025207
0.024580
0.024377
0.023187
0.023591
0.023753
0.025794
0.023771
0.024646
0.024330
0.023354
0.023421
0.024020
0.023937
0.025970
0.022771
0.023947
0.022099
0.023536
0.024305
0.024223
0.023566
0.024689
0.024174
0.023665
0.023438
0.023767
0.027635
0.023799
0.024672
0.024215
0.027034
0.032207
0.026332
0.023864
0.024363
0.022926
0.022090
0.023315
0.023994
0.023770
0.023640
0.023597
0.022125
0.022731
0.023862
0.023794
0.027775
0.024022
0.024098
0.023008
0.024747
0.044766
0.023764
0.023827
0.023942
0.022968
0.022743
0.026027
0.023886
0.024259
0.024516
0.023040
0.023013
0.025159
0.022804
0.023131
0.023106
0.024423
0.023999
0.023041
0.023888
0.022656
0.021745
0.022532
0.022546
0.023664
0.023699
0.022547
0.024549
0.023383
0.023819
0.024873
0.023546
0.023342
0.022860
0.031461
0.026469
0.025263
0.024314
0.024048
0.024131
0.023689
0.052598
0.037792
0.032628
0.024229
0.023466
0.023188
0.022695
0.022727
0.023342
0.022798
0.023931
0.022817
0.024036
0.023152
0.023049
0.023240
0.027548
0.023494
0.023439
0.037446
0.024136
0.024223
0.022206
0.023007
0.023535
0.022241
0.023336
0.022595
0.023032
0.023284
0.027060
0.024100
0.022734
0.023417
0.024240
0.023839
0.022580
0.023437
0.029651
0.023928
0.023350
0.022219
0.021517
0.023282
0.023467
0.022540
0.023682
0.022946
0.021768
0.023169
0.042429
0.031488
0.020907
0.021722
0.021927
0.023058
0.022883
0.022158
0.022902
0.021566
0.025345
0.022088
0.025694
0.026176
0.022387
0.030589
0.031645
0.021692
0.021539
0.022717
0.022840
0.022108
0.021623
0.021333
0.021154
0.043053
0.022917
0.023542
0.022729
0.022637
0.022659
0.027740
0.021601
0.021848
0.021905
0.022301
0.022667
0.022532
0.022533
0.021493
0.022041
0.021103
0.021200
0.026417
0.021645
0.041935
0.022484
0.022103
0.020895
0.021454
0.021346
0.022665
0.022109
0.022953
0.021430
0.022917
0.022169
0.023353
0.021613
0.021545
0.023292
0.022401
0.036531
0.032096
0.027649
0.022622
0.021008
0.023218
0.022153
0.023014
0.046336
0.022336
0.021725
0.021255
0.032356
0.022476
0.022236
0.022231
0.022807
0.021106
0.021463
0.022896
0.021465
0.023882
0.022558
0.021803
0.033739
0.022668
0.020999
0.022383
0.031513
0.022878
0.023219
0.022731
0.022356
0.022151
0.021397
0.021350
0.021263
0.022520
0.022745
0.031924
0.029955
0.022606
0.022789
0.022340
0.022189
0.022656
0.025094
0.028630
0.028497
0.022321
0.022787
0.022625
0.021408
0.022454
0.022947
0.021241
0.022024
0.021029
0.021479
0.023174
0.022512
0.021627
0.030841
0.020854
0.022296
0.021836
0.032278
0.021853
0.021705
0.022411
0.022433
0.022167
0.031389
0.021956
0.030431
0.021967
0.028618
0.021457
0.030867
0.021103
0.022929
0.022631
0.023824
0.030302
0.030836
0.021536
0.032512
0.023381
0.028661
0.031199
0.020786
0.019910
0.023198
0.022381
0.021914
0.032305
0.023952
0.023379
0.023197
0.026256
0.021333
0.024720
0.022760
0.022419
0.020967
0.022358
0.036785
0.022555
0.022918
0.033161
0.023141
0.021831
0.021981
0.022440
0.050500
0.026020
0.022634
0.022259
0.022540
0.022343
0.023355
0.021897
0.022888
0.021938
0.020542
0.021822
0.021565
0.020937
0.022520
0.022644
0.022458
0.022729
0.021244
0.021732
0.039460
0.022537
0.021758
0.028182
0.023378
0.021915
0.021969
0.021152
0.031010
0.021524
0.022417
0.030565
0.028856
0.021966
0.024017
0.022610
0.022452
0.040982
0.022082
0.022370
0.031669
0.020698
0.022807
0.021612
0.021152
0.022745
0.023491
0.027105
0.022952
0.021725
0.022391
0.022424
0.022703
0.022618
0.024518
0.022633
0.021479
0.021983
0.021305
0.022398
0.024160
0.021744
0.022838
0.022905
0.023198
0.022015
0.023329
0.030166
0.022445
0.021962
0.021548
0.021221
0.023913
0.035655
0.027337
0.021593
0.022593
0.022160
0.021493
0.022177
0.022054
0.023194
0.022649
