0.011315
0.019237
0.018531
0.019619
0.018795
0.018844
0.023292
0.018887
0.018592
0.019804
0.019105
0.019790
0.019040
0.018724
0.020135
0.020324
0.018695
0.020236
0.018272
0.025020
0.022876
0.019195
0.020037
0.019338
0.019590
0.018689
0.025450
0.019110
0.019082
0.025506
0.020606
0.020824
0.023140
0.019579
0.020834
0.020460
0.020155
0.023250
0.019545
0.020472
0.020157
0.020025
0.020682
0.021153
0.021216
0.025894
0.019602
0.021287
0.020274
0.019079
0.020063
0.020211
0.020827
0.022091
0.020514
0.020720
0.021028
0.019666
0.019256
0.018565
0.019248
0.020111
0.019274
0.024356
0.021961
0.021327
0.019285
0.019723
0.020179
0.021061
0.020139
0.019153
0.020720
0.019264
0.020017
0.018707
0.020965
0.020477
0.019196
0.020425
0.020191
0.019958
0.021750
0.020113
0.020217
0.020733
0.020274
0.020078
0.019732
0.020301
0.018969
0.018924
0.020220
0.020243
0.020391
0.019966
0.020054
0.020082
0.020134
0.020384
0.020526
0.019597
0.027199
0.019539
0.020431
0.019964
0.020339
0.019914
0.020273
0.020968
0.020473
0.020268
0.019742
0.020954
0.019925
0.020392
0.019476
0.019377
0.019858
0.019466
0.018771
0.020428
0.019280
0.018995
0.019551
0.019650
0.018856
0.020314
0.019080
0.020631
0.019851
0.019001
0.019853
0.019248
0.021488
0.019231
0.018935
0.020186
0.019140
0.019540
0.019096
0.020139
0.020129
0.019616
0.019921
0.020279
0.018958
0.019480
0.018966
0.020813
0.031890
0.019586
0.020473
0.020727
0.020618
0.019339
0.019631
0.020279
0.026758
0.018881
0.019108
0.020565
0.019987
0.019759
0.019790
0.026902
0.019192
0.018814
0.019883
0.020596
0.018661
0.026212
0.018886
0.019388
0.019318
0.019961
0.018629
0.019657
0.019251
0.019269
0.020088
0.019701
0.019435
0.020309
0.020174
0.020530
0.020301
0.018952
0.020260
0.019326
0.019947
0.020669
0.018671
0.021123
0.020104
0.019343
0.019504
0.019182
0.019756
0.018768
0.032710
0.019863
0.020579
0.020077
0.020364
0.020172
0.019670
0.019451
0.019522
0.019051
0.018613
0.019726
0.019423
0.021932
0.019155
0.018497
0.019534
0.018551
0.019125
0.019573
0.019725
0.023865
0.019299
0.020008
0.019926
0.025578
0.029119
0.027598
0.025031
0.029317
0.020370
0.020622
0.020750
0.020962
0.019049
0.019950
0.019502
0.019220
0.020645
0.018852
0.027754
0.019129
0.019561
0.019840
0.040778
0.018929
0.019926
0.023093
0.019713
0.020126
0.019827
0.019372
0.019465
0.020152
0.018771
0.021821
0.019646
0.020216
0.021352
0.023672
0.022760
0.020395
0.021268
0.019465
0.019626
0.019660
0.019634
0.034913
0.023971
0.025373
0.018450
0.047012
0.021446
0.019601
0.027568
0.020708
0.018921
0.032312
0.018547
0.023140
0.019991
0.019810
0.022719
0.022075
0.020408
0.018606
0.040569
0.028697
0.019787
0.019837
0.019597
0.018609
0.020156
0.020064
0.021492
0.019404
0.026810
0.027906
0.029572
0.019240
0.019507
0.032366
0.018929
0.019735
0.019925
0.019068
0.021416
0.019319
0.019387
0.020044
0.026102
0.020982
0.019850
0.022962
0.019323
0.020722
0.020836
0.021445
0.025445
0.025747
0.044861
0.027422
0.020172
0.027432
0.020524
0.019398
0.018185
0.028317
0.020140
0.019122
0.027736
0.036644
0.020155
0.019434
0.019183
0.024419
0.045991
0.020162
0.020004
0.019335
0.031895
0.025867
0.019874
0.020545
0.019118
0.019672
0.041862
0.019043
0.019539
0.020389
0.027457
0.020236
0.019546
0.026267
0.040585
0.020012
0.020950
0.019802
0.047939
0.032374
0.018595
0.019214
0.027314
0.020389
0.027002
0.028994
0.031746
0.020808
0.020270
0.020839
0.019396
0.028873
0.035208
0.020128
0.018034
0.019551
0.029816
0.019705
0.036705
0.037679
0.020075
0.023350
0.021272
0.020277
0.030939
0.020007
0.019714
0.018397
0.018277
0.019950
0.048321
0.038386
0.018497
0.018405
0.019799
0.021540
0.019673
0.020026
0.019612
0.033267
0.051797
0.019775
0.021402
0.020297
0.019541
0.018807
0.036432
0.036629
0.019421
0.020395
0.020169
0.038367
0.019898
0.019588
0.024039
0.018634
0.020217
0.020473
0.023530
0.023915
0.022810
0.036626
0.019981
0.021387
0.019652
0.024780
0.018350
0.018248
0.026334
0.020592
0.020492
0.021230
0.029486
0.019545
0.030905
0.024033
0.031262
0.019697
0.020891
0.030252
0.018790
0.035610
0.020698
0.030359
0.018871
0.018541
0.019023
0.019910
0.019617
0.019358
0.019809
0.018628
0.019086
0.019996
0.045629
0.020376
0.018852
0.038539
0.022919
0.018735
0.023162
0.020374
0.020606
0.019878
0.033765
0.018914
0.031430
0.019740
0.020447
0.043666
0.037825
0.018639
0.047713
0.018208
0.019435
0.019367
0.018755
0.019410
0.030423
0.019344
0.018981
0.017973
0.033644
0.018541
0.020630
0.024032
0.018410
0.019434
0.019258
0.029355
0.021520
0.029382
0.038132
0.018783
0.019967
0.021451
0.042177
0.020612
0.018726
0.019052
0.018849
0.019094
0.019412
0.020326
0.039140
0.020610
0.020133
0.020014
0.040960
0.019641
0.018795
0.019689
0.019296
0.019176
0.019251
0.020758
0.019466
0.019135
0.018673
0.023602
0.019587
0.018712
0.019197
0.019193
0.018186
0.019488
0.019747
0.018522
0.019607
0.019557
0.019029
0.022830
0.018816
0.022074
0.020101
0.019769
0.019677
0.019402
0.018481
0.019065
0.020335
0.047055
0.029104
0.020047
0.019308
0.019640
0.019417
0.019437
0.018750
0.018960
0.019094
0.019514
0.019652
0.019587
0.018721
0.018543
0.019449
0.019059
0.018686
0.019457
0.019821
0.028456
0.020003
0.018464
0.019085
0.020834
0.018706
0.018281
0.020241
0.019157
0.018931
0.019743
0.020590
0.020124
0.029765
0.019831
0.019619
0.020782
0.019492
0.021000
0.020786
0.019028
0.019305
0.019560
0.019873
0.018601
0.018674
0.019192
0.020849
0.018388
0.023050
0.019655
0.019340
0.019716
0.019266
0.019198
0.019142
0.018177
0.022693
0.019309
0.030104
0.027782
0.019005
0.028678
0.018664
0.019261
0.020530
0.018871
0.017912
0.018265
0.020806
0.020812
0.019665
0.018842
0.020717
0.019794
0.020626
0.020172
0.019439
0.019391
0.027807
0.019759
0.019810
0.019383
0.026171
0.019703
0.020394
0.019260
0.019116
0.018305
0.020081
0.020377
0.018903
0.019579
0.020230
0.019904
0.019431
0.019698
0.019750
0.019757
0.019972
0.020455
0.019140
0.018106
0.018755
0.018438
0.025460
0.018900
0.020183
0.019707
0.024463
0.018626
0.020837
0.029075
0.020168
0.020343
0.018645
0.019935
0.020017
0.018379
0.019576
0.018824
0.029990
0.020536
0.019449
0.018824
0.020094
0.047229
0.019001
0.019987
0.020099
0.023500
0.018964
0.019140
0.019889
0.018680
0.037626
0.019907
0.019505
0.018771
0.018709
0.047733
0.018934
0.018526
0.025073
0.027379
0.020356
0.020180
0.037626
0.019902
0.029749
0.029082
0.029915
0.020908
0.020699
0.020338
0.019655
0.020234
0.023342
0.018363
0.018207
0.018506
0.020045
0.038468
0.019897
0.018629
0.018391
0.020021
0.019142
0.027013
0.019475
0.019957
0.019375
0.018469
0.019978
0.019084
0.022808
0.018802
0.018943
0.025356
0.019673
0.020197
0.020193
0.019190
0.019721
0.018724
0.026890
0.019064
0.021352
0.020252
0.019584
0.021336
0.019580
0.019840
0.019288
0.031456
0.019267
0.047223
0.019932
0.019558
0.020755
0.038076
0.029784
0.034116
0.020656
0.020599
0.018674
0.019754
0.022127
0.019818
0.019566
0.026971
0.025172
0.023402
0.020113
0.020778
0.019952
0.020742
0.020254
0.019574
0.018965
0.029566
0.020769
0.019662
0.020103
0.019882
0.018821
0.019700
0.018641
0.029270
0.020787
0.020117
0.020000
0.020532
0.019131
0.019503
0.018409
0.020439
0.019370
0.019099
0.018707
0.019497
0.042165
0.019991
0.036792
0.021682
0.019130
0.047817
0.019143
0.018865
0.019374
0.035659
0.019423
0.020043
0.044360
0.041686
0.019222
0.035387
0.046722
0.019550
0.029452
0.018583
0.018526
0.043535
0.019592
0.047758
0.019010
0.018757
0.046626
0.019698
0.018838
0.046645
0.018687
0.018899
0.018242
0.044238
0.019176
0.027792
0.042275
0.020361
0.019366
0.019559
0.032522
0.025600
0.028304
0.019136
0.046511
0.018407
0.018287
0.018750
0.027947
0.024140
0.018112
0.018652
0.018733
0.019381
0.025331
0.019462
0.019364
0.020740
0.019441
0.026335
0.019557
0.020513
0.034402
0.019404
0.018798
0.018162
0.018265
0.019069
0.022571
0.019079
0.021086
0.019767
0.019825
0.019983
0.018574
0.025135
0.019075
0.045266
0.020655
0.019679
0.049089
0.018640
0.030757
0.019006
0.019589
0.020711
0.030678
0.019617
0.021519
0.043413
0.039992
0.019226
0.022347
0.018211
0.020187
0.018911
0.018575
0.018689
0.019147
0.019605
0.018758
0.018292
0.028282
0.018629
0.037555
0.018710
0.022277
0.019738
0.020828
0.019768
0.018316
0.019460
0.018588
0.019138
0.018519
0.019819
0.048145
0.018274
0.018949
0.020047
0.025943
0.044020
0.032440
0.031002
0.025188
0.024911
0.019190
0.018927
0.020359
0.031344
0.022930
0.047573
0.028017
0.035724
0.020386
0.019470
0.027606
0.021171
0.019340
0.017942
0.018843
0.020636
0.019056
0.019501
0.028933
0.020312
0.021116
0.018380
0.019184
0.018660
0.026515
0.019034
0.034024
0.025156
0.019703
0.019377
0.018510
0.020815
0.023647
0.018672
0.019614
0.023207
0.020088
0.020727
0.019017
0.045793
0.025086
0.026408
0.019733
0.019296
0.019384
0.019673
0.019525
0.020389
0.019716
0.019802
0.018379
0.018893
0.029453
0.018291
0.018838
0.018212
0.020703
0.019238
0.019481
0.018443
0.019694
0.018988
0.021405
0.028315
0.019160
0.029486
0.018876
0.019484
0.018464
0.021740
0.024951
0.024059
0.020151
0.020894
0.031256
0.019817
0.019793
0.019823
0.019249
0.018373
0.018666
0.019724
0.020209
0.019685
0.018817
0.034166
0.019008
0.018684
0.019297
0.025347
0.020093
0.026341
0.032291
0.019015
0.047274
0.020350
0.020397
0.020262
0.019878
0.028347
0.047541
0.019992
0.041600
0.020398
0.019599
0.019729
0.030015
0.017891
0.018065
0.020565
0.019442
0.018859
0.018295
0.019957
0.019384
0.018793
0.022137
0.031249
0.018940
0.018443
0.028960
0.036535
0.047890
0.020741
0.028261
0.019166
0.033009
0.034593
0.019708
0.019974
0.030148
0.019191
0.019216
0.019345
0.018599
0.025926
0.043042
0.018137
0.020666
0.020362
0.019397
0.017928
0.022647
0.019807
0.019521
0.019174
0.019338
0.026143
0.033358
0.018221
0.018295
0.018576
0.018230
0.037858
0.018850
0.020383
0.019449
0.020013
0.020786
0.018873
0.018786
0.020333
0.020050
0.019761
0.021774
0.018327
0.017994
0.018544
0.018219
0.019984
0.018969
0.018207
0.020298
0.025929
0.037518
0.018955
0.018567
0.019482
0.021339
0.019103
0.018601
0.018648
0.024891
0.019249
0.019464
0.018175
0.023453
0.032992
0.020025
0.019439
0.018794
0.019575
0.019642
0.021293
0.018782
0.019040
0.019135
0.020140
0.020022
0.019670
0.020480
0.019323
0.029674
0.026647
0.018652
0.019273
0.018666
0.026451
0.018457
0.033826
0.020078
0.018462
0.018199
0.025882
0.019623
0.019196
0.029970
0.020613
0.017931
0.025955
0.019453
0.019484
0.019122
0.043940
0.019478
0.019179
0.029129
0.019944
0.020270
0.019208
0.021231
0.019968
0.019743
0.020308
0.019086
0.020689
0.027039
0.020242
0.020113
0.020938
0.019649
0.019855
0.019587
0.020569
0.033129
0.028067
0.019820
0.018659
0.021653
0.020568
0.019915
0.020941
0.020447
0.020225
0.021061
0.020311
0.018779
0.019702
0.019604
0.020510
0.031911
0.019920
0.018999
0.019089
0.039779
0.039749
0.018962
0.026226
0.019911
0.020070
0.047441
0.019361
0.019617
0.027774
0.018640
0.019911
0.024723
0.018765
0.040748
0.020800
0.019653
0.019844
0.019801
0.019123
0.027653
0.019956
0.019875
0.019593
0.021750
0.029742
0.020751
0.018758
0.031284
0.026379
0.042051
0.019977
0.020801
0.020217
0.026659
0.027839
0.035584
0.019675
0.019852
0.020660
0.047891
0.020563
0.038294
0.033391
0.020290
0.032472
0.020076
0.019274
0.020102
0.025709
0.020517
0.018813
0.019193
0.020518
0.018858
0.022071
0.020294
0.019843
0.019659
0.018762
0.020060
0.018722
0.031425
0.019230
0.019657
0.020213
0.019539
0.030612
0.047187
0.029814
0.022827
0.036966
0.019671
0.047855
0.037603
0.020304
0.020950
0.020253
0.021562
0.019909
0.027920
0.020428
0.026237
0.020378
0.038663
0.020473
0.022073
0.030425
0.020669
0.020107
0.020272
0.020612
0.021560
0.037831
0.040662
0.019610
0.020718
0.037586
0.020526
0.021336
0.025655
0.049158
0.020476
0.038087
0.020969
0.020977
0.020724
0.021179
0.048543
0.020128
0.039988
0.047167
0.021157
0.041983
0.020113
0.021399
0.045731
0.020635
0.020702
0.023809
0.020312
0.019411
0.021048
0.026616
0.020902
0.020052
0.020412
0.020082
0.020804
0.020779
0.019799
0.020770
0.020430
0.020676
0.019999
0.026368
0.025010
0.020956
0.027618
0.021155
0.020843
0.020502
0.020193
0.020816
0.020916
0.020798
0.020300
0.022682
0.019502
0.022612
0.036610
0.033258
0.033436
0.019327
0.020155
0.019911
0.031945
0.019437
0.024291
0.038104
0.045859
0.019326
0.020763
0.020542
0.032225
0.038185
0.021166
0.021121
0.020469
0.021488
0.020377
0.020566
0.020113
0.020298
0.024186
0.019663
0.019346
0.021013
0.020435
0.020587
0.019991
0.021242
0.020509
0.020163
0.020334
0.024027
0.020864
0.021424
0.020010
0.020359
0.022516
0.027844
0.021205
0.023624
0.020871
0.019813
0.020351
0.020306
0.020697
0.020150
0.033026
0.029870
0.020724
0.018914
0.018774
0.024004
0.020100
0.020166
0.022032
0.020611
0.025937
0.019259
0.021719
0.020231
0.018814
0.020251
0.019072
0.023722
0.031072
0.045295
0.019260
0.019077
0.019200
0.018533
0.018988
0.019360
0.019031
0.019129
0.019339
0.019837
0.018549
0.023473
0.018237
0.019349
0.034245
0.019005
0.018332
0.029837
0.026510
0.047554
0.023898
0.038289
0.021184
0.020675
0.018753
0.020651
0.019684
0.026419
0.020289
0.022640
0.019704
0.018595
0.018779
0.018287
0.039029
0.023537
0.030772
0.019499
0.018624
0.018940
0.019808
0.020589
0.018693
0.019532
0.019952
0.018753
0.019610
0.019692
0.019692
0.018246
0.019223
0.019184
0.019942
0.019864
0.019303
0.048177
0.020135
0.020010
0.034984
0.020530
0.020178
0.018766
0.028489
0.026787
0.019915
0.020573
0.019438
0.025427
0.018482
0.040286
0.019778
0.025587
0.018218
0.018866
0.020078
0.018948
0.018842
0.019441
0.019673
0.019901
0.019301
0.019776
0.018839
0.019340
0.019675
0.018803
0.020880
0.018638
0.019864
0.020188
0.027701
0.018865
0.018803
0.019976
0.019214
0.020111
0.019842
0.020651
0.020990
0.024191
0.019682
0.047558
0.046506
0.020439
0.018641
0.019918
0.018529
0.019954
0.019926
0.018935
0.018709
0.045037
0.020070
0.019953
0.018391
0.019153
0.020165
0.019606
0.020280
0.019020
0.019716
0.019482
0.019766
0.020033
0.025924
0.019597
0.034470
0.018940
0.019790
0.018716
0.028504
0.021872
0.028430
0.028085
0.020328
0.018630
0.018520
0.021477
0.018954
0.018566
0.029866
0.019590
0.019892
0.019556
0.019062
0.047029
0.019838
0.038947
0.031547
0.019817
0.020225
0.020519
0.019590
0.020653
0.018964
0.018480
0.018630
0.020284
0.019891
0.018607
0.018559
0.019212
0.018691
0.025358
0.019621
0.019930
0.025229
0.020435
0.020055
0.018374
0.018741
0.027329
0.019489
0.022035
0.018421
0.018662
0.018555
0.019242
0.019145
0.019457
0.028941
0.019372
0.020125
0.019233
0.019651
0.018257
0.019126
0.019379
0.019937
0.019315
0.018131
0.018786
0.018980
0.019983
0.020482
0.020200
0.019531
0.019828
0.019255
0.018569
0.019763
0.018337
0.018375
0.018401
0.019866
0.019651
0.021050
0.018921
0.031018
0.020160
0.029389
0.020095
0.019822
0.020118
0.030744
0.020013
0.024956
0.020407
0.025283
0.020107
0.020045
0.021713
0.021491
0.020930
0.026769
0.018773
0.018971
0.019780
0.019517
0.019640
0.040455
0.019063
0.034392
0.019756
0.018737
0.029308
0.019661
0.019494
0.028787
0.035788
0.019086
0.019404
0.019221
0.019630
0.018005
0.019896
0.031535
0.020359
0.020001
0.023644
0.019635
0.020356
0.029912
0.020188
0.018880
0.020282
0.040070
0.019451
0.021402
0.019563
0.020507
0.019134
0.019587
0.019328
0.020711
0.019725
0.041341
0.032336
0.027483
0.020365
0.019399
0.033805
0.019503
0.024889
0.048132
0.018745
0.018295
0.030549
0.020360
0.019768
0.019545
0.018989
0.019611
0.040031
0.030216
0.019087
0.019939
0.020031
0.047426
0.020131
0.020077
0.020387
0.018467
0.029387
0.020139
0.020848
0.020206
0.019907
0.020553
0.019651
0.020253
0.018937
0.029459
0.019428
0.026308
0.019503
0.018236
0.028685
0.025730
0.019351
0.029712
0.029876
0.019305
0.020009
0.047357
0.019941
0.020121
0.047627
0.018739
0.047414
0.019500
0.021539
0.021199
0.019574
0.047939
0.029137
0.042306
0.038184
0.020179
0.019796
0.019017
0.020281
0.019713
0.045294
0.019886
0.032283
0.019918
0.021050
0.019646
0.019339
0.018376
0.028468
0.038380
0.019176
0.020021
0.019740
0.019853
0.019766
0.019826
0.024721
0.025471
0.019599
0.018859
0.018612
0.020002
0.025081
0.021112
0.021017
0.020310
0.019791
0.019546
0.019991
0.023662
0.019491
0.020246
0.042751
0.034755
0.019044
0.041089
0.020196
0.020399
0.019875
0.020601
0.021669
0.020526
0.037295
0.021610
0.022121
0.046308
0.036977
0.021849
0.038615
0.046123
0.028071
0.020512
0.020385
0.019906
0.020734
0.019834
0.021286
0.020686
0.021506
0.021869
0.021959
0.047361
0.030727
0.021512
0.020083
0.019373
0.019545
0.020619
0.021076
0.020848
0.019162
0.021044
0.035114
0.021067
0.019846
0.032066
0.020050
0.028407
0.021119
0.021435
0.021197
0.035137
0.021226
0.019822
0.020977
0.021437
0.039158
0.027143
0.024330
0.019623
0.036785
0.020655
0.035987
0.046330
0.018252
0.020038
0.024254
0.019850
0.042062
0.019773
0.039062
0.019838
0.020264
0.019637
0.019676
0.019006
0.020445
0.021036
0.020451
0.020206
0.042933
0.021062
0.021122
0.020053
0.019543
0.031592
0.022174
0.026841
0.021789
0.020783
0.028130
0.020056
0.020700
0.019989
0.020389
0.020268
0.020453
0.039333
0.018467
0.018702
0.019247
0.018575
0.019627
0.026286
0.019122
0.046936
0.041242
0.019772
0.018800
0.019473
0.019494
0.020075
0.019637
0.020690
0.019463
0.032876
0.019982
0.019590
0.019668
0.019982
0.019842
0.019248
0.019847
0.034125
0.019960
0.019017
0.020175
0.047162
0.019676
0.024976
0.019888
0.019294
0.036803
0.025426
0.019457
0.046553
0.019159
0.018728
0.019021
0.019008
0.032877
0.046373
0.040377
0.019543
0.019506
0.018984
0.018948
0.018572
0.048445
0.036206
0.019090
0.018552
0.018553
0.019578
0.019312
0.035657
0.019590
0.019401
0.024994
0.028470
0.018506
0.035762
0.018965
0.018000
0.018014
0.042782
0.026042
0.028887
0.019296
0.018405
0.018088
0.020666
0.049007
0.020271
0.018790
0.017995
0.028989
0.019337
0.018614
0.024104
0.039820
0.034712
0.019515
0.026491
0.018506
0.018928
0.018198
0.018533
0.019444
0.019652
0.030525
0.019968
0.028253
0.046609
0.034765
0.018731
0.018665
0.018065
0.018338
0.018518
0.018241
0.019794
0.023925
0.019893
0.019548
0.019290
0.019762
0.031870
0.023707
0.019422
0.020304
0.019117
0.019291
0.019494
0.019651
0.021961
0.019033
0.019335
0.019103
0.027403
0.039193
0.018964
0.018286
0.020377
0.020208
0.019796
0.018665
0.018274
0.019691
0.027864
0.047647
0.018710
0.019127
0.019510
0.037989
0.019223
0.018078
0.018594
0.035115
0.019423
0.018232
0.018734
0.019236
0.046632
0.018839
0.034033
0.018057
0.018123
0.018101
0.034520
0.019795
0.017826
0.019137
0.032887
0.018737
0.019418
0.019265
0.047072
0.019332
0.028432
0.019481
0.034237
0.032656
0.030803
0.018580
0.026650
0.019620
0.019522
0.031685
0.047692
0.048040
0.019643
0.043657
0.019641
0.040935
0.019042
0.018163
0.018141
0.018277
0.018449
0.039442
0.024525
0.018236
0.018364
0.020876
0.018219
0.025681
0.019036
0.018713
0.018259
0.019163
0.018841
0.019469
0.019521
0.018394
0.042538
0.043687
0.017904
0.017847
0.018416
0.028814
0.019932
0.046544
0.019335
0.019175
0.019086
0.047963
0.047101
0.034640
0.018181
0.019199
0.036378
0.019679
0.018156
0.018302
0.017942
0.018642
0.017740
0.019090
0.019596
0.025737
0.024912
0.018076
0.023155
0.043305
0.019829
0.019333
0.018238
0.018884
0.036413
0.020165
0.018123
0.019848
0.024836
0.027250
0.019495
0.046038
0.019959
0.018839
0.019647
0.031988
0.020491
0.019811
0.019647
0.037642
0.019906
