0.027877
0.019339
0.035018
0.018123
0.019288
0.018633
0.019458
0.019694
0.018321
0.018327
0.018482
0.019238
0.026381
0.019253
0.019582
0.019883
0.019633
0.019107
0.019520
0.018808
0.018347
0.019746
0.022076
0.019067
0.019824
0.018495
0.019949
0.030342
0.019572
0.038702
0.022003
0.020070
0.019420
0.029684
0.020410
0.020138
0.018595
0.019416
0.018418
0.017992
0.020551
0.022499
0.037223
0.024619
0.019532
0.020151
0.028328
0.020538
0.018886
0.019407
0.020272
0.018605
0.019990
0.020250
0.020838
0.020443
0.019264
0.025661
0.019827
0.020831
0.029627
0.028441
0.026966
0.020215
0.018931
0.019965
0.020018
0.020221
0.019994
0.019617
0.022179
0.019275
0.019722
0.019082
0.024869
0.020406
0.020160
0.021984
0.019651
0.019863
0.020736
0.019736
0.019580
0.019407
0.019632
0.019107
0.020921
0.019688
0.019743
0.017925
0.018312
0.019549
0.019505
0.024191
0.018536
0.026699
0.018613
0.020145
0.034205
0.019141
0.019135
0.018512
0.019109
0.019974
0.032613
0.029329
0.023779
0.020249
0.019768
0.019108
0.036983
0.020659
0.021107
0.019641
0.020272
0.018807
0.031432
0.019233
0.019932
0.019927
0.019759
0.047107
0.021076
0.019773
0.018800
0.020272
0.019176
0.021040
0.019698
0.019464
0.021334
0.020201
0.019900
0.019501
0.018768
0.019650
0.020118
0.018793
0.019309
0.022809
0.019264
0.019634
0.040442
0.031212
0.020345
0.020216
0.035621
0.020006
0.030790
0.019795
0.019775
0.027647
0.019748
0.020337
0.021280
0.024523
0.028462
0.023444
0.024506
0.020289
0.019437
0.020010
0.018497
0.020420
0.019051
0.018939
0.019012
0.018721
0.027513
0.019825
0.019092
0.019133
0.019781
0.019501
0.029350
0.025180
0.019526
0.025829
0.019935
0.020642
0.019463
0.020898
0.019798
0.019880
0.018628
0.020247
0.019108
0.019612
0.018097
0.043176
0.020425
0.032011
0.019042
0.019477
0.019027
0.019680
0.019618
0.019724
0.019797
0.019604
0.051697
0.034298
0.019566
0.020216
0.018331
0.047882
0.020079
0.027326
0.028244
0.019182
0.028580
0.018886
0.027747
0.019742
0.024429
0.028910
0.020686
0.019841
0.020321
0.020259
0.023357
0.028703
0.019311
0.027839
0.020014
0.019750
0.019308
0.020079
0.019851
0.018534
0.020220
0.023652
0.019736
0.018326
0.018194
0.027132
0.036080
0.027943
0.018839
0.019674
0.018841
0.021042
0.018692
0.020302
0.019814
0.035071
0.019837
0.019549
0.023890
0.020831
0.020458
0.020036
0.019780
0.019577
0.020401
0.018989
0.021471
0.034017
0.018307
0.019988
0.026370
0.025014
0.023221
0.019668
0.018294
0.019625
0.018765
0.023165
0.019412
0.019355
0.018408
0.018918
0.021312
0.023867
0.018777
0.018814
0.020019
0.024128
0.018313
0.020573
0.019007
0.019300
0.018624
0.019720
0.020131
0.019467
0.019598
0.018452
0.020226
0.020217
0.019595
0.019831
0.021849
0.019574
0.018963
0.018894
0.018817
0.020443
0.019786
0.019923
0.020200
0.019411
0.019723
0.021709
0.019582
0.023269
0.019595
0.020076
0.019414
0.020639
0.018863
0.019437
0.019417
0.019769
0.029981
0.019957
0.019659
0.018910
0.018708
0.023408
0.020882
0.020006
0.019921
0.020360
0.020005
0.020386
0.020044
0.020054
0.020197
0.019621
0.018783
0.019169
0.018205
0.019547
0.025338
0.020128
0.038473
0.018390
0.020023
0.025897
0.019488
0.019417
0.024980
0.019999
0.019888
0.020275
0.019500
0.019990
0.018885
0.027903
0.022013
0.020032
0.019654
0.019201
0.018530
0.020105
0.019694
0.017972
0.020523
0.020105
0.018869
0.025722
0.020652
0.020036
0.020490
0.019985
0.020194
0.018827
0.027759
0.019861
0.019455
0.022837
0.019176
0.019886
0.021262
0.025577
0.019468
0.020256
0.019683
0.024452
0.019953
0.019962
0.026681
0.019532
0.020286
0.019066
0.019133
0.018695
0.020288
0.019817
0.018417
0.018932
0.019999
0.020010
0.019668
0.020111
0.021172
0.020064
0.021760
0.020405
0.031624
0.020458
0.020467
0.020363
0.019248
0.036232
0.019938
0.020856
0.020020
0.019642
0.019578
0.019660
0.020661
0.020202
0.020148
0.019845
0.024361
0.020191
0.019937
0.028593
0.020458
0.021920
0.018626
0.019573
0.021958
0.019697
0.020269
0.019643
0.018444
0.021546
0.026114
0.023861
0.019544
0.020428
0.019571
0.018782
0.019797
0.019387
0.028373
0.026500
0.019956
0.020168
0.019494
0.019411
0.019905
0.020004
0.019752
0.020494
0.019439
0.018888
0.019909
0.018922
0.018719
0.019875
0.019959
0.018709
0.019772
0.019709
0.019935
0.042093
0.019763
0.018872
0.019577
0.018821
0.020243
0.018640
0.028656
0.019793
0.029407
0.019692
0.020971
0.020397
0.028216
0.019993
0.019370
0.020956
0.020301
0.020177
0.020140
0.020084
0.018755
0.034629
0.020160
0.025991
0.019262
0.019753
0.020330
0.019003
0.018658
0.020569
0.019692
0.019754
0.019210
0.019469
0.019454
0.018375
0.022414
0.019748
0.020459
0.019712
0.029975
0.019734
0.022209
0.018659
0.020535
0.019736
0.026071
0.019736
0.020058
0.020061
0.018970
0.018226
0.020469
0.019384
0.019841
0.027166
0.020138
0.019679
0.020045
0.020159
0.020572
0.019849
0.027410
0.020239
0.020279
0.020235
0.020075
0.019960
0.041661
0.020334
0.018514
0.019616
0.019831
0.027127
0.018835
0.020715
0.019663
0.027894
0.028197
0.020304
0.024535
0.020200
0.019015
0.019995
0.020270
0.019993
0.020744
0.020698
0.020013
0.020001
0.020329
0.019201
0.020170
0.020385
0.021813
0.020315
0.019772
0.019571
0.020430
0.019229
0.030206
0.019886
0.020223
0.020088
0.019879
0.019802
0.018985
0.018444
0.019194
0.019684
0.019047
0.019462
0.020157
0.020145
0.018766
0.018489
0.018945
0.019633
0.019662
0.018827
0.019997
0.018684
0.019458
0.019808
0.019731
0.020104
0.020429
0.019440
0.020345
0.019970
0.020105
0.018675
0.024418
0.020044
0.019472
0.020137
0.019380
0.019760
0.019070
0.019357
0.032070
0.019682
0.018929
0.018782
0.018851
0.019336
0.019401
0.018595
0.018226
0.018321
0.019825
0.020630
0.036779
0.028255
0.018451
0.019424
0.019364
0.018355
0.018347
0.018712
0.019154
0.019899
0.019960
0.019840
0.019890
0.019421
0.020189
0.019600
0.020015
0.020018
0.019795
0.021487
0.019334
0.018956
0.018585
0.020618
0.019787
0.021954
0.022139
0.021287
0.020651
0.020880
0.024429
0.020276
0.028771
0.020086
0.020269
0.019985
0.020003
0.020172
0.019478
0.020993
0.020760
0.022216
0.018436
0.018639
0.020117
0.019572
0.018913
0.019438
0.019987
0.019118
0.018641
0.021000
0.020327
0.018773
0.020392
0.020070
0.019522
0.018087
0.018742
0.019779
0.020087
0.019728
0.018727
0.018851
0.018739
0.019695
0.021581
0.033691
0.019645
0.018861
0.024290
0.020333
0.027601
0.019026
0.019660
0.019503
0.019265
0.019626
0.019282
0.020215
0.020562
0.018956
0.019675
0.017961
0.020140
0.018535
0.019956
0.018828
0.020117
0.019821
0.024754
0.020014
0.020103
0.020320
0.020199
0.019699
0.019789
0.019579
0.020265
0.019724
0.019920
0.020073
0.025022
0.020576
0.020010
0.020615
0.019656
0.027842
0.020079
0.019357
0.019280
0.018487
0.019759
0.018490
0.019729
0.019467
0.018979
0.019874
0.020870
0.019209
0.020044
0.018070
0.019645
0.021209
0.022946
0.019371
0.018540
0.018610
0.020385
0.019892
0.019907
0.019473
0.019314
0.025821
0.027156
0.019937
0.019743
0.018552
0.018732
0.018382
0.026337
0.019505
0.019907
0.019958
0.018826
0.019250
0.023075
0.019740
0.025527
0.028399
0.018700
0.021099
0.019623
0.027440
0.019085
0.020444
0.021789
0.020019
0.019500
0.020892
0.020518
0.019958
0.019572
0.020715
0.019406
0.028465
0.019704
0.020186
0.019055
0.024755
0.020705
0.021566
0.034059
0.019821
0.022348
0.019290
0.019901
0.019949
0.023429
0.024884
0.020657
0.023753
0.022573
0.022587
0.019588
0.019395
0.020191
0.019680
0.035083
0.020766
0.023072
0.020612
0.020304
0.019504
0.021613
0.020052
0.019868
0.019184
0.019989
0.020253
0.019915
0.021744
0.020498
0.018500
0.020399
0.030102
0.021613
0.021527
0.019816
0.021685
0.020395
0.019928
0.020127
0.024476
0.026105
0.019163
0.019623
0.021067
0.022248
0.020173
0.019388
0.019596
0.026372
0.019798
0.028013
0.023537
0.018575
0.019825
0.019821
0.020167
0.019697
0.019624
0.020733
0.035337
0.020110
0.025945
0.025094
0.041758
0.025651
0.019797
0.034252
0.029734
0.019542
0.032491
0.019601
0.029962
0.018878
0.019404
0.018729
0.020079
0.019665
0.018702
0.019725
0.019370
0.020010
0.019496
0.019674
0.019908
0.023597
0.023923
0.019487
0.019510
0.022959
0.024311
0.019338
0.019302
0.019366
0.019969
0.020176
0.019368
0.027028
0.019568
0.023141
0.021081
0.019831
0.037019
0.038941
0.019985
0.019579
0.019896
0.019741
0.018716
0.019086
0.023091
0.019441
0.027226
0.019728
0.029240
0.018534
0.020008
0.019534
0.024113
0.019426
0.030649
0.018250
0.019617
0.017918
0.018339
0.018224
0.019629
0.019014
0.020345
0.018427
0.043220
0.036828
0.018678
0.032937
0.038698
0.019049
0.018908
0.018161
0.022748
0.025493
0.023602
0.019697
0.024869
0.019616
0.018370
0.019226
0.019879
0.019916
0.024353
0.027192
0.019244
0.021915
0.019476
0.026138
0.018809
0.039945
0.019662
0.018918
0.018354
0.019388
0.019121
0.018361
0.018191
0.020007
0.029818
0.019693
0.027494
0.027514
0.020418
0.026252
0.020178
0.020046
0.031947
0.027379
0.019198
0.019424
0.018263
0.019607
0.019677
0.018834
0.019874
0.023278
0.019504
0.019552
0.019324
0.035634
0.020648
0.019495
0.018308
0.018528
0.018576
0.026524
0.018456
0.018487
0.026046
0.019430
0.018484
0.019369
0.018610
0.019394
0.018561
0.019850
0.019333
0.018685
0.019423
0.018138
0.019620
0.020295
0.019986
0.031086
0.024256
0.020423
0.021316
0.019629
0.019082
0.039921
0.020308
0.021047
0.034528
0.022048
0.020217
0.019542
0.018245
0.019177
0.019504
0.019767
0.018840
0.018360
0.018490
0.019332
0.018595
0.018602
0.018535
0.019304
0.033724
0.026965
0.018852
0.033527
0.019186
0.028926
0.026889
0.019278
0.020035
0.020230
0.020033
0.025343
0.019740
0.020696
0.019763
0.018271
0.020109
0.019652
0.020011
0.019552
0.018373
0.027640
0.019582
0.019376
0.019482
0.019916
0.046144
0.020223
0.019409
0.018448
0.019490
0.018574
0.019468
0.019785
0.019905
0.019085
0.030664
0.019757
0.022009
0.019891
0.027632
0.018605
0.018922
0.020317
0.019793
0.020127
0.034267
0.020286
0.018344
0.021952
0.018816
0.019510
0.020014
0.019684
0.019647
0.018483
0.027170
0.019726
0.019503
0.025182
0.019602
0.019250
0.031711
0.018931
0.018806
0.018301
0.018485
0.034003
0.036611
0.018063
0.019654
0.027441
0.019744
0.019278
0.023619
0.033947
0.019837
0.020947
0.018281
0.018344
0.019419
0.019009
0.039896
0.019365
0.019925
0.018651
0.019558
0.019872
0.019314
0.020094
0.020643
0.019817
0.019768
0.019580
0.018946
0.024843
0.019387
0.018390
0.019742
0.018398
0.019908
0.020525
0.018694
0.019357
0.020029
0.018315
0.018202
0.019997
0.019659
0.018653
0.020515
0.020578
0.024695
0.020333
0.019879
0.019567
0.019576
0.019543
0.020223
0.019223
0.018634
0.019948
0.019693
0.018305
0.021434
0.018480
0.018153
0.019567
0.019773
0.021057
0.019380
0.018274
0.019437
0.019689
0.018657
0.020135
0.019243
0.019102
0.019505
0.020306
0.019763
0.018452
0.019781
0.019584
0.019302
0.019358
0.020136
0.018322
0.019361
0.020689
0.020251
0.020031
0.018339
0.019999
0.019444
0.018643
0.020204
0.020049
0.020204
0.018905
0.025229
0.019086
0.019697
0.019377
0.019163
0.019651
0.019365
0.018600
0.019951
0.019282
0.019282
0.020094
0.019551
0.020606
0.044114
0.018346
0.020067
0.019861
0.019776
0.018683
0.018338
0.030470
0.019753
0.024514
0.018238
0.017974
0.020184
0.019949
0.017802
0.020016
0.020097
0.019503
0.019619
0.020196
0.020178
0.026254
0.019735
0.018310
0.019911
0.018683
0.018542
0.019524
0.019435
0.019606
0.027010
0.027829
0.017791
0.020184
0.019771
0.019587
0.018647
0.019770
0.018024
0.019348
0.020126
0.018355
0.018493
0.018356
0.019069
0.022795
0.018542
0.018600
0.020193
0.019219
0.020576
0.019657
0.024844
0.019820
0.019676
0.019893
0.019236
0.020643
0.019827
0.019659
0.037128
0.020171
0.020806
0.019022
0.018782
0.019536
0.020000
0.018790
0.020609
0.019520
0.019157
0.020023
0.020031
0.019429
0.019834
0.019177
0.019848
0.020008
0.020310
0.019812
0.020027
0.020131
0.018664
0.019833
0.020213
0.019969
0.024762
0.020597
0.019567
0.019146
0.019040
0.018591
0.019954
0.019191
0.020038
0.020327
0.020342
0.024261
0.020568
0.019800
0.019258
0.018918
0.020020
0.020045
0.019602
0.019148
0.020373
0.019709
0.018412
0.018542
0.019888
0.018984
0.020442
0.019265
0.020320
0.021590
0.019988
0.019412
0.018961
0.019197
0.019525
0.018472
0.018580
0.018710
0.018963
0.019041
0.018789
0.018904
0.018624
0.019912
0.018467
0.020569
0.021080
0.020841
0.020116
0.019861
0.020264
0.020528
0.020245
0.020752
0.020299
0.019476
0.018945
0.019506
0.019695
0.038692
0.018564
0.019422
0.020338
0.020049
0.019479
0.025930
0.019405
0.025149
0.018547
0.019031
0.020342
0.019549
0.031889
0.020180
0.020755
0.020687
0.020058
0.020002
0.019932
0.034224
0.019283
0.019115
0.019487
0.019789
0.018953
0.019176
0.020275
0.021362
0.019847
0.027735
0.020119
0.019492
0.019256
0.019919
0.019769
0.019477
0.019318
0.020062
0.019708
0.019812
0.025944
0.018497
0.020297
0.033092
0.018149
0.018513
0.020127
0.019784
0.020427
0.019564
0.020063
0.020920
0.019560
0.020040
0.020150
0.018562
0.044605
0.020881
0.019099
0.020665
0.021084
0.020210
0.020218
0.020403
0.031705
0.019754
0.021366
0.019710
0.018793
0.020452
0.036090
0.020251
0.019562
0.018860
0.020090
0.020181
0.018969
0.019763
0.019043
0.020381
0.019915
0.019433
0.035277
0.020183
0.029753
0.018795
0.020267
0.018612
0.019699
0.020190
0.026032
0.019507
0.028880
0.019711
0.019395
0.020380
0.020246
0.025775
0.018326
0.020180
0.020553
0.019096
0.019456
0.018675
0.020928
0.044903
0.019453
0.026974
0.039166
0.018702
0.020016
0.019922
0.020327
0.023206
0.027958
0.023510
0.024411
0.019548
0.028783
0.019272
0.019354
0.018410
0.025659
0.019729
0.018710
0.021419
0.022706
0.025712
0.019848
0.019424
0.018937
0.020028
0.025017
0.020030
0.019451
0.019464
0.019128
0.018843
0.025472
0.034001
0.018493
0.019432
0.018984
0.018737
0.032456
0.020233
0.018219
0.019925
0.020016
0.019807
0.018867
0.018674
0.019419
0.020547
0.025361
0.020660
0.018702
0.020737
0.020453
0.019384
0.019666
0.048170
0.027112
0.018426
0.020091
0.021095
0.047817
0.019880
0.019792
0.020405
0.019316
0.019877
0.020023
0.019163
0.019288
0.032395
0.018980
0.018929
0.019038
0.020190
0.036564
0.019509
0.019835
0.019472
0.047671
0.020041
0.021003
0.019074
0.018430
0.018407
0.018528
0.019424
0.019305
0.027072
0.019999
0.029815
0.018454
0.019691
0.020016
0.023808
0.020516
0.039336
0.019851
0.018268
0.018867
0.020257
0.020277
0.020002
0.024268
0.019578
0.019223
0.024948
0.018452
0.018775
0.019998
0.035124
0.019440
0.035074
0.019122
0.040272
0.020429
0.020015
0.019514
0.020088
0.021357
0.022586
0.024164
0.033456
0.028208
0.019460
0.024341
0.018700
0.020217
0.019458
0.018715
0.019108
0.018804
0.019931
0.019441
0.019356
0.029866
0.020538
0.027218
0.020055
0.018866
0.022542
0.019214
0.018348
0.018825
0.020577
0.028942
0.028158
0.018259
0.020215
0.020123
0.018864
0.019638
0.019808
0.020205
0.026392
0.025092
0.040299
0.019446
0.019826
0.019644
0.026134
0.020152
0.020586
0.021098
0.019037
0.019217
0.021068
0.018914
0.027742
0.018878
0.020386
0.018343
0.018567
0.018819
0.018311
0.018530
0.018385
0.024751
0.018972
0.019934
0.019751
0.018466
0.018763
0.019762
0.018626
0.020364
0.020207
0.020049
0.019616
0.019695
0.018792
0.019882
0.020707
0.023699
0.018860
0.019312
0.022357
0.020631
0.019652
0.019410
0.020065
0.020362
0.019069
0.020028
0.020504
0.020140
0.019861
0.019930
0.018560
0.020786
0.020597
0.018791
0.028754
0.019459
0.020442
0.020440
0.018415
0.028964
0.022664
0.018638
0.044063
0.019267
0.019695
0.021332
0.018593
0.019636
0.019983
0.024705
0.020818
0.024201
0.018710
0.021057
0.018435
0.019885
0.019714
0.019148
0.018767
0.019511
0.019666
0.022663
0.019292
0.018898
0.019053
0.019261
0.028832
0.018509
0.019598
0.018873
0.025775
0.022781
0.026360
0.024714
0.019947
0.020203
0.020366
0.019993
0.020063
0.029932
0.020055
0.019941
0.020181
0.018370
0.019077
0.022143
0.020233
0.019778
0.019685
0.023512
0.020056
0.018716
0.019129
0.025383
0.018799
0.031800
0.024744
0.020003
0.019676
0.020329
0.018342
0.019398
0.020518
0.019608
0.018742
0.018329
0.024136
0.018304
0.019313
0.019790
0.018569
0.018577
0.019319
0.020049
0.020062
0.026056
0.020208
0.020042
0.018702
0.020244
0.019448
0.018901
0.020124
0.019163
0.028102
0.019479
0.018801
0.019574
0.018196
0.022193
0.023283
0.019791
0.020469
0.019749
0.018188
0.019789
0.019867
0.020303
0.019904
0.019705
0.019504
0.019730
0.020928
0.019957
0.020252
0.019726
0.019138
0.019018
0.018149
0.019722
0.020770
0.019073
0.029199
0.019886
0.019408
0.018700
0.019632
0.017856
0.024556
0.019671
0.031698
0.019835
0.021199
0.020136
0.018722
0.030730
0.020144
0.019198
0.018695
0.018983
0.020161
0.020169
0.018325
0.018779
0.019432
0.020208
0.030269
0.020939
0.029971
0.018816
0.018644
0.019670
0.018398
0.020369
0.018578
0.019186
0.020068
0.020150
0.019343
0.019490
0.018319
0.018450
0.019884
0.019026
0.019808
0.019260
0.027198
0.048040
0.021401
0.018642
0.019262
0.018523
0.020044
0.018900
0.019891
0.024291
0.020068
0.019568
0.020687
0.018924
0.026623
0.019643
0.019992
0.019493
0.019068
0.020296
0.027810
0.020396
0.019804
0.019891
0.018876
0.020748
0.019500
0.020820
0.020210
0.018435
0.018181
0.022752
0.018375
