0.012574
0.019291
0.019040
0.020015
0.019316
0.020359
0.019941
0.018729
0.019609
0.019926
0.020027
0.019380
0.018605
0.019028
0.018733
0.020031
0.019703
0.019313
0.019182
0.019485
0.019483
0.019296
0.019679
0.019224
0.019377
0.020227
0.021418
0.019208
0.018762
0.020392
0.018967
0.019424
0.020662
0.020252
0.019041
0.027188
0.023813
0.020629
0.027307
0.020539
0.019696
0.020154
0.020315
0.036370
0.023964
0.029263
0.020602
0.021840
0.019579
0.020191
0.019628
0.020347
0.020860
0.018470
0.019836
0.019915
0.019443
0.019730
0.027219
0.019925
0.018293
0.018549
0.020218
0.020023
0.018690
0.018490
0.019092
0.020901
0.018152
0.020032
0.019009
0.020060
0.022847
0.018589
0.021079
0.018534
0.018956
0.019910
0.018050
0.019706
0.019657
0.020861
0.019855
0.019973
0.018752
0.020211
0.034485
0.020165
0.019713
0.020062
0.019220
0.027552
0.035901
0.023839
0.020247
0.019600
0.018861
0.019593
0.020077
0.020194
0.019872
0.019622
0.020583
0.020086
0.020039
0.024219
0.020005
0.019868
0.020238
0.030206
0.020044
0.019378
0.023049
0.018943
0.018660
0.018684
0.019278
0.020852
0.019661
0.019104
0.018859
0.019560
0.020342
0.020634
0.020191
0.018810
0.018451
0.020478
0.020527
0.024593
0.018554
0.019724
0.018713
0.019195
0.018939
0.025802
0.020347
0.020812
0.019896
0.019444
0.019794
0.023102
0.022501
0.021467
0.019194
0.019680
0.020074
0.018745
0.021438
0.018633
0.020569
0.019790
0.020033
0.023674
0.020008
0.024371
0.018317
0.018770
0.019645
0.020968
0.020035
0.018667
0.018665
0.022779
0.020851
0.027170
0.020008
0.018499
0.018852
0.020755
0.019684
0.018739
0.020645
0.019830
0.020044
0.020302
0.018531
0.029377
0.018909
0.018602
0.018452
0.019207
0.027735
0.020606
0.042743
0.019173
0.019632
0.019788
0.019684
0.019855
0.019923
0.021510
0.019756
0.022376
0.030834
0.019974
0.019485
0.036738
0.020065
0.020529
0.031749
0.019725
0.020124
0.019649
0.018970
0.020533
0.019678
0.019669
0.020092
0.025381
0.019588
0.018527
0.029182
0.020402
0.020655
0.019922
0.018805
0.019606
0.020072
0.019073
0.028276
0.020135
0.027758
0.019409
0.019645
0.019992
0.024491
0.019739
0.019632
0.019840
0.023258
0.018778
0.019025
0.019114
0.020051
0.028166
0.019996
0.019473
0.019994
0.026570
0.018908
0.018621
0.019989
0.020414
0.019724
0.019620
0.020665
0.019942
0.019234
0.019411
0.019640
0.020250
0.019575
0.019086
0.029116
0.020451
0.019679
0.019864
0.020014
0.018537
0.019945
0.020480
0.019501
0.018767
0.019469
0.019528
0.018742
0.039233
0.020075
0.018751
0.020751
0.019709
0.020555
0.018467
0.020389
0.018645
0.019767
0.020027
0.019918
0.024274
0.019595
0.018394
0.019338
0.019733
0.019996
0.020087
0.028200
0.019747
0.022142
0.019548
0.020302
0.019719
0.019930
0.018762
0.025953
0.019422
0.019564
0.019626
0.020688
0.019663
0.020147
0.019096
0.019225
0.018796
0.019629
0.019453
0.019814
0.019279
0.020169
0.019904
0.019236
0.020163
0.029059
0.020009
0.019606
0.019322
0.042406
0.018904
0.018610
0.019714
0.019577
0.018890
0.019773
0.019891
0.019695
0.019434
0.019086
0.019769
0.020121
0.020815
0.027184
0.019336
0.020105
0.019551
0.027384
0.019815
0.019480
0.019531
0.019950
0.018797
0.020056
0.018792
0.027380
0.020194
0.018462
0.020170
0.022656
0.018403
0.018638
0.019565
0.019511
0.020162
0.019729
0.019814
0.018501
0.018721
0.019945
0.018424
0.020321
0.019481
0.019729
0.018365
0.019148
0.020799
0.024475
0.020189
0.019446
0.019202
0.020518
0.018709
0.025388
0.020086
0.019650
0.032323
0.018698
0.018467
0.019941
0.019466
0.019174
0.020322
0.018954
0.020280
0.019638
0.019226
0.019702
0.019866
0.019495
0.019441
0.019615
0.019223
0.024750
0.018431
0.027500
0.018502
0.018911
0.019037
0.020163
0.019884
0.027964
0.020689
0.033051
0.019915
0.019878
0.025230
0.019753
0.019630
0.025209
0.019482
0.019913
0.018656
0.019458
0.019912
0.019698
0.019794
0.019856
0.019547
0.028521
0.030210
0.026844
0.037647
0.018987
0.025014
0.019595
0.030229
0.023361
0.019932
0.019661
0.020168
0.019741
0.026989
0.019213
0.020386
0.019501
0.018781
0.029521
0.020067
0.019483
0.025928
0.028211
0.019523
0.019027
0.018202
0.020299
0.019504
0.029049
0.020165
0.019887
0.020178
0.020474
0.021175
0.019004
0.019613
0.018871
0.028417
0.019698
0.024411
0.020717
0.019843
0.019986
0.019518
0.020144
0.025502
0.019639
0.019664
0.019544
0.018823
0.019509
0.020151
0.019806
0.021725
0.022898
0.020309
0.019793
0.019942
0.020127
0.031407
0.020060
0.019297
0.020516
0.018638
0.019791
0.018650
0.019415
0.018997
0.021239
0.029690
0.019079
0.018984
0.020052
0.019804
0.020654
0.022084
0.019878
0.019309
0.019853
0.025591
0.019326
0.018731
0.018494
0.034468
0.019647
0.018406
0.019429
0.027486
0.019207
0.019822
0.019441
0.024902
0.019472
0.019978
0.018579
0.027224
0.022786
0.018602
0.021798
0.021214
0.022869
0.020847
0.019243
0.023652
0.022220
0.020040
0.019117
0.019256
0.025501
0.019808
0.018696
0.030389
0.023668
0.019793
0.033700
0.019885
0.018368
0.019933
0.026931
0.019508
0.025719
0.019442
0.023741
0.019280
0.018693
0.020596
0.019755
0.019249
0.019787
0.028725
0.022931
0.019662
0.019574
0.019379
0.019768
0.024757
0.024009
0.037634
0.019665
0.018560
0.020199
0.019931
0.024429
0.019283
0.020241
0.026821
0.021887
0.029972
0.022771
0.024070
0.018440
0.019828
0.018641
0.019733
0.020359
0.021916
0.019534
0.018384
0.022200
0.018833
0.019812
0.019921
0.022174
0.018283
0.018908
0.018639
0.018110
0.021279
0.020289
0.025474
0.026728
0.020365
0.019650
0.019548
0.021946
0.019742
0.019623
0.018708
0.020436
0.018938
0.019793
0.019737
0.019371
0.019357
0.030206
0.018720
0.021470
0.019787
0.020276
0.019767
0.018314
0.036103
0.019993
0.019378
0.026802
0.019379
0.020403
0.020132
0.019105
0.019491
0.019673
0.018883
0.020171
0.019614
0.018994
0.019002
0.019038
0.018888
0.018655
0.018612
0.019531
0.019981
0.018451
0.018398
0.018326
0.021694
0.020280
0.020209
0.019009
0.018362
0.019085
0.028562
0.019169
0.019621
0.018929
0.018493
0.029166
0.018985
0.018651
0.019167
0.019757
0.018995
0.019247
0.019422
0.020094
0.019895
0.018833
0.027302
0.020127
0.019503
0.018852
0.019109
0.019949
0.018820
0.019139
0.019569
0.019769
0.018860
0.019675
0.020087
0.019925
0.019957
0.019438
0.020056
0.019334
0.018551
0.019803
0.018614
0.020213
0.018345
0.019284
0.018912
0.019337
0.018639
0.020044
0.019612
0.018830
0.019155
0.019702
0.020442
0.019822
0.020031
0.020121
0.019938
0.018535
0.019270
0.018980
0.018703
0.019451
0.020225
0.019435
0.020073
0.018594
0.029461
0.018280
0.019344
0.019298
0.019423
0.024468
0.018880
0.019160
0.019656
0.024267
0.018547
0.018538
0.019965
0.019978
0.019465
0.018380
0.019273
0.019228
0.019879
0.019779
0.018471
0.018863
0.018485
0.018784
0.018753
0.018158
0.027227
0.019519
0.018188
0.018858
0.033781
0.019573
0.019504
0.019182
0.018436
0.018449
0.019967
0.019595
0.020182
0.018195
0.019876
0.018811
0.018989
0.019984
0.026822
0.020216
0.019633
0.019791
0.023069
0.018588
0.018494
0.024455
0.020411
0.018697
0.018457
0.020429
0.018393
0.028661
0.018955
0.018944
0.018454
0.019524
0.019999
0.019694
0.018374
0.026927
0.030439
0.027087
0.020414
0.019683
0.019180
0.048330
0.019433
0.018805
0.019795
0.018590
0.019699
0.019567
0.018034
0.020107
0.019621
0.018707
0.028747
0.020586
0.019002
0.019847
0.018538
0.020756
0.019519
0.019149
0.019104
0.019184
0.018686
0.018401
0.018794
0.019504
0.018388
0.019041
0.019273
0.021279
0.020641
0.034553
0.020318
0.019891
0.022029
0.030787
0.018909
0.018556
0.030621
0.018544
0.027752
0.028437
0.023150
0.021283
0.020252
0.019714
0.020257
0.020254
0.020258
0.020032
0.024158
0.021089
0.021900
0.019863
0.019701
0.020470
0.026260
0.018820
0.023017
0.024306
0.019492
0.024111
0.023221
0.022573
0.018218
0.018424
0.019097
0.020241
0.019007
0.018118
0.019198
0.018926
0.026378
0.021036
0.018863
0.018370
0.018721
0.023617
0.019957
0.019973
0.019720
0.018041
0.019461
0.025263
0.020090
0.020179
0.018891
0.028660
0.030311
0.025758
0.032304
0.019698
0.019493
0.018457
0.018802
0.021152
0.018243
0.022027
0.026800
0.020153
0.021815
0.031294
0.018728
0.022465
0.021273
0.026729
0.019487
0.037523
0.019775
0.019912
0.018919
0.018553
0.020014
0.022238
0.023765
0.019624
0.019345
0.019790
0.019785
0.019389
0.019207
0.019926
0.019267
0.018666
0.018589
0.026727
0.019276
0.019311
0.020262
0.018911
0.019428
0.020074
0.035507
0.020316
0.018856
0.018766
0.020035
0.018199
0.032752
0.019330
0.025667
0.032112
0.018686
0.024203
0.019724
0.018629
0.027135
0.018679
0.025899
0.025879
0.028626
0.022164
0.019515
0.019980
0.018818
0.027370
0.019366
0.019664
0.018813
0.019590
0.018418
0.020509
0.019787
0.019119
0.020406
0.020152
0.018595
0.034311
0.020472
0.020347
0.019781
0.019840
0.019958
0.019114
0.027266
0.019716
0.019080
0.019862
0.019186
0.018565
0.018989
0.028186
0.019798
0.020134
0.019495
0.019612
0.020258
0.024216
0.018820
0.019880
0.019321
0.031861
0.020442
0.023900
0.019554
0.020435
0.019930
0.029815
0.034367
0.020756
0.019336
0.020066
0.020578
0.020191
0.019763
0.020311
0.020017
0.036955
0.027780
0.022769
0.019767
0.020849
0.020559
0.021623
0.019829
0.019993
0.020021
0.019000
0.019803
0.024260
0.031969
0.020307
0.020273
0.020093
0.019267
0.027375
0.021271
0.018454
0.019955
0.018855
0.019377
0.022915
0.020447
0.019593
0.019821
0.020050
0.018873
0.018343
0.020198
0.020049
0.019941
0.019984
0.019068
0.019977
0.019439
0.019607
0.018198
0.019802
0.019444
0.019342
0.020006
0.019718
0.018920
0.020293
0.019781
0.020592
0.019296
0.018508
0.018574
0.018849
0.024140
0.019164
0.018891
0.019099
0.019028
0.020474
0.019309
0.019702
0.020132
0.020254
0.019902
0.019919
0.018929
0.019233
0.020105
0.018918
0.019684
0.020804
0.019741
0.018776
0.018622
0.017979
0.019389
0.019239
0.020210
0.024284
0.019878
0.019806
0.019505
0.019724
0.020004
0.019981
0.020150
0.019402
0.020123
0.019939
0.018834
0.018513
0.019919
0.020197
0.019761
0.018675
0.022869
0.043356
0.019709
0.021593
0.020149
0.020284
0.020295
0.020372
0.018051
0.020198
0.020060
0.020167
0.018577
0.018830
0.019543
0.019304
0.019600
0.018534
0.018720
0.018267
0.035780
0.018978
0.020025
0.046828
0.019333
0.020094
0.026938
0.018802
0.018959
0.019714
0.020126
0.018635
0.019615
0.019700
0.019757
0.018327
0.023410
0.019243
0.019260
0.019121
0.020196
0.020368
0.019145
0.019231
0.019609
0.019130
0.018932
0.020442
0.020103
0.020202
0.019008
0.020299
0.019780
0.020066
0.020034
0.020306
0.020035
0.020040
0.019144
0.018866
0.024411
0.019060
0.019751
0.020328
0.021564
0.021908
0.019537
0.018618
0.019984
0.019634
0.020139
0.021773
0.020619
0.020704
0.021306
0.035224
0.018315
0.018984
0.018927
0.019638
0.019540
0.019317
0.020108
0.018583
0.019941
0.021428
0.019977
0.018876
0.018924
0.020105
0.019764
0.019613
0.018770
0.020119
0.018846
0.019455
0.020262
0.019496
0.020087
0.019105
0.019396
0.018600
0.018829
0.020338
0.020225
0.020069
0.018354
0.020189
0.019884
0.034598
0.018588
0.018644
0.025227
0.018622
0.019377
0.030731
0.018719
0.019621
0.018794
0.019716
0.019243
0.018611
0.018761
0.028348
0.024712
0.020486
0.019220
0.019902
0.026638
0.032547
0.020461
0.020099
0.018802
0.019851
0.020503
0.020082
0.020122
0.019968
0.020487
0.021081
0.021418
0.019921
0.030139
0.026991
0.020011
0.028554
0.019457
0.019572
0.020211
0.019592
0.020602
0.019663
0.022198
0.019438
0.019051
0.034728
0.019841
0.021809
0.023940
0.020017
0.020555
0.020275
0.019997
0.019644
0.018364
0.019659
0.019846
0.022371
0.027486
0.018809
0.020094
0.019949
0.020238
0.020050
0.021291
0.018545
0.020096
0.018727
0.019124
0.020731
0.019855
0.020273
0.023556
0.019553
0.021670
0.022782
0.020280
0.019504
0.024154
0.018448
0.023323
0.018727
0.024512
0.020311
0.021969
0.029638
0.025994
0.019640
0.018913
0.018539
0.020371
0.020301
0.020973
0.020283
0.019915
0.019803
0.020031
0.023215
0.023669
0.019785
0.020267
0.018692
0.022072
0.020669
0.020057
0.018868
0.021238
0.019551
0.019151
0.020276
0.020470
0.018598
0.020014
0.018472
0.026757
0.018824
0.020309
0.031049
0.019911
0.020930
0.021224
0.020429
0.019063
0.019942
0.021068
0.019989
0.020535
0.019313
0.020006
0.022132
0.019573
0.028391
0.019450
0.023817
0.019025
0.018999
0.019128
0.019441
0.019983
0.019751
0.020738
0.019525
0.022635
0.019347
0.018485
0.025916
0.020525
0.019127
0.022312
0.019482
0.033097
0.020623
0.020721
0.025495
0.020035
0.018895
0.022932
0.019735
0.025154
0.018468
0.019422
0.018958
0.019624
0.019473
0.020132
0.018613
0.018442
0.019826
0.018860
0.021320
0.019689
0.023233
0.020076
0.019746
0.019978
0.020077
0.019825
0.029184
0.021150
0.018528
0.024743
0.020196
0.018949
0.019924
0.019000
0.027498
0.021246
0.019635
0.024235
0.020796
0.020163
0.021920
0.019803
0.019182
0.020005
0.026404
0.026491
0.019205
0.019623
0.021580
0.027262
0.019719
0.020180
0.026247
0.034386
0.021933
0.018939
0.019293
0.019820
0.020339
0.019632
0.027203
0.020544
0.020157
0.018767
0.019234
0.020276
0.020502
0.020189
0.042355
0.019595
0.037038
0.018980
0.029719
0.019271
0.020275
0.021262
0.019725
0.023460
0.029339
0.019352
0.020538
0.018902
0.019171
0.020159
0.019586
0.023474
0.020222
0.021584
0.019880
0.019149
0.020496
0.020774
0.020385
0.018960
0.019550
0.024013
0.022669
0.020275
0.019253
0.020117
0.018927
0.019638
0.018895
0.019300
0.019346
0.019808
0.019574
0.023444
0.032472
0.019631
0.020089
0.020133
0.019200
0.023063
0.020323
0.021617
0.019403
0.019422
0.018372
0.026564
0.024394
0.022271
0.020313
0.019875
0.018837
0.019798
0.019825
0.019815
0.020040
0.023115
0.019878
0.019316
0.019116
0.018886
0.020209
0.018801
0.018586
0.019014
0.019941
0.019302
0.023370
0.019311
0.025114
0.019853
0.021244
0.019477
0.020178
0.020313
0.019720
0.019045
0.019954
0.019011
0.019032
0.019915
0.020069
0.022362
0.018474
0.022553
0.018826
0.020257
0.020247
0.020650
0.020742
0.020346
0.018430
0.020224
0.018948
0.019442
0.020045
0.019508
0.020119
0.019102
0.019890
0.020843
0.018927
0.018839
0.018590
0.020207
0.019720
0.024951
0.019660
0.028446
0.018820
0.025796
0.019494
0.019995
0.018572
0.019921
0.018608
0.019891
0.019913
0.024193
0.019098
0.020268
0.019697
0.021039
0.020324
0.025494
0.020669
0.024928
0.018391
0.019729
0.019819
0.019434
0.019447
0.019333
0.020055
0.028237
0.018372
0.019182
0.019654
0.026086
0.026944
0.019863
0.019772
0.019971
0.019963
0.019643
0.020313
0.018656
0.020291
0.018586
0.020436
0.020142
0.026739
0.020140
0.019694
0.019846
0.020426
0.020332
0.019873
0.019709
0.020013
0.019955
0.018635
0.019662
0.023390
0.027271
0.019871
0.024522
0.019807
0.019750
0.019756
0.025658
0.018201
0.019820
0.018936
0.032200
0.018966
0.018537
0.020055
0.031090
0.019494
0.019009
0.020216
0.019820
0.019904
0.019710
0.019523
0.020211
0.020123
0.019465
0.020615
0.019736
0.018386
0.018925
0.020701
0.020387
0.031223
0.028586
0.024463
0.019301
0.022857
0.023594
0.018743
0.019998
0.024285
0.019873
0.019605
0.018669
0.020605
0.019615
0.019296
0.019867
0.019422
0.019795
0.018561
0.020347
0.019709
0.019014
0.019928
0.019388
0.030166
0.019507
0.019866
0.020214
0.020123
0.023831
0.020082
0.018803
0.018917
0.019965
0.020868
0.020303
0.020240
0.019441
0.018778
0.020950
0.019930
0.018841
0.025189
0.020757
0.019780
0.023543
0.019609
0.020678
0.019548
0.019266
0.019986
0.019421
0.020728
0.020452
0.020302
0.018604
0.019239
0.018997
0.020111
0.019785
0.019860
0.020177
0.019608
0.019982
0.019820
0.019950
0.019640
0.020092
0.020363
0.020034
0.027637
0.020100
0.019268
0.019469
0.019878
0.019615
0.019995
0.019881
0.019670
0.019750
0.019429
0.019613
0.030589
0.020474
0.020104
0.023190
0.020198
0.018831
0.019989
0.024809
0.022973
0.020000
0.023629
0.019775
0.018658
0.018360
0.019473
0.020145
0.020530
0.020235
0.019958
0.018902
0.019489
0.019988
0.019991
0.019569
0.020707
0.020064
0.020102
0.020168
0.018458
0.026270
0.019599
0.019117
0.019319
0.019639
0.032342
0.033649
0.022323
0.021708
0.019734
0.019480
0.025647
0.020341
0.020073
0.018387
0.021747
0.020546
0.019744
0.020183
0.019577
0.024066
0.020008
0.019703
0.019515
0.019709
0.019842
0.019955
0.018893
0.018586
0.019471
0.021644
0.019714
0.019541
0.018870
0.018543
0.019412
0.018314
0.018541
0.019826
0.019572
0.019990
0.019594
0.019824
0.019893
0.035957
0.018658
0.019495
0.020355
0.020456
0.018348
0.020231
0.020081
0.020214
0.019168
0.019299
0.020178
0.019855
0.018388
0.018714
0.020042
0.021589
0.019956
0.019409
0.019348
0.019217
0.020277
0.019566
0.019589
0.020720
0.020278
0.018895
0.020222
0.018979
0.018602
0.019911
0.020306
0.019892
0.019966
0.019917
0.018920
0.018914
0.028373
0.019838
