347.000000,135.000000,19.000000,18.000000
346.577600,134.866034,19.803898,17.636677
346.869783,135.040063,19.916157,17.726454
346.322736,135.302814,19.984480,17.744690
347.370545,133.767938,19.846754,17.473585
347.744206,134.539699,20.694113,17.844507
347.295231,140.887991,21.276306,17.932621
346.994967,149.324520,24.571634,23.133911
347.801737,163.947202,23.878452,21.012190
346.588939,164.602985,24.160746,20.772034
347.896386,179.154773,22.479155,20.656420
347.685918,193.683970,20.642179,19.577623
345.429476,206.990657,21.323009,18.861414
343.335145,215.522402,20.905027,18.763401
341.640158,218.587786,20.463100,18.358555
341.584179,218.761987,21.186096,19.412077
341.061636,218.690506,20.838070,19.508202
339.893259,218.631444,21.067348,18.542570
339.556291,218.567482,21.385656,19.267387
340.178115,217.930506,20.882936,18.522068
340.219910,217.455503,20.585136,18.727301
339.936352,218.056275,20.842300,19.613081
339.585819,217.467572,19.965576,18.856375
337.770669,217.515894,20.360228,19.297047
337.045378,217.678383,20.292828,19.308311
336.473805,217.246115,20.785505,19.399677
337.714267,218.615650,19.770617,19.077690
335.713340,218.034501,21.212870,19.598860
337.380434,218.764961,20.234440,20.087303
336.529029,219.473439,20.488352,20.063368
336.344330,219.642741,20.691391,19.550943
336.715077,220.026659,20.652761,19.546589
337.169750,218.082391,20.463142,19.420645
339.938467,208.744924,21.294613,21.090033
341.268551,198.341883,19.252487,16.872715
341.060919,179.084904,22.921246,21.049339
343.776896,162.578735,23.521076,23.603828
343.533774,163.559728,23.210764,23.904669
340.804850,146.272148,22.503338,19.626007
341.214478,133.862354,21.326035,19.199646
339.534675,125.903445,19.724169,17.622156
337.893356,122.224466,20.344307,17.315289
336.288767,122.359814,20.274113,17.286201
336.635943,122.454076,20.116930,17.187376
335.608489,124.919612,20.173723,17.273066
334.786557,129.542988,19.284864,16.703300
335.064918,136.158162,19.070871,16.963308
334.009927,142.993451,19.182592,17.213728
333.614475,149.133033,19.875633,17.747271
333.148062,148.825768,19.808384,18.147171
332.977378,151.937142,19.416582,18.632574
332.508588,152.218378,19.681829,18.647808
332.860915,150.678860,19.686640,18.575363
332.052813,149.473381,19.680668,18.928848
331.393329,148.092399,20.063990,19.461779
330.753325,147.911470,20.222576,19.374599
331.005037,146.554408,19.532024,18.423197
329.724655,145.902731,19.992249,18.723980
329.341948,144.831388,19.771114,19.231190
328.626351,145.707861,20.166067,18.742306
327.795210,144.906617,20.217686,19.361616
328.775235,145.113229,19.755362,19.051764
326.933604,144.571573,20.376001,19.257938
327.233772,145.316089,20.134079,19.302881
326.217821,145.999736,20.663883,19.479525
326.943551,146.929080,20.019522,18.943186
326.273546,148.236210,20.857838,19.291229
326.528313,148.377097,20.589676,19.200472
326.117250,150.374778,20.830807,18.640139
326.377307,151.865252,20.746279,18.776682
326.719165,152.259299,20.747774,18.956347
326.624620,151.512113,21.206852,18.881140
326.852888,149.914100,21.814083,17.684549
327.388550,149.817072,21.699089,17.941677
328.469372,145.882339,20.952477,18.276344
329.993830,143.103028,20.833912,18.371733
332.069416,144.523987,20.965645,18.672882
331.948550,149.661224,24.486658,21.030739
333.745240,159.928349,24.858015,23.989759
333.282471,160.130116,24.862839,23.969315
332.590362,173.711037,24.073137,20.586052
331.046170,190.421371,23.221800,20.970285
329.661976,206.431973,21.584145,20.750898
324.198349,217.464369,22.967072,19.678783
321.382473,225.043513,20.623383,18.865114
320.991387,224.933657,21.467497,19.037258
318.766127,227.826445,20.482677,19.528118
317.033998,226.129706,20.468327,19.727335
315.787782,226.756025,20.337629,19.784786
316.764676,227.190729,19.878119,19.385548
317.195887,227.524673,20.315456,19.888916
316.636167,226.842922,20.734022,20.301201
317.084749,227.775267,20.494122,19.612934
317.754093,227.439112,20.937782,19.901112
317.672999,226.972898,21.448465,19.756573
318.632656,227.606894,20.389450,19.301165
318.552149,227.829396,20.837727,19.605520
318.691772,227.364352,20.758171,19.629091
319.663774,227.805259,20.415220,19.873262
320.744450,229.281137,20.562050,19.556370
320.247899,229.723636,20.677084,19.516809
321.283715,231.440336,20.278807,19.659863
321.231089,232.568651,20.099216,19.471035
320.304996,231.672461,20.586143,19.645016
319.503354,232.665964,21.218428,20.505459
319.058071,233.655327,20.959274,20.158905
319.625744,234.202145,20.832970,21.042747
319.409522,234.888829,21.169062,20.995626
320.653598,232.269491,21.298670,20.383427
319.806062,231.796516,21.816710,20.490799
322.492702,224.050182,21.047722,20.689323
323.492521,209.820545,22.101437,21.069275
323.283212,194.214857,22.200499,21.576641
323.426912,179.188423,24.798222,22.826324
324.242104,165.567610,25.716759,24.584026
323.710900,165.671597,25.485319,23.895813
327.132879,153.402806,22.399059,20.983007
325.822958,144.607937,21.259663,21.153343
325.595345,138.659979,21.795891,20.402645
325.925340,136.915108,20.999006,18.937897
325.107996,138.254538,21.064365,18.993641
325.064357,138.044572,20.712732,18.972540
324.019043,141.494559,21.298904,18.989374
323.595645,149.541222,21.078089,18.307053
321.674030,157.288421,21.969398,19.273111
322.316031,163.583884,21.377117,18.804819
321.666975,164.431298,21.429241,19.009199
322.037554,164.275768,21.402676,19.095169
322.727805,163.228512,20.556055,18.235832
321.184916,161.201215,21.580677,19.059454
321.337853,159.614351,21.029776,19.085163
320.833764,157.998904,21.116949,18.666994
320.770072,157.959047,20.559168,18.741047
319.785416,157.448134,20.634750,18.810869
319.596372,156.790724,20.967573,19.062321
320.455001,155.949804,20.705965,18.660885
320.648022,154.865313,20.910385,18.862507
320.187740,155.165517,21.194290,19.275267
319.858786,154.473025,21.312145,19.714312
320.176667,154.707858,21.239035,19.382708
320.110775,155.654614,21.458740,19.048368
320.175648,155.743454,21.519577,19.275925
320.677711,156.310706,21.330088,19.587709
321.266055,157.081128,21.059656,19.212492
321.888497,160.005372,20.707556,19.476591
320.580232,159.854692,21.516378,19.630476
320.718624,160.718446,22.138504,20.469290
322.379347,162.217598,21.581509,20.242149
321.345533,161.213862,22.437893,20.174517
321.561996,159.402048,22.551826,19.174557
322.088964,155.537210,22.140844,19.081228
321.601997,155.178761,22.546349,18.957512
323.935838,150.670366,22.051497,19.759251
325.833709,148.754941,22.146730,19.922979
326.799786,149.367539,22.300056,20.345648
327.687377,153.184887,23.169588,20.542351
326.094179,160.526447,25.213558,23.177605
325.995443,159.196743,25.079342,23.364967
331.436821,173.051645,24.232491,22.753765
330.408833,185.675553,23.743706,22.356565
332.652624,201.495621,21.472538,20.771896
331.016000,214.545291,22.183859,21.111032
327.752305,226.289493,23.593832,22.170847
327.897831,226.835496,23.670601,21.262999
324.779365,234.160002,22.721193,21.763538
321.993175,235.853251,21.746065,20.965853
320.786971,235.465301,21.417833,20.306070
318.742900,234.693983,21.925600,20.832714
318.288341,233.039214,21.872835,21.116182
318.361626,232.995784,21.687737,21.083216
318.226015,232.613678,21.769238,21.434608
318.390520,232.416372,21.519588,20.838566
319.995897,232.113213,21.429905,21.210541
319.581729,232.358267,21.950762,21.646526
320.186759,232.390944,21.319933,20.976320
319.969765,232.365899,21.199196,21.374762
320.076401,232.615495,21.265091,20.712400
321.070793,233.585712,20.396965,21.311432
321.089265,233.020954,20.708982,20.701576
321.550459,233.355942,20.852345,21.424690
321.014237,233.291395,21.221212,21.404972
321.076362,233.708572,21.248499,21.397728
321.210395,233.260476,21.511461,21.078604
321.371410,233.505898,21.432350,21.326195
320.761896,233.169491,21.293369,21.111427
321.100438,233.839128,21.580183,22.025175
321.161562,233.690255,21.245075,21.411070
321.503209,233.636223,21.535315,21.734421
321.187915,233.832915,21.146547,21.343058
321.065591,234.353206,21.562674,22.008440
321.097334,235.137800,21.543552,21.891209
321.190890,236.298223,21.652437,21.622252
319.580442,237.438416,22.014210,21.698957
319.507889,237.925997,22.272614,21.972767
320.660781,238.779226,21.924402,21.894566
320.078634,238.786429,22.093472,20.941751
320.216218,238.502338,22.414984,22.039833
320.528575,235.882699,22.993219,23.069082
321.816646,232.077993,21.954447,21.199360
321.109589,231.205568,22.578285,21.487858
322.556448,222.142514,22.392223,22.325384
325.115160,204.477929,23.394550,21.580709
327.281783,184.400649,22.072062,20.570024
329.416300,165.347714,22.946918,24.470274
328.021435,146.572907,22.453865,19.732016
327.821292,146.787719,23.461992,20.232859
326.344271,135.023423,22.602055,20.485006
324.920240,128.842759,22.290371,19.902670
324.275224,127.566067,21.384924,19.295540
322.182574,131.354084,21.274393,19.401245
320.585715,138.711175,22.007044,19.413671
320.414884,139.064568,21.802427,19.414398
320.131145,146.788971,21.563051,19.159126
319.571677,153.584740,21.811060,20.014069
320.090731,157.914089,21.364399,18.872742
319.732792,158.510200,22.285370,19.077044
318.981823,157.009212,22.315628,18.691406
318.791460,156.902554,22.284992,18.656509
319.113721,154.770342,21.531446,19.099079
318.676517,152.666490,21.615191,19.360807
318.093393,150.653244,21.709461,20.636986
318.142082,149.849313,21.262451,20.772047
317.704632,149.937099,21.623741,20.661285
317.510924,149.958962,21.610025,20.635267
318.285110,149.370957,21.648561,20.654043
318.529814,148.347209,21.528408,20.467974
318.427707,148.741437,21.519625,19.576559
318.411098,148.410004,21.832100,19.412682
318.629213,147.954266,22.084850,19.677185
318.926647,148.743943,22.186890,19.561567
318.691890,148.944414,22.558969,19.823071
319.284842,149.342083,22.819788,20.178795
320.013195,151.306510,22.549194,20.144648
320.577698,151.556104,22.381752,20.689154
321.334993,153.710584,22.045490,20.390745
321.132484,154.237357,22.308357,20.694941
321.725533,155.611332,22.402502,20.384514
322.470784,157.772010,22.457830,19.998713
320.956078,156.574550,23.739998,20.667315
323.377393,154.397730,23.076536,19.662983
325.371631,149.828134,22.661753,19.610281
324.287173,149.630219,23.371325,19.848967
326.547673,146.702649,22.207571,19.503904
328.942058,145.348092,22.541498,20.169989
330.041874,147.653693,22.448112,20.870790
330.192966,153.425444,23.833513,21.728390
331.883201,163.872708,26.866999,27.159346
333.491858,164.486197,25.969645,27.656399
333.607496,176.897317,24.573528,23.275198
331.964738,191.853296,24.891294,23.482533
331.872231,208.213019,22.446409,21.103220
328.141597,222.581675,23.532473,20.967991
326.455812,231.094966,22.770796,21.599215
326.448996,231.500376,23.496471,21.691418
323.999104,233.571656,21.621832,21.017279
324.559165,232.541883,21.748072,21.147030
323.750354,232.948654,22.494394,21.284035
323.288029,231.711882,22.187141,21.393505
323.329679,231.909092,22.036182,21.514725
323.245135,232.157339,22.007540,21.508083
322.411933,231.887938,22.534937,21.456463
322.092772,231.453474,22.846043,21.432606
322.589489,231.525164,22.638405,21.499043
324.471759,231.676672,21.254656,20.903797
323.813978,231.422594,22.436985,21.836605
323.498982,231.287042,22.435995,21.637556
323.697480,231.279784,22.490866,21.527925
324.294774,231.239294,22.328833,21.364635
323.976153,231.564051,22.633936,21.868374
325.238391,232.557504,21.354670,21.468130
324.313197,232.616685,21.883020,21.411558
324.117705,232.092258,21.794458,21.566658
323.446035,232.890576,22.138081,21.704473
323.396867,232.454459,22.091520,21.660181
324.935972,232.884527,21.414829,21.971592
324.253723,233.417077,22.036858,21.365599
323.823650,232.919882,22.320992,21.206249
324.709996,233.106279,22.275763,21.597172
324.415086,233.292107,22.371901,21.673248
325.521554,233.691442,21.968611,21.381216
326.119586,233.058834,22.668825,21.861267
330.506818,231.014781,23.299520,22.009829
332.346015,224.723400,24.008493,22.648087
332.108952,224.314523,23.895576,22.351255
337.704366,213.049988,23.767019,23.701805
342.147410,202.168586,22.852701,22.264521
346.051577,188.477838,21.514484,22.486181
345.728654,175.907210,21.891973,22.226137
344.646882,167.003368,21.381788,21.357483
344.104876,167.638494,21.412594,21.211697
342.032856,161.675168,21.760513,21.803915
340.214308,160.610806,21.113232,21.115845
337.974230,161.330538,20.162037,20.629154
337.288132,162.582616,19.298042,20.092299
337.701380,165.688258,19.201550,19.971087
337.361987,165.084956,19.341288,19.688547
337.846490,167.210217,19.202085,19.744530
339.654930,169.774192,20.359344,20.306337
341.824594,171.428464,22.024885,21.386099
348.169895,173.353355,21.334221,21.706902
349.542169,175.957977,21.367689,21.564156
349.654803,175.205744,21.427988,21.702999
350.494836,175.363875,20.955954,21.145716
348.832688,172.389578,21.346586,21.504978
348.687482,169.433341,20.357077,21.311579
348.733633,165.940160,20.965878,21.014021
348.619155,164.763539,19.511660,19.552130
349.149984,164.486276,19.456326,19.841818
349.998157,167.679541,17.257608,16.930965
347.265322,167.801558,17.538258,18.086817
344.392394,166.894676,20.470362,19.709328
346.688299,169.277133,19.777767,19.214670
347.709301,170.824455,20.462631,21.834892
347.835379,170.602072,20.860973,21.973957
351.096150,172.521880,21.203543,22.269541
352.471127,175.910966,20.609787,21.456961
351.329514,174.943043,21.313263,21.926910
351.811424,175.179197,20.190987,20.899754
351.331633,172.617172,19.255825,21.074768
350.882523,172.276818,19.512047,20.912069
349.826787,170.639265,19.462019,20.562412
348.093596,168.690265,20.591539,20.214853
346.382229,167.833895,21.310349,19.933399
344.408915,168.026399,21.453014,20.144056
344.371904,170.219498,20.828564,19.838203
344.052829,170.393188,20.675776,19.787706
344.912798,172.660811,20.595692,19.930498
348.023272,173.035936,20.701542,20.074688
351.532269,175.206422,20.707527,21.216795
354.088434,178.254599,20.760525,21.044575
354.493049,180.451907,20.111963,20.313509
353.434218,179.210996,20.745951,20.878309
353.789085,178.896515,20.514114,21.294365
352.275654,177.251997,21.063286,21.102741
351.766936,174.209255,20.624262,20.662628
351.843065,171.457985,19.867893,20.710457
349.149915,169.504882,21.233221,21.444246
350.276886,169.642331,20.525391,21.401701
347.565787,169.923900,21.954790,21.016253
346.811275,171.121642,21.517328,20.305574
348.315723,171.772943,20.766052,21.019657
351.815191,172.087040,20.869366,20.550774
355.361252,175.444884,21.486320,20.985018
354.363143,175.641185,21.788103,21.173510
355.415834,176.789985,21.784580,21.593401
354.198573,176.484114,21.617273,22.131321
353.260471,175.427770,21.033691,21.138113
351.699511,174.230317,20.280880,20.233763
349.802718,172.081658,20.883287,21.109320
349.418932,171.847710,20.831562,21.162041
348.111733,169.848232,20.959005,20.845123
345.911548,168.270658,21.734179,20.576504
343.550280,168.258703,20.929928,20.359394
343.087049,169.738962,20.845930,20.757771
341.825919,170.891107,21.404589,21.107000
341.782116,171.129674,21.438118,21.176466
341.990445,174.081680,20.169996,19.577538
343.429539,176.304703,20.855453,20.497719
345.085641,179.278299,21.017309,20.745327
347.400626,182.147651,20.282404,21.167963
347.517799,183.658835,20.154488,20.899569
347.755695,183.318335,20.274437,21.131657
348.180474,185.145110,19.804266,20.274523
346.213607,183.585130,20.964540,21.545759
346.435628,181.741017,20.302176,20.811125
345.655600,178.575642,20.207371,20.712769
343.995564,175.797397,20.427855,19.965921
343.576441,175.653636,20.145596,19.830614
341.575148,172.584918,21.146389,19.722277
339.791424,171.508469,21.621780,19.880569
339.150752,171.686081,21.491777,19.143272
339.565007,171.396689,21.672842,18.868586
339.817148,171.459697,22.623119,19.408083
339.407917,171.340346,22.427330,19.513102
342.856434,172.234777,22.119072,20.781696
347.887407,173.949836,20.827320,20.412294
350.749326,175.242142,21.087729,21.336426
350.629869,176.271206,21.096220,21.109360
351.565384,175.790520,20.693085,20.887466
350.598533,176.141375,21.300165,20.826954
351.394644,174.143295,20.600353,20.914101
350.256512,172.299730,20.792839,20.790768
350.088113,171.304193,20.191076,20.069159
349.453499,170.274474,20.513374,20.818041
349.292160,170.411016,20.675293,20.881695
349.475639,170.532009,20.455711,20.843170
349.120828,172.179832,20.693708,20.612391
350.450215,175.003120,19.889326,20.035561
351.310542,176.676729,20.750170,20.314449
353.197652,178.515988,20.601408,21.587019
355.050226,180.993196,20.533848,20.619991
354.174435,180.078805,20.684723,20.909513
354.031837,179.974478,20.524139,20.942554
354.248275,179.562495,20.577700,21.160471
352.276105,177.065781,21.057920,20.530716
350.965772,175.146025,20.541273,19.900433
349.208266,171.265731,21.563700,20.848711
350.238280,171.245361,20.624346,20.903435
346.523954,168.768094,22.252506,20.862104
345.039449,168.648509,20.997786,19.341738
345.261293,168.818360,20.726620,19.843138
344.564792,169.350627,21.082293,19.985201
345.599427,170.413103,21.198858,20.238949
346.184713,169.819021,21.136738,20.352558
348.561365,172.265748,20.568813,19.308798
351.826824,174.811392,21.961929,20.338078
354.383615,176.209100,21.828335,21.693876
355.882282,176.739034,21.454033,21.967634
355.935839,177.812423,21.658405,22.211870
355.198277,177.484075,21.949593,22.502493
354.730083,176.607574,21.937233,22.844431
352.733045,176.235570,22.320227,22.804960
352.693285,175.877227,21.699535,21.293238
350.866251,174.376766,21.635975,20.467743
350.479825,172.963190,20.830389,20.883114
350.911898,173.435142,20.831379,20.809168
348.621824,173.496115,21.275112,20.430180
347.694064,173.517339,21.318415,20.679029
347.739944,174.185110,20.647928,20.227062
346.657474,175.418094,21.368876,20.034395
347.788734,177.266479,21.477852,19.995308
347.300627,176.784669,21.120464,20.248297
349.332393,177.733839,21.223886,20.753651
352.681746,178.439178,21.660105,21.194407
354.826509,180.384293,20.888500,20.529068
356.058256,179.712059,20.898586,21.535576
355.317078,180.020359,20.928818,21.296394
355.080919,179.553608,20.848248,21.423927
353.871537,178.237489,21.287954,21.100172
352.389720,175.411031,21.244585,20.898527
351.539858,172.482206,20.632450,20.840839
349.356720,169.802414,20.541092,20.972435
347.336875,168.470215,20.855783,20.402618
347.879848,167.712500,20.427132,20.502232
345.399264,167.785233,21.057421,19.985405
344.601934,167.459553,21.035252,19.935112
343.494154,167.030792,19.387409,19.831352
343.516865,167.732527,19.260139,19.489277
343.468456,167.270085,19.203804,20.154577
343.531446,167.235941,19.075071,20.091694
344.702498,167.432947,18.737299,19.986416
344.083985,166.193104,18.805326,20.116943
344.070384,165.963852,19.211763,19.962631
344.036884,164.886065,18.428131,19.783007
344.122480,163.886332,18.754124,20.172504
344.697241,164.022927,18.476566,19.756865
343.608689,162.600326,19.410948,20.647966
344.148255,162.202713,19.288626,20.228867
344.379703,161.724546,19.480036,20.555233
344.033833,161.189785,19.720497,20.053612
344.884148,162.230412,20.260536,20.385572
344.727398,162.558523,20.398628,20.495914
346.638164,164.236451,20.110781,20.101965
347.035851,165.694848,20.845526,20.304678
348.427547,169.371755,20.736391,20.675306
349.760579,171.731227,20.844145,20.549967
350.581652,175.913331,20.947857,21.158560
350.786676,176.421722,20.695110,21.079575
349.612949,179.560702,21.070351,20.728662
347.683352,181.882803,21.568386,21.673534
345.993266,182.172693,21.190081,22.436283
340.736092,183.311225,22.764297,22.781878
337.310332,181.655035,22.961123,23.263813
336.769784,182.182109,23.099401,23.864298
334.488808,178.951122,22.320961,23.642105
330.581029,178.134402,23.508955,23.047754
328.626603,176.247455,22.459295,22.584047
325.850006,173.777232,23.000809,22.340082
322.960203,171.872767,25.021198,22.161982
321.979403,171.747073,26.232698,22.325380
319.667834,169.896349,23.576784,21.768223
318.012373,168.708402,22.112942,21.369757
315.484269,168.169789,22.173140,21.078573
313.489775,168.080310,21.093998,21.682634
310.220849,168.168165,22.207937,22.410778
310.729867,168.107847,23.133635,22.766064
308.717157,168.154969,21.394756,22.810324
302.997369,170.400959,21.319639,22.911850
301.974346,173.546111,20.575447,22.380312
300.953682,174.351766,20.952141,22.319685
300.451912,174.011685,20.970039,24.230368
301.493775,173.584688,20.601820,24.424885
299.697206,174.712182,22.212025,23.169058
297.687232,174.685372,23.105379,21.072218
302.855591,171.302519,19.835472,20.901974
306.703448,168.555136,21.128740,22.409298
309.162350,167.805213,20.599686,19.828768
309.993369,167.237174,19.722673,20.368967
311.139974,167.045605,21.235731,20.963112
311.785315,166.415432,21.405766,21.316727
311.324963,167.606693,23.542900,20.548576
307.677767,169.146063,24.723858,22.689053
304.780177,171.681050,20.991983,21.776098
305.302783,171.786358,21.077089,22.597542
304.161079,172.763220,21.843002,23.288883
304.025449,177.197946,20.784765,22.159262
306.142632,178.132519,20.845625,21.539871
306.322657,176.621078,21.305630,21.894257
307.413447,173.394136,20.498110,21.933498
307.303426,173.386778,21.038565,22.882969
313.004122,171.734003,19.463879,20.922413
316.413184,168.177324,21.639406,21.201542
317.875530,166.800759,22.090538,21.033560
317.222994,167.024702,22.194218,20.292149
315.277224,165.359728,23.776562,20.150494
316.448872,166.074150,23.420799,19.663918
315.608490,164.897560,24.098595,20.901352
315.465627,164.590718,24.148436,20.744299
314.944257,164.882861,24.145155,20.457567
316.127288,165.395468,23.446207,20.656544
318.182155,165.742564,22.416567,20.886683
317.563110,165.302706,22.569878,20.645412
318.993872,165.774044,21.608646,21.034035
319.302892,166.624592,22.018141,21.432457
318.474241,167.790959,21.284969,21.670713
314.157159,169.436804,21.456495,22.829571
311.704133,172.634347,22.234304,20.865118
309.657916,171.997683,23.818476,22.731647
310.082315,172.932316,22.737614,21.945206
311.102816,172.856861,23.183437,21.884148
309.841513,171.713997,24.733181,22.121239
315.354727,168.192843,22.279537,21.876413
316.948476,166.075047,22.378393,21.185440
316.664925,166.502990,22.742989,21.582170
316.926263,165.103934,23.180868,21.503260
317.451335,164.995826,22.927042,21.025133
317.041484,165.323162,24.002626,20.460625
314.655611,167.623975,23.034222,19.554899
312.424337,169.775116,20.885197,21.716736
313.213238,169.871109,21.586128,21.696877
310.018713,173.014223,20.780331,21.555004
310.532739,173.990747,20.611891,21.864536
310.619493,174.529929,20.401808,21.172396
311.528379,172.875263,19.911144,21.243286
313.218372,170.054929,19.822914,21.260908
312.853466,170.175379,19.956169,21.886494
314.981104,166.585299,21.255917,21.415417
316.624455,165.340613,21.267653,21.090761
318.659560,164.592784,20.940096,20.171030
318.046346,164.726865,21.199545,19.723700
318.059886,165.576587,21.099230,19.828890
317.966072,165.571846,21.220367,20.017738
316.845629,166.037560,20.914730,20.869848
314.542845,168.403439,21.216885,20.800407
312.049703,169.915959,21.604246,22.244574
310.192377,172.441975,20.693829,21.793228
309.560083,175.687700,19.388783,19.865429
309.559077,177.098443,19.361864,18.828833
310.405389,176.175363,19.320219,20.532072
310.604624,175.963775,20.096203,21.712160
311.670732,174.812887,20.010473,20.882702
312.784730,173.073180,19.930441,20.649820
313.552392,173.551857,19.267492,20.020233
313.368356,172.663400,19.517263,20.520834
314.938521,173.605595,18.934320,20.646378
315.613832,172.913866,19.383327,21.324200
316.366763,172.686294,19.453791,22.097574
313.587173,173.837554,21.563295,22.954386
312.940037,174.981330,21.221413,21.999605
313.320174,174.444847,20.981966,22.533989
310.675630,173.702445,22.189390,23.073809
308.953820,173.441710,22.054068,22.543520
310.675446,171.987212,20.344940,21.977709
310.735084,171.034498,19.087610,20.754070
312.098321,169.434801,19.274633,21.726490
311.624744,167.972705,20.355232,22.408808
312.323111,166.245765,21.283573,22.085985
312.610222,166.122140,20.925186,21.355795
310.321929,166.743261,21.501253,22.243320
308.868908,167.942699,21.044632,21.686195
309.251354,169.314030,21.281441,22.493423
308.901958,168.381915,21.407465,22.630991
310.634069,168.775016,21.387775,21.781786
313.523751,167.196660,20.574263,20.900969
315.197726,165.884362,20.540689,19.978392
316.651605,165.356160,20.229971,20.500921
316.280992,165.117939,20.890272,20.579880
316.312705,165.720137,20.969751,20.744335
317.479155,165.485132,20.584782,19.686855
316.885606,165.716425,21.163664,20.990612
315.863849,166.465183,20.323656,22.890526
312.136320,167.790374,22.131664,22.141512
311.371891,171.079292,19.943527,20.841225
312.314650,171.724225,19.585865,20.604757
310.669739,169.841616,21.108673,22.109921
311.807353,171.884508,19.730181,20.485836
312.125658,169.749361,20.132603,20.613598
313.841754,168.806323,19.268763,20.040018
314.422734,168.047206,19.741682,19.327600
314.503695,167.444634,19.907274,19.369703
316.405724,164.546655,19.125587,20.844633
316.940213,160.871128,20.859175,23.171692
316.819247,160.058075,21.064745,22.603676
316.485680,159.599727,21.009834,22.696726
315.919789,160.062733,20.046804,20.666817
315.695851,160.726851,20.175169,20.868664
314.249102,161.665967,19.528431,20.552183
311.921484,163.830582,19.345364,21.479202
310.676015,166.204304,18.742430,19.715515
309.953497,166.579566,20.195805,20.290468
308.282288,165.772004,22.024147,20.913824
308.246984,165.835027,22.165058,20.997686
310.952394,163.673468,19.788578,19.945690
310.364550,159.822131,19.326832,20.371401
311.524012,158.118136,18.694721,19.796450
311.790421,154.364142,19.756256,21.560305
311.894108,155.111563,19.229912,20.535000
311.720118,154.858020,19.596371,20.965090
309.916542,155.095305,20.539070,20.820955
310.384462,154.485713,21.016285,22.458567
310.717175,157.239400,20.348572,22.553801
308.777055,159.708937,20.782522,22.039936
308.655085,160.955612,21.594196,22.104050
308.999191,161.617393,21.743797,21.873337
308.665253,161.135487,22.251152,22.041130
308.610922,160.760952,22.085796,21.531937
308.557124,159.371157,22.342127,21.816067
309.726349,158.455699,21.350349,21.764940
309.697062,157.766781,21.132893,22.770744
309.513069,157.542975,21.227501,22.868837
308.164568,158.387412,20.521053,22.791208
308.703609,160.407581,20.715019,21.946182
307.334629,163.731282,20.951790,21.472471
306.632571,169.159833,23.966227,22.938597
307.598045,174.981522,23.000687,23.182915
308.042845,174.958435,22.901150,23.125580
309.874415,181.392916,25.377924,23.314831
314.198298,187.545295,23.985744,21.957979
317.325850,193.429292,24.206692,22.715292
321.293594,195.982510,24.648521,22.530762
322.609311,197.486646,24.303076,22.409788
323.321027,197.535074,24.308973,22.162586
323.353038,197.183370,25.307550,22.062819
326.035140,193.669070,23.529383,22.257540
328.825685,186.869646,23.752913,22.457668
328.454639,176.342145,23.765251,21.697592
328.568474,164.213314,26.745895,23.495071
328.828876,163.981482,25.787935,23.463169
329.298626,155.914723,27.687263,24.302183
331.571328,147.236379,26.711195,25.265394
330.887012,140.716604,26.852791,24.165112
330.191350,138.013513,27.122160,23.124266
329.696855,136.656074,26.896391,24.277040
329.829834,137.128312,27.323807,24.018461
331.324135,139.125319,25.967407,23.343342
331.908095,142.538587,25.356737,25.194265
330.102303,150.445448,27.238823,25.098652
331.253360,162.346351,25.034288,23.015062
330.563242,174.729577,25.064617,22.216475
330.486685,174.422985,25.127956,22.341667
328.029001,191.283133,25.315792,22.231846
331.593662,209.663015,23.153755,24.633320
331.822660,231.197561,22.210743,23.893040
331.495453,223.438919,22.784409,22.975021
333.835276,212.999695,22.237949,23.044571
333.414265,212.320461,22.195145,22.736954
334.478477,203.705196,21.778229,22.494232
334.140598,198.322488,21.590553,20.892607
335.165238,190.764203,22.829664,22.339392
335.871974,187.415676,22.688700,21.731903
337.001690,186.279510,22.163681,22.145502
336.234491,185.360547,22.538815,22.560995
337.450027,188.533798,22.740662,23.284218
338.272986,192.130259,22.849337,23.587124
338.795081,195.935662,22.110643,22.824041
338.795047,197.548823,23.473276,23.535440
337.863161,198.467563,24.034657,23.410891
339.065101,198.272696,23.884195,23.079136
337.082299,196.848470,24.937727,24.470625
336.020703,194.791176,25.152525,24.544327
336.705332,189.640177,25.128185,23.871349
336.435843,185.228299,24.375330,22.968924
336.230193,178.466083,24.793390,23.749918
335.821868,178.501471,24.846888,23.842625
337.019271,170.039031,25.024424,23.174105
336.290209,160.274122,24.543713,23.872173
334.502492,153.139324,24.191099,24.833176
335.459484,143.408626,24.025963,24.864000
334.447450,133.657537,25.107618,25.386868
334.268807,133.306988,25.082525,26.302994
335.778783,127.820950,23.443281,22.940063
329.770177,119.238286,28.640623,26.550375
330.292050,117.496723,27.929045,24.717766
331.271649,116.286115,27.293425,25.819098
330.690338,118.722001,27.759636,26.262709
329.495545,118.733555,27.742987,26.146324
329.895801,123.656780,26.682741,24.823311
329.253082,128.712111,26.384926,26.138186
328.211513,142.062294,26.892244,26.333405
328.331506,158.522324,24.690542,22.525864
331.019029,176.718390,23.366186,24.622408
330.095691,177.294231,24.277880,24.707664
329.109454,199.447770,25.392786,25.259947
329.742751,221.203304,24.097414,23.962700
330.804994,215.131070,23.767851,23.511068
332.221612,203.669114,24.323156,24.240934
331.835060,191.679397,23.590569,24.885538
330.949693,191.987321,23.772383,24.984274
332.343724,184.397356,23.534567,23.545002
334.746243,177.415387,22.198515,23.450911
335.119178,171.028944,23.744791,24.423702
335.527428,168.489027,24.029335,24.511837
334.430368,168.264973,23.693157,25.595383
335.626847,168.661797,23.111502,25.097168
334.855029,169.265900,23.504412,25.101242
335.466461,169.847651,22.990173,25.251881
335.936736,170.466218,23.108477,23.393141
334.326504,168.563595,24.391197,23.472130
333.190393,166.991264,24.852848,23.041862
332.913074,166.218155,24.968559,23.217262
331.691998,164.248952,25.557524,23.575102
331.636625,161.468756,24.866146,22.687176
330.188032,160.142191,24.558292,23.321568
330.770063,158.474242,24.777683,22.318117
330.904580,157.067694,24.962255,22.965595
331.075245,156.951691,25.125061,22.834023
331.414761,157.238297,23.956940,23.381325
333.799648,157.045145,23.604424,24.072765
332.175145,154.403818,24.313871,25.316387
331.617719,152.581739,23.833868,24.442417
331.333386,152.291160,23.836363,23.095049
331.449414,151.917119,24.160200,23.542097
331.288166,150.009112,23.761169,24.193789
332.058554,147.669002,23.043476,23.669947
332.150629,146.341551,23.893009,24.812023
332.184083,143.758269,23.741331,26.034426
330.857411,142.751026,25.113958,26.392799
328.709570,143.365375,28.780048,26.710382
293.677659,141.731554,24.179426,22.381130
331.527346,142.304352,25.854015,27.777550
331.811409,141.826690,25.737442,27.480722
331.397635,141.765465,26.124088,28.247002
330.837943,142.259953,25.704195,28.486982
330.262440,141.900992,25.498650,28.354136
329.563492,143.798039,25.895386,28.480772
328.230010,145.668284,25.677950,28.543947
329.059185,149.854031,23.709373,27.124252
326.552997,152.076162,24.478235,27.424725
323.867745,153.897548,24.584814,27.104204
324.438910,154.562624,24.396326,25.913837
321.718966,157.959099,24.167339,25.413475
320.858190,161.350367,24.801817,25.102680
319.837229,163.431426,24.681393,23.830805
320.802873,164.407920,23.146338,23.035654
320.572152,161.129633,23.996016,25.044003
320.384489,161.914324,24.063885,24.299610
321.247704,159.141854,23.907349,25.351110
321.343206,158.303905,24.190899,25.381264
322.089940,158.633997,23.869421,25.116840
321.080118,159.354880,24.262547,25.162745
321.734917,162.839434,23.316162,25.292545
322.050087,164.023711,23.224022,24.361055
320.666443,165.690018,23.872887,24.123665
319.236361,167.795776,23.707920,24.144768
320.431635,169.145035,23.201633,24.212425
319.359175,167.197745,23.501545,24.907511
320.136679,164.956680,22.872608,24.674324
320.696812,164.810458,22.747612,24.217615
320.623451,160.759550,23.330040,23.830959
320.396525,156.781484,24.273638,25.698858
320.111536,152.752454,24.463505,24.562590
320.089040,149.253157,25.059065,24.958965
320.894341,148.179924,24.078543,24.780693
321.656028,148.693988,23.892839,24.149729
320.408288,148.387922,23.435621,23.519413
319.100256,149.239425,24.119793,23.474604
318.440534,151.760534,24.287123,24.607243
318.208815,152.252963,24.346737,24.073534
317.456750,153.241651,25.479017,24.447149
316.887415,153.167139,25.280132,24.673489
318.649216,152.327233,24.187386,24.166334
319.684886,147.842356,24.095041,25.387356
318.061979,143.200567,25.895885,27.432285
320.542113,141.957575,24.579081,26.320950
320.743034,141.028035,24.384789,26.384367
321.127099,140.708580,24.575232,26.580788
320.479099,140.822930,25.269928,27.830145
319.357117,140.806373,25.098000,27.055567
320.588407,141.178086,24.680677,26.065573
318.548271,140.708985,24.725761,26.735922
318.633398,144.680867,24.518734,25.535688
317.992003,146.176478,24.598902,24.879137
319.610541,151.232690,24.014261,24.827780
319.761867,154.591145,23.965876,24.336502
318.320121,153.026893,26.089472,25.963854
317.598322,150.938112,25.829899,25.520611
317.481760,148.893621,26.201679,25.101719
316.626491,148.680784,27.049883,24.688419
316.449940,146.309253,26.713837,25.970552
315.492251,145.935825,25.645479,25.798508
314.091765,146.050854,26.719255,25.965088
316.005153,147.289797,25.673426,24.411869
314.708554,149.496421,25.420774,25.200632
314.210590,149.222321,26.076340,25.158287
312.668226,151.163404,25.746487,25.362667
311.318841,152.311948,26.609556,25.361509
311.025024,154.913974,25.927521,24.201815
310.909996,157.163507,25.987289,23.923330
310.973451,158.594050,25.756216,24.173510
310.539802,159.673649,25.735453,23.516647
310.024369,162.298742,26.741392,25.059780
310.952970,164.416383,25.998312,23.759314
312.032698,168.213845,25.353062,22.683966
311.867298,169.010122,26.075294,22.343967
313.621589,169.318600,25.434206,22.458824
313.447161,169.084658,26.037670,22.632778
314.505325,168.896861,25.595604,22.296412
314.438004,166.449133,26.427673,23.255451
314.161478,166.292813,27.217098,23.395338
315.332743,167.805992,26.658794,23.145943
316.039137,167.989204,25.710079,23.896965
315.677907,168.017930,25.777243,24.130796
316.615244,166.772916,25.716755,23.739752
317.178713,161.891863,25.380619,23.124233
317.224874,153.321939,27.151136,23.556944
317.258326,140.006730,28.683384,24.493849
318.595943,128.083363,26.380997,24.441437
318.373110,127.777259,26.913189,24.912928
318.777263,119.841555,24.900873,23.957035
316.955306,112.897009,24.654818,25.249569
317.060706,111.446686,24.774012,25.335663
316.969038,111.392534,25.391247,25.150257
317.856977,116.520935,23.325285,24.895729
318.053697,116.357337,22.831816,24.691858
315.923459,122.311632,24.627142,25.584904
314.943556,133.486010,26.257626,26.123524
312.843517,148.569491,29.471863,28.067019
315.119957,167.538579,24.554588,22.204451
316.434863,189.813570,24.233027,21.108753
315.835367,190.004116,24.730656,21.298920
317.534950,214.474179,23.739655,22.843824
316.678603,221.414001,24.010386,23.080605
316.590786,206.779617,25.300850,23.734367
318.353292,195.494402,23.419065,22.789516
319.149523,184.417787,22.038799,22.205381
318.137075,184.860256,22.616703,22.098724
320.329391,177.224033,22.205141,23.006470
321.245408,171.520817,22.883337,24.062256
318.218574,167.594334,25.603662,23.962547
318.563090,167.701283,25.161142,23.373442
319.481153,169.452798,25.003897,23.674276
319.071376,169.031415,25.317705,23.803732
320.221601,170.503150,24.211597,22.601496
318.244226,170.961421,25.565319,23.419069
318.950996,172.151344,24.214256,22.685272
318.048475,174.564452,24.718517,22.812311
317.026746,177.371738,25.334509,24.329933
317.825701,177.250909,24.685162,23.697302
316.489054,179.322464,24.713871,24.108429
316.882318,180.645063,24.489317,23.417004
316.241100,176.958260,24.855698,25.290672
315.172666,168.215841,24.258230,23.425709
315.221401,158.985108,26.489586,21.706999
315.235974,158.901662,26.980688,21.677893
314.730336,144.295099,26.704557,24.988308
316.782963,134.784817,25.765442,24.020081
316.811071,125.315185,26.043324,24.026331
315.905715,117.377948,26.545938,25.934748
316.348156,115.841933,25.838776,25.344652
316.505774,114.971119,25.868494,25.511101
316.455683,115.327711,25.596424,25.662785
315.845527,117.911561,25.625124,24.887800
315.532200,123.816543,26.239540,25.409319
315.522156,135.140126,25.885452,24.755178
316.080839,148.832029,26.252232,26.635319
315.929570,148.698573,25.784658,25.997812
314.771256,166.889365,26.880796,24.237413
314.874872,188.810710,25.698978,26.049494
316.060946,213.942221,23.276890,23.170826
315.928493,219.264528,23.373840,23.249928
315.124474,206.279016,24.494255,23.191214
315.473482,205.829827,24.633053,23.066328
315.294634,194.795681,23.196789,23.445984
316.806925,184.511334,22.694828,22.570913
315.765713,176.435936,22.698013,23.437157
316.518321,171.774419,21.611788,24.066031
316.071880,168.265789,22.546005,21.873055
316.278089,168.029857,22.892675,22.095385
313.694916,166.128684,23.496246,22.622446
313.298238,167.162834,23.384222,21.926064
311.192234,166.054593,25.703766,22.862822
311.315047,166.730315,24.983713,22.108301
312.205873,164.850608,24.353733,22.507135
312.950882,165.415057,24.191505,22.024736
311.308606,164.823003,25.882536,22.476446
312.781824,164.290741,24.647732,22.191826
313.001966,165.493291,24.906849,22.520529
313.039973,167.170184,25.007540,22.678034
312.613201,168.386597,25.058281,22.033478
313.115143,169.272328,25.023750,21.928457
312.635039,170.017193,24.996363,21.662544
312.932182,170.413615,25.037834,21.801836
313.298806,169.596788,25.166540,22.564564
313.254807,168.762859,24.853844,22.387245
313.534790,166.627695,24.559189,22.164165
314.123590,167.290859,24.953312,21.854431
314.614906,163.692871,24.284866,21.893021
314.707981,160.209234,23.888641,22.571987
315.519098,158.143512,24.405155,22.946001
316.483151,155.266342,23.555014,22.414482
316.665988,152.706517,23.855646,24.097158
316.212351,152.506538,24.157734,24.065964
316.894803,152.016702,23.876715,23.973097
317.664532,152.320385,22.315994,22.624153
319.267485,152.166510,22.083935,22.671558
319.017786,148.039999,22.300587,23.440937
317.958457,144.473925,22.559618,24.191349
318.077606,144.204075,22.632042,23.750572
321.160340,143.284177,21.472799,22.199072
321.422744,142.203082,21.494440,21.701113
322.922377,142.401923,20.684940,21.090792
320.990523,142.907886,21.864565,21.965136
320.186822,142.401138,22.718138,23.499535
319.971737,142.858006,22.531525,23.277031
320.350816,144.641430,21.690786,22.777222
318.718549,146.272685,22.391607,22.649118
319.276025,150.858605,22.321325,22.985853
317.967092,152.728765,24.612387,24.660480
316.322192,153.326339,24.919977,22.944887
315.947686,153.048746,24.929266,23.032925
316.034974,150.530583,24.917822,23.978445
315.853328,148.693383,24.486887,23.602903
315.267909,146.610666,25.136812,24.065205
316.076142,146.245614,25.225164,24.620977
316.372524,146.954062,24.782715,24.032526
316.299638,147.424838,25.033697,24.123186
316.814721,147.645350,24.920774,23.651676
316.960972,149.447124,25.854652,25.139114
317.473715,150.214439,25.496998,24.051506
318.326006,151.632356,25.479397,25.057158
318.793473,152.765991,24.767134,24.507812
319.395563,153.209705,24.793980,24.402321
319.549560,154.304072,25.086153,25.296961
319.394147,156.533199,25.384642,24.486732
318.689878,158.870035,25.309116,24.018108
318.636168,160.606461,24.961674,23.483810
317.684345,162.291265,25.753716,23.540335
317.961898,162.468539,24.888811,22.967211
317.872101,161.947899,24.647652,22.919266
317.205204,160.681835,24.318794,22.381432
315.418883,157.135211,25.833719,23.560427
318.957476,153.796112,23.218632,23.310364
320.033840,150.151433,22.210701,22.378935
319.507730,150.317456,22.808689,23.156775
320.549623,147.258530,23.470058,23.571411
321.895161,145.825072,22.673447,23.352938
321.351729,144.091107,23.144053,25.288160
322.456942,145.350342,22.347805,24.063324
321.638899,145.054429,22.648785,24.879286
322.514007,144.812766,22.425890,24.304239
322.202948,145.149257,22.927044,24.482187
322.019247,144.342780,22.890408,24.487841
322.021792,144.466387,23.105730,24.757877
320.148787,142.928576,24.455120,25.197664
321.356761,143.718998,23.333483,23.847672
321.320376,143.140125,23.674425,24.296501
320.559290,144.277967,23.620106,25.128506
320.116998,145.341207,23.143545,25.634871
318.498369,146.724014,22.963757,24.384354
317.530104,149.277868,23.498966,26.113102
317.850832,153.464824,23.422184,24.388407
316.689694,153.064512,23.913939,24.443447
318.264699,153.636394,22.930006,23.782801
317.927705,151.363056,23.639723,25.079384
318.606712,149.386037,23.145172,24.449133
318.063058,147.497295,24.318182,24.356560
319.004641,144.934745,24.299335,25.661936
318.081720,146.401076,24.372700,24.684183
317.304468,144.520427,25.125927,24.034594
319.126832,144.687949,24.493101,24.832804
318.914542,145.613413,25.538744,25.579441
319.177278,147.137878,25.017439,24.544060
320.027751,148.538549,24.647646,24.188076
319.592346,147.643737,25.447891,24.908777
320.410058,148.246037,24.981230,23.786779
320.467635,146.032396,25.594812,25.579632
321.001268,144.791703,26.357456,25.650496
320.229761,144.727445,26.436253,24.906515
320.638789,144.242437,26.097292,24.565899
320.490854,144.511827,26.532192,24.496084
320.824467,143.567423,25.355766,24.522480
318.844793,144.748524,26.098156,24.721680
318.772320,145.500795,26.058914,24.618153
319.186580,148.722327,25.168322,24.203074
318.799317,150.458948,24.880301,24.910984
318.771094,151.504969,24.972673,24.402302
319.643752,152.463452,24.606997,24.858824
321.395280,153.841714,23.663061,24.920691
322.968330,153.425536,24.211594,25.694124
324.028146,151.421715,24.202230,26.176094
325.924393,151.007521,25.097160,25.994015
327.105766,151.774510,25.115089,25.583311
328.043222,149.332085,25.773808,27.411819
329.764588,148.436753,26.112082,25.379927
332.150736,144.073551,24.871174,26.164368
333.521355,143.154577,23.517387,25.813770
336.206119,140.257559,22.689989,24.807667
335.622743,140.611081,23.201300,24.740164
337.682386,137.183603,23.139065,26.503918
339.712994,134.806703,22.864967,24.139280
340.485324,130.277326,22.889368,23.233213
339.768962,127.292053,22.858080,22.650452
338.587601,122.341342,22.685127,22.750116
338.440392,122.298161,22.667030,22.824341
335.632257,117.922176,22.579756,22.201317
330.361072,114.548927,22.212587,21.592453
327.766449,113.448605,20.558052,21.868126
313.653635,112.398580,31.297474,23.085981
314.187269,113.039077,29.614941,23.860132
315.286488,113.198959,28.602692,23.889076
314.349646,113.709278,27.337406,25.220627
314.126990,115.367828,25.120424,24.722954
311.820163,116.248874,27.961367,26.551638
315.066800,116.823893,25.263090,23.905964
309.596251,115.888916,30.321911,26.942139
315.216825,117.555852,25.133467,24.160757
314.795672,117.636633,25.208536,25.256237
315.056316,116.897588,25.542999,25.144110
315.967611,115.317402,24.600208,23.819710
294.761010,114.815499,25.102140,20.415487
293.753386,114.889679,23.072077,21.634659
293.575792,114.540973,22.649410,21.786089
292.257219,117.269178,23.370678,22.144047
291.458425,118.059275,23.843405,23.672558
290.888790,120.018453,23.500130,24.568792
290.504025,121.400263,24.964020,24.616810
291.099691,123.095418,22.885937,25.094717
290.617771,123.122196,23.237679,24.925369
290.858311,125.048286,23.061249,25.027016
292.480910,127.177113,22.483110,24.865601
295.092578,129.493852,23.046602,25.109701
296.486771,132.917406,25.661407,23.374058
300.204968,135.713100,23.913717,24.242462
300.232205,135.651685,23.805037,24.192907
302.218958,136.921562,24.382679,24.504745
304.729484,137.466303,23.276163,22.944302
307.133599,137.941132,22.814520,23.128830
309.705119,138.293365,22.772264,23.132479
312.089620,138.991242,23.561224,23.231733
312.611854,138.333401,23.842043,23.912071
314.941768,137.474102,23.850306,24.453484
318.456741,137.303218,24.815033,24.272852
322.680635,137.462305,23.529491,26.374386
325.893824,137.703629,22.696178,25.148046
328.482130,136.631880,23.378345,24.690289
327.753192,136.443358,23.707308,24.933641
331.363481,134.463175,23.057562,23.246716
334.732078,132.241963,22.969706,22.496069
338.643606,128.841616,21.827724,22.500668
339.057025,124.285913,22.568972,22.521124
339.147016,120.381546,21.815054,22.185120
339.263397,120.810580,22.001091,22.214312
338.376479,116.685106,22.090883,22.291851
335.526545,113.987625,23.298840,22.095139
333.233983,112.782828,23.718679,22.738382
330.969091,113.303200,24.812313,26.194809
279.375801,165.902332,20.413589,18.097618
290.155546,148.159667,23.857090,24.444628
310.598776,116.904758,34.452839,28.514885
317.875238,118.488630,29.462826,26.373249
318.501359,119.517463,27.940428,26.650133
317.671141,120.833227,27.603825,24.988911
315.171899,122.598433,28.314352,25.879259
305.760257,118.852031,25.254129,21.593668
317.233103,125.194419,24.627422,25.342943
316.862869,126.111475,24.232193,25.633167
315.869158,125.301821,26.679813,26.396793
315.156637,124.029135,26.782131,27.877514
294.232061,122.156218,23.450764,23.027950
296.311646,122.200312,21.524542,21.927151
293.155351,121.632210,23.180990,22.624619
292.374639,122.918781,24.223112,23.487099
290.775815,121.697975,25.818014,25.506424
291.682010,123.927290,23.813242,24.448032
290.938094,123.984671,24.450617,24.866283
291.715178,125.029130,23.791521,24.356413
292.075761,124.415423,23.787603,24.982004
292.218150,124.179030,24.617182,25.396173
294.908736,124.908818,24.012941,24.754599
298.108804,126.345473,23.104788,24.988817
301.049459,127.460015,22.122618,24.288855
301.192225,126.689273,22.211658,23.952478
303.991867,128.948811,24.802345,24.271126
306.950944,131.048425,26.050497,24.582487
309.834317,132.029096,27.682493,25.627188
311.646894,133.933931,25.584990,25.149944
314.187495,134.814309,24.218691,24.706083
313.793643,134.073661,24.543756,25.178888
