0.016480
0.031710
0.019345
0.023980
0.033811
0.019814
0.018801
0.020663
0.019852
0.019531
0.024118
0.019302
0.020865
0.018659
0.018422
0.018651
0.018061
0.018967
0.019446
0.019797
0.018135
0.023792
0.032293
0.018667
0.026634
0.029083
0.018329
0.020624
0.022774
0.020124
0.026791
0.022170
0.021185
0.021299
0.025160
0.020325
0.020985
0.023827
0.021380
0.020568
0.024976
0.025069
0.018779
0.019824
0.021923
0.020425
0.019771
0.019119
0.018784
0.018848
0.021348
0.021552
0.020469
0.019456
0.019772
0.018620
0.021188
0.031748
0.019462
0.019558
0.020721
0.019041
0.018056
0.020393
0.020386
0.019762
0.020379
0.018628
0.020410
0.025681
0.022454
0.020249
0.019399
0.019894
0.025458
0.018208
0.019514
0.026730
0.030703
0.020554
0.020834
0.020337
0.019907
0.020330
0.019253
0.019453
0.019841
0.019390
0.020882
0.020222
0.025205
0.024483
0.018462
0.020396
0.019277
0.027469
0.025894
0.026582
0.018797
0.020029
0.020947
0.019633
0.021038
0.020302
0.020980
0.028362
0.020699
0.028880
0.019850
0.022177
0.031759
0.020169
0.019295
0.027651
0.019498
0.019075
0.019886
0.020142
0.020405
0.019751
0.027959
0.018543
0.019689
0.019998
0.019585
0.019049
0.018983
0.020223
0.021722
0.024246
0.019833
0.026738
0.025053
0.024586
0.026980
0.022115
0.025437
0.019700
0.020278
0.030066
0.020411
0.018930
0.027249
0.019363
0.036423
0.019432
0.027808
0.029181
0.021784
0.025376
0.026365
0.025935
0.018580
0.020864
0.018480
0.018590
0.019635
0.019877
0.019846
0.019793
0.018743
0.019175
0.018689
0.019522
0.018377
0.027342
0.020544
0.019586
0.031070
0.025253
0.019305
0.019443
0.020110
0.019098
0.018799
0.026330
0.032108
0.034046
0.027348
0.018659
0.019763
0.019901
0.020007
0.018747
0.026966
0.023247
0.025200
0.020186
0.019903
0.019999
0.020004
0.032679
0.019060
0.024896
0.026141
0.020917
0.018648
0.025965
0.019129
0.025603
0.020464
0.020159
0.027245
0.019048
0.019418
0.019165
0.019692
0.022344
0.020536
0.019765
0.019760
0.019483
0.023659
0.023109
0.019538
0.021957
0.034857
0.019562
0.026816
0.018548
0.019279
0.023523
0.019227
0.019724
0.020156
0.019495
0.020533
0.018984
0.020225
0.019551
0.026916
0.027265
0.019831
0.020812
0.020019
0.020428
0.019798
0.027553
0.022696
0.018859
0.029319
0.026797
0.026702
0.021345
0.019341
0.019856
0.019714
0.024013
0.018800
0.019513
0.027870
0.025676
0.019698
0.027903
0.019775
0.019622
0.024990
0.018183
0.021541
0.019463
0.019398
0.020071
0.025857
0.022034
0.019089
0.019346
0.028418
0.020262
0.018847
0.019372
0.019622
0.018398
0.021337
0.019955
0.020021
0.018675
0.019540
0.019776
0.035303
0.020147
0.020795
0.019448
0.019256
0.032721
0.019831
0.020665
0.019358
0.021097
0.019799
0.019001
0.019665
0.018249
0.017892
0.019502
0.019814
0.020842
0.019640
0.019973
0.019728
0.018256
0.019741
0.023399
0.030671
0.019348
0.019968
0.019917
0.020216
0.019417
0.025103
0.019437
0.018687
0.018582
0.018479
0.018416
0.019426
0.025605
0.019773
0.023157
0.019275
0.028589
0.019815
0.038319
0.018570
0.018687
0.019986
0.028979
0.026173
0.026396
0.018950
0.019992
0.020090
0.019381
0.018731
0.019916
0.035803
0.029802
0.027828
0.020401
0.018253
0.023739
0.031142
0.018902
0.017857
0.020318
0.019992
0.028215
0.029491
0.018782
0.019891
0.018149
0.018926
0.019433
0.019584
0.023566
0.019338
0.019321
0.027639
0.032049
0.029027
0.035008
0.019390
0.024303
0.019243
0.019792
0.018504
0.029455
0.020654
0.020021
0.020105
0.019706
0.018496
0.024384
0.026455
0.020500
0.025199
0.038462
0.018940
0.018474
0.033018
0.019187
0.019556
0.019906
0.018938
0.026446
0.019096
0.019773
0.018800
0.022966
0.019031
0.018801
0.022784
0.019736
0.024846
0.018871
0.021460
0.019568
0.017996
0.018722
0.022805
0.020389
0.034789
0.018892
0.019486
0.018783
0.018684
0.019541
0.018027
0.026305
0.018472
0.018737
0.019889
0.019348
0.019034
0.019695
0.020681
0.019711
0.018785
0.019996
0.018715
0.019275
0.019450
0.019000
0.019956
0.042218
0.019950
0.018065
0.018978
0.019172
0.019583
0.027172
0.023042
0.028695
0.028100
0.025721
0.019613
0.020057
0.018639
0.017950
0.019168
0.019417
0.019901
0.019608
0.018110
0.017829
0.019438
0.019539
0.019169
0.019824
0.033120
0.023672
0.018581
0.019439
0.020191
0.019127
0.018385
0.019726
0.029514
0.019450
0.018557
0.017848
0.018926
0.018150
0.018671
0.018458
0.018189
0.030284
0.018301
0.019649
0.018491
0.019624
0.020883
0.018541
0.023867
0.019785
0.019753
0.018412
0.018289
0.020012
0.019766
0.018616
0.018380
0.019941
0.019765
0.018061
0.019652
0.018957
0.019424
0.018329
0.019204
0.028331
0.022193
0.018952
0.018818
0.018373
0.019037
0.019648
0.019492
0.018493
0.020544
0.019373
0.019062
0.020348
0.019148
0.018683
0.030441
0.018809
0.019471
0.020267
0.019687
0.027613
0.019418
0.019002
0.018846
0.018281
0.019735
0.018387
0.018698
0.019955
0.018643
0.018100
0.019423
0.018693
0.020747
0.030869
0.019741
0.019104
0.019969
0.018243
0.018038
0.040372
0.035843
0.017808
0.030564
0.018254
0.029369
0.020154
0.020846
0.018946
0.018597
0.017926
0.030002
0.019197
0.045863
0.025917
0.018437
0.019450
0.018611
0.019954
0.018463
0.017928
0.019566
0.018794
0.022656
0.019119
0.019767
0.018900
0.029331
0.018923
0.019892
0.021755
0.018860
0.019319
0.019614
0.018695
0.028085
0.018490
0.019556
0.019909
0.019018
0.018659
0.018265
0.019821
0.021027
0.020270
0.019989
0.018836
0.018409
0.018352
0.027494
0.019242
0.018139
0.018971
0.018638
0.019648
0.019187
0.019247
0.017928
0.018724
0.018301
0.019550
0.018827
0.020663
0.021287
0.020091
0.019218
0.019634
0.018322
0.019281
0.019231
0.018182
0.031405
0.018608
0.023748
0.018768
0.019509
0.018205
0.018725
0.019128
0.018542
0.024587
0.026593
0.020268
0.020955
0.018585
0.018386
0.018153
0.019849
0.020562
0.024622
0.018219
0.018743
0.019062
0.019730
0.019511
0.019874
0.019865
0.019303
0.018811
0.026884
0.019012
0.022464
0.029087
0.019101
0.020100
0.019531
0.020421
0.032119
0.029462
0.020008
0.019601
0.022753
0.019620
0.019628
0.019942
0.019628
0.022448
0.019329
0.019246
0.024518
0.018445
0.038484
0.018698
0.018842
0.022489
0.019270
0.023519
0.019499
0.020382
0.019820
0.019624
0.019954
0.020300
0.019814
0.019763
0.018750
0.019126
0.019740
0.019083
0.020590
0.020050
0.019680
0.018513
0.019333
0.019757
0.018756
0.032016
0.020084
0.018779
0.019746
0.019591
0.022988
0.019198
0.030383
0.020177
0.019525
0.019794
0.019664
0.030025
0.019202
0.019201
0.027524
0.020976
0.019323
0.034075
0.023625
0.019611
0.019434
0.019477
0.019577
0.020033
0.023411
0.018809
0.021498
0.027279
0.020655
0.039560
0.018430
0.018237
0.034188
0.018544
0.020301
0.032918
0.020236
0.018993
0.019628
0.019011
0.019565
0.019282
0.033898
0.024870
0.018631
0.018317
0.018410
0.020087
0.021178
0.018939
0.024485
0.024472
0.018230
0.019765
0.030397
0.023928
0.032914
0.020645
0.019227
0.019400
0.020497
0.020384
0.027121
0.019467
0.023221
0.026395
0.019963
0.019760
0.019022
0.019110
0.029364
0.028670
0.020652
0.019967
0.019396
0.019141
0.018160
0.020448
0.019675
0.019959
0.020240
0.018240
0.019864
0.019305
0.035163
0.020425
0.019810
0.018553
0.025468
0.023443
0.018671
0.023346
0.032279
0.019829
0.020314
0.024174
0.025462
0.030859
0.020155
0.022070
0.028356
0.019716
0.018795
0.019679
0.019150
0.019596
0.022613
0.021601
0.018105
0.020283
0.019132
0.018249
0.030832
0.033704
0.021172
0.018925
0.019850
0.019045
0.018140
0.019027
0.020086
0.028187
0.018328
0.018244
0.048985
0.018229
0.025115
0.029571
0.021085
0.033335
0.020979
0.029790
0.019900
0.019691
0.024165
0.020330
0.020231
0.017822
0.020183
0.020357
0.020040
0.019075
0.041293
0.019708
0.019239
0.018158
0.019107
0.018977
0.027279
0.019273
0.029659
0.019928
0.018464
0.020756
0.047251
0.019931
0.019351
0.037472
0.024480
0.018421
0.039434
0.037323
0.029644
0.028377
0.019786
0.026058
0.020343
0.020142
0.019156
0.020196
0.019481
0.020052
0.018806
0.018420
0.018721
0.029774
0.019228
0.028510
0.021504
0.019227
0.018212
0.028852
0.032653
0.027796
0.024986
0.018962
0.018246
0.019433
0.018742
0.019194
0.019129
0.019395
0.019709
0.028564
0.024268
0.018194
0.018360
0.027880
0.019627
0.024647
0.019723
0.018363
0.033254
0.018958
0.018958
0.019101
0.018628
0.019358
0.018505
0.018856
0.019710
0.027798
0.019016
0.029402
0.018852
0.019172
0.019811
0.019045
0.018516
0.025005
0.020620
0.019422
0.020637
0.019583
0.018699
0.019329
0.019889
0.018930
0.030529
0.025531
0.018512
0.019756
0.026070
0.025652
0.019341
0.019080
0.019942
0.019262
0.024849
0.025414
0.020390
0.018263
0.019729
0.037837
0.019963
0.020025
0.018350
0.019518
0.020849
0.018292
0.021748
0.019213
0.022488
0.019600
0.019162
0.020032
0.024631
0.019842
0.019517
0.019127
0.018803
0.019754
0.018120
0.028810
0.025785
0.020369
0.018257
0.019683
0.028532
0.018575
0.027848
0.019347
0.029519
0.034397
0.032311
0.036279
0.018494
0.018332
0.019683
0.019141
0.020715
0.022440
0.020483
0.020298
0.021834
0.021732
0.018414
0.018117
0.019103
0.019201
0.018636
0.018966
0.019898
0.023788
0.020251
0.020276
0.023956
0.025026
0.019965
0.020206
0.019607
0.019788
0.020122
0.019024
0.020336
0.019848
0.026138
0.032391
0.022839
0.023371
0.027764
0.023276
0.018553
0.029352
0.019550
0.019700
0.019649
0.018494
0.018545
0.020724
0.026936
0.019033
0.020137
0.019595
0.039279
0.030892
0.019802
0.019930
0.019505
0.025922
0.018205
0.024209
0.018184
0.020483
0.027229
0.018423
0.027404
0.019678
0.019488
0.018858
0.040142
0.031017
0.018580
0.030283
0.027089
0.020579
0.019756
0.029631
0.034536
0.020058
0.019065
0.019355
0.019299
0.019353
0.018652
0.019199
0.019414
0.018536
0.018808
0.020027
0.018386
0.020947
0.019324
0.018838
0.019887
0.019018
0.035673
0.023077
0.020125
0.019537
0.018912
0.035278
0.018937
0.019336
0.020463
0.023302
0.019283
0.037799
0.019965
0.019307
0.037338
0.019495
0.025046
0.019550
0.019122
0.022728
0.018544
0.041552
0.023657
0.046174
0.020623
0.018845
0.019457
0.023552
0.019776
0.019893
0.023060
0.026471
0.019584
0.019613
0.019549
0.019430
0.019708
0.027683
0.032742
0.018418
0.025246
0.018536
0.025669
0.020236
0.018149
0.025393
