665.000000,26.000000,111.000000,171.000000
665.030941,29.944344,108.949043,174.197250
666.157810,41.798981,106.617363,173.619751
667.279049,55.899445,104.417610,174.645874
667.584999,63.585640,102.868454,176.491989
668.447975,66.625153,101.332932,176.256531
667.013977,69.365189,102.144958,178.060272
667.263790,71.022408,102.818550,177.485886
666.026623,72.990509,104.320412,177.289429
666.633503,73.182549,103.967369,177.903091
666.641342,73.289215,104.096893,177.353088
664.978584,73.082230,105.320175,176.610992
664.927319,73.270058,107.284889,176.589096
666.120899,73.747688,108.594810,174.802048
666.888554,73.503738,108.885307,176.696930
668.576286,74.105179,108.473282,175.141327
672.468235,80.106308,106.501213,174.168793
676.724380,88.727501,105.842682,176.849625
681.483250,100.072586,105.310478,176.173248
683.849735,114.814796,107.794670,175.001633
687.720612,122.497292,108.814270,178.296738
689.330391,126.323898,109.504135,179.963287
691.375374,128.976204,106.526169,181.236862
696.209225,98.485413,106.719551,177.965759
698.745338,71.360001,108.331100,181.818207
704.833279,63.743011,110.899239,185.124451
714.064701,56.650772,110.824150,183.843475
723.045322,47.872681,111.169182,186.533691
725.755043,49.762589,111.257309,181.209381
728.566624,40.909454,111.644218,184.806885
727.851456,37.707893,113.750519,183.847336
728.282814,34.886681,114.433701,184.386063
730.591759,34.994606,114.365372,185.440231
732.668419,36.734497,114.624405,184.905579
728.609547,37.393364,115.415550,186.331741
730.311142,24.322685,112.600372,181.451614
727.461418,21.321754,112.413223,185.930099
727.104965,17.388046,108.387177,179.115875
727.253944,14.375748,107.678024,180.263153
709.603062,10.668129,110.451103,183.612045
685.008980,13.376999,108.630051,181.548676
675.825058,11.566925,104.751495,182.630066
669.889534,9.937965,102.965805,182.477463
672.957607,9.594978,102.928047,182.820480
669.805992,9.323036,103.468582,185.106186
664.253052,8.650040,103.042114,186.160004
662.227798,6.516830,105.769684,189.165863
658.807823,5.307289,108.501175,188.398178
657.528606,2.888184,110.065285,189.642273
656.977772,0.829247,112.104698,187.682205
657.591316,0.000000,112.730087,186.119362
659.309540,0.000000,113.561462,182.811298
659.501072,0.000000,115.728569,182.942492
663.296421,0.035066,115.536736,178.257675
665.577385,0.000000,118.049149,185.073052
672.487846,0.089184,118.522415,188.140656
682.916176,17.449734,120.611557,189.565308
694.305317,21.498181,120.181236,185.327179
704.191284,26.446499,117.900146,188.649048
708.161007,31.318341,118.007210,188.753265
711.893238,32.262730,114.167320,186.431747
713.834671,34.202885,116.251801,185.112534
717.920868,34.703084,119.108948,185.043289
723.922768,35.119633,120.280563,186.143051
727.020374,34.893918,123.298363,186.882690
731.132614,33.486538,123.863190,184.496094
734.003990,31.050053,124.342545,184.560410
735.675812,30.182225,125.459229,187.087570
735.723324,29.693409,127.289558,187.273880
739.556534,47.952755,125.147675,189.454834
741.084324,51.106373,125.824699,186.095535
744.598507,54.863324,124.047554,191.687469
744.645336,59.496563,124.634865,188.702911
746.948170,57.314915,124.422386,192.223618
743.436249,55.711339,128.679504,193.435410
746.027702,53.173192,124.843033,194.148422
745.446400,51.913792,126.543175,194.794052
731.197166,49.988995,130.398758,195.093719
719.578548,50.927304,126.898445,195.319702
712.370468,50.729664,132.929779,198.427261
707.378952,51.288785,129.039215,199.846497
698.216309,38.803448,126.505981,197.095245
689.977829,17.235051,127.614349,195.892807
687.342216,4.758847,124.602249,202.933594
682.149006,15.486279,120.286827,200.514435
681.954948,13.081585,120.313126,195.734894
682.656975,10.474194,119.567581,195.648773
680.215958,10.000912,118.889252,193.576294
676.022751,10.977459,118.144867,192.559113
667.249187,7.898098,119.439919,193.749878
662.209820,7.245656,120.170570,193.470291
658.519924,5.607159,122.275398,193.754120
656.665390,4.038243,124.055145,194.478378
658.031746,1.612446,123.592392,192.288589
659.838627,0.145268,122.878227,191.893600
661.000111,0.000000,118.889122,180.798207
662.145248,0.000000,118.070282,173.717692
659.528442,0.000000,116.742249,161.261716
660.026688,0.424574,111.576813,116.303070
657.035820,0.263373,128.958328,83.864365
650.675606,0.000000,171.859116,88.759833
610.480286,0.000000,211.864441,75.245784
655.572220,0.193205,169.818268,71.712097
662.369034,0.181240,175.983612,41.640751
668.923843,0.000000,171.237854,38.916347
667.287498,0.000000,170.264450,39.205759
660.061569,0.000000,173.521484,39.742421
663.092590,0.000000,169.697357,36.851744
663.217247,0.000000,166.111710,37.688070
659.810043,0.000000,166.154480,38.669619
659.450493,0.000000,156.582352,44.724647
651.509987,0.465900,176.967697,38.922333
640.445122,0.000000,153.660416,41.875448
632.734840,0.000000,160.428513,55.452449
572.046341,0.000000,166.859955,49.168573
609.606686,0.580788,122.738075,43.678810
603.688713,0.673567,128.829849,32.441952
547.593689,0.020127,180.058746,31.424980
555.361427,0.993947,169.045731,34.360916
558.130669,0.736855,155.304520,47.687843
595.122318,0.676228,116.510521,56.893997
589.850986,0.577588,125.064934,71.313416
571.050285,0.000000,133.208786,92.459847
573.585052,0.000000,137.846893,122.879292
559.659706,0.113711,141.823990,141.024307
566.686714,0.000000,145.720352,164.801348
579.843147,0.293473,144.298416,193.560349
582.189285,0.000000,153.884277,198.448648
595.764938,4.962086,150.707275,207.994568
597.628906,17.903431,152.466949,205.171143
599.829803,23.548573,153.747711,202.916931
600.543533,26.209378,157.553894,203.216721
609.718063,28.973691,152.967712,204.403305
617.861115,63.567906,151.215973,219.102631
627.168350,97.299573,153.678406,210.513748
637.597916,125.917355,152.431091,209.635056
645.824112,156.535946,151.346497,202.724533
647.702690,171.324048,151.389328,197.485062
646.823540,186.623387,152.414597,201.797028
648.084724,199.447812,152.360306,197.282516
653.955437,204.594792,146.624130,195.690948
657.020615,207.426388,142.483765,196.439682
662.383530,208.174580,137.350220,200.565186
662.180389,208.539624,138.368500,201.790726
671.011642,149.656819,130.399841,206.745728
676.731419,74.639233,125.152367,207.167557
673.645245,18.660367,126.732246,203.341782
671.536118,7.180935,131.021362,209.207321
674.098640,25.674382,128.809402,211.303009
678.748013,48.726498,125.433571,214.025803
682.523186,88.474827,126.688522,219.964447
687.306068,128.359120,127.885391,210.263977
687.859108,141.987660,128.552933,196.514587
684.182449,134.113118,132.231384,198.061157
685.713425,132.618367,129.966003,196.869080
694.725800,131.120396,129.696869,191.947906
704.875694,131.184842,128.926987,192.409348
710.821918,135.168263,124.127800,192.968384
719.716564,138.696583,124.022591,192.050171
727.157448,139.215855,119.554276,197.079803
735.146374,105.925999,113.536018,206.488434
739.465145,74.527394,109.918190,209.681030
742.099430,49.144185,108.056847,213.262573
744.234489,21.452145,104.459702,208.803513
742.752327,25.334843,106.902786,214.540192
744.133980,22.845830,108.916702,209.695953
750.060486,21.620602,114.676361,209.086594
754.089462,19.654149,115.911011,209.945648
758.118961,21.559269,116.951866,209.584808
760.353889,26.240841,116.461258,209.165512
761.073200,29.320782,117.421074,206.076981
761.997787,28.640179,115.996826,204.783707
763.003635,25.182110,119.725487,203.942276
764.318233,23.590039,116.874123,202.842728
765.300259,20.767468,118.511208,200.516556
767.864029,17.917752,119.502380,198.586227
771.714912,19.123257,119.881180,196.456833
773.948002,20.007161,120.218834,195.743164
776.864864,16.583729,120.614418,194.434875
780.267597,0.000000,126.871635,180.621792
780.220333,0.000000,121.503334,159.375250
781.825989,0.000000,126.826996,173.634509
785.846626,0.312624,132.163651,171.660019
792.630005,0.395876,128.970123,173.785934
797.165623,0.733713,127.372276,182.027008
798.971165,0.000000,126.754295,188.247781
798.979248,0.000000,128.021637,202.371754
798.746750,6.378878,128.662598,206.537033
795.854370,18.060442,129.509064,201.223404
796.232552,21.219309,132.692032,200.631500
803.250023,24.574435,131.341599,198.615036
810.624100,27.240115,132.078186,196.862411
817.201469,30.201250,128.578171,195.253677
821.101746,18.453745,123.933685,193.054291
824.572014,0.000000,123.964951,175.368052
821.495377,0.000000,120.209717,159.831113
803.542068,0.421286,140.833435,177.021439
795.862286,0.211943,119.758369,176.844788
793.722164,0.000000,117.665260,177.559455
791.048901,0.000000,118.605537,177.721233
780.498924,0.000000,115.784409,190.943624
773.850517,0.000000,116.208847,200.769191
765.716602,0.000000,113.710625,204.669401
755.839787,7.412749,111.375633,206.950348
745.063286,16.224730,113.646896,207.483795
739.870914,23.151869,114.127831,205.029541
733.140968,24.524314,117.384293,202.557480
724.733784,10.063880,116.903130,198.879410
715.429413,0.000000,118.387909,206.613677
701.549633,5.815948,122.339058,201.592194
684.038074,3.495078,125.555046,199.580368
670.514042,2.937858,124.027184,198.212143
648.681198,17.858909,125.481384,207.970871
636.149345,68.486198,125.280319,211.106857
621.835236,115.511894,121.969757,201.051559
614.328117,133.903205,120.806137,198.254532
607.488483,152.578781,120.508842,198.715576
605.456982,163.408798,118.274300,199.696716
604.961781,166.988815,120.446037,200.492920
604.118332,169.177230,121.141724,202.642700
601.066837,171.332466,119.245384,200.338516
598.429535,154.767608,122.367706,201.838287
598.490376,140.761489,123.255424,202.645020
595.783646,111.266212,123.597351,205.445084
594.526749,106.053504,128.153442,203.503128
594.452839,107.279075,126.258598,207.068466
573.922325,125.936492,132.263046,204.600067
562.409195,135.029830,129.940247,196.523438
564.158264,137.998771,130.849762,194.233932
566.525948,148.600623,124.213760,198.907730
566.881062,164.677604,123.396111,190.570847
568.276527,172.695854,123.163467,193.726120
569.731911,178.012649,122.107071,191.637024
568.128681,179.683181,118.695244,191.381287
566.607170,180.617874,118.766281,194.771851
565.314335,184.518539,115.871178,196.266724
555.749317,186.640128,113.940483,196.150864
545.967800,188.307693,117.603798,197.057251
540.077469,171.621780,116.555786,198.675110
534.395576,137.918060,116.198013,201.309357
527.290817,125.834213,118.504395,203.698120
522.914722,144.259422,116.011528,197.546188
523.126938,139.648803,116.412903,199.543182
522.234303,142.195365,116.033318,206.925705
521.328453,157.243888,117.620285,196.800705
520.558670,158.666694,120.022400,196.943558
520.166370,163.809478,120.921684,193.796234
520.442566,163.265785,120.770233,194.814346
535.753654,162.269401,122.462265,195.127365
552.786179,162.046180,122.318665,195.075027
574.102455,171.877570,119.674637,199.000320
596.439049,195.971839,117.088852,191.905167
608.656055,191.019080,116.372002,193.175980
610.124363,197.072112,117.678001,191.617706
612.388767,198.940627,116.820824,190.762695
615.438663,169.519172,113.189720,192.342789
613.877434,149.695564,114.836594,191.733536
618.787403,160.302268,111.597221,198.472580
622.722641,163.358085,115.879761,191.823837
630.579742,160.162620,118.012726,192.589035
636.326481,160.185783,117.723534,190.498825
641.923992,158.936462,117.483894,189.985138
647.783920,159.524551,117.648438,189.009888
650.687969,158.944679,118.896736,188.534805
651.405144,158.505760,118.251083,189.103012
652.921055,158.189720,116.845848,190.168259
653.947956,157.825973,116.490288,190.924194
653.092659,154.837249,116.613541,192.623566
653.440262,155.182945,115.467651,188.520493
652.734497,115.884879,115.308502,192.582382
652.461960,99.432533,115.230103,189.902603
650.061611,72.056823,116.255959,192.269745
651.050690,39.548011,114.283478,197.467484
648.240990,33.099281,116.388168,204.510330
648.403931,32.255988,116.235992,201.621231
650.189266,31.622337,118.975136,201.231430
655.002991,44.152572,121.399994,204.633240
658.533722,54.005584,118.888153,202.201508
658.493557,61.009864,117.798012,199.449173
656.742916,60.783904,118.466408,199.740265
656.888451,60.504752,119.876511,200.713181
660.755001,59.965080,122.575600,198.062485
666.586071,60.983505,123.679268,198.767700
673.100216,81.237754,121.819618,195.048019
676.509186,89.176757,118.684235,190.346649
678.561356,87.304038,120.551331,200.793991
680.893494,94.699012,119.427338,194.816605
682.419174,90.524635,119.826599,198.757584
682.920506,97.751388,119.197227,191.886414
684.088821,85.317657,122.072449,199.328583
687.606853,85.562141,121.811043,196.283707
690.613331,81.096328,119.375725,199.174072
692.851948,79.513297,118.530632,202.987595
694.564655,79.349044,120.303886,201.801270
696.362358,79.918533,120.428085,200.791138
697.623085,82.743919,119.273941,201.728745
699.365971,85.522498,120.457603,200.068253
700.658787,88.480918,120.817589,199.295090
701.855827,88.047965,122.744736,198.852951
703.446384,87.972411,122.877037,198.155243
704.255890,85.127998,123.696198,197.731216
703.957821,83.723167,124.152870,198.188950
703.393940,82.680145,123.446037,199.747345
682.426529,83.659202,126.192261,199.345566
676.746532,84.773162,124.674568,199.472931
674.457813,83.897682,124.706413,201.168106
665.042942,64.150367,124.642479,198.900650
642.878807,50.392188,128.588120,207.799942
635.954449,58.754714,127.299568,209.267151
625.363884,50.401672,128.405380,212.325897
615.813911,52.800430,129.294632,210.308594
611.027275,54.053161,130.188828,212.100189
609.488731,53.531165,129.708847,212.198563
609.261162,51.779128,130.375351,213.252075
611.626572,51.263633,127.707703,215.615707
612.765015,53.649856,127.198456,213.697205
614.848698,58.416572,126.832115,210.792007
618.854980,61.393569,128.617889,210.438782
621.943680,65.018302,130.449402,210.309616
629.785019,68.789977,130.558899,210.797394
637.058304,74.635642,130.873047,208.716599
646.087952,75.856262,129.154938,207.581879
653.500313,76.629089,125.906754,206.458160
654.647373,78.220344,126.133690,205.063797
656.715977,76.093582,126.613426,206.231445
667.964088,65.407050,131.196426,209.163773
673.835640,66.259208,130.819839,203.706772
681.946060,56.692726,130.949158,207.796524
688.972694,57.056175,133.729019,211.207138
693.139481,56.238716,129.556335,212.682327
692.772270,55.662589,131.348984,213.180771
694.182724,54.978530,130.452698,212.708008
695.205055,54.596702,131.338333,211.930710
698.999969,53.225120,130.339142,211.438766
699.318008,49.879463,131.573303,214.871109
700.712952,50.624648,131.138885,213.124451
701.920952,49.194183,132.241684,213.039215
702.395996,46.695068,130.518707,212.562714
704.694656,34.747848,133.572205,202.312561
703.611229,19.155990,131.681381,210.307007
699.350365,8.704604,132.784714,210.786682
696.161148,2.377006,135.508362,200.578293
693.382942,1.755164,136.974197,196.523331
690.446838,1.025314,138.844391,189.604187
688.297974,0.000000,139.377838,192.335342
680.731979,0.000000,140.841980,194.684234
663.945610,1.315163,149.825607,204.782181
653.632729,2.800331,146.855728,225.858109
643.948479,21.900368,147.454636,225.347244
633.998131,38.596046,146.850388,227.804825
632.442055,58.687744,142.259659,226.683746
631.983032,72.550484,140.687408,227.543228
630.910446,85.192703,140.236572,225.397034
628.187065,98.127365,139.250656,232.706360
624.469086,124.847633,141.052704,226.628311
623.084450,143.923820,139.921402,221.827438
621.699783,155.934097,138.633301,218.758118
619.740654,162.669655,139.789108,216.241409
616.518402,162.993301,142.632233,215.515442
611.681625,164.435249,146.065735,214.446915
609.830078,161.208740,148.577545,198.536896
607.617027,124.462761,147.369797,206.004868
605.442215,104.693466,151.171204,211.772644
604.138062,103.174438,150.655792,214.138641
601.408630,102.266151,153.871857,216.544144
593.836853,90.017761,162.425934,217.906097
591.786743,83.980560,161.416351,220.030304
587.277809,80.758194,162.605545,219.888977
583.255074,75.551285,163.731461,223.075073
577.691048,69.940811,170.009903,223.726868
574.652687,62.774956,170.806717,220.891953
573.960426,50.461807,171.191483,223.381226
566.805977,43.990661,174.683609,222.056793
564.648506,34.643997,175.094986,221.198181
553.683235,29.841789,181.927261,220.928146
546.527412,14.768509,185.371170,208.030640
542.601982,0.000000,184.533554,184.264915
546.501678,0.000000,177.591583,148.751903
530.952896,1.127241,192.481750,140.861923
532.678978,0.000000,188.858261,136.712706
537.354355,0.292411,181.881531,132.934036
547.436378,0.000000,170.861465,137.651259
562.675949,0.117897,155.494263,169.721375
554.955078,0.624252,160.701019,198.021042
555.638649,0.000000,159.852676,215.329887
546.229637,5.449932,166.204330,231.207001
555.437271,28.704815,160.718567,235.354218
555.640427,54.449062,166.437500,232.824097
558.404259,73.051922,173.696152,234.092865
563.693237,83.537357,181.181549,224.807480
573.686668,85.094112,177.945175,221.516541
571.529160,85.478939,181.360779,219.022888
581.978493,72.190410,171.657913,216.383026
579.208221,66.657413,175.752106,223.818832
583.378418,66.416813,171.209564,218.593369
585.489784,65.732242,167.022659,219.315598
586.203499,67.163715,165.487137,220.323135
589.039810,70.904995,162.327759,220.198425
596.719818,87.722423,152.662811,222.368744
597.870865,104.194103,150.911133,217.377899
592.869522,112.827358,158.271545,220.726990
593.050438,118.197674,156.154770,221.064484
592.556824,120.957592,153.730499,223.016449
576.781395,122.409931,151.697372,218.802444
566.416817,123.964870,144.150284,223.448364
569.329872,124.703205,151.621353,224.579910
567.509140,126.417415,144.838074,224.895264
569.842575,110.403881,142.867554,215.985321
567.959969,88.519436,144.948990,222.873596
555.713860,97.905018,139.804916,228.035538
551.520599,99.296146,144.285126,223.036362
550.042053,96.252498,147.448334,222.514526
554.656067,95.796345,140.296906,219.170120
554.406883,96.799740,139.630600,219.843018
553.511047,98.904087,132.491974,221.534897
547.054474,112.921581,138.536774,213.980011
555.792892,124.435863,129.881775,209.356842
551.362373,127.639042,134.990250,215.502426
562.106003,134.545566,128.641663,214.363998
572.861294,136.971782,120.514992,211.066071
562.850662,129.255962,131.136780,200.083527
567.273476,86.741863,131.182510,207.362946
563.958107,40.670963,137.496597,197.369919
564.334946,0.772915,146.972839,197.923706
599.621803,0.474422,135.449295,184.546204
603.597328,0.052219,138.698929,191.835007
605.022842,0.000000,141.343445,199.876247
612.975670,0.000000,141.101669,228.524938
614.986603,27.366908,145.530670,240.664413
614.681274,53.547290,151.970978,238.963074
617.403046,61.077815,154.001862,233.463181
621.083549,61.237369,153.406845,233.149872
627.664001,48.628642,150.441681,227.515152
629.901855,31.179606,149.507111,229.927383
629.047546,24.546542,149.810822,228.481537
629.472328,8.085147,152.208389,220.024628
635.419930,3.225902,146.727676,198.881912
632.512749,0.365634,152.140366,184.497345
626.721573,0.038447,146.749451,172.950668
611.146576,0.000000,144.536102,178.748767
606.285896,2.169672,154.631790,191.159363
607.474007,0.193597,157.589920,217.645386
598.316589,2.042894,164.184540,232.069901
599.806900,10.250696,164.565796,237.658813
598.088196,25.519746,165.035309,234.416183
597.017998,27.885087,163.530380,236.074173
602.001755,34.376359,159.865356,243.182510
600.663391,52.423189,158.457428,240.413498
607.439606,66.371171,154.283600,234.781815
608.167091,77.561700,154.593399,236.139465
608.423286,82.311159,152.629105,234.075363
609.430038,83.172952,155.804260,228.447052
613.210182,72.234819,153.354385,218.342545
613.942123,33.731851,154.001709,214.847870
618.737984,0.000000,149.185013,202.314523
616.265015,0.698994,150.765106,207.271759
610.912086,0.000000,154.401505,201.310857
605.192352,0.000000,155.384552,200.782214
598.839043,1.162263,152.795700,217.433029
594.788567,3.503564,153.765854,245.140625
590.065964,38.910089,160.140015,227.915222
586.923393,40.891015,159.644211,230.677063
584.528740,45.356828,157.615952,232.320877
582.758713,49.282296,159.233704,233.103912
582.063950,52.588197,162.132263,233.418808
578.678116,71.081575,163.334106,231.710312
578.944489,81.475114,173.725311,231.984818
579.770149,82.270021,173.125992,232.184006
579.843689,82.582383,171.820953,229.548660
577.738770,72.540902,165.872345,227.289276
574.984550,63.436151,170.422043,227.009521
572.605499,62.041429,171.157379,226.409073
571.427193,61.674676,171.395523,227.396973
575.039337,95.926171,163.613922,225.912170
574.738503,124.442895,164.732498,224.497681
573.982887,132.686898,165.553299,219.073456
572.113548,141.225305,165.947006,225.628357
571.868752,150.488992,168.609940,222.310577
571.255524,154.143144,170.997650,221.762222
576.977310,154.514230,175.217224,223.041473
591.247383,159.414346,173.632156,227.157318
587.542542,166.031381,172.400726,224.695831
590.884048,140.245919,170.854004,229.315643
591.778221,108.649110,167.634750,228.398422
591.868706,73.227296,162.188583,226.471664
616.229881,55.821679,167.225693,223.940918
633.899849,62.136605,165.340775,223.937958
636.184158,65.356126,159.026123,223.321548
639.177177,66.795671,154.116623,224.430130
643.667549,66.960481,150.487686,228.458298
645.611824,89.107270,145.143448,224.916245
642.724815,112.907945,146.287399,218.609818
640.382996,119.502504,147.454132,225.828659
638.479210,134.021310,146.242111,227.242828
638.277199,136.727929,146.017532,231.028198
640.528984,135.571550,145.134445,235.919510
644.844810,136.354814,145.154709,238.095474
650.448784,141.311380,143.687424,221.290558
661.440315,90.234582,142.728470,224.586609
660.679420,52.043809,142.197220,238.502701
656.958115,50.003877,142.846069,237.562790
649.737083,57.763299,144.299118,235.624084
641.840660,51.446008,142.377365,236.258667
636.875374,45.278505,145.099503,236.835373
628.595238,49.506135,143.494247,225.638779
566.461952,65.516832,141.483902,226.754898
525.220955,81.401483,143.573135,231.882385
520.159698,75.875528,147.267303,233.704620
511.872009,81.326219,146.990875,229.103104
504.966866,80.870637,151.395889,227.930588
500.764923,80.044870,151.460419,226.502960
487.830284,83.187547,155.763535,225.279251
472.767914,85.208665,163.006805,226.252335
471.465096,86.935823,155.170792,207.360336
460.776031,42.390084,163.125153,234.532623
460.231407,50.496072,161.344650,247.238678
416.156319,61.625520,169.546707,238.915634
416.546776,67.482324,158.803574,255.300049
406.277534,109.023164,164.104630,247.273422
409.819885,158.727639,156.955841,245.870331
408.052895,204.713975,154.593765,253.390579
394.394615,262.614694,168.548325,232.643951
389.465363,273.516816,167.085968,226.192490
382.137360,276.650804,165.311310,227.759781
381.101540,280.402574,163.671341,224.116898
380.845154,286.255418,163.263641,222.086380
380.301399,274.124063,162.574661,218.933014
398.322548,248.522439,174.831802,217.184479
431.571030,222.022660,165.105835,219.940384
422.107750,215.246034,167.923508,230.365524
435.897354,225.631990,172.646851,233.554367
456.392929,228.913438,171.382996,226.406326
450.944168,233.847795,173.715698,231.667496
451.386909,236.920495,176.063126,232.467285
453.573624,243.362703,177.612793,230.210800
461.748795,247.806939,177.017456,228.005554
465.070396,247.772294,180.091354,228.694351
466.813187,243.611551,183.263062,229.385040
467.582550,250.118348,187.416229,223.426254
464.912865,252.367433,194.274277,221.430893
506.936356,246.324395,193.629517,223.600708
547.314293,245.874635,194.904282,220.398544
570.798454,246.728807,184.929977,213.966690
557.224556,233.015771,195.169571,221.165039
578.245560,212.085885,185.810425,208.062836
591.741417,172.887056,184.735397,216.264694
581.357849,144.664140,203.111603,232.225540
590.249306,153.211007,195.639603,233.405121
586.469887,152.104295,200.911819,232.683975
582.202995,150.996843,201.406784,238.998123
574.517784,152.924890,204.237778,237.500305
572.089195,153.989274,204.703232,236.731644
557.022690,152.791619,212.422058,228.071777
519.972343,150.824044,218.316086,233.724213
508.000427,149.276773,216.948517,231.778961
507.118912,151.813188,214.828247,231.778030
495.354263,150.692987,218.273926,228.076294
487.283424,146.611978,217.531815,224.173126
481.277214,142.470506,214.542282,221.985489
481.524025,141.674852,210.730179,213.392960
510.149841,89.848832,211.316925,219.924454
519.515846,51.252183,204.527908,226.441605
530.248711,54.194200,197.004196,233.919022
530.279503,61.824815,201.202011,224.154373
534.785400,62.125222,194.455353,223.667084
531.251350,63.855035,194.313614,228.039856
545.235855,68.666398,176.770020,250.948380
554.343384,128.384637,166.683624,238.208069
552.068092,146.009454,165.668472,236.065613
553.041222,154.399102,161.857834,237.525635
559.107307,175.183656,156.471939,242.670639
564.308899,198.201295,158.492157,229.568100
569.354424,171.821626,157.177536,233.872604
575.321381,142.380799,159.821869,229.652390
579.121002,109.274392,163.742950,224.844086
594.151672,76.724160,162.160492,232.423676
596.279976,75.560128,161.231400,240.316376
604.266304,101.700082,154.120926,251.554169
598.076332,143.332261,155.390213,243.329971
597.855453,167.211351,153.361145,240.710831
597.840790,188.895745,153.699249,239.922485
597.666420,218.070909,152.859390,246.191422
599.152473,241.343118,150.530655,230.089020
597.782997,241.901292,152.113297,230.767471
598.417091,252.422097,151.741165,229.269806
585.541695,252.233415,150.500076,228.049881
588.450142,259.122781,150.868240,218.072662
586.856674,236.502931,148.107605,218.899521
586.012856,216.375688,151.818680,221.426346
587.810493,188.683938,151.260574,224.004669
586.185623,183.470384,152.371033,227.688797
594.792534,180.385484,147.578964,229.606277
597.259972,181.518617,145.894638,229.512985
597.500519,183.856820,145.455780,225.520721
599.879005,183.754075,143.105545,223.799576
600.432137,182.736825,143.365616,224.261932
604.241463,182.248719,140.873734,224.722946
605.074081,188.337106,140.080200,223.502167
606.670120,195.857316,142.096008,218.067825
617.306580,198.014810,141.904388,219.884918
615.172615,195.554780,143.360489,220.145126
618.233109,193.197831,144.247375,218.548843
618.613586,192.195207,143.485748,219.622147
619.021355,194.200288,138.904892,202.060959
613.736046,158.550225,141.170090,220.674683
591.711456,175.285768,140.724030,221.393539
556.005920,175.471765,141.098602,225.054138
551.827789,174.419740,131.859833,230.675156
558.620888,176.154519,129.528580,230.726410
551.979187,173.708543,127.881256,232.018387
533.873543,169.870828,129.112259,232.652924
510.964012,169.421556,124.789474,233.034988
495.057476,170.154351,127.100655,234.684937
476.974388,170.845102,126.734116,232.587250
466.716175,170.875718,126.942253,233.642532
459.654320,161.403344,128.002548,227.132019
455.931992,112.076036,133.181580,218.578323
459.256317,65.588556,136.438934,231.240784
465.342361,54.228715,137.884827,235.079117
471.796829,54.830186,137.884644,227.491165
476.232735,45.914209,136.192825,230.813110
477.538445,46.499734,135.769882,228.528473
483.114662,48.780145,137.548721,226.489685
490.557503,47.980218,135.044754,224.349854
498.639130,60.689126,132.696198,227.292389
505.817368,81.090898,130.763611,228.237442
511.138863,94.819925,131.944656,225.143524
525.101311,103.711023,133.690414,226.007263
547.262482,112.925630,129.156158,224.492172
572.175438,123.364175,131.719345,228.847809
572.228340,127.903924,134.225784,225.906189
585.479462,124.782937,135.029938,226.267792
601.938690,119.399072,136.197845,217.938721
612.517319,116.100747,140.354614,219.961517
615.763313,108.772172,145.467850,222.769669
616.776321,111.213426,148.465149,224.578262
618.713684,143.013948,147.813202,224.660080
622.331635,173.253419,150.075287,223.150070
647.149185,189.806588,142.590149,218.863678
650.285255,208.611383,137.116837,221.169983
655.206696,219.193116,136.075104,217.475388
659.057388,228.548837,132.000732,221.429535
659.311089,232.095079,130.317612,219.324173
660.079514,230.208574,131.556580,218.062210
672.064125,212.958894,132.257523,223.328964
679.838570,203.667298,129.755630,223.881332
684.784363,186.118303,128.043488,226.337540
684.756866,175.343187,130.448944,232.056473
688.437218,177.940026,131.586655,230.546997
696.255157,181.405008,129.827606,242.834198
698.696754,226.997308,130.572586,236.538818
700.040398,229.014360,134.205551,231.344559
724.296005,231.706987,132.560913,234.713882
724.876671,235.664842,133.962326,232.339554
730.414047,238.295152,134.217712,230.569778
731.767128,242.297456,134.234207,232.453171
732.803207,246.915879,135.703857,230.050919
735.006401,247.503434,135.802719,229.161453
737.068375,245.065789,135.869141,228.117554
736.598244,244.778527,133.403091,228.019836
737.974449,215.008058,133.506821,220.075790
744.698677,175.912034,137.595291,222.451187
752.300217,170.628343,135.115234,232.019058
751.776802,183.961938,138.502151,224.205200
743.515739,183.486055,139.860519,227.033676
737.949585,184.133866,139.355988,227.009659
734.589302,183.102334,141.999771,228.998566
734.370934,181.607232,144.641464,230.377380
735.155853,195.759256,147.272552,239.275421
734.438469,209.172593,147.435287,228.783157
731.009560,208.882859,147.326004,226.571671
726.021477,216.574578,145.076218,229.867981
708.403786,233.934823,145.378006,230.767670
716.027077,251.232316,141.523636,230.526749
711.230370,262.934785,144.728683,223.010056
711.481293,265.496553,145.610687,221.344345
723.404854,249.211816,137.734940,215.871887
730.286713,234.508073,137.857330,216.832901
741.459351,236.505876,136.738922,220.562393
747.644798,230.207322,136.846420,216.297134
749.746597,221.743669,135.756531,216.641068
754.672279,218.919610,134.843704,220.439575
761.046173,218.099290,131.731781,223.462845
762.929291,218.485269,132.526947,226.955658
771.301514,219.774682,132.550507,227.690369
776.090256,219.049981,132.591125,229.129333
777.991768,219.915200,133.064346,232.078217
777.554031,222.883256,129.888489,228.635147
778.044170,173.943155,126.058479,209.785004
774.280235,111.485444,127.376511,221.474899
761.050621,84.141183,139.551743,228.086884
685.010010,92.691758,136.466949,231.396378
641.406891,112.567949,128.422699,232.548538
643.373863,113.347657,134.463852,230.120651
646.924309,111.625024,136.480453,230.215881
640.815422,116.422982,133.081406,231.778900
622.805305,132.425943,134.753494,226.968109
582.569809,146.246659,137.263184,224.322769
546.571404,144.119889,137.274521,218.583511
522.012383,140.856042,135.414230,217.763306
541.353966,139.882165,138.215683,220.475403
559.865105,142.400018,135.584641,215.346069
541.110840,109.839692,135.474945,208.640976
535.912979,92.869691,136.180481,217.093185
558.506950,66.573640,131.722580,218.714951
564.212711,60.013467,120.614525,219.157318
562.807850,52.163560,121.506462,222.071854
564.328602,50.847634,121.668327,225.227325
562.021660,83.081979,122.028488,224.701447
556.196644,93.998704,125.149529,219.588699
553.187790,97.874376,127.174255,224.799088
563.428658,102.820367,138.187149,222.181702
574.026497,117.504358,138.066910,224.921753
582.798271,137.904718,138.943039,216.904541
583.414032,135.611329,145.093231,215.590866
586.135941,113.861627,134.348145,208.044617
585.603149,67.544892,136.986725,212.769211
592.243561,63.991128,139.602264,217.050323
598.389572,93.658349,137.412537,229.650208
603.016151,150.882425,133.453079,229.097931
604.662071,196.476602,131.549362,221.542511
606.493084,225.546273,127.579353,223.523712
611.980541,253.507753,124.074287,224.785446
612.451595,270.349878,121.565102,219.039795
610.516830,275.968957,121.840210,218.092346
607.192127,267.432923,124.072441,220.178452
604.526581,263.924508,123.911835,222.549225
578.038055,268.056466,145.792206,225.317047
571.385941,271.735742,127.101440,216.721191
583.818817,248.960130,124.676178,205.448013
580.453770,181.607446,124.280174,214.076294
548.722168,138.127000,152.113739,209.392349
510.769516,105.089883,136.273621,216.818024
497.299164,81.266572,130.901031,220.526047
488.223816,69.223504,133.099335,222.280945
491.704582,80.804696,132.909653,224.513885
483.175232,101.208848,131.241547,221.843338
483.830635,103.813699,131.577042,218.859894
483.314110,105.378015,131.971420,218.906494
475.616920,114.125131,134.888687,216.730194
471.691223,120.458329,134.618317,214.224747
472.070847,124.091798,136.847168,213.722397
473.995911,128.968446,136.984955,212.586105
476.679031,131.930772,136.114746,212.468399
478.721680,128.615892,134.985138,216.922318
480.029289,86.293184,130.514511,225.661667
482.078156,61.590738,139.747650,220.241364
486.614883,63.766458,139.702209,225.797272
490.215172,59.935556,138.739853,219.218231
492.289665,55.118997,136.813400,219.506561
492.789871,55.825792,137.167236,221.098465
497.196014,64.492006,135.382294,223.351730
505.070686,101.248094,136.500015,226.504166
509.366936,116.193841,138.287827,214.700500
514.412636,109.416475,134.929947,212.313828
518.846046,115.797746,130.485977,216.850784
518.339996,121.036058,129.311737,212.336624
504.250809,121.030038,128.280640,211.267670
508.100559,120.840425,127.759056,211.966721
508.307060,127.579576,127.073715,215.884659
510.935608,134.082269,127.323700,219.444519
515.272224,131.902970,127.258499,217.505264
519.461994,126.947038,127.595940,219.074905
521.340569,127.557992,128.593063,221.423798
535.407394,129.157685,128.997925,221.039474
548.888233,128.455796,126.849785,219.909012
550.877346,130.071763,121.937477,237.097672
555.431690,162.897180,122.627007,221.994751
556.788467,152.534021,120.671814,221.195679
553.341454,157.053895,124.014389,219.627060
557.974133,156.883119,124.706306,218.156662
560.249557,156.158143,126.179382,218.236252
562.257317,157.629846,128.077988,215.960571
563.704201,112.330423,124.011856,207.001007
566.114944,55.513490,123.781006,208.385483
571.498825,38.091600,126.204651,217.521622
576.341099,35.265222,125.748680,208.128906
571.621071,30.838372,123.421890,211.356445
572.861595,40.524041,123.268173,215.337585
572.547188,45.689996,122.678970,213.598450
578.168110,47.389596,119.924248,215.195953
588.287346,64.126237,115.997238,230.130814
592.433369,113.093995,113.580620,227.321091
594.372059,154.452111,116.921196,224.709167
593.865208,185.855615,120.436852,218.128662
591.652828,181.653932,126.281471,209.577377
629.816387,159.366677,125.734383,206.140533
664.553551,122.721238,123.158737,201.312393
661.389008,101.350145,130.014252,209.659805
677.986137,116.816171,140.287827,213.196014
719.626862,150.990464,135.295685,209.061661
734.737633,184.433000,135.371323,211.014236
748.767403,211.108461,134.295059,205.451401
759.401512,222.866609,128.348312,206.104782
734.576332,232.205720,129.634659,208.025620
720.976547,236.476678,124.498901,199.880493
720.028286,231.500932,124.902138,203.719254
721.893795,227.991929,125.223793,205.465286
722.824963,233.306543,124.174629,211.977173
724.774384,239.301500,123.464447,207.609573
725.964130,239.910058,122.367485,208.108887
727.424885,238.810571,119.453300,184.602600
729.810604,163.206689,112.886574,177.341309
732.176441,83.072435,121.761589,207.842545
736.091751,66.733735,128.200317,210.251938
742.263062,69.665506,127.119537,219.109406
742.892086,111.908052,121.108925,219.962875
735.671329,143.268640,125.128502,217.990967
732.384445,177.469278,124.739624,224.275787
729.801228,233.557779,125.537285,219.019867
720.055550,273.666413,134.514786,207.824631
712.876801,287.572808,137.308502,199.884766
693.993713,283.450402,149.961700,201.478394
689.057564,284.063401,145.943802,198.491104
666.936928,283.818048,149.153702,198.314514
672.874680,283.909860,144.466919,196.282745
643.652687,215.125352,219.875931,218.061783
755.210594,131.308267,139.016098,202.341583
736.924507,117.052865,159.689224,206.945099
735.961792,124.729028,158.108429,202.077881
753.815987,113.791467,186.590652,203.583496
835.598427,107.371064,162.466812,199.689011
856.603134,136.999017,151.185486,218.061768
825.880333,221.254861,162.212082,211.050568
821.796860,277.609269,161.124023,196.969925
847.710854,283.366189,166.856400,193.163666
884.186974,267.651879,171.113083,197.477478
913.795807,278.168328,157.229218,207.154663
912.118378,301.099763,162.787933,192.244614
912.129684,260.508622,152.161438,189.068130
885.679916,219.268182,157.029053,184.668091
872.276459,173.356950,154.295563,185.903641
853.025040,149.802186,161.921692,194.075912
801.378716,162.922357,169.817429,210.476562
778.706741,186.529245,163.147583,195.519440
712.979576,227.706727,151.657394,212.141891
721.234299,273.618486,138.202026,201.910660
717.240303,275.882974,141.204971,199.072662
701.409592,271.466165,140.645386,199.967621
608.936615,286.027063,181.126251,223.216797
605.943481,302.342858,142.694550,192.600037
563.622566,307.044351,146.399002,198.175446
534.407593,302.081506,146.113007,186.356812
523.688835,279.893968,135.710861,192.398148
536.050674,255.136819,132.398560,187.359955
556.763374,227.190385,127.381546,185.081009
549.098473,176.215348,129.967697,189.166702
531.568115,141.806070,136.888397,202.550690
523.987640,137.538072,138.797760,201.973526
524.856880,146.208429,132.321060,202.539551
518.287552,166.109582,132.961914,205.559937
519.361809,174.719560,131.416306,194.487869
517.540878,172.676393,133.375793,191.928696
519.698471,171.157678,131.776978,191.293945
520.266357,169.433793,130.986115,190.390884
520.702408,168.657922,129.949463,190.966309
521.812706,170.081353,129.711349,191.089661
523.123199,168.343568,131.324371,190.951035
523.889580,166.075418,130.699692,188.370087
529.385807,128.008973,121.914818,196.144272
532.166988,90.661004,119.064552,188.039246
535.351105,36.579744,126.363678,198.308334
542.375793,10.921304,124.955841,198.777130
549.543964,2.082009,121.206169,195.509796
519.114189,0.000000,133.576584,185.056703
511.268936,0.000000,120.219971,184.873475
520.661839,2.893944,121.767296,194.567581
513.933216,4.680519,123.110405,194.159958
516.779701,1.925705,120.859329,192.576691
482.264648,21.381951,114.108063,193.522171
462.273521,23.016556,115.743088,189.873016
454.122044,8.541001,111.116600,192.693451
429.035633,9.788880,111.824883,194.150940
422.058132,12.885079,109.628517,199.965439
429.881527,31.285652,107.448647,196.872482
438.552990,20.306488,107.076241,197.045715
436.094444,5.743485,110.531845,198.020416
452.465050,4.659363,118.822922,196.571838
473.130848,5.159363,107.474663,203.427612
476.508106,53.197907,107.357414,203.826477
480.696480,92.071312,108.946060,202.790665
488.782387,120.440476,120.131485,199.303436
509.713898,143.119141,110.900665,200.373962
508.801567,180.229981,112.560776,198.199646
517.848629,203.866211,116.745033,190.844910
529.102673,205.162613,115.191414,189.822479
545.585720,208.754868,121.573402,184.819794
579.995892,209.727181,118.234077,184.765305
593.528069,211.568184,116.924362,183.873154
596.615074,170.568314,122.640182,185.616180
613.770741,116.109711,115.933464,178.464905
625.645828,64.815895,115.459595,188.936020
633.602398,41.856598,113.565376,188.673218
638.995323,48.077889,112.342331,194.362473
644.834873,76.824448,108.205956,200.955414
645.932957,119.397728,109.669518,200.667862
645.836933,145.138336,113.634453,192.464966
644.712254,148.694176,110.246117,195.305069
645.687866,157.801132,115.010040,196.779572
645.068466,171.037346,113.651489,198.991959
637.159428,186.475670,118.324181,191.654129
636.053776,181.351960,112.011375,181.958130
632.538925,158.641098,116.385437,188.285736
632.931248,156.190346,114.438377,187.623703
630.963421,124.654854,120.734322,180.133957
658.464146,101.198639,110.001366,179.492737
659.798328,67.513619,112.948235,187.966110
668.603760,47.707642,116.898102,190.401978
685.440662,42.065728,114.367241,195.896133
703.463226,63.748886,110.064667,193.196320
709.271030,90.000138,112.113731,198.062592
709.457718,100.548889,117.541443,186.169556
716.617332,100.070687,119.291428,183.380661
742.275467,102.438248,118.330200,192.555634
735.566010,108.148285,118.492462,190.651123
736.988480,112.437836,121.160889,191.114563
737.986233,112.896736,121.384560,192.752365
739.126411,111.521744,120.121353,193.300873
741.682446,101.400322,117.498543,172.865372
737.876717,40.467667,120.643204,174.641205
746.551376,0.000000,114.582397,171.911232
753.629833,0.274975,115.798103,168.744278
653.280685,0.000000,193.439331,209.348057
705.559555,14.114008,124.043701,196.759506
726.407108,23.886049,121.373558,193.075592
725.659870,24.828569,119.284233,193.378296
724.856522,26.698587,119.229492,200.277542
728.009750,43.577852,119.364929,193.207367
611.079781,68.473887,184.371841,205.803543
649.949909,82.154902,125.025810,190.199448
665.558750,72.375544,120.161827,185.593796
683.828419,67.091410,120.765434,190.576553
696.559807,81.422709,115.699753,189.520462
577.187393,65.484774,205.219604,192.269135
624.483154,53.292719,124.838409,188.592819
644.971504,35.868410,121.119400,189.229950
661.916885,37.956385,117.307434,190.107895
602.681137,53.504061,157.017700,189.359222
606.515404,54.803667,128.080795,185.575134
604.816456,70.889444,126.888298,191.230789
593.407520,86.383684,125.247978,193.285278
587.796345,110.571108,124.203728,191.264313
577.569954,120.162821,116.684891,188.815201
568.705040,131.782305,118.279160,187.147217
562.967850,133.163408,117.510681,188.832031
559.163357,134.064768,118.008400,186.419693
552.448372,136.001864,116.705887,184.340363
545.432110,115.599733,111.498360,178.053680
537.147888,63.768442,114.699066,183.373184
534.491447,42.757319,116.267014,188.490402
511.860153,40.583483,121.263367,188.401794
491.573788,49.485155,114.862892,198.496826
487.356361,67.663248,120.214432,193.742325
489.130318,80.084536,119.772659,197.914215
490.547615,113.182718,117.564529,198.305801
489.031906,126.947046,116.312317,184.877609
460.512207,143.368441,114.032990,199.997955
461.393581,157.180391,117.895729,190.678986
462.082394,155.568827,115.155800,187.546646
458.516972,148.763880,115.341270,188.226547
456.636906,151.249415,117.838219,189.046860
454.658932,138.123468,118.134254,176.509384
476.936623,125.533754,117.396683,178.681183
490.185844,117.745348,118.450363,174.029907
508.788822,119.065416,115.503746,185.857971
532.759697,122.947435,119.698166,179.366333
553.589630,121.114664,116.545807,181.933548
563.305382,119.443384,117.463303,180.834152
571.069656,141.671061,127.786072,188.727066
584.221733,185.527620,121.741013,179.354889
592.125950,193.655863,114.891685,180.904190
599.459064,193.355249,114.265190,182.259567
626.763977,204.297083,119.587677,179.749069
647.174469,203.431902,112.694000,183.256653
646.878799,204.516481,116.054993,181.890045
653.648136,185.504892,110.765709,173.449722
621.572235,150.614779,153.817169,197.892181
697.347652,106.945086,110.058632,169.894409
699.452595,81.216517,114.135124,184.562912
706.140587,74.772516,113.403122,183.335190
705.380581,86.559801,112.903969,184.371704
703.780766,87.680994,114.228600,181.895187
702.598984,79.093851,112.311401,178.862320
702.953457,75.590944,111.570534,179.895355
565.056969,76.118593,236.268600,209.921661
537.515198,104.181498,218.094818,186.297928
599.293671,99.444185,111.101227,183.942596
600.044945,106.522028,108.453171,183.380905
607.406525,105.906427,107.417145,187.489059
617.574848,109.985407,111.613579,186.287827
619.890762,115.253840,109.120850,184.109421
612.676720,76.429560,105.997299,180.665756
607.267269,54.006899,109.631508,189.072784
608.149139,58.235216,109.554718,187.854614
607.820499,52.881212,108.692833,188.085510
598.527489,53.692019,112.687912,188.561188
592.668980,68.444567,109.923912,188.552002
580.662510,77.859346,117.696861,203.017059
577.959946,100.388949,118.953186,189.175385
571.205086,118.536829,119.704910,185.743210
566.191063,116.470926,122.944992,181.351212
564.707973,113.412050,122.455482,182.845612
564.833408,112.949686,122.773277,184.415543
564.572300,115.435358,123.774132,185.202133
566.155941,116.181933,122.503822,185.437012
572.076210,80.177881,113.384537,175.136703
588.111271,47.670572,122.999840,183.018265
599.128704,65.355379,117.716377,188.690887
605.435806,86.705332,119.373535,183.254959
607.861969,110.518747,114.777435,190.560989
607.332298,124.075975,116.394394,187.089966
633.616665,139.703669,112.212318,181.208481
632.119862,167.468409,111.172844,185.931076
636.695408,201.182840,108.742821,177.509415
603.125927,219.120333,125.138802,180.608612
600.026527,229.937059,107.428787,181.878540
591.371643,238.695955,105.637848,177.947906
566.738392,246.122789,106.989250,176.412292
565.725761,243.730448,119.777084,169.561050
608.040115,173.947275,96.624512,166.385574
456.701187,148.347704,222.546143,196.099670
506.552895,130.397951,126.806473,177.405548
508.281677,141.938372,110.296478,182.552917
527.897091,166.352152,105.990273,175.246597
532.550953,162.936876,104.549980,174.236755
545.299023,162.872538,105.131416,177.184830
545.299858,163.607264,101.944809,172.789291
524.307198,163.637629,104.218460,177.116989
523.007385,151.742701,101.360321,178.891098
529.170341,132.144907,114.419479,182.794327
548.163177,128.055147,106.955292,180.006195
553.520111,126.042437,99.487701,179.466736
546.032223,118.180559,103.193092,166.708313
530.131878,62.441835,116.114571,160.362823
541.427605,0.000000,118.529831,156.102564
562.744919,0.000000,110.661072,131.102880
577.828762,0.218916,105.352089,126.787605
561.048386,1.011584,106.111450,127.023438
559.952854,0.997790,105.550072,126.161438
558.567425,0.000000,102.852852,127.276186
563.925056,1.434522,106.480911,124.727089
572.153557,1.101526,105.377548,151.658279
520.942291,0.894006,141.436249,189.301285
536.006992,26.031312,112.213341,182.272400
536.820873,46.135080,111.830086,174.833908
490.413101,52.359681,204.766724,172.432617
609.421783,31.850091,143.614716,164.909805
604.186996,3.711824,164.200500,151.420593
606.430397,0.000000,141.510391,115.626951
545.003815,0.552306,215.037994,133.574341
574.974480,3.515135,214.206650,135.904663
666.384491,2.970763,139.759796,136.230225
700.826534,1.139372,116.022743,132.032227
688.621025,0.000000,135.330978,140.897711
714.064598,3.480029,107.357468,186.839569
704.017845,40.003604,111.384567,174.645874
696.456604,46.489566,115.549408,178.172424
697.784172,67.427165,114.822433,176.275253
710.728550,92.187274,105.233849,178.417389
709.545921,115.567531,107.487228,171.029800
708.851330,108.809253,109.396004,168.276947
676.584229,87.257358,144.949615,162.574707
737.462467,6.757213,104.937706,171.583725
750.468163,0.314914,104.862961,166.958557
763.084663,5.454639,107.054520,177.324249
771.680183,40.221698,108.733292,179.066315
769.936764,92.246318,110.590126,179.560837
762.672237,123.193889,114.941383,177.135483
760.996887,136.012561,115.324249,178.753326
758.767723,142.628406,118.563156,177.520416
760.533936,150.284732,117.486481,178.567017
758.111538,167.378543,119.367958,173.739929
740.820438,163.754970,118.745628,169.931046
734.412800,147.019618,114.764336,169.905594
735.267258,134.570407,114.375000,168.371277
733.996845,110.307285,112.168999,162.906860
737.050533,64.198467,107.469582,164.409042
734.547905,29.941371,109.825180,170.503311
735.788979,21.920368,111.224014,174.682770
738.988319,23.348956,113.970718,175.369904
749.053776,27.508304,109.223534,178.153015
747.247002,55.542796,109.650192,174.133102
745.986977,72.341449,110.380386,172.772858
744.674335,82.275981,109.452446,176.022079
741.358936,96.321506,112.557793,174.137756
745.116310,106.703426,107.988663,173.162186
744.226887,113.718616,107.440788,171.286774
738.426891,116.928470,112.738289,172.633423
739.290623,119.965663,108.273582,173.627823
737.098038,123.732768,109.957153,171.413132
738.202240,122.620189,106.880768,167.195236
759.040726,82.931186,109.067810,171.244263
758.925583,63.829814,117.435608,171.083786
766.801414,68.482166,120.632370,178.457428
774.049217,79.240535,115.210068,174.385208
774.091118,77.466655,111.648911,175.005905
770.925106,79.345157,112.877174,174.203796
769.721737,79.951289,110.985451,172.788528
770.125446,80.071918,109.062065,175.991913
769.850975,93.916614,109.996384,173.847931
756.775845,94.463741,109.357765,176.024551
737.969200,103.437427,102.504929,174.018829
704.357944,107.749774,102.678673,176.990387
692.327225,117.379321,99.717346,174.783661
690.303295,125.069484,101.417549,177.422623
688.680454,129.932811,100.639305,176.782883
690.984249,130.160266,98.926064,177.801788
682.024078,122.218173,99.652008,178.042603
679.071533,121.905010,103.106415,177.070236
681.007275,119.893504,101.825874,176.198349
677.951214,115.085864,105.975471,177.556427
678.421196,112.270458,111.848557,177.781906
686.105675,110.409976,108.824753,179.163818
689.347797,112.314754,107.450005,179.320267
685.091393,122.630718,112.289047,178.458054
688.100231,124.431445,109.177864,179.698517
698.306400,132.490138,108.745628,176.445633
707.789246,136.821315,107.017059,176.462723
708.793991,139.975505,107.820740,174.717270
714.599689,140.850887,105.329643,174.196121
715.444252,142.065372,106.648148,172.331421
721.479782,130.773143,104.422119,169.711044
727.003353,126.760196,101.562416,173.658020
729.995136,131.528713,101.654533,172.800674
730.912643,130.459201,100.838318,174.122253
728.773041,130.979053,102.039398,175.770721
729.573326,131.478305,102.909286,176.094116
730.554272,130.533031,104.449654,176.472214
736.766151,132.753406,102.473343,179.322601
733.928246,151.742549,107.655136,175.128738
732.052212,150.902080,109.092812,177.363876
728.897289,155.554118,110.050117,177.088852
725.111458,163.228328,111.120132,177.290909
720.682896,171.318683,112.111778,174.365997
720.466984,173.351177,114.464989,170.160751
746.205898,134.191097,104.252357,161.910843
745.245354,100.286212,103.824997,164.231415
747.595512,96.277019,106.874130,171.286301
745.935051,115.793086,110.752731,167.623489
745.235481,110.650119,110.890396,168.697327
764.330585,109.362705,111.135490,170.534729
778.617321,109.876460,106.745552,171.299759
776.019157,115.595386,108.623581,172.159943
779.903637,118.516933,103.540718,173.829422
773.522362,121.488994,102.155746,172.877304
773.108650,121.366252,99.966812,173.715744
767.295734,119.433231,104.319633,175.304321
768.912495,120.066951,103.540398,175.459061
760.824192,122.216426,104.361656,175.830215
775.979759,125.939800,108.323349,166.441086
785.101887,92.259738,97.670952,167.392700
780.914253,61.478137,97.404800,172.922028
762.336239,42.310672,103.729286,173.562256
756.849953,47.683406,102.247452,178.906754
751.794621,48.862315,102.956322,176.064682
746.729523,49.598049,104.482880,175.382523
746.252350,58.198932,101.337982,176.412567
638.799507,70.659152,199.492386,171.198853
678.277824,78.488506,121.389755,167.701523
659.204155,94.010486,108.676987,173.210846
632.862461,105.268382,105.551842,177.207932
585.370819,118.375896,117.356049,172.054733
577.740143,118.818431,101.310577,175.536118
572.243805,130.261150,104.332062,181.047165
565.918358,145.190326,100.058334,182.106903
562.713577,160.406589,99.550232,175.083313
560.154228,162.730502,102.021591,173.203552
561.736038,159.309337,104.018250,172.154099
562.238857,160.454372,105.520241,172.020889
561.642811,164.954562,106.443535,174.551025
559.010338,174.505382,104.055099,172.455124
556.241058,184.594714,110.080536,171.502167
556.036053,203.588458,108.937141,171.832489
555.984928,215.737865,108.406090,169.000046
551.750767,226.687190,108.104149,171.116470
546.800289,230.627460,103.412270,169.293854
542.059170,231.599483,105.284523,170.576004
541.299019,232.665202,103.405716,174.687057
540.047585,234.429035,101.295547,171.883148
540.656113,183.862666,91.758057,159.467911
538.705250,107.441387,97.555534,168.975998
538.342438,87.959911,100.631927,181.232285
419.797478,107.347240,197.132675,170.683517
468.921875,109.617496,110.287994,178.320312
472.082848,105.761249,109.590317,179.760712
472.310009,105.811755,105.356697,181.698212
474.152054,108.558780,103.334961,178.129517
473.720963,105.066318,105.426147,177.404175
442.812366,98.529819,110.635796,173.665039
430.143707,93.240543,107.082794,177.052979
431.960514,92.327358,107.399071,175.497879
438.653133,91.513049,102.986305,170.717010
344.064240,46.256160,208.865509,172.232559
423.480736,37.867885,104.531113,170.926834
435.676418,45.074771,114.876808,166.554993
472.717342,36.677921,114.040199,172.652283
505.526096,34.836345,98.385094,170.680710
506.639423,28.985317,96.752861,173.032120
489.575974,27.445987,101.782288,177.553589
473.132748,37.869838,100.642555,182.888382
473.075115,48.266574,101.010078,178.182007
480.381565,58.013728,104.883141,179.124527
480.351532,63.578105,104.945282,174.911850
444.827908,67.828693,118.915382,173.053925
430.675980,69.592868,104.628540,172.826965
429.272137,55.189151,105.201485,162.161133
447.794415,0.206355,107.438362,138.824539
449.628563,0.190109,109.608749,81.478004
445.606430,0.203761,115.625183,92.116257
407.885067,0.000000,121.874214,91.043079
403.073238,0.000000,116.684212,91.647890
394.779106,0.000000,111.535873,99.673283
395.718552,0.000000,113.198792,138.727595
389.838676,15.233503,121.555588,176.681488
396.272163,44.134214,113.558731,179.897766
392.487263,67.338254,111.558891,184.969360
387.136478,107.461461,113.471886,187.121445
386.473667,146.758352,113.575890,182.201065
385.052231,168.132817,112.379822,174.178452
378.841633,159.735730,114.796501,175.221893
362.762810,132.992704,127.057663,160.153809
382.808228,72.652684,122.398163,169.891525
364.307281,55.524358,137.038727,180.293625
376.337540,75.155439,131.475830,180.746674
360.426033,88.322858,187.110672,174.606964
384.603622,99.669728,172.744141,185.771011
380.687340,155.060308,172.703842,179.874985
397.581123,203.160062,182.835892,176.237122
423.464500,221.596685,180.071152,171.079819
447.859146,237.610036,179.620667,170.145645
470.661072,255.595006,175.009979,172.396225
489.507500,277.169294,174.685593,170.684845
508.307205,281.966726,175.163574,166.650162
531.530846,259.271589,161.484848,169.730988
544.267120,217.699559,165.453766,165.426743
546.096375,188.946538,169.352631,174.144943
553.955986,180.300878,168.312973,172.801743
559.533455,170.793103,168.932938,173.238495
570.768829,172.653768,167.000275,168.547195
577.148827,186.687490,161.820847,181.287003
574.167046,226.751546,165.403061,172.430679
572.541405,237.294515,166.089218,163.538467
574.276749,226.271413,168.866760,166.071609
576.824669,223.715924,169.197372,165.956451
575.977112,220.215467,171.287262,165.636261
574.225388,217.652082,172.384949,165.080780
544.444672,214.987256,177.970367,162.435272
533.124802,206.459470,179.803040,167.866943
545.994637,209.084478,180.428665,163.827805
546.778343,210.626691,185.723679,163.606415
602.040199,167.972661,173.036392,174.846786
604.402626,149.119535,177.041214,167.344421
603.485123,136.370733,180.059570,168.581284
616.121742,138.180288,187.574600,166.670609
636.894493,127.417012,192.418991,169.349075
644.471230,123.004087,197.706314,171.625183
637.403084,122.209623,202.912979,174.759949
607.208344,149.623792,207.765472,175.420197
593.989700,170.590093,205.473389,172.188950
600.474670,178.045568,222.571075,165.295944
624.880775,171.424733,217.762894,166.397232
630.670364,176.498937,220.242920,166.183762
617.759178,177.509435,222.684189,165.587387
612.157707,177.857892,223.747238,163.705109
620.067612,176.205922,231.163513,166.071182
633.969887,169.915746,222.224930,162.332077
637.082985,133.083661,214.222000,164.350250
607.115555,110.501058,244.401123,161.657547
580.601997,108.897176,235.351028,167.719315
573.171249,101.519712,235.282593,166.684143
569.985542,96.161336,235.723099,166.729080
561.275230,91.379422,235.980515,167.381226
547.228340,88.993413,236.669876,169.184372
529.761436,88.510061,234.007431,176.294876
510.897636,101.426381,232.387680,175.187943
500.486038,107.881353,229.269043,175.491806
489.273865,111.764684,232.514191,171.802475
483.694870,115.243207,232.777222,172.845062
475.347549,120.568204,232.584656,169.818298
470.001106,121.066007,233.011917,169.463928
466.957085,120.640454,232.302536,167.373383
470.300034,64.745969,231.279724,164.971130
477.624992,47.277234,229.624374,164.763153
483.925224,45.915181,226.913681,166.742142
484.191841,38.662832,229.485123,161.937210
489.654579,25.657438,228.813736,163.454468
493.997505,22.568044,231.221085,163.007706
500.447701,28.158818,229.092484,176.711411
499.582870,55.704335,233.088440,170.284683
501.026169,64.891294,229.182739,171.391296
501.715149,76.260411,231.370026,175.103806
499.733490,96.380300,232.745819,168.009903
496.226875,95.553357,232.493851,167.690399
497.933647,101.849805,230.536850,167.945221
493.049194,77.865071,235.027557,164.764297
491.992188,41.093206,227.810455,166.846359
491.999779,37.286954,223.882736,163.361389
492.190468,37.111257,226.511368,161.617630
491.826775,33.902944,228.741440,162.631485
496.064552,31.159299,226.817642,162.554504
501.067833,41.915227,213.076767,172.713364
488.035583,66.828176,232.743073,163.312393
484.492729,62.108365,230.530014,158.827881
479.677567,61.794088,237.550293,161.487625
479.213036,61.492101,238.359177,159.866684
484.029991,60.792066,236.192184,157.816315
475.740921,61.293782,235.022461,162.384232
467.010597,70.308065,231.439285,159.321121
462.543503,75.169263,234.250366,158.166046
452.589767,79.137471,237.223511,156.055557
446.612930,84.668210,238.706482,153.519348
444.126900,87.244352,241.784256,153.199707
442.943748,88.614461,242.156296,152.959305
438.696869,90.457242,244.680573,151.098633
443.213799,92.479963,238.312668,147.796539
446.594604,93.347821,235.833893,147.555878
457.023064,100.566770,226.614243,159.417542
458.411293,136.880101,227.359268,151.712814
455.417206,155.832578,232.401154,150.470276
450.140450,165.337957,238.444229,146.311569
459.316231,167.909108,227.989761,146.727249
461.374878,175.705297,228.648102,145.832199
473.411758,179.517987,218.082947,145.424835
479.302811,184.816655,211.171692,142.464096
487.031677,187.312482,196.691437,141.167328
490.802582,187.653531,196.787445,140.767761
498.052635,169.515348,177.069260,143.040100
504.801575,163.378782,181.555328,143.517639
511.629875,161.631658,183.917343,143.473007
517.560455,158.816068,175.659027,140.626465
520.616394,159.265683,170.959137,139.764771
521.660484,158.982503,162.699997,138.951981
524.217796,160.188199,160.915085,138.584839
524.999489,157.925039,158.458389,138.567520
522.656189,162.964910,154.601166,137.709702
505.195702,163.763669,184.778976,140.922852
457.015511,168.848912,185.558182,136.769089
432.638817,167.571470,172.466843,136.855896
438.741348,168.239827,171.384094,137.291397
435.109291,170.539403,143.509781,137.531906
436.708374,172.483503,139.621613,139.441315
440.494087,168.739858,137.833023,139.214920
445.999985,161.635595,139.685486,137.360275
447.231659,157.778379,141.017181,140.846436
446.287994,159.433286,139.619781,141.151001
443.925461,158.684919,139.528259,140.606598
446.791924,153.765882,137.691208,137.649628
444.197784,147.390683,138.935455,137.128540
439.765503,147.642209,136.715424,138.428772
435.646759,148.272145,135.214691,138.254410
432.882324,147.510099,134.393585,136.067688
432.025772,145.335401,135.655762,134.684540
427.950516,145.734243,132.768799,135.908707
421.191422,149.566335,131.941101,135.391434
419.588715,148.003377,132.002167,133.451065
425.115547,139.315908,138.227249,132.437027
432.066040,144.024991,137.481598,132.079041
427.695221,139.927243,137.043732,134.217163
426.998497,138.992116,140.499619,135.089615
426.239197,137.428045,137.387787,137.319504
427.292351,136.747953,139.838974,137.861450
429.773857,135.858777,140.264206,139.438446
432.269028,137.642339,141.032288,138.476303
434.380745,139.001798,141.993973,138.035645
434.217796,138.018048,143.513229,137.169830
429.886009,136.445752,138.755600,136.726593
424.053040,137.089879,138.069183,136.523239
418.184990,137.642347,141.698654,135.011749
418.582451,135.581044,145.118759,135.066666
456.905689,87.424024,107.974236,130.783783
462.192692,90.077161,97.535912,128.246002
469.493256,46.434171,102.893524,134.582703
477.053394,51.351125,101.596977,130.767838
482.995293,47.616803,100.891953,133.894806
487.846741,38.797437,100.859406,132.256439
496.767624,32.765874,100.882751,133.106125
504.159611,32.521535,102.789635,131.539566
502.112148,42.000707,107.302223,140.308640
512.904858,44.666860,95.086555,136.023636
510.088528,51.118581,95.392372,135.329178
510.471130,52.955655,92.801788,135.168396
511.434715,54.688413,91.230576,132.651245
507.785908,56.518956,91.614067,133.350082
504.070869,57.290311,93.092606,135.829468
504.765678,58.108037,89.396835,135.676254
502.477646,59.619733,88.889893,136.456329
504.997688,39.210866,85.962784,135.475296
503.223854,31.229634,88.149307,138.961563
502.994846,33.753247,84.845787,133.941254
496.563328,30.251065,84.855003,132.582764
489.851944,24.820264,86.430481,135.500214
483.749485,24.878186,88.421410,133.837738
478.589592,21.687665,88.470749,135.879974
470.398373,31.585195,90.276894,139.638748
448.097347,45.481740,94.417702,133.853165
417.105804,50.568608,132.493195,135.543991
388.098866,60.331166,105.979424,131.196487
391.822964,59.611997,95.065407,135.599243
383.787266,56.905519,90.292992,127.218376
376.654137,0.179342,100.343979,141.749649
380.084892,0.739854,89.159409,101.882530
377.136814,0.691800,89.514824,101.259979
376.735344,0.469075,88.582504,95.302780
380.442852,0.758493,85.947456,86.737068
383.952251,0.218732,86.692329,86.424957
388.136169,0.000000,83.247772,88.219098
386.439770,0.003687,89.695045,112.325432
376.474918,0.807219,102.016991,128.943954
365.289364,1.842185,107.376869,133.540771
364.661991,1.661719,105.822289,136.524628
364.169392,1.737563,105.230034,139.151199
363.187420,5.505927,102.439644,143.658722
360.180950,0.716551,101.324654,130.912033
363.904892,0.057337,88.862671,102.455620
390.200920,0.162669,113.812790,41.237602
388.211285,0.653412,125.789436,20.097973
394.636272,0.218161,87.317848,38.740112
380.156708,0.608075,91.646942,59.321400
377.231602,0.000000,86.867088,70.776415
371.238247,0.000000,87.464516,92.082063
369.511154,0.000000,87.346771,119.634358
370.536442,12.105196,86.638908,154.638138
370.442848,41.882288,83.059433,142.859772
365.888107,59.400294,83.104523,142.747040
363.747932,74.981753,80.902328,145.886734
366.221851,95.366854,80.184471,145.308426
367.794136,105.727724,83.029465,142.752213
370.283951,104.883227,119.646515,133.990707
414.004345,56.744845,92.472511,133.876236
419.859272,19.459170,88.002953,140.396530
405.823456,29.665423,86.970520,141.908890
415.954231,50.703081,84.579391,136.317337
435.491493,41.770274,89.363022,135.176056
459.986668,21.396258,86.745903,143.625015
463.191776,26.933367,88.121758,155.268570
475.010395,74.066195,87.730492,142.387009
480.008541,94.565905,83.958260,140.782852
482.004860,103.572123,86.630844,137.605316
511.089737,107.256007,93.005707,136.673401
545.941868,109.629267,83.671379,137.483704
556.027924,121.668978,83.871948,143.045517
556.385448,131.149622,78.026527,140.150208
568.032612,138.699610,81.750389,137.389587
583.127800,149.498110,81.943497,131.847580
591.614193,149.602045,83.063789,132.971436
594.614880,147.282732,85.258888,138.234695
595.950459,152.557352,87.180077,136.912750
592.558723,174.226878,91.091049,143.136444
602.523438,188.843462,130.817261,138.172379
627.070271,198.722712,90.844810,136.457825
617.301800,224.128420,89.558205,140.882309
621.408394,249.852900,87.612350,141.415283
617.984123,262.962618,87.929520,138.611557
616.839676,276.048754,88.586090,139.235123
616.978783,281.925921,89.023026,136.607010
616.420685,283.804735,89.999390,137.477310
615.574940,285.541933,88.371361,137.340866
642.456547,290.862803,108.137810,135.388702
656.653194,271.873881,85.778633,139.046173
654.428383,262.950320,87.619431,137.543625
651.621487,265.694880,85.027168,136.904236
645.958614,258.113131,83.620369,138.133286
648.153324,251.412485,82.502312,135.450104
652.056812,238.778208,83.524986,135.680725
653.383335,233.823969,82.849174,135.608307
652.062122,232.639063,82.432091,134.887115
646.236671,233.012957,83.461838,135.727097
643.321194,231.418024,79.603096,131.821014
638.540352,218.037829,82.090622,136.376877
638.929787,211.689493,80.534164,135.860535
638.592827,194.812151,81.615860,134.373245
637.300362,159.774882,75.360092,133.933746
636.132816,109.771090,77.769341,137.007797
637.878120,99.114069,78.729477,139.645386
625.829651,99.229662,111.991577,138.357498
589.374481,92.804758,101.082397,138.749359
589.891651,92.900423,86.139183,141.290573
602.025902,99.748148,84.360733,138.064484
597.982922,105.026385,81.366859,138.028885
591.807400,118.841654,103.077034,141.374969
560.304371,144.646220,89.899803,132.215607
545.427017,141.277453,88.977814,135.684708
534.254082,145.039255,92.514236,139.404266
532.653187,147.953959,94.693932,137.460358
527.822697,146.132357,97.228081,140.914352
530.797131,145.972124,95.736305,143.096146
526.138165,149.910532,100.204201,143.276520
527.987965,143.836420,96.816978,142.568848
530.756371,143.694804,97.571426,143.139740
534.824276,141.369273,101.692696,144.495941
535.918983,140.012362,107.346054,145.377304
533.015301,136.294489,113.001381,145.055359
526.852509,160.652926,116.322327,147.892929
524.306911,184.531832,115.997871,149.734055
522.556629,197.179621,114.631676,144.151245
520.030647,194.176142,115.710129,147.048828
519.093853,205.061663,116.239357,145.436539
516.301216,209.224718,117.912094,144.924088
524.273045,215.302187,121.833977,144.655197
538.420578,217.137530,121.366241,141.537735
543.015011,214.354983,120.891548,139.820236
541.246132,166.782694,116.565109,148.520050
549.780628,147.627589,109.029015,142.783508
551.151661,141.682940,109.341759,141.792313
553.860619,146.487513,105.960953,142.287903
555.752499,142.986796,105.309578,139.581635
557.773056,142.153437,107.213226,139.468018
563.991779,142.470339,107.035728,140.626572
568.923954,146.492098,105.484856,137.423569
569.699112,151.636813,106.870697,135.411179
570.297428,152.644121,102.348869,136.476151
572.158993,153.461100,97.517464,136.734955
554.580353,154.424204,114.383972,137.801300
541.822823,153.673556,107.037277,135.235641
549.379719,155.070017,100.216881,136.087799
544.533852,156.202364,81.882858,126.090378
544.302238,135.307383,80.179581,135.067596
548.285423,143.088557,78.611588,134.038269
550.842903,140.630938,81.311264,133.979141
551.736473,142.959986,80.324051,132.937012
551.402576,142.778315,80.405907,133.580994
552.463013,140.973353,81.449036,132.706726
554.556335,140.807459,80.583191,133.221436
552.199535,158.827799,84.584694,131.190338
550.501213,160.596278,82.057388,131.422241
553.140152,171.705988,84.684784,129.362122
555.491867,181.001681,84.656586,129.562851
552.495777,186.519411,87.738670,128.491440
556.251465,191.331553,88.087646,127.505768
565.934650,177.625285,104.387535,128.551636
590.387566,158.231150,133.449661,131.248352
605.238441,125.743334,94.576889,136.054672
600.339676,107.983721,90.754730,138.611130
599.925007,110.530703,86.649376,135.109329
597.700390,100.796686,85.548561,133.146759
594.016865,96.921923,87.212120,133.621078
589.580349,91.390169,85.693489,136.460098
590.418060,88.623125,83.924438,135.639084
590.760593,86.162592,91.489189,133.548004
542.432938,80.731837,154.504059,140.002960
525.749214,80.162554,109.086655,132.416122
541.073952,83.766737,106.943344,127.298515
541.525360,80.945643,91.478699,126.670197
567.662762,72.476740,87.417702,128.298737
565.445744,68.421969,93.095879,131.545059
587.596718,58.049708,160.191147,141.443512
651.779655,41.011072,169.272476,137.327545
694.903244,21.168139,98.316071,140.348679
682.406281,25.397242,135.187561,140.561493
655.307213,21.864237,106.177322,140.270447
653.978901,26.908526,95.013878,141.047714
684.466919,31.162501,163.371277,141.727448
730.032372,29.347567,155.378250,142.265274
758.104946,35.194376,125.745979,146.922241
776.440716,40.008326,105.291115,135.281158
774.031971,44.240694,104.466270,137.912674
760.103294,41.324313,107.190933,140.176529
768.004341,39.081217,99.498154,140.046021
769.984665,34.059664,97.641266,131.748795
765.410057,4.212504,96.607925,140.899902
745.019741,17.769862,103.308784,137.492462
729.743050,16.686770,98.336716,132.928360
728.111778,14.780169,92.009109,136.454880
728.668709,17.259608,98.743149,134.198151
728.426830,21.650950,88.396278,139.325256
729.590881,29.363802,89.917297,136.934280
702.572945,46.796961,139.151718,131.912567
654.133125,48.768565,153.251633,137.473938
617.176414,46.078631,136.150833,139.333359
613.790775,44.340922,94.563042,140.692383
605.928307,55.131769,84.781815,136.286896
590.501854,63.092272,82.317276,136.057114
571.409977,65.791682,85.904716,137.546783
565.844334,62.729037,86.471489,137.011551
567.407917,59.775698,88.599327,135.223770
573.773830,74.666590,86.641487,149.620209
571.528984,113.715685,82.947891,134.870956
566.298203,125.919527,85.354706,135.186722
577.205288,148.496020,84.091866,135.702011
553.308331,161.619219,117.499306,142.543137
543.058838,183.051478,85.949585,138.152618
561.708405,204.280535,97.076965,140.495468
580.452133,218.227366,83.979828,143.289551
582.865696,237.987086,80.260612,136.659271
581.676453,242.200846,79.078491,137.405701
580.762699,242.455767,78.083366,136.840195
578.332298,238.946474,85.865860,137.698044
572.302883,246.786387,86.740486,138.565826
566.665295,248.666529,84.508888,137.533630
564.409702,250.095972,83.477837,136.363464
564.674377,248.175341,85.714722,135.383987
552.758228,246.996668,85.266014,132.417664
542.632523,256.493456,84.741699,134.412735
538.396271,265.866518,87.502289,132.298141
530.994804,266.962412,84.640244,132.480804
509.691959,264.903185,97.087975,133.802139
504.166672,266.332293,124.727661,138.198807
504.561230,269.675471,88.797066,134.253662
509.821198,203.677416,138.152618,147.974686
510.044716,192.487711,83.034378,135.458649
514.554893,194.617083,81.614731,139.336685
519.418633,185.736277,80.949387,133.195587
537.409142,163.214373,83.107834,141.213638
533.735168,150.732325,86.150055,141.966980
534.381062,146.759798,89.444878,142.646774
535.169891,153.226427,89.363129,144.653275
536.335960,155.158587,87.755905,138.926041
535.278587,134.045054,88.254257,140.623810
537.239147,131.192301,88.831917,141.843964
538.294895,136.315569,86.287132,140.931473
538.522591,120.900683,87.029129,133.206070
537.151314,86.655176,87.654068,136.448242
538.253521,50.503336,86.955086,136.735962
537.248650,26.708918,90.054428,134.901703
540.872017,24.862566,87.405594,137.745468
505.169209,28.117281,92.074730,143.578568
482.612324,32.105089,83.681358,141.874496
484.219845,31.004801,88.031929,143.663086
480.087864,32.312334,84.025139,143.253647
478.472450,44.173083,85.966476,146.815598
480.070843,54.352457,88.755653,146.098145
472.946182,68.616801,88.916901,145.139404
465.516068,80.936892,91.058990,142.273209
463.616577,93.863299,93.270264,138.973557
476.124557,99.997309,87.904083,134.255219
489.421833,102.234217,88.671471,137.150421
476.634483,104.395624,88.146378,135.204254
505.031834,105.246607,117.162712,130.844330
566.595097,85.041941,94.319756,132.788879
568.642384,75.232889,91.758018,137.740234
546.982452,79.210924,91.534241,135.861984
535.393185,77.590243,89.524666,136.968338
546.675636,80.498774,90.215683,138.315582
566.567039,85.098315,91.067642,136.173447
569.765873,84.993235,89.661858,138.726746
531.231236,88.506388,101.183525,133.680542
491.142658,93.750323,91.097435,134.903976
470.075264,97.063837,87.352280,140.292328
479.219093,96.809386,91.297714,123.953209
497.362385,23.435480,90.451805,137.455597
449.894997,2.516581,109.175491,141.264099
438.506046,16.587237,88.205406,140.232224
415.129604,15.893580,87.187691,137.527130
411.008621,0.293219,88.240082,126.228432
408.857368,0.000000,86.896469,125.509848
384.578533,5.553386,94.682228,145.779175
347.387634,26.130901,100.602783,145.715271
316.372253,56.326976,91.295776,145.540039
305.675575,77.942783,80.746872,143.516556
330.979805,78.028125,137.523727,140.515915
396.964298,36.468074,122.354851,144.183441
424.017452,14.490832,77.130745,140.396469
401.865028,0.000000,80.239609,134.351588
414.274868,0.678327,102.425362,132.729614
464.749340,0.814760,87.927589,111.825462
475.645912,0.276014,80.506546,102.554565
448.037460,0.085554,160.121216,147.281860
445.202972,44.728017,90.763092,148.160324
461.325790,68.723516,113.455017,138.136490
484.813908,77.751104,89.011986,142.601395
512.766861,99.920652,154.201294,159.988922
541.881500,132.007253,95.262787,141.540573
544.872662,125.573484,91.463020,137.998566
545.087479,113.810613,96.361023,140.631058
563.543106,115.869085,101.983154,140.899002
575.750225,123.210989,98.771431,141.630905
576.223415,122.213468,102.112709,142.482941
573.659317,124.211065,103.724121,143.534134
562.285042,127.941907,108.194351,147.107849
558.964600,136.602178,105.284454,148.945145
555.252529,148.836057,106.582863,147.946198
