0.015920
0.052236
0.041354
0.042129
0.039530
0.042385
0.062798
0.043453
0.041440
0.043490
0.043228
0.045557
0.043846
0.043323
0.040724
0.038569
0.041131
0.040013
0.048124
0.047255
0.041936
0.040954
0.055122
0.052485
0.043128
0.045040
0.043928
0.042484
0.041325
0.043412
0.042575
0.040568
0.044671
0.050702
0.054972
0.045664
0.045969
0.044189
0.047115
0.047904
0.047263
0.046419
0.047456
0.056974
0.047760
0.047104
0.049174
0.058361
0.048500
0.049568
0.048823
0.048791
0.059907
0.049396
0.048747
0.048714
0.047890
0.048781
0.049447
0.048280
0.056292
0.048379
0.048185
0.047592
0.050678
0.049121
0.052231
0.047545
0.054131
0.048383
0.045015
0.050502
0.042516
0.047121
0.045130
0.043495
0.048841
0.049888
0.049092
0.057698
0.047600
0.043382
0.049768
0.048791
0.044806
0.053800
0.048113
0.050539
0.056475
0.044716
0.066335
0.074797
0.060280
0.059866
0.050200
0.050297
0.049191
0.048625
0.049153
0.049473
0.048708
0.048115
0.048129
0.050277
0.048336
0.049108
0.049811
0.050244
0.050470
0.049632
0.049784
0.049778
0.058558
0.050629
0.049500
0.049299
0.049658
0.048210
0.049194
0.048580
0.048046
0.065626
0.048461
0.047922
0.048395
0.050445
0.047607
0.048071
0.048304
0.049701
0.047995
0.049462
0.047774
0.048364
0.049222
0.050056
0.049100
0.070855
0.069566
0.047577
0.048433
0.049423
0.050540
0.049436
0.050979
0.047539
0.056415
0.048310
0.047411
0.053808
0.049027
0.059208
0.050383
0.050054
0.077915
0.078443
0.072982
0.050447
0.052575
0.050765
0.051074
0.051094
0.051365
0.052853
0.056725
0.074907
0.042585
0.051402
0.041420
0.042091
0.042848
0.042372
0.041882
0.041694
0.062787
0.039722
0.040732
0.040560
0.039301
0.040573
0.039252
0.043841
0.039003
0.039509
0.039922
0.038856
0.040212
0.039610
0.039486
0.040142
0.039743
0.037832
0.040000
0.040450
0.038280
0.037898
0.039832
0.039467
0.039656
0.038682
0.053273
0.039329
0.040021
0.041310
0.040449
0.068623
0.040108
0.069519
0.044306
0.063580
0.046166
0.039386
0.063749
0.037957
0.040143
0.038703
0.038192
0.038434
0.040243
0.038897
0.054069
0.039486
0.040769
0.071791
0.040080
0.044886
0.040220
0.040483
0.048160
0.041044
0.043127
0.042670
0.041054
0.040722
0.040381
0.041198
0.041452
0.040995
0.049801
0.046040
0.040043
0.040450
0.039688
0.041049
0.040426
0.042828
0.042979
0.041989
0.041610
0.041403
0.043688
0.042183
0.050597
0.043489
0.054122
0.044106
0.042191
0.044017
0.042207
0.042475
0.043555
0.042810
0.047668
0.043446
0.044866
0.045286
0.047136
0.046340
0.049093
0.043995
0.044334
0.047639
0.043199
0.045590
0.046059
0.049382
0.044578
0.053573
0.045171
0.045564
0.050817
0.060122
0.047435
0.051403
0.053262
0.052644
0.056073
0.052657
0.051875
0.052310
0.053619
0.062967
0.057176
0.058567
0.077900
0.065107
0.054344
0.054027
0.053348
0.056896
0.055966
0.053251
0.050309
0.055748
0.064241
0.053750
0.050936
0.061726
0.082599
0.061908
0.078197
0.056291
0.056643
0.056942
0.063816
0.055832
0.064009
0.066552
0.055155
0.077923
0.056305
0.059897
0.055903
0.057715
0.061699
0.070005
0.059093
0.056875
0.063673
0.058060
0.067044
0.059506
0.054469
0.082396
0.070756
0.054354
0.061704
0.055645
0.059504
0.072238
0.063934
0.082926
0.056933
0.055338
0.062661
0.072973
0.052486
0.051040
0.056185
0.054054
0.047864
0.060339
0.047975
0.073429
0.050248
0.068039
0.049248
0.047228
0.051780
0.045825
0.046028
0.046124
0.054183
0.044254
0.048588
0.064645
0.044953
0.046563
0.061129
0.043426
0.045063
0.044487
0.047847
0.042936
0.045584
0.043242
0.048450
0.073382
0.045213
0.048619
0.052700
0.048743
0.053401
0.045890
0.047842
0.049609
0.048193
0.048574
0.076111
0.046282
0.076546
0.049708
0.048407
0.055445
0.048014
0.050753
0.047755
0.049353
0.044454
0.046070
0.077183
0.046016
0.047146
0.044560
0.045096
0.044546
0.044486
0.044021
0.045834
0.047510
0.065765
0.047088
0.042922
0.043596
0.048898
0.044687
0.046277
0.043769
0.043818
0.043782
0.043767
0.045092
0.046647
0.045084
0.047222
0.043819
0.048748
0.048057
0.047018
0.048193
0.044624
0.045402
0.044125
0.056516
0.044005
0.047436
0.047145
0.046245
0.052881
0.045473
0.044173
0.044316
0.065293
0.047218
0.049240
0.048046
0.054022
0.059098
0.047576
0.046585
0.047249
0.044835
0.047724
0.048415
0.049747
0.043905
0.045852
0.046673
0.046835
0.048555
0.045495
0.046829
0.043494
0.048374
0.048636
0.047520
0.051727
0.050102
0.048472
0.046478
0.044843
0.046787
0.047016
0.048310
0.044108
0.045294
0.047475
0.053470
0.050170
0.046800
0.074634
0.048610
0.051851
0.049356
0.050954
0.058886
0.048112
0.059517
0.048391
0.057470
0.053424
0.043568
0.046082
0.046443
0.048444
0.060685
0.049931
0.066073
0.047436
0.045685
0.046603
0.047885
0.049495
0.044321
0.052768
0.045464
0.046668
0.047690
0.046135
0.047598
0.044816
0.055426
0.049672
0.048849
0.051096
0.071935
0.051793
0.048361
0.074178
0.049055
0.050948
0.056210
0.072091
0.066306
0.048114
0.048994
0.077678
0.051478
0.051578
0.050264
0.050831
0.060750
0.060597
0.079374
0.062216
0.052516
0.054665
0.052935
0.054292
0.051706
0.052199
0.049837
0.046884
0.047849
0.049720
0.050046
0.047883
0.052286
0.078357
0.073323
0.075916
0.069857
0.051263
0.064558
0.050737
0.058105
0.049268
0.077059
0.074349
0.050221
0.048233
0.058397
0.047672
0.046166
0.056001
0.049953
0.047839
0.048616
0.052714
0.049618
0.048938
0.074661
0.064785
0.049990
0.045414
0.054395
0.050391
0.048361
0.047840
0.051241
0.053205
0.075305
0.067849
0.079518
0.053880
0.053433
0.053397
0.050951
0.052935
0.053073
0.054443
0.055241
0.055991
0.055522
0.054232
0.056595
0.052756
0.056607
0.056983
0.050768
0.071319
0.070643
0.058088
0.057323
0.052461
0.066326
0.078723
0.057620
0.058798
0.060919
0.057930
0.057653
0.068018
0.055703
0.058290
0.056059
0.050632
0.058788
0.056207
0.056269
0.064228
0.086310
0.056889
0.070604
0.052320
0.065868
0.070254
0.053426
0.053105
0.060965
0.055406
0.073659
0.052231
0.079366
0.052763
0.049676
0.052312
0.045258
0.071135
0.050088
0.071092
0.050900
0.050880
0.049031
0.051296
0.051936
0.065741
0.050691
0.050277
0.051698
0.047210
0.050638
0.059155
0.050387
0.052018
0.049169
0.048071
0.048741
0.051135
0.046280
0.054534
0.052295
0.052577
0.077930
0.052785
0.051001
0.048341
0.052376
0.063466
0.055957
0.054437
0.050658
0.057198
0.053109
0.068236
0.054972
0.079903
0.070212
0.056462
0.053192
0.051504
0.064792
0.054491
0.075796
0.056590
0.057564
0.057344
0.055522
0.055108
0.066893
0.055768
0.057951
0.057593
0.060690
0.057339
0.056944
0.067090
0.050339
0.056646
0.071859
0.065649
0.053646
0.052218
0.054130
0.063375
0.059666
0.052999
0.071564
0.051622
0.058765
0.049528
0.067895
0.051778
0.058025
0.046554
0.067123
0.045808
0.045532
0.045893
0.047626
0.045770
0.065751
0.046724
0.045819
0.044838
0.073082
0.045129
0.066671
0.044525
0.047287
0.047221
0.049349
0.046363
0.052013
0.045268
0.046124
0.051309
0.048804
0.050692
0.050983
0.049212
0.064414
0.048842
0.046880
0.047320
0.063660
0.047245
0.049154
0.048334
0.050446
0.050619
0.056226
0.049248
0.048142
0.055079
0.051280
0.069157
0.050220
0.054859
0.048235
0.049199
0.049313
0.049539
0.056082
0.048065
0.050410
0.050280
0.047467
0.048073
0.049230
0.049377
0.075557
0.051257
0.048994
0.052580
0.053806
0.050889
0.048492
0.050297
0.048522
0.048118
0.048854
0.047445
0.046807
0.048727
0.049717
0.055274
0.078065
0.075839
0.057901
0.054133
0.062142
0.049126
0.048518
0.053092
0.050386
0.049590
0.051992
0.072040
0.057487
0.087785
0.051525
0.052042
0.050020
0.050755
0.049083
0.050302
0.052338
0.052782
0.050693
0.052775
0.052097
0.052962
0.049479
0.078783
0.051401
0.048646
0.051051
0.052511
0.054251
0.049888
0.048809
0.052010
0.063603
0.050226
0.050764
0.050892
0.048758
0.049440
0.070712
0.050454
0.047593
0.050478
0.076872
0.050120
0.045862
0.048003
0.045933
0.054314
0.072985
0.051172
0.069416
0.050919
0.046928
0.047252
0.047344
0.048647
0.047810
0.052209
0.057096
0.047862
0.062791
0.059025
0.051064
0.051657
0.049079
0.050212
0.048677
0.052210
0.052073
0.051791
0.060754
0.046761
0.049282
0.049721
0.048391
0.047690
0.048410
0.047059
0.048403
0.047669
0.048785
0.076566
0.050320
0.069220
0.062711
0.051218
0.050039
0.048913
0.062493
0.058072
0.049530
0.048465
0.050486
0.049524
0.062691
0.049845
0.050081
0.051849
0.048740
0.049785
0.077830
0.079389
0.049745
0.046719
0.047508
0.046249
0.048348
0.045852
0.047243
0.050422
0.047985
0.046256
0.076468
0.050263
0.051191
0.047830
0.046873
0.046756
0.062642
0.044847
0.049106
0.046082
0.049311
0.046239
0.048080
0.075858
0.074416
0.048332
0.046644
0.047884
0.059824
0.045133
0.044342
0.043456
0.052538
0.053851
0.054574
0.043596
0.042870
0.042899
0.042683
0.041877
0.044146
0.040831
0.042468
0.042118
0.040941
0.057838
0.041753
0.040218
0.041178
0.041988
0.043590
0.044386
0.041291
0.044333
0.042944
0.042226
0.050213
0.043860
0.042795
0.041928
0.053301
0.045049
0.048508
0.043950
0.040922
0.042545
0.043098
0.044710
0.040543
0.045316
0.042960
0.041578
0.042191
0.042129
0.042946
0.043703
0.046339
0.063778
0.046597
0.043708
0.044221
0.044500
0.045739
0.044711
0.051689
0.047101
0.044328
0.042065
0.044872
0.044689
0.043770
0.045244
0.045345
0.043044
0.043890
0.043182
0.046391
0.061887
0.069038
0.044093
0.043769
0.048526
0.051063
0.046386
0.044451
0.062362
0.056886
0.061352
0.041992
0.045547
0.046932
0.044563
0.042861
0.044713
0.044788
0.044703
0.045855
0.063294
0.049149
0.043463
0.044015
0.043158
0.052078
0.073501
0.045370
0.045903
0.042484
0.042747
0.045936
0.054034
0.044277
0.042410
0.043729
0.043256
0.045654
0.045723
0.045139
0.048003
0.046719
0.051754
0.046427
0.047718
0.046089
0.046206
0.046292
0.044811
0.044916
0.049297
0.045052
0.047123
0.071745
0.056945
0.045550
0.045945
0.049269
0.050566
0.073459
0.048063
0.043708
0.046835
0.043914
0.044172
0.051114
0.045635
0.048876
0.046199
0.046377
0.057957
0.066822
0.044886
0.046184
0.044955
0.043409
0.043807
0.041913
0.042307
0.041694
0.041721
0.041212
0.041672
0.040427
0.053403
0.044805
0.059144
0.046733
0.045254
0.041847
0.042261
0.042305
0.042302
0.050068
0.041658
0.042941
0.042742
0.069934
0.067249
0.043652
0.043405
0.043202
0.043487
0.048047
0.044538
0.041469
0.045025
0.050153
0.045425
0.044273
0.043187
0.047369
0.042430
0.042183
0.042402
0.046353
0.043331
0.043768
0.045207
0.044863
0.043539
0.044628
0.045615
0.046855
0.045265
0.044267
0.044547
0.044674
0.046495
0.047797
0.052703
0.047052
0.047725
0.047662
0.046957
0.046743
0.048031
0.049759
0.056643
0.057116
0.048218
0.063284
0.054157
0.049823
0.059029
0.052100
0.074703
0.053394
0.055820
0.053115
0.083093
0.056966
0.063755
0.055918
0.051839
0.051612
0.065928
0.054547
0.051039
0.059983
0.057195
0.055358
0.076828
0.055275
0.057656
0.058785
0.054285
0.077595
0.056338
0.070923
0.051817
0.056145
0.055394
0.056033
0.062480
0.088581
0.052080
0.083480
0.055653
0.055469
0.051519
0.053637
0.054501
0.049122
0.053606
0.056245
0.053562
0.054633
0.055104
0.054278
0.054228
0.053117
0.053713
0.055542
0.053778
0.054370
0.057981
0.052553
0.053345
0.071408
0.051550
0.062652
0.072500
0.049092
0.050307
0.050264
0.055643
0.063800
0.054350
0.051714
0.066340
0.050951
0.055942
0.051540
0.051745
0.055453
0.054798
0.056444
0.067864
0.052467
0.053693
0.050215
0.064078
0.052663
0.052789
0.060220
0.068570
0.050587
0.050866
0.057584
0.056251
0.047629
0.054734
0.064685
0.049889
0.049079
0.051071
0.062827
0.048593
0.047471
0.047985
0.048679
0.051536
0.074622
0.077925
0.048971
0.062885
0.070418
0.049937
0.051314
0.052953
0.046890
0.051405
0.051375
0.050949
0.072610
0.063870
0.053159
0.049347
0.060010
0.056101
0.051576
0.063462
0.056822
0.058340
0.087423
0.086507
0.058401
0.066863
0.054983
0.053601
0.057004
0.058026
0.071795
0.072786
0.059262
0.058002
0.058110
0.059113
0.064928
0.059888
0.068948
0.058782
0.063386
0.072476
0.060017
0.060434
0.059929
0.056897
0.062134
0.060949
0.062282
0.075735
0.064002
0.057825
0.057054
0.086037
0.059222
0.055948
0.056401
0.055261
0.057512
0.055515
0.081458
0.056124
0.055120
0.057494
0.051562
0.053356
0.060584
0.077882
0.055727
0.052688
0.058488
0.057710
0.076573
0.056777
0.056602
0.059434
0.059643
0.051981
0.058219
0.056173
0.057549
0.056033
0.086565
0.058649
0.058671
0.062075
0.069497
0.056830
0.057131
0.078590
0.052618
0.053236
0.057076
0.057123
0.077592
0.059137
0.051836
0.055271
0.051418
0.051845
0.051475
0.051411
0.052587
0.055627
0.047527
0.046698
0.048385
0.048514
0.046489
0.047763
0.046709
0.047599
0.045489
0.044341
0.050016
0.047936
0.055251
0.047726
0.051163
0.050865
0.044962
0.044962
0.057473
0.044767
0.046351
0.046494
0.045249
0.046524
0.045114
0.045288
0.070327
0.045254
0.047654
0.047171
0.051760
0.047452
0.047082
0.064691
0.046520
0.047832
0.050201
0.058846
0.048992
0.046628
0.049002
0.049662
0.049841
0.049503
0.047752
0.058956
0.046765
0.047088
0.049074
0.052132
0.053148
0.049063
0.046893
0.061947
0.048441
0.048749
0.055587
0.048197
0.049466
0.051036
0.049857
0.053941
0.065688
0.086443
0.068705
0.049195
0.048927
0.054586
0.051917
0.055208
0.052602
0.049636
0.046581
0.048497
0.076416
0.050380
0.050312
0.051031
0.046482
0.049567
0.049858
0.050743
0.057678
0.049832
0.051573
0.052069
0.046996
0.050290
0.048492
0.047219
0.062482
0.062067
0.058003
0.052919
0.060718
0.070297
0.048046
0.048731
0.049059
0.049758
0.048789
0.047751
0.051587
0.049293
0.061685
0.049408
0.047396
0.049313
0.049669
0.068904
0.050102
0.048733
0.049166
0.048134
0.050436
0.048431
0.048481
0.055574
0.046200
0.066352
0.054223
0.045413
0.056382
0.049721
0.049669
0.046661
0.051428
0.049088
0.047049
0.061478
0.047573
0.047702
0.050791
0.046552
0.046794
0.052476
0.051293
0.052452
0.050049
0.048385
0.048744
0.048106
0.048428
0.054255
0.050792
0.051796
0.058308
0.051063
0.070011
0.047214
0.049372
0.048584
0.048818
0.051516
0.049402
0.049533
0.048123
0.051748
0.053016
0.074958
0.050433
0.057634
0.051068
0.072157
0.047675
0.049346
0.062489
0.053418
0.051545
0.054373
0.052829
0.080560
0.051713
0.058773
0.053174
0.052530
0.053384
0.052308
0.055643
0.054110
0.052245
0.051743
0.053399
0.056751
0.053011
0.076492
0.061931
0.056777
0.074138
0.074089
0.052970
0.053062
0.053452
0.056955
0.054413
0.051288
0.049387
0.050132
0.049409
0.050277
0.051354
0.056255
0.047379
0.051000
0.047671
0.047448
0.047833
0.051915
0.067020
0.048997
0.054594
0.058047
0.054790
0.062051
0.057705
0.062127
0.056928
0.059414
0.087473
0.060428
0.055575
0.091099
0.055844
0.060460
0.060435
0.059218
0.060843
0.059335
0.056140
0.059708
0.063513
0.058086
0.056479
0.060924
0.060105
0.057956
0.052268
0.059339
0.066093
0.058095
0.058018
0.056909
0.059138
0.062149
0.086189
0.077753
0.070658
0.059771
0.050198
0.055239
0.070291
0.076025
0.064006
0.051387
0.058126
0.053731
0.057797
0.055949
0.056236
0.061235
0.057052
0.069104
0.056091
0.072003
0.057005
0.050054
0.054349
0.055840
0.053103
0.053219
0.050077
0.051335
0.048615
0.048724
0.047089
0.043716
0.044719
0.048111
0.050215
0.048312
0.045245
0.065586
0.046422
0.045598
0.048605
0.050585
0.049878
0.079193
0.051334
0.047185
0.047824
0.049571
0.049694
0.050100
0.049777
0.077308
0.051009
0.049373
0.046947
0.049550
0.052510
0.064343
0.067850
0.055332
0.050093
0.053148
0.054926
0.052183
0.052439
0.054444
0.066933
0.053985
0.053383
0.052926
0.052680
0.059906
0.059590
0.050592
0.054924
0.052699
0.054195
0.054290
0.052225
0.055195
0.051997
0.048874
0.049523
0.050451
0.051250
0.059172
0.069297
0.051369
0.052145
0.049253
0.048777
0.047121
0.051939
0.051267
0.076791
0.046666
0.061084
0.050628
0.051617
0.052938
0.061020
0.052487
0.052993
0.050228
0.054476
0.053933
0.049980
0.052458
0.055304
0.052873
0.054234
0.060573
0.055301
0.056550
0.058813
0.054141
0.064808
0.058733
0.065967
0.057922
0.054264
0.055110
0.049980
0.054888
0.055564
0.055800
0.056692
0.058587
0.057434
0.056743
0.083407
0.053382
0.073368
0.066119
0.056724
0.054956
0.056669
0.055898
0.056077
0.053395
0.058123
0.056910
0.078752
0.056911
0.059719
0.054564
0.055685
0.054119
0.055348
0.056940
0.056567
0.053974
0.075368
0.053992
0.053791
0.050018
0.054927
0.053954
0.050468
0.061858
0.059509
0.054147
0.048929
0.053721
0.054091
0.065127
0.053799
0.056840
0.048850
0.052726
0.052318
0.056813
0.054908
0.055742
0.055946
0.063508
0.072146
0.051627
0.064291
0.068918
0.049936
0.070957
0.054595
0.053085
0.055790
0.060648
0.050956
0.061987
0.053955
0.054089
0.057077
0.063075
0.055768
0.054792
0.056178
0.058665
0.052755
0.057647
0.059438
0.055549
0.078812
0.060485
0.064644
0.056811
0.059023
0.058490
0.057437
0.058400
0.059015
0.062918
0.058759
0.057223
0.056770
0.068813
0.061617
0.056656
0.050699
0.055932
0.056012
0.072952
0.053723
0.086011
0.059013
0.060373
0.058416
0.061223
0.055955
0.058608
0.053783
0.055716
0.057992
0.052183
0.056605
0.056285
0.059005
0.054595
0.058138
0.054149
0.057685
0.057591
0.055550
0.056763
0.054098
0.059676
0.053941
0.059586
0.057410
0.055518
0.059437
0.060934
0.056016
0.058276
0.057639
0.053230
0.055683
0.053842
0.052941
0.053717
0.052826
0.053427
0.052094
0.050639
0.051042
0.051777
0.050782
0.048096
0.046774
0.047613
0.046758
0.048268
0.046821
0.047209
0.045542
0.047020
0.046764
0.046016
0.045398
0.046751
0.045671
0.044967
0.045136
0.045353
0.046824
0.046343
0.047949
0.048656
0.067177
0.046323
0.045822
0.045245
0.046491
0.047074
0.046642
0.046232
0.047241
0.046875
0.046078
0.045499
0.048439
0.054356
0.047687
0.047183
0.046861
0.047057
0.047406
0.046113
0.045778
0.047123
0.046230
0.045588
0.046439
0.046325
0.046390
0.045619
0.046296
0.045681
0.046921
0.046754
0.045334
0.046233
0.048506
0.046015
0.073147
0.047901
0.043993
0.045803
0.046827
0.045414
0.047008
0.047083
0.048432
0.046107
0.045684
0.045961
0.045075
0.047208
0.047211
0.046365
0.050753
0.049776
0.045492
0.048744
0.053926
0.048900
0.047049
0.067320
0.048377
0.048395
0.048980
0.049093
0.047255
0.048242
0.054914
0.049483
0.048922
0.049323
0.050548
0.049168
0.054772
0.049241
0.054197
0.052215
0.049800
0.052702
0.049959
0.050697
0.049785
0.051253
0.050212
0.052000
0.059325
0.057533
0.053447
0.052325
0.048735
0.049038
0.059857
0.049716
0.048765
0.051842
0.073774
0.063542
0.075364
0.056103
0.048221
0.051763
0.050157
0.077427
0.053332
0.054316
0.077713
0.048937
0.079964
0.052138
0.067318
0.049094
0.051947
0.050437
0.052752
0.053738
0.054692
0.049314
0.051390
0.071510
0.071154
0.078997
0.050083
0.051964
0.063219
0.079079
0.066903
0.051054
0.054816
0.052620
0.054413
0.056916
0.060470
0.058581
0.053394
0.083209
0.060815
0.049956
0.050233
0.052234
0.058600
0.053379
0.061207
0.057266
0.057716
0.053559
0.052206
0.050291
0.056283
0.057922
0.053587
0.077754
0.051907
0.050690
0.073339
0.052826
0.078833
0.051491
0.049553
0.049727
0.051183
0.049164
0.050431
0.050570
0.050116
0.052931
0.053923
0.069783
0.050779
0.051206
0.058300
0.050619
0.049975
0.049887
0.049996
0.048794
0.066081
0.049885
0.054920
0.055093
0.056119
0.075026
0.047761
0.051895
0.048634
0.054878
0.058838
0.049563
0.051199
0.054800
0.055162
0.051447
0.052973
0.051751
0.051202
0.050107
0.054983
0.051284
0.055360
0.053404
0.055993
0.057956
0.056159
0.058454
0.053080
0.053434
0.052339
0.061462
0.052470
0.054218
0.050837
0.053230
0.069224
0.053509
0.051944
0.053062
0.052690
0.053214
0.055565
0.053094
0.055624
0.058694
0.056088
0.058330
0.057800
0.054845
0.070151
0.053592
0.055999
0.053736
0.056572
0.052559
0.051470
0.052629
0.053588
0.054393
0.052868
0.053865
0.070812
0.056360
0.072509
0.060265
0.054785
0.054489
0.051559
0.051854
0.053336
0.063138
0.061444
0.053406
0.053885
0.053224
0.058437
0.069674
0.051456
0.051627
0.068929
0.048952
0.051669
0.049729
0.052149
0.052970
0.053607
0.060322
0.055437
0.057081
0.059698
0.056980
0.054223
0.059722
0.059612
0.057404
0.060263
0.060593
0.059837
0.060073
0.057380
0.061844
0.062114
0.074655
0.061085
0.061503
0.060951
0.059994
0.061290
0.060002
0.088621
0.061254
0.086291
0.084369
0.059699
0.073773
0.055104
0.061517
0.060340
0.062213
0.062459
0.061041
0.064382
0.057795
0.061665
0.057540
0.061710
0.061523
0.076011
0.060480
0.062458
0.068775
0.062249
0.063314
0.061157
0.059989
0.063893
0.061885
0.062207
0.061787
0.062327
0.062950
0.061732
0.077509
0.078684
0.061777
0.077931
0.061639
0.056834
0.055470
0.057659
0.058481
0.060316
0.059781
0.063485
0.058344
0.057590
0.055539
0.050433
0.067913
0.050828
0.050108
0.048028
0.049696
0.047250
0.049149
0.047548
0.047711
0.047207
0.047856
0.046635
0.046915
0.057244
0.047483
0.045646
0.051612
0.042284
0.042039
0.042573
0.042917
0.044370
0.042059
0.043418
0.044147
0.045436
0.063768
0.042833
0.042834
0.043689
0.047461
0.061303
0.041285
0.042081
0.043172
0.040928
0.061080
0.053075
0.041721
0.042128
0.043856
0.042231
0.039782
0.041315
0.038778
0.041415
0.038746
0.037406
0.039070
0.045909
0.037188
0.039447
0.038488
0.038682
0.044306
0.039709
0.041129
0.038568
0.039040
0.039095
0.041627
0.040737
0.069238
0.042136
0.073293
0.043720
0.044199
0.044306
0.045075
0.043863
0.043655
0.045068
0.044874
0.045357
0.047645
0.046692
0.047213
0.046622
0.047704
0.047816
0.047003
0.049351
0.049945
0.048311
0.052333
0.049106
0.051926
0.053362
0.050923
0.052397
0.052933
0.070544
0.050532
0.049986
0.053989
0.053090
0.051169
0.052448
0.051919
0.053682
0.053412
0.053719
0.054732
0.049517
0.056565
0.050091
0.048122
0.045614
0.045827
0.045450
0.046291
0.047472
0.045882
0.044781
0.057972
0.044707
0.065456
0.045676
0.048598
0.045647
0.047543
0.046461
0.045187
0.046042
0.044345
0.046866
0.043927
0.041698
0.041113
0.041603
0.040567
0.040298
0.042009
0.040474
0.041668
0.041634
0.041177
0.041133
0.043092
0.044513
0.045847
0.046208
0.049634
0.050234
0.047819
0.048047
0.049945
0.048614
0.046733
0.047837
0.047534
0.043073
0.048180
0.042045
0.063056
0.040838
0.041788
0.040234
0.049526
0.040260
0.043758
0.042023
0.039260
0.039440
0.045896
0.041508
0.039860
0.043542
0.052053
0.036969
0.044873
0.037673
0.037162
0.038976
0.057009
0.041136
0.036021
0.037241
0.036654
0.039789
0.050216
0.036495
0.038264
0.036843
0.035921
0.036801
0.036684
0.041517
0.036905
0.035827
0.037104
0.035640
0.035700
0.038300
0.037252
0.038820
0.038132
0.044539
0.042788
0.036450
0.053283
0.036601
0.044092
0.037231
0.041116
0.040501
0.041579
0.037310
0.047487
0.037859
0.038598
0.044820
0.035711
0.037032
0.034376
0.033351
0.041234
0.041372
0.034508
0.034542
0.050441
0.044269
0.035655
0.033987
0.034255
0.037228
0.058279
0.047974
0.036091
0.035555
0.039927
0.034670
0.034961
0.035181
0.033898
0.037850
0.034672
0.035771
0.038052
0.040301
0.040802
0.034775
0.036092
0.036604
0.041497
0.034771
0.034374
0.033847
0.036199
0.034482
0.035811
0.035566
0.035162
0.036403
0.036488
0.036376
0.034316
0.038867
0.035819
0.036001
0.036307
0.035027
0.051627
0.054798
0.046992
0.036871
0.035098
0.035836
0.034583
0.051679
0.035708
0.036575
0.036079
0.043688
0.036742
0.037373
0.037447
0.035687
0.037304
0.036110
0.036656
0.036927
0.046374
0.035422
0.037151
0.039176
0.040752
0.036588
0.037858
0.037454
0.036684
0.061644
0.037302
0.052275
0.038410
0.041325
0.047403
0.044373
0.042924
0.038151
0.038402
0.038020
0.036813
0.037280
0.035963
0.037301
0.039904
0.037005
0.037913
0.036540
0.041581
0.036038
0.033250
0.033452
0.033059
0.032246
0.034169
0.056058
0.039164
0.034000
0.033861
0.035553
0.034626
0.036459
0.035475
0.037682
0.036783
0.038988
0.038035
0.035795
0.037935
0.043622
0.037853
0.036904
0.038559
0.036875
0.036769
0.038918
0.037210
0.039643
0.036586
0.036309
0.044574
0.036833
0.035646
0.036693
0.036462
0.036305
0.037155
0.043585
0.037012
0.037782
0.038015
0.036816
0.037973
0.036466
0.036134
0.065296
0.043214
0.036268
0.036084
0.036404
0.037327
0.037637
0.036401
0.039287
0.037644
0.042218
0.036030
0.044252
0.036000
0.045846
0.035428
0.036869
0.036982
0.036756
0.045434
0.042332
0.037340
0.036568
0.039926
0.036309
0.038222
0.042848
0.037042
0.037166
0.037518
0.047429
0.063197
0.037416
0.036398
0.035964
0.037520
0.050148
0.043926
0.038449
0.043915
0.035862
0.036767
0.039080
0.053883
0.038769
0.037468
0.037221
0.048489
0.037691
0.037320
0.036427
0.051847
0.037507
0.037284
0.037241
0.053796
0.044948
0.038140
0.044772
0.038036
0.038055
0.056607
0.036737
0.038231
0.037386
0.053066
0.037741
0.046686
0.037132
0.037528
0.035671
0.046667
0.037378
0.036595
0.037885
0.038053
0.038472
0.038564
0.037067
0.038546
0.036929
0.038327
0.036855
0.037382
0.037735
0.037565
0.036721
0.037323
0.037823
0.037011
0.037439
0.037183
0.038482
0.037556
0.036988
0.037964
0.036307
0.036110
0.037691
0.036573
0.037934
0.048193
0.036933
0.037158
0.040339
0.035874
0.037141
0.056558
0.036704
0.036667
0.043151
0.040643
0.035205
0.038064
0.035228
0.040879
0.035830
0.035991
0.035963
0.045939
0.037196
0.038231
0.036591
0.035941
0.035721
0.038530
0.043028
0.036399
0.038136
0.037589
0.038826
0.036700
0.039086
0.040419
0.036279
0.036317
0.037632
0.066135
0.037175
0.035948
0.037520
0.049532
0.037702
0.037902
0.036707
0.036652
0.037064
0.037238
0.036306
0.036495
0.037060
0.035856
0.037464
0.036843
0.037488
0.038945
0.038883
0.038823
0.037819
0.039567
0.041267
0.036764
0.037322
0.039366
0.040370
0.041467
0.040993
0.039843
0.039600
0.039195
0.040652
0.042008
0.039257
0.039539
0.038553
0.039773
0.037823
0.038702
0.037905
0.040944
0.038652
0.037876
0.038600
0.038708
0.037708
0.040116
0.039420
0.039881
0.042830
0.040875
0.037192
0.038863
0.040805
0.039373
0.039360
0.037445
0.039665
0.037783
0.038801
0.037953
0.038386
0.040028
0.038221
0.038227
0.039085
0.038278
0.039712
0.038658
0.047515
0.040213
0.039592
0.040920
0.045920
0.040675
0.039263
0.038437
0.041852
0.039430
0.040748
0.040252
0.042012
0.042130
0.038714
0.039651
0.040946
0.041374
0.040861
0.037629
0.039068
0.040856
0.041026
0.040265
0.040175
0.041021
0.041913
0.042433
0.037051
0.040556
0.040933
0.039171
0.040253
0.046043
0.039405
0.057481
0.038976
0.040341
0.039363
0.040438
0.040128
0.039381
0.061626
0.043516
0.042450
0.043926
0.048741
0.063139
0.041303
0.042451
0.048408
0.038503
0.042347
0.042446
0.044880
0.042963
0.044163
0.050521
0.043549
0.044322
0.040708
0.038847
0.041874
0.039919
0.042553
0.040821
0.041240
0.042731
0.042341
0.042149
0.044770
0.039547
0.042610
0.045292
0.041303
0.042650
0.040468
0.068957
0.046689
0.042527
0.044869
0.050771
0.044647
0.043010
0.043700
0.050047
0.052365
0.043436
0.046556
0.043943
0.041951
0.052076
0.045103
0.043879
0.041362
0.042487
0.040580
0.045606
0.046398
0.041872
0.042792
0.041273
0.050910
0.047991
0.049366
0.044709
0.053090
0.044741
0.051709
0.045771
0.051993
0.055254
0.045542
0.045203
0.051865
0.044513
0.045386
0.060988
0.055310
0.037843
0.039324
0.041604
0.041711
0.040190
0.053461
0.039894
0.037217
0.040472
0.040404
0.041428
0.037044
0.040494
0.042383
0.037487
0.044158
0.039971
0.038963
0.038549
0.038693
0.040363
0.039840
0.038112
0.039532
0.041704
0.038801
0.040433
0.062829
0.039270
0.040713
0.041356
0.040307
0.039661
0.041540
0.040955
0.041388
0.041478
0.047975
0.043393
0.041294
0.041261
0.041163
0.041387
0.061614
0.043371
0.045932
0.043800
0.045533
0.043746
0.044837
0.044942
0.044399
0.043559
0.044282
0.043313
0.043750
0.042082
0.043540
0.042918
0.042504
0.040827
0.041914
0.045072
0.045168
0.044520
0.044118
0.048128
0.046635
0.042669
0.064501
0.041109
0.046110
0.045355
0.046869
0.045558
0.045074
0.047518
0.046228
0.044286
0.046300
0.044325
0.044513
0.041910
0.050461
0.045535
0.050860
0.044884
0.045931
0.047476
0.042394
0.045968
0.042556
0.046036
0.045559
0.049360
0.045107
0.046133
0.042880
0.046707
0.045509
0.042832
0.041263
0.043057
0.043590
0.051712
0.039548
0.055983
0.038825
0.039920
0.040082
0.040507
0.041096
0.041174
0.040247
0.041147
0.039080
0.053447
0.045383
0.040570
0.053270
0.038821
0.040857
0.037575
0.039297
0.041890
0.039989
0.040046
0.039041
0.042975
0.038860
0.040674
0.038930
0.038846
0.037722
0.037857
0.038588
0.040462
0.036916
0.038506
0.036572
0.036693
0.038374
0.038306
0.034337
0.034196
0.033865
0.035727
0.035161
0.035428
0.035350
0.036500
0.035937
0.035648
0.035070
0.035430
0.041144
0.034838
0.035539
0.035285
0.035270
0.039498
0.035256
0.034408
0.036560
0.035386
0.035593
0.036040
0.034747
0.035102
0.036164
0.035866
0.034631
0.033968
0.033698
0.035113
0.043064
0.035096
0.034309
0.034971
0.035450
0.033170
0.033505
0.039293
0.033875
0.033913
0.035347
0.035008
0.034486
0.033482
0.035965
0.033587
0.035851
0.034424
0.035645
0.034546
0.035358
0.033967
0.035407
0.033290
0.045718
0.033710
0.034961
0.033985
0.033125
0.034213
0.035096
0.034635
0.034134
0.044369
0.033854
0.033956
0.035084
0.034242
0.036307
0.035796
0.033936
0.044456
0.034019
0.035421
0.035337
0.035378
0.034530
0.034164
0.035634
0.034078
0.035840
0.035460
0.043456
0.034423
0.033854
0.034010
0.034454
0.036341
0.035933
0.034726
0.034548
0.034730
0.034631
0.035236
0.034870
0.035364
0.036127
0.034438
0.035334
0.034345
0.034459
0.056967
0.035524
0.034751
0.035039
0.033380
0.033559
0.035599
0.050754
0.034068
0.035187
0.042075
0.033687
0.033564
0.033052
0.033824
0.032953
0.034763
0.033138
0.034070
0.035021
0.044837
0.033717
0.034957
0.033723
0.034512
0.031523
0.036442
0.039735
0.041143
0.028555
0.029426
0.035926
0.039916
0.028857
0.050149
0.030641
0.031455
0.029988
0.046957
0.054844
0.027165
0.041840
0.031933
0.023670
0.033681
0.021858
0.022085
0.022471
0.024101
0.023408
0.025298
0.033646
0.024601
0.025265
0.041037
0.042139
0.026008
0.027037
0.027131
0.026515
0.028166
0.033644
0.031107
0.033487
0.034708
0.034656
0.034559
0.034569
0.036042
0.033566
0.067533
0.046960
0.035281
0.035239
0.033456
0.035283
0.045713
0.033881
0.034322
0.043461
0.035132
0.034007
0.033221
0.034965
0.033992
0.034368
0.034912
0.034244
0.034117
0.032967
0.033231
0.033603
0.057774
0.035562
0.057449
0.034203
0.033422
0.033033
0.033312
0.034247
0.035317
0.034857
0.035481
0.038050
0.040210
0.033241
0.034689
0.038876
0.033645
0.035135
0.034309
0.034856
0.034457
0.034549
0.038749
0.033761
0.034937
0.041841
0.040413
0.049032
0.033928
0.038762
0.033802
0.043588
0.032569
0.032869
0.034495
0.033271
0.033608
0.032608
0.034758
0.043370
0.034042
0.033213
0.034205
0.032675
0.034489
0.032661
0.035739
0.033096
0.035156
0.034892
0.043760
0.032933
0.034067
0.034822
0.034552
0.033055
0.033179
0.060925
0.043454
0.034320
0.036587
0.033784
0.035053
0.033094
0.033542
0.032650
0.053417
0.034314
0.032912
0.034296
0.034666
0.033917
0.034326
0.035814
0.040629
0.034238
0.035193
0.037633
0.043362
0.034861
0.033474
0.044052
0.037173
0.033858
0.033742
0.044809
0.035346
0.046378
0.033579
0.034175
0.041038
0.033303
0.041250
0.034493
0.036480
0.034163
0.035034
0.034203
0.033890
0.034036
0.032103
0.043702
0.053754
0.033589
0.034881
0.033339
0.031921
0.039171
0.033654
0.035098
0.034755
0.032968
0.033785
0.033745
0.033810
0.034636
0.034721
0.034446
0.036015
0.035345
0.033223
0.035048
0.034424
0.032556
0.034419
0.048184
0.033121
0.034567
0.043921
0.034227
0.035047
0.033829
0.034578
0.034088
0.034593
0.038952
0.040721
0.033890
0.033977
0.033973
0.033910
0.045305
0.033744
0.034708
0.036275
0.035371
0.034299
0.033747
0.035617
0.035941
0.033414
0.055479
0.046609
0.035031
0.033760
0.033681
0.035197
0.034364
0.034977
0.049233
0.034279
0.035255
0.034440
0.036080
0.036127
0.035611
0.036213
0.035961
0.044130
0.034821
0.035288
0.039362
0.050956
0.034052
0.035669
0.033828
0.035117
0.034045
0.048470
0.034971
0.035387
0.038561
0.036199
0.034855
0.036751
0.034324
0.035473
0.041147
0.037192
0.035714
0.036347
0.035497
0.036312
0.035513
0.034076
0.034582
0.034141
0.034548
0.034582
0.034165
0.034185
0.034795
0.033976
0.033812
0.033583
0.041683
0.034595
0.035444
0.035200
0.034629
0.045119
0.037090
0.036265
0.035300
0.034500
0.045566
0.036982
0.037218
0.035564
0.034588
0.035779
0.035958
0.035423
0.034742
0.033985
0.034756
0.053261
0.033711
0.034187
0.043741
0.052097
0.035046
0.034278
0.035161
0.035941
0.035204
0.034792
0.034722
0.046383
0.034931
0.034115
0.051356
0.035842
0.035811
0.051644
0.035506
0.033384
0.035787
0.035593
0.041538
0.035800
0.035187
0.034227
0.033621
0.034089
0.043745
0.034059
0.047377
0.034206
0.036252
0.035688
0.035662
0.035938
0.034366
0.034630
0.034773
0.036332
0.035330
0.036190
0.035318
0.035012
0.033940
0.036972
0.036010
0.033813
0.037234
0.033613
0.034104
0.063496
0.034867
0.035766
0.033935
0.034088
0.033758
0.033667
0.034460
0.034477
0.034498
0.034513
0.033227
0.035763
0.033795
0.035575
0.034571
0.034553
0.033326
0.034431
0.033107
0.039510
0.035122
0.034756
0.033596
0.034457
0.033195
0.033299
0.033107
0.035265
0.034939
0.043629
0.039020
0.045079
0.034504
0.034284
0.034731
0.035578
0.034449
0.033853
0.034349
0.033669
0.043249
0.039734
0.035401
0.035879
0.034760
0.035924
0.034860
0.051415
0.035412
0.033687
0.033146
0.038708
0.033656
0.032416
0.033943
0.046466
0.034160
0.032708
0.052991
0.033184
0.033300
0.046556
0.033930
0.034176
0.033837
0.033503
0.031831
0.032401
0.033234
0.038160
0.032028
0.046233
0.032872
0.033739
0.032532
0.038622
0.033866
0.033272
0.031616
0.033222
0.033895
0.033014
0.033033
0.032445
0.031914
0.032689
0.033530
0.032859
0.032823
0.033722
0.040384
0.033826
0.039328
0.033982
0.032270
0.032102
0.034186
0.033671
0.033704
0.056633
0.035818
0.033857
0.042073
0.033740
0.036499
0.034912
0.034344
0.034392
0.035473
0.033802
0.043131
0.035266
0.035089
0.034427
0.034206
0.034126
0.042333
0.035333
0.045841
0.041978
0.036997
0.036651
0.039295
0.038187
0.039002
0.037950
0.039003
0.040964
0.054320
0.039326
0.038872
0.039160
0.044708
0.041342
0.039773
0.039652
0.040485
0.040015
0.042536
0.039430
0.054978
0.041611
0.041084
0.041667
0.042159
0.042882
0.043318
0.041666
0.044784
0.042668
0.041004
0.041756
0.041960
0.055367
0.046771
0.042875
0.043805
0.043189
0.043194
0.042486
0.044496
0.042935
0.041637
0.044468
0.041738
0.044341
0.048754
0.041534
0.043598
0.042676
0.051723
0.042943
0.042502
0.043895
0.047398
0.046688
0.046985
0.047125
0.045698
0.045454
0.046259
0.044051
0.044225
0.065129
0.038974
0.041120
0.043444
0.038713
0.038703
0.039139
0.037812
0.045511
0.036530
0.036571
0.036742
0.050155
0.038698
0.039377
0.040731
0.039618
0.038010
0.038019
0.047416
0.039221
0.037257
0.036954
0.037392
0.039222
0.039653
0.039270
0.038998
0.045106
0.036572
0.037246
0.036723
0.037449
0.037996
0.044197
0.038476
0.038485
0.038428
0.039890
0.039256
0.040089
0.039356
0.040325
0.041963
0.040852
0.042808
0.040716
0.041699
0.040774
0.041200
0.042280
0.041665
0.042130
0.040959
0.040604
0.042211
0.040933
0.041881
0.042056
0.047974
0.041204
0.042233
0.049003
0.042540
0.042287
0.051644
0.041220
0.043983
0.042805
0.053473
0.043885
0.043010
0.041794
0.042860
0.041284
0.041126
0.049541
0.042427
0.042731
0.043409
0.042496
0.044378
0.049409
0.044432
0.051499
0.044700
0.044211
0.044875
0.043384
0.042741
0.043881
0.044799
0.044827
0.043589
0.044395
0.044317
0.053942
0.043817
0.046316
0.043918
0.049672
0.044427
0.045731
0.044345
0.043796
0.043256
0.047122
0.052208
0.054994
0.057896
0.046380
0.047378
0.058769
0.065991
0.044579
0.045449
0.062147
0.043954
0.049905
0.043349
0.045633
0.043616
0.043286
0.050649
0.044794
0.042888
0.050957
0.044666
0.044504
0.044194
0.042124
0.043215
0.042543
0.042664
0.043001
0.041191
0.043408
0.040758
0.041520
0.041348
0.041943
0.042106
0.050605
0.041846
0.053248
0.046623
0.043590
0.050926
0.042625
0.042635
0.044240
0.042770
0.062277
0.042350
0.040810
0.042817
0.040496
0.041479
0.041743
0.041711
0.041479
0.041513
0.046900
0.040634
0.041494
0.042292
0.051637
0.041702
0.045400
0.042215
0.042412
0.040750
0.043463
0.041855
0.042407
0.042892
0.041913
0.043445
0.051300
0.042179
0.042789
0.046449
0.041666
0.042998
0.043068
0.043474
0.041703
0.047954
0.042942
0.041584
0.042291
0.040254
0.042191
0.040937
0.041318
0.040800
0.038527
0.040258
0.045107
0.040954
0.046588
0.040532
0.039783
0.040837
0.040621
0.040179
0.041582
0.041147
0.040278
0.057580
0.040456
0.041144
0.039237
0.038992
0.039291
0.039379
0.039674
0.039740
0.044613
0.040511
0.037466
0.038518
0.036891
0.035510
0.035545
0.035766
0.035801
0.037253
0.035595
0.036266
0.034789
0.036651
0.035760
0.035587
0.036639
0.035667
0.053744
0.036063
0.034380
0.041929
0.035261
0.035468
0.035929
0.034369
0.036067
0.035156
0.035243
0.035546
0.037551
0.038740
0.038739
0.038683
0.039566
0.039178
0.038393
0.040778
0.039303
0.040497
0.048305
0.044753
0.041012
0.042860
0.040731
0.043074
0.040645
0.051963
0.044937
0.041680
0.051903
0.040505
0.040838
0.040682
0.052004
0.042147
0.047695
0.043250
0.042474
0.042511
0.043044
0.041192
0.043716
0.051260
0.054100
0.043284
0.042280
0.043975
0.044008
0.043376
0.043113
0.051988
0.042647
0.043661
0.041754
0.044816
0.042787
0.042568
0.042819
0.044068
0.042857
0.041204
0.043650
0.042088
0.042701
0.042227
0.041624
0.042431
0.043429
0.041964
0.042885
0.041756
0.041811
0.040792
0.040419
0.047415
0.041400
0.041886
0.059914
0.042701
0.063583
0.043428
0.042054
0.043307
0.041680
0.044461
0.041531
0.041175
0.041050
0.041242
0.040843
0.041317
0.040325
0.041595
0.041122
0.040963
0.038894
0.039028
0.040595
0.040393
0.041506
0.040009
0.040472
0.040331
0.039163
0.039390
0.039111
0.039207
0.038920
0.039215
0.039484
0.039219
0.038950
0.038342
0.038900
0.040108
0.040041
0.039853
0.050672
0.039184
0.040457
0.038936
0.040479
0.040047
0.038765
0.038343
0.039334
0.038383
0.038056
0.039030
0.038727
0.039037
0.039645
0.040278
0.038573
0.039692
0.040005
0.039895
0.042142
0.046926
0.041389
0.040823
0.041771
0.040278
0.039953
0.041038
0.040856
0.040592
0.040184
0.040407
0.060667
0.040373
0.042677
0.040360
0.040358
0.040667
0.042460
0.041599
0.041945
0.041851
0.042617
0.041685
0.042088
0.043347
0.040647
0.041299
0.040478
0.041624
0.040283
0.040081
0.041553
0.040539
0.041127
0.040977
0.040129
0.040699
0.039351
0.040804
0.040120
0.040190
0.040436
0.040104
0.049242
0.039707
0.039362
0.040099
0.039377
0.040251
0.040956
0.039668
0.058889
0.040740
0.040178
0.041555
0.042536
0.047787
0.040714
0.041129
0.040772
0.041021
0.041523
0.041226
0.042668
0.042417
0.041900
0.042875
0.042407
0.042860
0.042767
0.042510
0.042629
0.044851
0.043695
0.053525
0.043708
0.043582
0.044756
0.042204
0.043922
0.043406
0.043907
0.046468
0.044178
0.044914
0.046348
0.045773
0.044878
0.044665
0.046228
0.045263
0.043530
0.044865
0.043656
0.045563
0.045965
0.044144
0.045310
0.044797
0.043645
0.045000
0.043590
0.044296
0.044249
0.045278
0.044500
0.044814
0.044316
0.060591
0.052321
0.051065
0.045222
0.042742
0.051543
0.044743
0.042752
0.052230
0.055329
0.046129
0.043178
0.052863
0.044254
0.043188
0.051220
0.046611
0.043890
0.050379
0.048780
0.071360
0.044298
0.048166
0.057973
0.059565
0.046132
0.047662
0.044204
0.043799
0.044556
0.044478
0.072449
0.043824
0.056450
0.043395
0.043923
0.051732
0.045003
0.045133
0.060263
0.044430
0.044146
0.044781
0.060173
0.068649
0.061125
0.044344
0.051306
0.049401
0.054810
0.045666
0.044839
0.045067
0.044319
0.057331
0.044835
0.048617
0.059120
0.045483
0.072425
0.054507
0.046013
0.066811
0.049800
0.047497
0.050577
0.046530
0.050180
0.062871
0.068417
0.058601
0.047283
0.045483
0.056903
0.046553
0.049058
0.045835
0.046861
0.046223
0.057022
0.046548
0.050813
0.053361
0.046608
0.050030
0.045819
0.053989
0.055496
0.045013
0.053182
0.045983
0.063260
0.048370
0.073243
0.064669
0.051131
0.045954
0.044529
0.047476
0.045470
0.045733
0.045735
0.046159
0.044587
0.045239
0.047818
0.044383
0.055740
0.045306
0.046226
0.044202
0.045195
0.045499
0.048127
0.051313
0.046750
0.046869
0.044628
0.046937
0.045851
0.044810
0.046311
0.047078
0.047298
0.048205
0.075114
0.045166
0.051520
0.046602
0.051861
0.045634
0.048223
0.044617
0.048517
0.047036
0.044844
0.045853
0.047771
0.046204
0.046149
0.045471
0.046326
0.043991
0.055634
0.056888
0.046476
0.045162
0.044793
0.044562
0.043753
0.044486
0.042681
0.044691
0.043501
0.043487
0.045059
0.043795
0.050875
0.049102
0.044207
0.042578
0.042753
0.042892
0.042181
0.042250
0.043213
0.042024
0.043649
0.063254
0.043208
0.041471
0.042416
0.042519
0.042885
0.042247
0.045275
0.043267
0.041256
0.050422
0.044497
0.046292
0.040337
0.041561
0.059007
0.041930
0.044606
0.040873
0.041702
0.056560
0.040086
0.045596
0.062876
0.039007
0.039587
0.040095
0.040484
0.040038
0.039828
0.038493
0.039082
0.039316
0.040719
0.040131
0.039968
0.038268
0.039246
0.038420
0.036426
0.038175
0.036882
0.037286
0.035763
0.038956
0.036702
0.037674
0.037987
0.037037
0.036152
0.047534
0.034504
0.034187
0.036617
0.035516
0.035302
0.035219
0.034956
0.044297
0.034431
0.033983
0.035108
0.034152
0.048127
0.033988
0.034610
0.034357
0.033675
0.035151
0.035158
0.034834
0.035063
0.034839
0.033065
0.033468
0.034158
0.034087
0.034194
0.034711
0.034732
0.033602
0.034492
0.034756
0.035395
0.050845
0.035724
0.035686
0.035326
0.042295
0.038306
0.038923
0.036850
0.036913
0.036110
0.035782
0.036640
0.036846
0.036366
0.036221
0.035063
0.037006
0.037144
0.037519
0.037738
0.039162
0.037949
0.038582
0.037714
0.036454
0.038719
0.037150
0.037769
0.037627
0.038506
0.039402
0.038340
0.037439
0.038892
0.038390
0.050068
0.039466
0.037427
0.038898
0.039942
0.038503
0.038581
0.041282
0.039905
0.040397
0.041134
0.040915
0.039580
0.040372
0.041046
0.043087
0.043107
0.045865
0.040992
0.041340
0.041113
0.040990
0.041972
0.049051
0.044938
0.046941
0.042755
0.042865
0.041327
0.042961
0.053564
0.041848
0.040826
0.041052
0.040780
0.041561
0.041674
0.041985
0.042658
0.041737
0.040384
0.039748
0.039802
0.040318
0.054301
0.039167
0.040268
0.039366
0.038289
0.037536
0.038386
0.038132
0.039311
0.039952
0.039790
0.039226
0.039203
0.041241
0.038998
0.039952
0.039836
0.039279
0.040931
0.039527
0.040207
0.039422
0.040451
0.041480
0.043537
0.041056
0.040747
0.040480
0.040303
0.041660
0.041052
0.040538
0.041716
0.040755
0.041664
0.041992
0.039554
0.040078
0.041771
0.040365
0.040819
0.039531
0.039893
0.040597
0.039332
0.039580
0.040521
0.040533
0.039898
0.039764
0.041527
0.041329
0.039576
0.040906
0.038917
0.057864
0.041670
0.039604
0.038476
0.038896
0.039053
0.039389
0.039456
0.039425
0.040245
0.039907
0.038218
0.040652
0.038813
0.040579
0.039642
0.039358
0.039651
0.041502
0.039957
0.041597
0.040794
0.039893
0.039591
0.041444
0.040111
0.041177
0.039552
0.039560
0.040043
0.040209
0.040281
0.039218
0.039579
0.040092
0.040226
0.040063
0.039028
0.039397
0.040883
0.040017
0.040143
0.040856
0.041983
0.040927
0.055563
0.040046
0.039157
0.039354
0.041680
0.058061
0.039530
0.047619
0.040626
0.039782
0.039751
0.040195
0.040806
0.039917
0.040938
0.067896
0.040919
0.040034
0.041724
0.043215
0.041165
0.041810
0.040795
0.060293
0.041208
0.042468
0.042454
0.041513
0.041417
0.041969
0.040483
0.041860
0.042926
0.043030
0.043194
0.052949
0.044579
0.042382
0.043549
0.044631
0.044852
0.050994
0.055851
0.044551
0.044588
0.046115
0.044451
0.045455
0.044392
0.045492
0.044831
0.044255
0.059136
0.044476
0.044975
0.045202
0.043988
0.042835
0.042908
0.043921
0.055122
0.044614
0.044510
0.044603
0.043815
0.043989
0.044776
0.044145
0.042489
0.043147
0.041789
0.043457
0.043815
0.042014
0.040490
0.042688
0.043222
0.061377
0.050883
0.042083
0.041980
0.041281
0.041374
0.042710
0.048228
0.043087
0.040950
0.041632
0.041746
0.041364
0.042859
0.040891
0.040782
0.058825
0.040794
0.041681
0.041305
0.041346
0.039507
0.040688
0.040478
0.039211
0.039216
0.038297
0.039066
0.038623
0.042924
0.039358
0.049477
0.041543
0.040158
0.040082
0.038493
0.043526
0.038728
0.038870
0.038384
0.040805
0.039341
0.037956
0.039638
0.040892
0.038706
0.040040
0.038467
0.038291
0.038507
0.038264
0.040336
0.038274
0.039207
0.038858
0.039289
0.039349
0.038676
0.040684
0.040144
0.039171
0.040257
0.040237
0.039091
0.041032
0.040570
0.040883
0.039288
0.040302
0.041410
0.039975
0.039447
0.044173
0.042730
0.040268
0.040766
0.041342
0.041320
0.051065
0.041341
0.039833
0.040732
0.040823
0.044980
0.061478
0.040344
0.042274
0.041569
0.041021
0.041084
0.041653
0.041248
0.044522
0.041821
0.042057
0.042275
0.046741
0.043838
0.042558
0.043962
0.042305
0.041622
0.042784
0.042213
0.042719
0.042512
0.042994
0.042755
0.041559
0.042612
0.043211
0.042380
0.042873
0.041687
0.041915
0.045462
0.043130
0.041997
0.043448
0.044500
0.043458
0.041577
0.041537
0.056747
0.043232
0.042739
0.049416
0.042842
0.043697
0.043549
0.042189
0.040356
0.056845
0.042172
0.042625
0.043151
0.042132
0.042774
0.052998
0.042533
0.044291
0.044372
0.044131
0.047076
0.065680
0.045937
0.053501
0.051764
0.045813
0.045623
0.055162
0.045133
0.045945
0.044685
0.045918
0.052263
0.046813
0.049712
0.047064
0.050698
0.059470
0.057516
0.047491
0.047900
0.057985
0.074929
0.046247
0.046844
0.047617
0.055211
0.065008
0.049491
0.048198
0.047956
0.047452
0.048240
0.048758
0.049147
0.047001
0.053344
0.050745
0.048754
0.048714
0.047445
0.048823
0.048132
0.048922
0.052248
0.048417
0.058126
0.047842
0.049579
0.048903
0.048514
0.045706
0.047597
0.046106
0.053785
0.046529
0.044740
0.045765
0.045238
0.046030
0.045757
0.046366
0.045502
0.074686
0.045673
0.046667
0.047284
0.046768
0.048151
0.045489
0.056860
0.063129
0.048000
0.045384
0.046162
0.046422
0.047221
0.047396
0.055376
0.045998
0.047569
0.059086
0.077874
0.053883
0.048624
0.047337
0.049213
0.047742
0.047583
0.046338
0.054627
0.059057
0.045247
0.046078
0.046030
0.045211
0.045844
0.045939
0.049595
0.055871
0.047066
0.046459
0.045982
0.046584
0.046736
0.046579
0.073663
0.045573
0.047107
0.046152
0.044130
0.045635
0.044722
0.044771
0.045649
0.070955
0.046194
0.046508
0.046183
0.072904
0.045040
0.044607
0.044807
0.042814
0.043819
0.054637
0.058269
0.047440
0.074315
0.044788
0.046860
0.046577
0.050333
0.047177
0.070389
0.046366
0.068186
0.046349
0.045960
0.047426
0.075644
0.049986
0.057041
0.065027
0.046354
0.047531
0.048006
0.047659
0.065171
0.068670
0.055585
0.048206
0.063218
0.048272
0.060628
0.070833
0.060223
0.043937
0.044320
0.044436
0.052049
0.045225
0.044781
0.045626
0.047421
0.045685
0.045418
0.045956
0.044514
0.043525
0.068786
0.043564
0.044010
0.066891
0.044508
0.044253
0.042941
0.056432
0.044663
0.070694
0.059043
0.044887
0.043988
0.043773
0.051420
0.044265
0.044483
0.044591
0.072840
0.046404
0.045346
0.055394
0.046498
0.046166
0.049565
0.047147
0.047281
0.048577
0.075238
0.046638
0.046959
0.046181
0.046474
0.074370
0.044896
0.047089
0.046032
0.045954
0.046906
0.045767
0.044134
0.045581
0.046505
0.044510
0.044459
0.045120
0.044311
0.044143
0.044968
0.043068
0.044950
0.042498
0.045515
0.043157
0.043199
0.043718
0.051153
0.051081
0.070661
0.042915
0.043329
0.044340
0.044062
0.074149
0.044942
0.043910
0.043493
0.047490
0.045419
0.045360
0.066121
0.044970
0.046199
0.068519
0.045499
0.046176
0.045831
0.046826
0.046153
0.057629
0.047566
0.045616
0.045252
0.051233
0.071928
0.050653
0.047385
0.046861
0.047616
0.046380
0.044395
0.045560
0.049194
0.045429
0.045746
0.045022
0.047997
0.045304
0.047017
0.045746
0.061399
0.046943
0.045631
0.045073
0.045812
0.045208
0.045152
0.046779
0.046988
0.065569
0.057227
0.046874
0.049906
0.045455
0.044475
0.070460
0.044790
0.044467
0.051112
0.045607
0.044545
0.043628
0.044623
0.043866
0.051283
0.047586
0.058210
0.071400
0.045244
0.044396
0.045609
0.047113
0.046575
0.065450
0.046406
0.046427
0.046097
0.053101
0.074297
0.046037
0.056194
0.070480
0.064010
0.046695
0.046795
0.045817
0.050797
0.045928
0.048366
0.046105
0.045905
0.055316
0.048118
0.045630
0.051724
0.047559
0.045059
0.047514
0.045411
0.047962
0.045123
0.046232
0.047315
0.049343
0.071068
0.046892
0.068414
0.047117
0.046054
0.046116
0.046688
0.046988
0.045498
0.047081
0.074078
0.046571
0.046853
0.046256
0.046024
0.048351
0.046920
0.059284
0.048528
0.055001
0.046467
0.061705
0.047212
0.049838
0.046379
0.049234
0.062411
0.045787
0.046650
0.059962
0.047493
0.051959
0.052637
0.047594
0.046988
0.046878
0.048036
0.047093
0.046801
0.047718
0.048035
0.071297
0.049619
0.048126
0.047472
0.067040
0.062097
0.047493
0.064541
0.046650
0.046479
0.047405
0.045438
0.047868
0.068360
0.061596
0.052151
0.046264
0.054999
0.049064
0.045594
0.048800
0.074873
0.053839
0.047656
0.046546
0.045698
0.044906
0.071883
0.046451
0.069712
0.046245
0.066795
0.049235
0.056868
0.044842
0.045496
0.047706
0.073734
0.046316
0.060867
0.048542
0.073517
0.046400
0.051898
0.065695
0.048835
0.064928
0.046194
0.048329
0.047717
0.072406
0.048402
0.051441
0.047298
0.047190
0.046876
0.048348
0.061825
0.048767
0.047071
0.048063
0.055148
0.041273
0.038441
0.036461
0.033099
0.032329
0.033951
0.041441
0.038301
0.038652
0.039955
0.039654
0.040438
0.039683
0.068150
0.068668
0.067591
0.057822
0.040036
0.042231
0.040311
0.068130
0.043979
0.041657
0.040435
0.040700
0.040126
0.040339
0.040228
0.040159
0.039644
0.040176
0.043610
0.042215
0.042333
0.040025
0.041917
0.040883
0.041699
0.042409
0.061832
0.071151
0.042969
0.044730
0.043906
0.043506
0.044751
0.045378
0.044485
0.048797
0.044904
0.047543
0.046193
0.052337
0.045245
0.047041
0.045316
0.056011
0.044946
0.046273
0.046868
0.046131
0.045640
0.045470
0.049313
0.047273
0.046762
0.046475
0.045917
0.046117
0.046786
0.047197
0.045594
0.047729
0.045589
0.046143
0.046646
0.055498
0.049013
0.045920
0.046049
0.045941
0.045805
0.064689
0.044612
0.045326
0.044946
0.044554
0.045092
0.060580
0.043523
0.042906
0.061130
0.043362
0.044125
0.043057
0.044745
0.044779
0.043107
0.045178
0.044931
0.044046
0.073049
0.044981
0.046668
0.044636
0.043911
0.044867
0.046488
0.044868
0.044673
0.043641
0.045305
0.044115
0.045193
0.044559
0.045155
0.072156
0.044381
0.068820
0.045894
0.046270
0.045790
0.054226
0.075621
0.044134
0.045661
0.043580
0.066155
0.044492
0.043970
0.043781
0.044357
0.045590
0.045842
0.044526
0.045206
0.072733
0.046721
0.045840
0.043765
0.045663
0.045880
0.044751
0.099711
0.044736
0.044950
0.044859
0.052257
0.045486
0.054635
0.053970
0.054225
0.044197
0.043883
0.044256
0.043868
0.044124
0.045674
0.044074
0.045635
0.043996
0.043323
0.044684
0.061444
0.043516
0.043412
0.045344
0.043103
0.045191
0.061759
0.046871
0.063480
0.050429
0.044020
0.044386
0.071164
0.043423
0.042615
0.043290
0.042383
0.043281
0.043928
0.040769
0.042133
0.041858
0.066063
0.048826
0.040844
0.042679
0.040946
0.048689
0.041784
0.040954
0.048016
0.038983
0.040118
0.055134
0.065963
0.050399
0.040337
0.041323
0.040424
0.041023
0.042158
0.040041
0.041622
0.040884
0.041757
0.041794
0.068601
0.048528
0.040962
0.042669
0.041439
0.050265
0.048337
0.052234
0.041936
0.041357
0.040554
0.039201
0.041055
0.039118
0.039692
0.038356
0.037949
0.038168
0.037877
0.041105
0.039073
0.039162
0.038704
0.038304
0.047248
0.038187
0.038608
0.037718
0.040675
0.039908
0.067253
0.063686
0.037554
0.042314
0.038429
0.047623
0.037528
0.046351
0.040256
0.038833
0.061128
0.039318
0.039877
0.042723
0.041809
0.043468
0.043463
0.042931
0.050279
0.043446
0.054605
0.042870
0.044837
0.070694
0.056068
0.045482
0.063584
0.068507
0.060969
0.046166
0.044651
0.054964
0.074392
0.047450
0.062829
0.048812
0.044262
0.067030
0.046457
0.043552
0.062015
0.045394
0.045045
0.043826
0.062206
0.045188
0.044396
0.044429
0.048637
0.044723
0.045524
0.045512
0.046204
0.056142
0.044516
0.070765
0.044575
0.045647
0.062135
0.042856
0.044081
0.045406
0.062589
0.044186
0.042945
0.043972
0.045103
0.043903
0.062960
0.044514
0.046038
0.046523
0.044327
0.045659
0.043177
0.045156
0.047714
0.046071
0.049917
0.045809
0.044899
0.044653
0.047907
0.045917
0.048232
0.047141
0.044637
0.045039
0.055171
0.046476
0.049461
0.058452
0.060743
0.047273
0.046977
0.045758
0.050149
0.044387
0.044139
0.044460
0.043491
0.045542
0.044982
0.044028
0.059844
0.045401
0.045076
0.045351
0.045594
0.045450
0.066410
0.049123
0.073213
0.043802
0.052754
0.046895
0.045883
0.044923
0.048893
0.047099
0.044796
0.053922
0.043522
0.044932
0.044145
0.044874
0.043803
0.044949
0.072777
0.055891
0.046314
0.046104
0.046539
0.044056
0.046490
0.044835
0.045973
0.044953
0.046450
0.044322
0.047176
0.074269
0.047320
0.046743
0.052726
0.046597
0.047294
0.046438
0.047598
0.047494
0.045114
0.043916
0.045674
0.044808
0.045167
0.046644
0.046392
0.047438
0.065172
0.045030
0.044011
0.044426
0.048871
0.052663
0.070838
0.046623
0.074080
0.043969
0.045055
0.045378
0.048401
0.048622
0.073952
0.045027
0.046026
0.066966
0.045785
0.051690
0.074392
0.073472
0.045160
0.044005
0.044356
0.046397
0.045673
0.053400
0.045464
0.046157
0.045202
0.056170
0.045407
0.045011
0.044631
0.045359
0.046117
0.045772
0.053299
0.046998
0.044194
0.045540
0.065318
0.054501
0.044772
0.043994
0.068380
0.044581
0.045288
0.046511
0.044730
0.045319
0.044016
0.050886
0.046252
0.045857
0.043952
0.045074
0.045766
0.045142
0.072574
0.044779
0.044809
0.045697
0.044858
0.045472
0.044483
0.045060
0.044996
0.043170
0.044986
0.042337
0.044385
0.053394
0.042483
0.043134
0.043403
0.043209
0.071757
0.041885
0.042949
0.043434
0.041200
0.061561
0.044144
0.043331
0.044258
0.051541
0.043584
0.046461
0.043391
0.044457
0.043098
0.044175
0.052894
0.042571
0.041858
0.043423
0.042013
0.041545
0.043060
0.047156
0.042262
0.042918
0.043324
0.043940
0.043114
0.041690
0.042736
0.043171
0.041789
0.043610
0.042135
0.042514
0.042619
0.054152
0.041523
0.064342
0.041554
0.042497
0.042526
0.041857
0.042552
0.048847
0.044087
0.041381
0.042634
0.040046
0.039392
0.040800
0.039349
0.055004
0.039828
0.042712
0.042346
0.041071
0.040040
0.044629
0.054353
0.041041
0.040255
0.041141
0.047251
0.040285
0.039952
0.045457
0.058382
0.036713
0.045519
0.037244
0.045893
0.065304
0.047731
0.038048
0.037920
0.039669
0.039817
0.037182
0.037883
0.037560
0.037069
0.036535
0.064250
0.035649
0.036017
0.036764
0.043260
0.036819
0.035864
0.035619
0.054403
0.035363
0.035825
0.036442
0.045195
0.041724
0.052631
0.037989
0.036939
0.040554
0.035925
0.039151
0.034766
0.033087
0.034351
0.034204
0.043670
0.033302
0.033270
0.034622
0.034097
0.060891
0.032640
0.047109
0.032759
0.032743
0.054135
0.034312
0.032958
0.033423
0.041871
0.032120
0.036742
0.039193
0.032568
0.057277
0.032907
0.032883
0.033020
0.032472
0.032988
0.033742
0.033298
0.033973
0.032899
0.034282
0.034616
0.047087
0.033915
0.032130
0.042618
0.033348
0.046181
0.033474
0.032161
0.031861
0.033131
0.031821
0.043248
0.030453
0.031013
0.032188
0.030827
0.031744
0.035618
0.031139
0.032608
0.030820
0.030102
0.031346
0.031200
0.030097
0.031651
0.031141
0.030407
0.030588
0.030298
0.033400
0.030634
0.031402
0.028778
0.029028
0.030156
0.028250
0.029020
0.033876
0.029705
0.029815
0.029294
0.028136
0.027655
0.028151
0.037295
0.028934
0.028283
0.055737
0.028262
0.035679
0.047354
0.027433
0.059655
0.030085
0.055689
0.033247
0.028872
0.027329
0.027907
0.028019
0.027349
0.027916
0.028621
0.029339
0.029546
0.028026
0.027746
0.028524
0.028010
0.028207
0.028484
0.028982
0.027318
0.029162
0.028182
0.028482
0.027996
0.027380
0.027019
0.029103
0.037706
0.029334
0.027992
0.057022
0.028229
0.051835
0.029568
0.028921
0.029282
0.027844
0.027910
0.051885
0.028641
0.028418
0.028072
0.029711
0.028603
0.028144
0.029198
0.028420
0.056139
0.027710
0.028260
0.028186
0.029353
0.030054
0.029350
0.028478
0.029305
0.029623
0.029705
0.029437
0.030258
0.028934
0.029488
0.029366
0.029654
0.029695
0.029759
0.029236
0.028290
0.028534
0.028550
0.029388
0.038088
0.029690
0.028081
0.028446
0.044114
0.029039
0.030126
0.028947
0.029340
0.029708
0.042176
0.032073
0.029934
0.031582
0.036429
0.030422
0.031914
0.031257
0.031599
0.030970
0.030990
0.031316
0.030349
0.030554
0.030372
0.030330
0.037389
0.029248
0.029984
0.029664
0.029848
0.028979
0.028332
0.029478
0.028433
0.029237
0.038559
0.029543
0.028408
0.034702
0.028064
0.029243
0.046113
0.028712
0.028951
0.029335
0.028691
0.030542
0.051916
0.030002
0.030662
0.030745
0.029324
0.030344
0.030486
0.029881
0.034095
0.036939
0.031026
0.030977
0.030142
0.031527
0.030328
0.031268
0.031734
0.029834
0.030875
0.042387
0.044150
0.034464
0.042969
0.030417
0.031945
0.031414
0.031194
0.031524
0.031052
0.049152
0.030937
0.041017
0.030841
0.040151
0.032323
0.031604
0.031624
0.045548
0.030809
0.032572
0.032358
0.040930
0.031070
0.031670
0.033107
0.049731
0.035439
0.032396
0.032311
0.032984
0.032395
0.032052
0.033993
0.033070
0.034314
0.032704
0.048112
0.033355
0.032349
0.032443
0.031684
0.032015
0.033180
0.031875
0.033436
0.033146
0.031555
0.032049
0.032813
0.033407
0.032965
0.032150
0.033947
0.041760
0.032562
0.033260
0.032227
0.032634
0.032218
0.032021
0.031498
0.031402
0.031609
0.031859
0.030851
0.029507
0.031362
0.030939
0.031762
0.031799
0.031462
0.030098
0.031489
0.040321
0.031949
0.032429
0.032347
0.031621
0.031249
0.032153
0.031233
0.031310
0.032533
0.032420
0.032502
0.031009
0.031455
0.030573
0.037847
0.030589
0.030642
0.030456
0.039881
0.030524
0.029868
0.032326
0.030043
0.030885
0.030550
0.030702
0.030923
0.030707
0.031614
0.032676
0.032392
0.032416
0.033869
0.032164
0.039216
0.034218
0.034896
0.033189
0.033443
0.031763
0.031962
0.032917
0.033750
0.033113
0.034520
0.034526
0.033947
0.034090
0.033742
0.034649
0.034217
0.033259
0.034922
0.034165
0.032866
0.033502
0.033912
0.031646
0.032155
0.032997
0.032534
0.033232
0.047071
0.032852
0.031458
0.032782
0.033164
0.031263
0.032425
0.031577
0.031987
0.032697
0.033189
0.033896
0.042604
0.033536
0.033848
0.033813
0.032410
0.033464
0.034027
0.033957
0.032752
0.034500
0.033506
0.033868
0.032383
0.032956
0.033287
0.035393
0.033888
0.034209
0.034648
0.034299
0.032700
0.032901
0.035273
0.034501
0.034480
0.033485
0.061054
0.034252
0.042177
0.036000
0.036409
0.036321
0.036663
0.036636
0.037297
0.036433
0.038269
0.035865
0.037783
0.036717
0.038651
0.036873
0.038118
0.038383
0.038925
0.039764
0.038486
0.039288
0.037397
0.036998
0.038114
0.037370
0.036992
0.037431
0.036612
0.036022
0.058621
0.046000
0.034959
0.033928
0.033605
0.034496
0.048255
0.035624
0.035942
0.037030
0.038428
0.037999
0.040440
0.039612
0.037055
0.033535
0.028759
0.025724
0.023155
0.021721
0.022023
0.023149
0.025056
0.027371
0.028198
0.041464
0.028325
0.028808
0.028564
0.028916
0.032511
0.029096
0.029156
0.029780
0.030933
0.029433
0.029444
0.029782
0.041298
0.028409
0.029294
0.030028
0.030799
0.028010
0.039818
0.030416
0.027760
0.028631
0.030257
0.030062
0.029948
0.031404
0.032989
0.032329
0.031849
0.056555
0.030546
0.037749
0.030820
0.031089
0.030908
0.041205
0.030420
0.034753
0.049239
0.028518
0.029737
0.032872
0.029661
0.033588
0.029409
0.037291
0.028869
0.034347
0.028776
0.027375
0.027711
0.027325
0.026468
0.033310
0.034855
0.027118
0.026443
0.030470
0.026569
0.025130
0.025754
0.026012
0.035587
0.026332
0.026046
0.024347
0.024235
0.039805
0.026343
0.027273
0.026443
0.025926
0.026893
0.026280
0.025035
0.027251
0.026869
0.025984
0.027062
0.029244
0.026535
0.025146
0.026327
0.026906
0.032194
0.025718
0.038172
0.028337
0.027706
0.035937
0.029225
0.027612
0.027839
0.028164
0.027770
0.027187
0.027421
0.027570
0.027484
0.027359
0.027437
0.036015
0.026544
0.027952
0.037382
0.028885
0.040380
0.026808
0.027361
0.027774
0.027407
0.033001
0.028569
0.028042
0.029207
0.027993
0.027727
0.027595
0.027764
0.028223
0.027889
0.033304
0.026227
0.027300
0.028000
0.027325
0.035397
0.028143
0.028412
0.028679
0.035001
0.028666
0.027999
0.027326
0.026569
0.037808
0.026640
0.027301
0.028032
0.027267
0.056337
0.030917
0.026868
0.029152
0.027668
0.027554
0.027021
0.026320
0.025863
0.029501
0.028444
0.027827
0.034541
0.027009
0.026798
0.027751
0.037032
0.026883
0.026897
0.027190
0.026766
0.027222
0.025895
0.027316
0.026968
0.026021
0.031654
0.025306
0.026649
0.027094
0.027664
0.035774
0.026326
0.038793
0.037071
0.028356
0.041972
0.030487
0.048114
0.025887
0.027078
0.026033
0.028102
0.025952
0.055453
0.027263
0.030748
0.026166
0.026122
0.027485
0.026022
0.026670
0.025566
0.027279
0.025558
0.024953
0.033649
0.026465
0.026016
0.030616
0.031788
0.024541
0.024606
0.039378
0.040632
0.024130
0.025090
0.032206
0.026097
0.023943
0.025198
0.026113
0.026049
0.026126
0.025692
0.029645
0.025888
0.024280
0.025289
0.029667
0.025385
0.025438
0.028396
0.053863
0.028151
0.035743
0.026421
0.027980
0.027046
0.036031
0.025937
0.029119
0.025828
0.026197
0.025680
0.037685
0.029394
0.026337
0.046322
0.026945
0.026836
0.030849
0.025410
0.026088
0.027461
0.045539
0.024927
0.032893
0.024046
0.023799
0.024105
0.030586
0.027768
0.024719
0.036663
0.024541
0.040287
0.030693
0.042962
0.024071
0.022890
0.023729
0.024307
0.031475
0.023085
0.023945
0.023671
0.023855
0.023084
0.023372
0.022936
0.022411
0.024106
0.022539
0.022747
0.023711
0.024497
0.023713
0.024155
0.023303
0.023900
0.023972
0.023854
0.041236
0.023253
0.023582
0.023597
0.023649
0.023940
0.031784
0.024182
0.025670
0.024539
0.022401
0.022377
0.022566
0.024139
0.023918
0.022437
0.024566
0.034520
0.023724
0.023045
0.022558
0.023707
0.024863
0.035833
0.023941
0.022536
0.023592
0.025197
0.024838
0.035076
0.027731
0.022833
0.024278
0.030102
0.024622
0.024635
0.028531
0.023609
0.024038
0.025083
0.024773
0.033362
0.024347
0.023177
0.023710
0.024644
0.024404
0.024366
0.024543
0.024422
0.033319
0.023909
0.023635
0.023996
0.024333
0.025046
0.025180
0.025236
0.026244
0.025487
0.026182
0.025339
0.026133
0.025374
0.026371
0.025408
0.025946
0.025802
0.025848
0.044465
0.025732
0.032757
0.026539
0.025392
0.026454
0.025739
0.054668
0.025342
0.026426
0.026498
0.039251
0.027529
0.026684
0.025287
0.025394
0.026453
0.026688
0.028454
0.026270
0.025607
0.036763
0.026097
0.027140
0.037414
0.026910
0.026748
0.026660
0.026590
0.026655
0.026467
0.027207
0.032838
0.036582
0.025752
0.024415
0.043076
0.025317
0.025706
0.025332
0.025674
0.026018
0.024876
0.025471
0.025041
0.025617
0.024656
0.023757
0.024232
0.025137
0.024979
0.025208
0.026980
0.027001
0.026292
0.025230
0.024516
0.036890
0.024906
0.049144
0.025320
0.035153
0.025091
0.028751
0.024897
0.024557
0.023135
0.024296
0.024762
0.031843
0.024834
0.023932
0.048367
0.023228
0.024538
0.028846
0.023757
0.023870
0.025687
0.025439
0.025774
0.026506
0.025220
0.025764
0.026812
0.039270
0.030312
0.026687
0.035655
0.025531
0.025857
0.028015
0.025873
0.026796
0.027661
0.026251
0.026875
0.033338
0.025894
0.023945
0.025028
0.025541
0.030308
0.025906
0.026072
0.025252
0.025671
0.025721
0.023945
0.024926
0.024744
0.024799
0.022591
0.024163
0.024450
0.023680
0.023679
0.026980
0.023632
0.023778
0.023422
0.023480
0.032422
0.023624
0.023636
0.024196
0.039650
0.024409
0.024387
0.023318
0.025184
0.023281
0.023266
0.023794
0.023697
0.023481
0.023431
0.024961
0.023495
0.023560
0.024459
0.024569
0.022577
0.022736
0.023563
0.022337
0.028610
0.024246
0.023599
0.022583
0.022346
0.023321
0.024110
0.023097
