0.012146
0.028294
0.020870
0.020768
0.019518
0.019952
0.019584
0.020654
0.021168
0.021074
0.026178
0.021566
0.021238
0.021505
0.020076
0.020168
0.020714
0.021834
0.020499
0.020733
0.020567
0.029458
0.021118
0.020035
0.023639
0.025617
0.022143
0.019962
0.021947
0.020937
0.027451
0.020702
0.028005
0.021178
0.021757
0.021013
0.021460
0.029239
0.020961
0.024079
0.038236
0.022452
0.020849
0.022808
0.021083
0.021153
0.019627
0.021274
0.021716
0.021667
0.020710
0.021149
0.021567
0.021032
0.021583
0.021445
0.021036
0.020839
0.021509
0.021245
0.021659
0.028566
0.020962
0.021368
0.021198
0.021577
0.021605
0.021279
0.021912
0.038701
0.021921
0.022328
0.021185
0.025991
0.019973
0.021583
0.020100
0.021608
0.022424
0.020676
0.021186
0.020214
0.019436
0.038522
0.021350
0.022076
0.020303
0.021475
0.020523
0.020378
0.021857
0.025456
0.021042
0.021460
0.021102
0.020838
0.021428
0.021244
0.020836
0.020614
0.021062
0.034069
0.021813
0.019130
0.021307
0.020539
0.018836
0.020625
0.019599
0.020513
0.019656
0.020151
0.019964
0.020124
0.019269
0.018740
0.019006
0.020066
0.019077
0.020092
0.019236
0.021814
0.021518
0.019829
0.022236
0.021304
0.021867
0.021001
0.022851
0.022955
0.022068
0.022340
0.022565
0.021073
0.022217
0.022648
0.022015
0.022896
0.032082
0.021645
0.032570
0.020814
0.021814
0.022420
0.021411
0.022270
0.022150
0.021737
0.022111
0.020718
0.020895
0.021991
0.020628
0.021524
0.021214
0.020673
0.020595
0.021908
0.021615
0.023344
0.026386
0.034674
0.020217
0.020258
0.021504
0.021815
0.021439
0.020605
0.020148
0.021953
0.029487
0.031961
0.021439
0.022224
0.021726
0.020295
0.021833
0.021357
0.020247
0.021132
0.020253
0.050352
0.020791
0.020380
0.021695
0.021565
0.020930
0.021400
0.019413
0.021252
0.021973
0.020373
0.019923
0.021652
0.021149
0.019789
0.030821
0.021515
0.020492
0.020398
0.038535
0.021240
0.021094
0.020639
0.019914
0.021622
0.021474
0.020146
0.020598
0.021376
0.021611
0.021521
0.029555
0.021906
0.021432
0.021322
0.020840
0.022104
0.021852
0.031570
0.020885
0.021755
0.020092
0.020415
0.022059
0.022740
0.022428
0.029949
0.021755
0.022202
0.021431
0.021332
0.021909
0.020576
0.020357
0.027685
0.021841
0.021318
0.020065
0.020090
0.032216
0.021396
0.020592
0.020616
0.021504
0.029331
0.030108
0.021314
0.021927
0.021885
0.020809
0.020850
0.021646
0.020673
0.020376
0.021975
0.021392
0.031971
0.031311
0.020496
0.031680
0.021252
0.021500
0.022068
0.021848
0.019954
0.021851
0.021638
0.020953
0.021737
0.022344
0.021748
0.021579
0.030655
0.021390
0.022124
0.020430
0.022080
0.021737
0.021789
0.025423
0.021544
0.028213
0.022160
0.022111
0.040710
0.020297
0.022365
0.022393
0.021668
0.022387
0.021707
0.021985
0.020460
0.021699
0.020194
0.022297
0.022016
0.021779
0.022338
0.020562
0.021659
0.022915
0.022248
0.022088
0.030060
0.022064
0.037814
0.022258
0.022410
0.021700
0.020850
0.025505
0.028641
0.048444
0.022294
0.028777
0.021766
0.031791
0.032087
0.023041
0.024620
0.021605
0.020627
0.022662
0.021467
0.030605
0.021911
0.029092
0.024260
0.022758
0.020935
0.030549
0.026803
0.021999
0.029350
0.025205
0.025999
0.021901
0.021674
0.024024
0.021709
0.021321
0.030895
0.042711
0.022193
0.022099
0.021678
0.022128
0.023063
0.022302
0.022556
0.025698
0.027306
0.022330
0.022930
0.021699
0.022651
0.022266
0.021753
0.022159
0.028070
0.020645
0.023748
0.022562
0.022369
0.022515
0.021810
0.031148
0.022513
0.022352
0.029826
0.023994
0.027680
0.023602
0.022327
0.025357
0.021924
0.021820
0.020186
0.026184
0.021690
0.021450
0.052520
0.042090
0.022855
0.022704
0.022263
0.023097
0.022938
0.022246
0.032882
0.023013
0.022555
0.031132
0.025269
0.023555
0.027809
0.026992
0.022623
0.040666
0.027343
0.022765
0.028172
0.022866
0.023358
0.022590
0.021360
0.023882
0.022468
0.021901
0.022424
0.021440
0.021505
0.023353
0.020936
0.028105
0.022164
0.031806
0.022248
0.042419
0.021802
0.022367
0.020942
0.032895
0.019992
0.021333
0.023900
0.023384
0.023593
0.022128
0.023008
0.021980
0.023673
0.021566
0.022543
0.021455
0.032499
0.026552
0.031111
0.021950
0.022071
0.023477
0.051161
0.046019
0.023360
0.022940
0.030591
0.021697
0.023234
0.022477
0.022580
0.024898
0.022560
0.021319
0.022564
0.048553
0.022446
0.021080
0.030073
0.022870
0.022658
0.021340
0.021434
0.021404
0.021766
0.022977
0.030344
0.023345
0.022783
0.022930
0.041004
0.041068
0.021631
0.033067
0.022246
0.021515
0.021550
0.023184
0.021430
0.021471
0.022010
0.023507
0.021611
0.022128
0.022178
0.030651
0.022025
0.029567
0.023279
0.021421
0.021144
0.022838
0.023154
0.022462
0.045213
0.025314
0.021968
0.021778
0.022382
0.030080
0.022909
0.021079
0.021144
0.034091
0.021068
0.020894
0.022714
0.023101
0.021797
0.021788
0.021680
0.023527
0.023861
0.020863
0.021355
0.032678
0.025441
0.022643
0.022296
0.021759
0.022685
0.021857
0.022928
0.021802
0.029572
0.022695
0.023329
0.021876
0.030951
0.029814
0.026361
0.035567
0.021713
0.023480
0.021507
0.022160
0.023589
0.022124
0.021699
0.030141
0.023618
0.047666
0.023831
0.023217
0.023232
0.021375
0.022651
0.023180
0.022626
0.023192
0.023322
0.022235
0.026815
0.023458
0.023037
0.024164
0.023509
0.030974
0.023645
0.038920
0.023819
0.022696
0.032166
0.023295
0.022047
0.023346
0.022192
0.022714
0.021807
0.032675
0.042054
0.022083
0.022094
0.024062
0.021872
0.034638
0.033403
0.027995
0.023098
0.022837
0.023207
0.023053
0.023565
0.021476
0.022279
0.021555
0.027177
0.021613
0.022456
0.037676
0.022205
0.022958
0.021319
0.023121
0.021244
0.021134
0.020987
0.022259
0.021856
0.035537
0.022445
0.021935
0.022597
0.020595
0.021796
0.021004
0.022251
0.021606
0.026662
0.021893
0.021792
0.021420
0.041034
0.027950
0.022078
0.020523
0.022199
0.022586
0.022335
0.020509
0.020640
0.026590
0.021038
0.020847
0.022588
0.021605
0.041750
0.022192
0.020990
0.022129
0.032288
0.027467
0.026602
0.021547
0.020987
0.021848
0.022505
0.035119
0.020997
0.041671
0.020805
0.021592
0.021021
0.048074
0.022144
0.022457
0.026923
0.022641
0.036644
0.040906
0.022793
0.022374
0.022555
0.023057
0.022419
0.022511
0.022409
0.021327
0.022676
0.021714
0.021554
0.032374
0.021307
0.028762
0.036973
0.049229
0.022664
0.021847
0.022315
0.022445
0.031664
0.020738
0.022138
0.051343
0.022284
0.022705
0.021588
0.021935
0.021406
0.022301
0.021028
0.021570
0.022170
0.022376
0.022275
0.021120
0.020996
0.023534
0.021947
0.020695
0.022861
0.021597
0.020098
0.021330
0.022011
0.021692
0.021995
0.021427
0.022061
0.021376
0.021692
0.021931
0.020441
0.021060
0.021607
0.020334
0.021832
0.022251
0.022146
0.021154
0.043166
0.022035
0.021411
0.027305
0.036531
0.020562
0.020512
0.021828
0.022166
0.022020
0.021611
0.032423
0.021812
0.028085
0.021765
0.022416
0.020794
0.032588
0.020843
0.021810
0.023297
0.021050
0.022276
0.021596
0.020836
0.027682
0.021338
0.021405
0.021083
0.022116
0.020993
0.032011
0.043290
0.022512
0.022854
0.021508
0.022565
0.021436
0.022515
0.020662
0.020614
0.021594
0.022495
0.020813
0.020989
0.022518
0.021209
0.022441
0.021457
0.022564
0.022232
0.024025
0.021117
0.022002
0.022233
0.022037
0.022555
0.020453
0.026216
0.020965
0.021117
0.021035
0.021133
0.020512
0.021616
0.022084
0.021944
0.022026
0.020242
0.024909
0.021920
0.021783
0.021601
0.022244
0.021999
0.021276
0.021340
0.020415
0.021053
0.022035
0.021785
0.021051
0.020300
0.021900
0.021314
0.022027
0.022232
0.021123
0.020448
0.033411
0.021309
0.022212
0.022039
0.021582
0.021834
0.021743
0.021630
0.021049
0.020730
0.020686
0.021426
0.020418
0.021865
0.021727
0.021900
0.021666
0.022460
0.021819
0.021397
0.023391
0.021106
0.020904
0.022256
0.021376
0.022255
0.020844
0.023071
0.022336
0.049518
0.021291
0.047265
0.021977
0.021501
0.024706
0.021467
0.022347
0.021621
0.021807
0.021608
0.022096
0.020969
0.022054
0.021462
0.020993
0.041936
0.020811
0.024565
0.021797
0.022313
0.020490
0.021905
0.020455
0.022346
0.022842
0.022305
0.021201
0.021265
0.021455
0.021412
0.022292
0.021576
0.021626
0.022188
0.022361
0.020491
0.020196
0.022938
0.020179
0.020496
0.020343
0.020276
0.021461
0.020261
0.023542
0.020929
0.019931
0.039033
0.021855
0.021671
0.021751
0.022509
0.021370
0.020676
0.020365
0.020780
0.020962
0.021601
0.020462
0.046699
0.049797
0.026344
0.021788
0.021262
0.021582
0.031911
0.020711
0.020317
0.021625
0.022949
0.021310
0.022299
0.021442
0.020136
0.021459
0.019941
0.031498
0.021350
0.019974
0.020422
0.039852
0.027848
0.028899
0.021748
0.021390
0.021453
0.020150
0.020336
0.020282
0.021584
0.021638
0.021155
0.021406
0.023043
0.021835
0.020174
0.021745
0.037356
0.036814
0.023032
0.020847
0.030383
0.020830
0.030327
0.021941
0.030828
0.022112
0.020604
0.021038
0.021906
0.029413
0.020775
0.021292
0.037282
0.021514
0.020664
0.020460
0.021199
0.021325
0.021013
0.020013
0.020065
0.021729
0.022029
0.022159
0.020460
0.021441
0.022342
0.032298
0.021327
0.040996
0.020265
0.021665
0.019903
0.030971
0.020381
0.021523
0.022615
0.021208
0.021689
0.039795
0.021712
0.020051
0.026572
0.020296
0.020851
0.021745
0.020741
0.027607
0.031776
0.021011
0.022423
0.021389
0.020414
0.022887
0.022801
0.021670
0.020023
0.020154
0.019892
0.020024
0.020642
0.021148
0.021455
0.021495
0.021546
0.021132
0.021884
0.020299
0.021805
0.032510
0.026608
0.021716
0.021538
0.025909
0.020174
0.021089
0.020329
0.031834
0.023004
0.041598
0.020536
0.020710
0.021252
0.020346
0.020712
0.020434
0.027436
0.024081
0.019936
0.021577
0.022075
0.020614
0.021555
0.021104
0.021336
0.021269
0.020753
0.020212
0.021460
0.021677
0.021316
0.020869
0.020646
0.021902
0.023874
0.019729
0.019216
0.023214
0.029302
0.020602
0.019339
0.021467
0.021904
0.021212
0.020989
0.021741
0.021055
0.020711
0.020933
0.021012
0.022163
0.020292
0.019861
0.021496
0.021351
0.022007
0.021399
0.020463
0.020540
0.021721
0.029774
0.031977
0.020043
0.021248
0.045216
0.021609
0.020360
0.021135
0.021436
0.024357
0.020123
0.019912
0.020811
0.020361
0.020815
0.021322
0.020973
0.024672
0.021702
0.021538
0.021900
0.021951
0.021412
0.021048
0.021149
0.021350
0.021065
0.019585
0.022733
0.021357
0.024697
0.021083
0.021458
0.022010
0.019579
0.020407
0.020868
0.029952
0.020316
0.019819
0.021368
0.030728
0.021812
0.020773
0.021673
0.025233
0.021830
0.028603
0.021990
0.021259
0.021983
0.020639
0.020305
0.019889
0.036394
0.021246
0.020969
0.020972
0.020947
0.025483
0.021205
0.021047
0.020783
0.021384
0.020099
0.030456
0.029193
0.021489
0.026785
0.020109
0.020739
0.031424
0.021907
0.033759
0.022018
0.019542
0.019745
0.022143
0.021396
0.027433
0.020752
0.021613
0.031058
0.021250
0.021185
0.019966
0.020163
0.021329
0.021182
0.020860
0.021256
0.021413
0.031477
0.021036
0.021494
0.019704
0.020014
0.030809
0.020450
0.030409
0.019732
0.031573
0.020546
0.019423
0.037000
0.021107
0.021104
0.022127
0.021492
0.020820
0.027039
0.039235
0.019770
0.023702
0.025004
0.019868
0.020107
0.042466
0.021475
0.021150
0.021361
0.021006
0.022516
0.021087
0.021993
0.021268
0.029781
0.039050
0.020052
0.031485
0.020905
0.048212
0.030884
0.021112
0.019880
0.020138
0.021432
0.021190
0.028360
0.033856
0.021551
0.021258
0.019740
0.021763
0.022974
0.020471
0.027288
0.025897
0.020077
0.018826
0.021156
0.019687
0.021678
0.020185
0.020032
0.020392
0.024916
0.026232
0.020482
0.020832
0.025792
0.028849
0.021366
0.020534
0.021166
0.036166
0.028437
0.021905
0.038842
0.020778
0.032213
0.022879
0.038662
0.021924
0.020473
0.035702
0.020741
0.020472
0.020736
0.021955
0.021030
0.020860
0.020560
0.040294
0.022089
0.040737
0.030400
0.022076
0.020412
0.022057
0.021199
0.021871
0.022182
0.031715
0.022966
0.022263
0.022577
0.021055
0.021169
0.031679
0.021177
0.028024
0.021478
0.022123
0.021175
0.023289
0.022292
0.021690
0.021455
0.021736
0.025683
0.021429
0.022155
0.021932
0.021876
0.021651
0.028602
0.026852
0.024705
0.023910
0.037407
0.022967
0.021230
0.021549
0.022234
0.022523
0.020995
0.021380
0.023069
0.022583
0.024819
0.021320
0.022385
0.028842
0.037879
0.021065
0.022410
0.022228
0.022164
0.021273
0.030727
0.021757
0.022634
0.021603
0.021495
0.025398
0.023183
0.021509
0.021842
0.030306
0.022078
0.023291
0.022629
0.021395
0.042105
0.021450
0.022425
0.021619
0.022393
0.031053
0.021122
0.026288
0.030430
0.022196
0.028838
0.021653
0.020675
0.026912
0.020644
0.029001
0.021202
0.021653
0.023654
0.021277
0.027117
0.022023
0.039943
0.023390
0.020828
0.033757
0.021809
0.019891
0.020273
0.025704
0.021472
0.021332
0.021130
0.021053
0.020266
0.021089
0.021048
0.019383
0.037817
0.019884
0.019815
0.020390
0.021517
0.021082
0.021156
0.027540
0.020984
0.021323
0.020010
0.020947
0.021354
0.043038
0.020217
0.020992
0.020006
0.021300
0.020679
0.020261
0.019723
0.035273
0.023479
0.020899
0.020887
0.031046
0.019807
0.020668
0.042109
0.020458
0.020553
0.020865
0.019172
0.019760
0.020600
0.041341
0.020893
0.019262
0.022275
0.019822
0.020356
0.018949
0.020318
0.020857
0.020348
0.019299
0.021529
0.032183
0.019177
0.020025
0.020447
0.020264
0.025591
0.020494
0.019426
0.030229
0.020318
0.021981
0.020781
0.020050
0.020302
0.020883
0.020087
0.018543
0.019180
0.020428
0.019893
0.026295
0.019526
0.018936
0.020772
0.019068
0.019494
0.019525
0.020201
0.021500
0.023883
0.020236
0.019642
0.019992
0.030938
0.023662
0.021616
0.020099
0.021101
0.040036
0.020529
0.019046
0.019008
0.020311
0.019505
0.018810
0.018785
0.019337
0.020266
0.022680
0.019885
0.019255
0.021525
0.020823
0.019635
0.021100
0.021600
0.019793
0.020671
0.020402
0.020895
0.020199
0.019452
0.021267
0.020371
0.019264
0.025213
0.021798
0.019863
0.019295
0.019251
0.019483
0.019263
0.019112
0.029639
0.020779
0.019384
0.019735
0.019035
0.020314
0.021148
0.027281
0.020652
0.029850
0.019589
0.021334
0.020807
0.020470
0.020472
0.029494
0.020464
0.020033
0.020875
0.023462
0.021440
0.020227
0.019936
0.022911
0.021195
0.022029
0.022558
0.021496
0.020898
0.021559
0.021128
0.037160
0.023623
0.019557
0.021374
0.019950
0.020161
0.020900
0.020931
0.019239
0.020517
0.020836
0.020554
0.019574
0.041704
0.020707
0.024943
0.030164
0.020154
0.020070
0.020755
0.021036
0.020481
0.018834
0.020343
0.020785
0.021099
0.021226
0.019973
0.019106
0.020609
0.023034
0.019844
0.019803
0.021100
0.019148
0.019270
0.022466
0.021070
0.020402
0.026646
0.019609
0.021105
0.022635
0.020930
0.019476
0.032587
0.022861
0.020658
0.021007
0.021074
0.019947
0.022024
0.019600
0.020035
0.021810
0.021157
0.021575
0.020995
0.021037
0.019098
0.019455
0.022093
0.021894
0.021031
0.020047
0.020162
0.021130
0.019305
0.019298
0.020209
0.020452
0.021049
0.020205
0.019358
0.020564
0.023515
0.021116
0.020113
0.020222
0.020402
0.022141
0.045426
0.019711
0.041673
0.019600
0.020427
0.019634
0.020868
0.041347
0.022127
0.041684
0.021890
0.021043
0.049261
0.025615
0.021826
0.031145
0.019066
0.020300
0.030941
0.019343
0.019592
0.019836
0.020518
0.021007
0.019284
0.020290
0.019854
0.019121
0.020354
0.020636
0.023611
0.026110
0.020517
0.020708
0.019965
0.020365
0.020680
0.029768
0.019559
0.021263
0.018978
0.020277
0.020895
0.027076
0.019918
0.019834
0.020016
0.019810
0.020725
0.020542
0.020318
0.020787
0.020874
0.035710
0.030266
0.020619
0.020806
0.020944
0.036711
0.022451
0.020295
0.019670
0.020577
0.019589
0.020879
0.030283
0.020874
0.019693
0.030354
0.020150
0.020450
0.019754
0.024080
0.020058
0.021477
0.019062
0.020046
0.019470
0.019831
0.029944
0.019581
0.019790
0.021642
0.020926
0.027570
0.035385
