471.000000,317.000000,305.000000,211.000000
460.064926,316.088966,310.137970,212.000412
448.054764,317.691414,317.724701,210.026474
448.410324,317.158241,317.654572,211.757004
442.089371,318.300781,315.596771,210.482178
448.804825,319.757607,298.501068,210.981003
450.347702,322.901459,286.356476,206.812805
456.482269,320.274971,274.693054,210.647568
463.683701,321.839432,258.544952,208.897675
462.209808,323.928574,261.372498,207.323639
466.086090,326.477013,250.355896,205.340530
472.231407,325.319664,245.719925,207.401932
475.919670,325.608910,237.479874,209.483109
478.527916,327.609093,234.690750,208.374222
479.987495,328.575745,238.044418,211.795776
480.049950,328.780838,236.038773,213.994843
482.436821,328.482971,237.825211,212.750732
483.232384,330.276001,240.593582,203.833374
479.074219,329.306984,246.848511,201.820236
488.462479,330.080513,239.003998,199.245346
493.746284,328.048302,235.065903,195.051346
491.504593,329.147865,237.455048,196.711227
496.175232,325.656334,231.406372,196.725784
502.277771,321.872505,227.903076,198.217514
506.750175,325.758278,218.450943,190.850021
508.525116,323.797050,215.571045,185.900162
508.432877,326.117249,214.216827,181.569824
510.428329,327.281654,213.363983,179.455673
511.595047,323.943947,214.367584,179.639450
516.393112,319.866386,212.452179,180.828384
520.766335,315.116272,212.476791,183.996094
520.846062,313.348999,215.205215,184.561646
523.494423,314.002640,217.192245,182.023590
522.786392,311.715950,217.199677,183.479355
523.168167,310.107582,219.231598,185.509384
520.150803,312.847290,224.277924,181.951416
515.601067,314.323029,229.015518,179.691711
511.501816,315.076729,233.266388,175.958908
510.109291,316.292709,232.716660,172.232330
510.332695,316.603058,232.545609,173.607727
511.396706,317.758659,227.323898,168.302750
515.485939,317.833557,214.500473,167.902954
509.105186,319.877960,210.923294,165.017395
519.088211,317.792473,196.110870,167.269852
526.260201,314.921082,184.613693,171.853943
525.973923,314.876175,184.412201,171.290192
530.329201,312.133392,174.603378,173.600891
536.733513,312.687675,161.352676,172.895584
539.275681,313.147766,153.647308,170.374939
539.340851,311.865990,152.817993,171.258804
535.544296,312.782227,154.839508,170.289062
540.389954,312.398552,150.433716,169.540665
526.648232,312.302567,163.750473,167.513275
547.784233,311.840698,130.657364,166.569092
551.729275,304.651077,124.609749,172.137726
553.763992,311.578377,122.173004,163.894516
554.042992,310.375542,120.703079,164.998795
555.662037,311.497917,119.257896,163.547195
557.886436,309.582695,118.559891,160.506546
559.716515,307.764191,119.876114,146.633850
559.464153,310.615494,121.500648,142.029694
561.212746,309.263855,122.343857,140.920654
562.109512,309.895515,122.579803,140.122787
563.384918,309.725578,121.847778,140.117569
563.180111,310.045349,123.337288,139.786743
564.311844,310.470390,124.561859,138.981339
565.151970,309.541557,125.539078,139.887833
568.729458,307.478958,125.509224,141.167694
572.842728,303.393013,127.089691,145.277756
572.658180,303.717354,128.198837,145.285690
573.900551,305.045380,129.755478,142.838928
568.115517,305.131638,139.279343,140.759735
572.906036,306.327682,137.609070,138.276581
564.333359,304.344574,149.263397,140.221375
573.979019,304.217308,144.642548,141.619888
571.175323,304.819580,147.674072,139.941406
577.414680,300.780563,145.081589,145.063629
573.648407,300.789162,153.220093,144.245468
582.092751,299.318733,149.116501,145.781601
584.997040,298.937439,149.522461,145.959656
587.598190,302.506142,153.337921,142.129013
588.955940,301.599709,150.938034,143.277206
594.507935,301.883240,152.496887,142.445679
598.162048,301.630852,152.948181,142.560257
599.819710,303.560440,155.634811,140.496918
603.116196,301.461769,155.995270,143.005173
605.369118,300.231537,157.389877,144.968445
608.152084,303.205803,153.878021,141.631851
610.097229,302.515442,156.423096,142.304443
612.173546,302.244797,153.849014,143.225006
611.794907,302.519714,152.755890,143.465637
615.457344,299.400841,148.049240,147.501114
612.816772,296.775757,150.742920,148.612610
610.716942,297.834183,152.565811,147.561859
612.851036,298.072830,150.879105,147.449982
614.316849,296.450294,146.676483,147.806931
609.262474,293.227127,151.002701,151.097565
615.399132,292.796051,141.804337,152.164124
611.563522,292.749687,143.132355,153.023392
610.034958,293.110939,144.704254,151.985336
612.836113,292.472763,138.402420,152.038177
611.209648,292.441513,136.708206,152.950531
608.894684,292.972427,136.109985,152.278839
605.570328,292.603775,137.801849,152.986664
604.993065,292.946495,136.774612,152.133987
604.350075,293.105064,137.176682,152.079605
601.418938,293.107361,139.226273,150.527710
592.238190,293.786148,146.403137,150.768524
591.972069,292.728142,144.957840,150.147293
585.879517,293.705971,150.024536,149.874496
579.276398,294.711716,155.403992,151.144440
582.294540,293.950890,152.576935,151.426163
582.795609,295.819069,151.716156,151.977219
583.187019,297.600800,151.975937,149.953064
580.013451,299.708542,155.554031,148.235504
583.681732,303.374763,152.422852,145.916061
576.710472,304.254814,160.934525,145.171036
581.656464,303.216797,154.305115,147.143188
574.629738,304.226891,163.199875,144.300491
576.424080,305.577728,165.859177,142.828979
563.224709,304.618828,179.367966,143.811600
576.480888,308.584686,165.372757,141.335938
556.327232,313.169098,181.387955,136.569458
564.297295,312.006592,174.468948,137.490234
562.644005,312.716675,175.857254,141.141357
582.935616,308.722900,154.995834,154.739746
573.725121,312.638763,163.093704,151.403198
575.909325,313.658005,164.878433,149.725433
562.403458,318.049149,177.709808,144.752594
589.545425,312.007561,151.255951,151.359756
577.519066,319.394798,158.042130,143.603104
565.582672,317.734947,174.601990,151.580521
606.374435,315.085968,133.813934,153.627991
607.264542,303.762123,130.620453,167.132004
608.299332,317.078499,130.374176,153.745773
609.489197,320.623833,128.681152,150.520706
608.020592,319.768845,130.961136,151.111969
609.223480,321.839462,129.297791,148.403839
610.261032,318.830902,130.274384,151.177429
610.655716,321.269585,129.699738,149.636978
612.371498,321.712868,129.640488,148.200058
612.360764,321.932808,129.818939,147.811813
611.282646,322.432861,132.186356,147.031128
613.014465,321.791084,133.265747,147.513290
612.908455,319.708511,132.904770,150.055634
613.332863,319.539391,134.970749,150.793045
618.804482,321.175621,130.085678,150.317520
593.444351,324.397079,155.843170,147.740204
578.413887,322.997292,173.049850,150.742172
564.028168,320.944710,188.459167,154.138535
587.666382,322.669838,166.556641,151.076035
621.082687,322.908272,133.959686,156.589157
613.557213,322.113304,141.055130,156.163528
615.431206,323.792412,141.961746,154.419083
615.645493,323.740547,142.876007,155.468185
613.241081,326.594620,146.155167,153.996368
601.004509,326.870728,159.022110,154.180542
589.388458,327.370293,173.889465,155.190689
591.095154,327.832359,171.865601,153.177261
589.187958,328.541862,174.142883,153.821121
585.185272,327.130150,178.048889,154.720718
580.057709,325.989876,184.976257,155.314926
579.549355,323.455978,186.021713,157.062592
577.056229,323.114456,188.281219,158.317657
578.039795,320.622009,186.528320,159.947510
578.323944,320.329926,186.036255,159.834961
575.365845,319.555840,187.679871,161.922073
570.130486,319.163429,194.397598,161.922836
565.615433,317.610291,199.775360,165.314941
564.034554,317.518570,203.702621,164.535980
552.592758,316.877235,217.586700,167.048508
557.429115,316.951180,214.071640,166.199997
547.909630,317.714668,225.674393,166.373459
562.571236,319.352211,212.466293,165.092819
561.096359,319.694000,217.422943,164.481262
577.116379,320.307236,204.816742,161.425079
571.000755,321.061562,213.806595,158.795883
567.938362,321.877052,217.363022,157.900742
572.725777,322.069183,219.491928,154.673218
548.297867,322.733551,248.974457,152.834839
561.326607,324.481735,239.550095,151.839935
541.684280,325.041901,263.618622,152.276367
547.210388,325.008766,258.870056,151.327377
553.942451,322.484016,252.015854,152.958908
563.141747,325.195732,244.321060,150.460403
538.099548,325.487396,271.653198,150.877075
541.592606,324.267052,265.000336,154.077896
539.742538,324.034134,267.103607,153.814423
541.017609,324.798080,266.155090,152.721527
540.495560,325.116882,266.401093,151.795654
542.038895,325.173889,267.108612,151.682983
540.728897,324.589005,264.707489,146.923126
541.525558,324.343048,247.946381,140.123840
544.980110,326.811592,238.086716,137.866867
545.835541,324.776245,236.577332,138.135742
547.643280,325.982460,232.919006,136.446213
550.369118,324.689354,231.256393,132.586197
554.870781,324.701569,229.224808,133.804016
558.897804,323.599998,224.556870,133.077835
562.492767,323.989227,219.411438,135.636963
564.434532,323.620392,218.393631,132.752563
562.336403,323.054916,218.733932,131.983795
564.740692,323.263527,217.936218,131.139938
568.435501,323.088547,214.614899,130.694550
585.009468,323.358345,200.224228,129.665268
589.167999,324.703377,196.028870,130.549850
595.104347,324.932922,192.644272,130.086853
596.347206,324.614647,191.774216,130.811417
601.809540,325.223846,188.387573,130.710571
604.509590,326.691795,186.586777,129.840286
607.508842,327.697487,188.545547,130.099899
614.387245,327.857712,181.687180,129.622955
618.822723,328.207527,177.440918,130.449081
624.055397,326.656319,171.952744,131.712143
628.851959,326.711502,163.704773,129.844208
637.662437,327.949715,155.619034,129.367722
638.442108,326.543495,153.506836,130.561142
636.867531,328.003593,154.401169,129.568436
641.573708,326.613617,149.846848,131.306580
639.826530,328.034668,152.931046,131.313232
638.040085,327.550682,155.177948,131.830215
640.498207,328.715088,153.079208,131.884521
640.860397,328.480530,153.237030,131.042236
640.446480,327.837547,154.291245,131.792862
639.096489,327.710335,155.352493,133.092880
638.822891,327.493248,156.419830,132.686111
635.922867,328.179886,158.937531,135.391327
638.464569,325.588852,156.173889,137.853790
637.133667,317.922272,157.550171,146.174683
635.688484,305.137688,158.293503,158.182327
636.966408,300.380806,151.744431,167.039169
637.158562,300.860756,149.505142,164.684555
641.045357,296.727081,145.875168,168.287109
645.827965,297.243874,135.329361,169.767319
646.454468,290.100342,135.126160,178.252808
639.823936,289.300514,141.241287,181.757248
632.872108,287.831123,145.995956,178.675583
629.990410,285.695007,148.893570,181.799622
629.810265,283.289154,149.385818,190.288086
632.394211,284.445816,146.481110,190.018829
635.572067,288.593285,147.348724,186.882584
642.247963,294.152534,144.565292,185.050644
646.045685,303.683891,142.623474,174.397781
645.551910,303.575279,142.769104,175.518631
650.891151,316.599365,138.024826,162.364380
653.338699,330.421692,136.361237,150.847229
655.009163,340.348541,135.438034,139.420654
652.462524,341.929199,136.072510,140.834717
647.288383,348.689423,137.569107,135.841187
648.334549,349.028160,136.787384,136.306595
644.541786,359.752899,136.160202,131.476257
640.068619,365.991184,137.403168,124.954094
637.220123,369.512142,140.788269,120.239571
634.131363,371.060799,142.592438,119.588364
627.032341,372.202808,149.474197,120.575035
629.798233,372.371521,146.400238,121.860779
624.405090,371.790379,152.468811,121.610893
615.465805,372.195095,161.406281,120.792976
609.314728,371.080456,168.639465,122.444191
611.964775,372.468876,166.552933,123.346123
609.836830,370.676647,169.235458,124.701942
605.925018,372.299297,173.031921,123.857155
597.667328,368.813332,182.536133,129.766037
594.446556,369.151596,185.421036,127.880219
596.726913,368.372971,183.588715,129.446014
602.370773,366.778831,178.375885,129.592728
599.184700,366.942818,182.166367,131.004501
601.319778,366.085503,180.613495,131.317642
593.950752,367.021309,189.655441,133.708847
601.543564,365.740028,182.630341,131.095139
592.148743,366.488853,194.384277,129.349930
596.409660,366.174728,190.631790,133.894745
592.192749,367.399002,197.102661,132.231659
593.016068,367.239899,195.806793,131.787048
593.005661,367.367008,195.704376,124.984856
586.080460,366.159546,207.251862,135.718506
585.327614,364.428940,209.924545,129.833466
586.209610,364.811317,211.089020,139.355331
585.324394,364.582878,208.620987,140.999954
586.742744,364.715767,207.153305,137.533554
587.343422,364.911240,196.784042,147.236420
588.393776,363.048157,188.950424,145.550232
588.988739,363.833466,187.859497,155.625549
588.403496,364.823563,190.086319,154.528900
589.547585,366.289978,190.296738,150.471375
589.947716,367.039276,190.263199,155.546936
591.878868,367.528603,192.150711,153.287766
596.465561,366.674500,189.358795,158.325562
598.836449,368.989845,188.333084,167.734116
597.555473,369.563713,184.571548,173.485001
594.515678,370.988731,211.059158,179.451859
594.226936,368.125420,198.836349,174.450699
583.209084,370.172134,212.248276,170.624420
571.230637,371.032745,216.676788,164.114380
555.059525,367.118843,241.404999,163.247543
547.793236,365.013260,244.146988,152.414154
538.373215,363.747681,260.140717,147.216736
539.258652,363.036133,258.419159,145.206665
533.706116,361.981819,261.970093,151.234116
533.373489,361.072372,271.448273,152.475372
534.180252,360.608643,272.314484,156.102600
535.369995,359.307251,261.402039,155.844910
534.661423,357.519707,260.566742,163.878922
533.304543,357.930687,251.921738,160.983353
533.660797,355.817719,264.106323,170.505798
529.096069,354.149361,284.779358,192.611191
527.475815,353.996994,263.014008,177.465973
525.840454,351.658661,289.746277,249.452698
521.345718,352.900063,274.974152,164.552902
522.885468,350.081444,278.638428,181.924759
520.348923,350.110191,294.292694,173.736649
520.428589,351.512856,302.412903,179.844162
520.536407,350.083427,303.974365,183.170547
522.196259,350.431160,311.628906,184.613876
526.004791,349.805389,296.145386,182.012146
525.747650,349.756042,313.236694,179.915527
526.745285,351.521957,278.024506,173.544830
532.053940,350.503197,297.788177,165.761551
536.013321,352.520439,285.004181,159.629044
538.843170,351.931679,294.856323,158.247604
540.888794,354.573181,287.397034,160.782715
541.165421,355.484718,297.226593,155.971970
544.115463,355.924751,285.758636,156.722763
548.136856,356.994720,296.706696,152.959778
553.365860,361.888428,239.400909,155.301025
555.868286,361.869041,280.057068,151.571732
556.834732,367.180565,270.212738,147.642410
556.372116,363.953842,280.867950,147.451202
556.814850,374.072807,214.294983,143.883194
561.763733,375.398827,269.534790,139.735245
567.349976,374.730598,281.117493,141.828049
591.614471,374.821945,263.886719,144.160431
574.789978,380.050980,283.568848,141.793488
582.468094,375.746391,266.419037,143.856339
598.644196,372.026108,255.357727,149.956207
594.047333,372.711624,264.337463,155.601105
583.955009,372.880943,254.460953,154.864029
601.537514,372.338005,239.895493,171.778824
598.329674,374.637802,232.234940,153.427338
607.762596,371.590912,231.977493,183.820984
614.350410,373.810295,209.982529,173.967667
613.978592,364.530434,225.098907,162.143845
614.984505,357.948631,223.602280,174.549637
609.785721,351.861946,212.217316,178.963852
613.713280,351.222992,223.585098,191.650696
615.322746,352.235222,226.526810,180.473770
615.978493,349.642120,227.482040,195.704163
619.490265,346.592697,245.762573,200.656158
624.700684,346.161461,243.396545,182.980545
626.580551,346.616486,243.693207,189.827820
628.220390,346.792244,250.236282,194.421249
625.760788,347.469170,249.578094,204.321304
626.378700,346.775444,254.113144,211.111221
627.969803,346.415306,258.472931,225.173416
629.648087,342.592339,262.242828,203.880997
628.203079,343.929863,271.990265,191.013199
625.568314,342.351532,277.098297,233.003357
624.267105,340.886497,270.478180,241.745804
626.061264,339.716492,273.436737,240.034912
624.372971,337.519272,278.464813,246.223297
623.962662,333.416878,281.698883,235.439194
624.434540,330.824867,291.109863,199.055466
622.143280,334.667122,293.576172,178.843491
618.177597,331.903305,298.090424,180.295441
616.819885,334.974869,296.990295,175.462006
620.534477,341.772720,147.819168,163.314178
619.150192,328.469872,319.044403,186.495560
604.361694,323.889557,337.510681,185.673157
595.555771,319.379662,340.866791,184.752884
223.510483,213.697655,198.787170,161.274185
599.795773,332.307449,126.306923,155.764313
602.761955,320.940498,171.090317,159.604477
602.643951,322.059715,222.860809,157.321976
607.319824,312.969742,369.529816,173.960419
609.547241,307.493248,373.720978,184.034988
610.325012,305.087845,363.897980,176.598724
613.351074,309.788849,378.734772,197.093933
616.071808,308.860619,378.493500,200.244827
617.094879,309.545708,384.520233,206.300919
620.873260,303.658951,383.979584,209.880219
624.542145,304.700882,383.140594,206.497528
630.381485,306.189819,374.687866,210.155640
635.657639,308.421585,374.430237,197.148407
636.526184,307.300613,373.201813,207.179779
636.207336,315.332733,373.095978,188.800232
626.953568,306.200890,382.461548,203.016800
628.798615,308.401543,379.228607,205.699600
632.913727,308.352325,376.092865,200.284241
617.573090,306.514977,385.974701,212.736404
630.842865,306.480293,366.856537,200.708603
619.370026,306.287491,372.022675,217.195526
622.970718,312.498856,366.754272,198.075165
603.430847,303.619247,379.008942,217.888824
598.399094,306.986526,386.149109,206.139740
590.922989,308.564873,388.351807,210.595474
579.204117,309.326416,399.422485,207.588501
575.657410,307.815422,397.342560,206.938614
574.487396,310.593903,395.836151,211.346008
572.396988,311.495972,394.311035,202.396606
570.862442,309.631569,394.677002,211.575607
561.847000,314.840149,400.237549,202.935913
550.350189,312.531578,406.869476,208.510818
542.056320,312.345039,407.572083,213.375595
541.888031,321.722206,400.409027,197.621994
538.656708,314.559334,397.377289,203.017319
539.187424,321.150055,397.601501,199.467834
534.877106,318.262947,398.576996,211.591415
529.505508,322.425507,396.691162,192.398254
525.084076,321.819695,393.023163,208.043106
519.355972,323.162216,395.055664,195.177521
517.644882,323.730400,395.682678,205.523209
514.702286,323.146141,396.392578,198.540970
513.772675,327.811241,397.056732,203.683304
521.658493,331.530228,384.502625,183.223236
514.968369,326.953941,388.554504,204.683792
508.796906,326.067024,391.769257,197.544907
506.179001,325.766006,394.508484,210.847504
508.055420,323.948502,390.729401,194.306000
509.494492,327.645287,389.828064,202.253860
502.809174,335.891312,392.054169,181.740570
513.913177,330.288162,380.080048,203.592987
526.850998,325.705162,363.672058,201.109940
535.187241,342.686150,353.687561,184.988663
532.761108,333.231003,353.080231,194.756744
539.678391,335.876175,348.130554,190.324554
540.052536,342.578995,341.611511,179.246918
543.500107,345.337814,333.958313,180.632599
546.243256,352.976868,327.262543,175.494019
546.020844,363.787582,321.651215,162.293243
546.294052,375.758820,322.575745,150.960876
538.720337,341.782692,326.276764,188.649216
525.445831,342.562714,334.650604,188.028870
509.254883,333.338417,346.833282,200.782272
504.826782,327.483932,348.086212,204.282257
508.542236,328.605263,342.035553,202.998337
507.434860,327.127525,341.953430,204.928421
513.563354,327.869644,333.918610,203.245941
505.434998,327.580551,340.015045,203.928253
502.494904,327.050331,340.864716,204.002365
494.739471,326.709358,347.488495,203.043686
494.719269,332.178886,345.395966,197.355362
493.960037,334.084991,344.533569,196.699768
490.451965,329.324989,347.461823,201.654099
486.400879,351.068825,350.597931,177.566574
461.829910,358.090721,376.436279,173.563675
460.983246,351.702148,372.564789,173.680542
475.524246,365.552574,360.832642,152.285599
450.881134,390.277962,384.637665,131.363998
462.441391,371.230064,371.414734,151.318924
460.078979,383.314789,372.582306,136.960144
462.359482,373.360840,372.954895,146.350830
469.435883,379.715607,365.894867,139.898987
466.661179,373.305496,369.371887,144.733002
525.415741,358.681923,309.243744,160.681442
461.569366,372.387466,375.531952,148.351654
468.925934,366.778465,369.933807,151.722977
474.177185,370.961571,365.460602,147.187332
490.910248,366.589981,351.267792,149.475311
499.615997,354.618996,343.412445,165.333054
500.807449,345.866173,343.306641,175.246658
506.896484,351.943253,339.537140,170.389618
517.232986,349.171951,330.519897,173.342987
518.362457,347.879272,331.441986,175.864746
519.132126,358.910347,332.312805,163.457748
519.879089,321.722130,332.106598,204.788040
523.675110,332.570175,330.423004,194.323029
518.723984,325.977325,336.847473,200.912292
520.549362,320.208763,337.350525,207.737503
518.425644,324.707558,342.624573,202.950119
513.680069,316.820877,348.594604,218.905853
513.169067,319.525650,350.896637,212.464325
511.900909,320.530594,351.174774,211.738129
511.348877,317.315689,351.935211,215.691132
508.203796,321.049477,355.854523,214.946701
507.424149,371.190651,341.211426,161.981369
508.781738,361.043350,355.754425,171.134125
505.691666,339.358421,355.390503,191.332230
501.995285,366.977051,355.516052,162.250732
510.763245,355.841270,353.617584,176.829178
505.770966,357.016533,353.413788,173.089249
507.583908,335.277473,352.058289,194.557846
496.540909,336.700737,361.691040,190.715225
492.408829,335.308090,362.305664,192.054962
492.854919,339.762955,360.835236,187.436859
489.861481,336.732697,361.798187,185.811218
487.784256,337.274178,360.093506,182.419662
486.715561,334.744858,358.094788,184.097809
476.423889,326.761703,362.063019,183.013824
478.677139,315.871147,357.648071,193.500381
478.059021,320.160576,355.928253,190.959976
478.849731,324.892570,353.262115,181.099991
478.365479,317.514740,352.276031,183.946106
478.866226,316.125244,348.026245,189.262329
479.824615,325.760429,343.287323,173.529556
480.378021,311.542076,346.129364,201.611649
477.987297,336.119629,221.245407,156.557739
476.461014,327.616875,340.332397,172.090225
478.342392,313.992393,343.946106,182.345535
481.237610,328.366432,325.879669,160.593674
483.495209,328.603020,336.066254,162.310074
482.748993,353.315567,283.754852,131.773773
481.902115,340.849998,345.447266,149.771255
482.354034,342.554070,317.489594,140.295609
479.845718,342.113197,220.278137,136.603745
479.415161,339.773735,351.582062,151.069656
478.621201,318.023109,344.479431,166.000473
490.880127,316.553879,334.900909,167.905609
487.627716,314.736221,337.684540,165.774445
508.852386,315.914749,314.321991,165.345245
496.233505,323.221809,319.237854,184.061325
526.497375,323.468063,290.276520,163.228241
526.004715,326.888008,293.093750,162.189499
532.630554,329.987793,287.471710,156.724670
535.570450,328.296219,285.650513,160.729523
533.629120,330.454468,288.420746,158.702332
532.050446,337.822357,289.916229,157.009521
529.677979,335.744835,291.068146,158.395889
530.555450,341.835388,291.879974,156.321106
524.858704,341.124176,292.296783,162.109985
530.464050,341.608398,285.907990,162.443054
518.085739,342.181755,295.090393,154.713821
517.179016,344.598587,286.793732,149.399567
505.215088,351.714462,285.644745,139.534760
486.632233,349.471748,307.813690,148.020309
473.458527,350.550194,306.767426,146.092422
472.296021,341.692429,201.933563,151.615204
468.049683,358.648735,170.544708,128.823441
467.589775,358.305313,150.275497,128.539093
467.298233,370.445015,142.680603,113.171860
466.674599,384.036831,140.786880,99.153755
464.255249,388.585606,144.995941,94.413567
463.608353,387.066231,146.670227,96.396591
461.319321,389.477463,149.631348,93.745575
466.879967,389.904408,140.713974,91.494591
479.646492,387.676788,129.386124,89.357178
486.879971,384.237907,120.027626,90.807877
489.860367,379.450451,115.081726,94.682899
489.150253,379.355183,114.877502,93.362022
492.064106,372.524708,110.960136,99.910576
495.515961,367.874107,108.972260,103.463486
496.702343,365.043224,105.634895,105.850105
499.661076,364.204754,103.712730,105.510445
499.949024,360.858215,98.456902,107.705109
499.815613,361.542969,102.147736,108.369293
503.705849,360.553913,99.248795,106.257317
503.625660,357.904736,100.913017,108.782387
504.734993,356.973213,100.916397,110.833237
504.319534,355.192635,101.528381,110.749435
504.481773,352.733486,103.860519,112.094612
505.141300,352.604897,101.778038,112.513229
504.049553,349.250828,109.583420,114.809990
502.206497,351.259281,153.146973,113.342705
501.380844,353.925274,292.150085,118.954018
497.238983,350.719418,284.665497,126.985237
493.301117,354.106716,288.145355,121.250984
493.222351,353.495270,298.118011,124.502258
489.147263,357.624168,276.391235,120.238235
488.732071,360.271210,304.550049,123.373901
485.023911,367.417759,274.237183,113.354485
481.026993,361.038391,315.791321,126.387512
476.670639,377.148079,307.528748,105.721603
478.873550,370.184875,315.928223,114.441345
476.564667,381.244377,314.640961,104.052750
476.450394,374.022163,321.944153,111.405991
477.426910,383.357697,298.417938,101.294312
481.452637,377.201786,313.991669,112.662102
482.118256,381.919659,155.618134,98.551003
482.362900,383.038467,274.931335,103.078339
483.481812,379.857090,283.690460,111.461845
484.686752,374.070778,306.503662,117.077744
485.531250,369.561893,323.654388,117.101494
489.338974,373.173710,321.138306,115.901176
495.237549,368.052505,315.604706,119.499420
493.978600,381.432720,213.296005,102.672768
500.451233,376.965771,299.579437,113.636330
505.094299,364.330849,300.648224,121.986069
512.146271,367.329136,298.428680,120.134636
521.279663,369.118023,286.992950,120.737221
534.413651,368.405968,269.081482,116.683182
534.861542,367.430393,277.471588,122.443779
539.458801,367.567787,267.865997,125.313095
542.071243,365.385201,266.874695,124.007858
541.871338,362.850769,270.789459,126.709961
539.963776,361.766815,270.909088,127.781006
537.811111,360.846977,278.054016,130.277664
537.764084,361.165604,271.323669,129.036835
534.883835,359.973831,277.944214,131.847504
524.190079,360.247475,284.341248,130.045273
519.248672,362.396210,284.748718,125.401611
516.620544,361.369102,297.726654,126.931656
512.947159,364.677849,300.654602,123.684036
512.350708,366.237274,232.505585,116.304382
510.973450,367.066414,305.540192,119.141159
507.439522,369.525307,167.001724,106.854721
512.654922,368.904549,298.572571,115.403610
512.858017,362.472408,309.374817,119.279121
517.293549,372.066055,288.018158,108.856659
519.158615,371.167797,288.620850,108.839821
524.405777,368.085545,288.702454,113.086723
528.376328,364.311455,278.369385,115.163223
532.548798,360.675388,282.628204,118.427788
536.803207,358.117950,245.674316,123.080994
541.085083,355.674927,278.597443,122.570618
539.552055,355.397579,253.430832,127.717232
545.921432,358.990200,264.822876,113.945442
549.454460,356.108070,255.311386,119.769577
552.935593,353.320175,253.774963,121.474640
555.992676,348.662674,253.763580,122.100006
557.773125,346.848255,196.171249,120.355309
559.034142,343.366470,251.034042,125.132172
558.829391,344.990181,236.261963,120.145432
556.428680,336.491440,263.955719,131.767853
553.800274,332.342945,104.742256,121.507652
553.171951,334.327370,139.588318,121.732712
553.071121,335.957623,139.120850,119.639931
552.343803,335.218300,139.474594,119.336288
552.854935,341.330292,175.513062,113.444580
551.148941,341.899658,256.091125,126.683472
551.139549,346.550751,252.931931,125.443970
550.652115,347.137672,257.358521,118.165451
548.315079,352.429428,257.646118,117.629425
546.722061,353.050877,269.348389,116.671562
546.144669,355.291317,268.920410,116.497078
542.601776,356.767181,265.558441,110.791565
539.824371,359.721870,274.597504,110.016769
536.201508,360.990501,277.281952,107.516678
534.335220,364.131031,214.865784,99.100609
533.197121,367.185013,195.018326,96.914642
533.671814,365.228458,280.678986,107.167351
531.204376,366.220608,276.725677,106.198067
529.100464,369.731483,292.563385,106.608139
530.075775,371.786263,296.759430,105.151596
530.554199,372.961414,297.634369,105.804222
530.663818,372.846996,290.420013,103.989723
527.949371,370.545143,301.592438,109.801559
525.511658,373.923172,286.110138,104.021637
524.402695,373.541786,287.754211,101.875046
523.657639,370.480362,293.973328,108.536530
525.613464,369.488209,294.148834,110.201195
526.302933,369.982338,296.303650,111.519699
530.255005,369.357750,294.239777,109.781754
535.693893,367.260544,291.161438,111.245697
539.817886,362.210155,275.769226,119.037025
544.304596,356.715935,266.504608,119.771744
546.712341,350.586136,267.177704,127.082550
546.663483,352.874924,271.694611,129.092560
546.782700,341.512802,249.561218,130.294525
549.794861,338.018715,168.481293,129.721359
547.425453,337.116306,154.100601,125.360466
545.674194,334.664215,255.327911,132.189392
543.243805,329.319168,264.981781,146.723236
544.550217,326.438011,217.538269,143.819351
542.960266,328.841919,272.325165,146.376099
541.340408,325.856377,261.019592,142.936234
538.812920,322.336021,159.642441,141.945084
536.915131,323.926445,250.037750,134.405777
535.237495,320.213013,254.845840,143.750305
535.399246,320.679504,262.561340,148.225159
533.584534,319.322670,259.345734,142.529221
532.627899,319.266121,266.921478,150.205856
531.539536,319.984665,224.080139,143.308441
529.457153,321.260605,258.990265,136.234406
529.964890,319.191490,261.880798,145.416275
530.738724,318.857803,249.020142,145.947906
528.665817,322.171318,270.249573,142.818985
521.576767,326.247070,252.806641,139.539001
523.874069,331.662788,286.198547,131.984543
520.706924,332.974236,279.751709,133.583817
519.733200,334.428566,290.136902,132.932297
519.748199,334.876419,281.631439,132.519806
519.160461,336.733574,292.326141,132.739578
521.321564,335.076874,284.473969,135.352600
526.231476,334.470978,282.088593,135.633545
532.350052,337.905106,278.289307,137.740387
538.454956,340.939049,275.780487,139.057205
537.083313,339.464592,270.071808,138.654556
541.350906,340.841019,270.654663,141.155487
546.068008,343.735626,265.805542,141.683044
550.897858,351.487015,262.890472,134.050934
557.550667,360.232391,237.601456,123.680420
561.545944,364.279598,266.879883,125.186897
557.659180,364.475601,269.162079,128.950653
561.351624,368.322174,258.574371,124.328369
561.184952,369.418343,262.366760,130.896286
566.270432,371.572498,256.081970,126.545067
568.203384,374.513584,252.724609,126.157951
572.237846,372.526833,245.874313,125.636398
571.698792,373.480751,252.537140,128.300156
574.850052,374.731987,242.706665,124.022110
576.232796,372.899719,246.769485,133.456726
578.315544,371.131104,243.042343,131.720276
582.101494,372.535164,236.609177,129.935898
582.197914,376.522835,243.636307,131.300217
581.312294,377.925022,245.065079,126.428581
583.627113,375.370651,243.486588,131.261810
584.197823,371.327469,228.830765,134.355865
582.575806,371.704124,238.435455,139.011002
581.636322,372.153358,234.034027,132.021042
579.034386,371.738869,230.929550,135.872543
579.279846,371.312592,235.852936,131.735046
576.347443,371.844666,229.879852,136.464539
571.642700,374.089279,239.055206,129.753204
567.717300,376.238434,235.851562,123.552551
562.696289,375.249763,239.005585,121.639023
556.259476,376.385616,242.170410,120.578804
555.824097,377.227089,242.501068,121.646835
549.262573,377.315155,244.626129,119.450867
543.366371,376.005020,246.455643,116.577423
536.381149,375.735943,249.289368,120.640907
530.529846,375.707420,253.372223,117.299088
523.480835,376.243023,253.999969,117.153603
524.173080,376.428940,258.350403,116.692841
517.794189,372.899490,261.321686,122.207977
514.515167,374.695805,267.947968,120.707207
509.879868,372.693081,272.631287,125.631905
506.299362,372.822723,275.894958,123.983582
502.236496,372.113918,269.054260,124.344795
501.171036,372.746738,185.282471,113.284538
499.324799,368.531178,289.755341,124.287071
496.097244,367.695831,282.707581,132.447876
495.107162,363.277683,146.533691,125.109001
494.370674,362.849949,137.200638,121.697136
496.782890,360.095524,135.235703,125.675529
496.513443,359.753597,136.663757,125.083748
496.553040,358.167244,138.201752,127.805649
498.384422,356.563370,139.748886,130.222015
501.311081,357.766441,142.041443,130.497879
503.628471,357.014412,144.786423,129.187180
506.094360,358.647728,163.608734,128.263138
505.905647,358.579987,157.068802,129.725098
509.014793,360.225159,195.319992,129.085999
510.520859,361.417526,292.861328,132.020721
510.254486,356.624985,308.986969,138.296051
509.490891,356.442192,304.520752,137.137589
507.205521,358.260490,318.137024,137.481827
506.709808,357.760605,306.331696,138.864532
506.645599,354.975906,301.440094,142.444672
506.287079,349.115868,276.782440,147.244339
504.902290,343.877083,200.631424,149.733200
502.694344,343.895996,189.311783,145.383118
501.377266,339.984871,191.483170,147.974106
500.184616,343.019287,198.984558,145.152161
495.694397,340.146873,191.505280,149.802628
492.302475,341.926422,200.354065,146.320068
485.500671,340.519150,250.290070,143.729401
478.460129,334.186203,199.994202,154.427643
471.549301,337.690720,246.998535,147.097504
472.020798,334.901535,225.990173,151.094757
456.144844,343.665794,206.234329,143.161087
448.243179,349.814468,212.609924,137.617279
438.206070,353.860313,216.243591,134.566116
429.866112,356.582176,217.279099,133.481155
423.188492,355.887550,220.742615,135.184067
422.360794,355.009842,223.517456,137.759369
418.722351,355.636490,219.946259,136.091461
417.094604,358.584579,232.292633,135.233124
408.594933,361.508171,231.461044,134.760208
403.063034,360.749619,242.031738,137.814850
397.393860,349.433342,243.425873,160.471817
396.865318,341.032883,239.649826,168.818939
394.345665,351.989670,242.206772,164.651093
386.818024,349.781738,253.845490,166.630493
378.677216,355.583160,263.196747,164.386414
489.027145,371.952385,151.693054,147.626114
359.473053,354.875076,279.325409,164.306732
438.987556,359.359993,198.696426,158.042709
376.809982,359.059029,260.347351,160.152573
382.152168,362.091240,246.053604,154.791702
390.301521,367.401169,238.457535,154.290802
402.399551,370.321075,226.135376,146.617981
411.809128,371.485077,218.892822,147.696167
412.707909,371.689766,217.077866,147.270676
420.386436,373.545197,212.850021,144.526855
428.066467,375.795845,205.432098,142.878036
433.459084,376.730026,200.103592,142.399628
439.394524,378.397377,195.960678,141.570480
443.459694,378.613373,194.019608,141.424133
447.368607,378.680405,189.922913,141.342194
455.092857,379.134155,184.857346,142.597595
462.329651,378.747406,178.687103,142.913635
465.501190,378.033722,177.002167,143.539062
465.276352,377.470146,177.765442,143.552567
464.156410,374.984329,179.715775,146.099274
464.193581,375.517746,179.338394,145.455109
468.852890,374.996529,176.166260,146.405563
468.473015,376.256584,178.071091,145.340347
462.482346,378.231995,185.634094,144.898132
454.202217,382.208725,197.442337,140.379547
450.714607,384.631958,203.663834,138.381470
448.782440,385.576485,205.928558,136.843002
443.332596,387.045280,213.987183,135.512405
438.839752,386.964867,222.971893,136.988602
438.725670,386.738068,223.003952,138.341492
433.570908,386.657730,228.494141,138.845734
439.295586,384.460999,225.118942,142.005859
435.633064,386.633438,227.991470,139.912567
439.367966,382.689804,223.718506,143.431549
437.059868,378.532196,225.305954,147.666870
435.327629,373.728630,219.826706,150.200516
431.723564,370.284309,211.721298,153.601303
432.294281,366.631287,199.964447,154.663940
429.997360,364.751663,204.219849,155.959381
428.720482,362.487160,198.789841,154.414536
430.025490,359.438072,196.144302,156.933243
430.950401,355.810402,196.217758,159.641769
432.643623,353.831047,190.805801,163.561844
432.056023,350.998611,185.603622,166.204254
433.309258,351.059753,184.439987,166.871216
432.000229,351.223061,183.731140,167.940720
431.939476,349.142601,184.135605,170.813126
430.752586,348.104752,184.591354,172.883453
431.978653,346.890175,183.605347,173.320297
433.441696,347.310432,181.745178,172.150253
431.536453,347.630394,183.802185,171.600967
433.695328,347.643951,181.849609,171.999695
437.081566,346.930191,177.154037,173.984650
449.127777,344.353371,163.140961,175.148727
453.394493,344.808273,156.845505,177.954315
450.753098,343.531433,157.888306,174.864990
448.629280,344.360817,159.892654,177.182663
441.693588,341.301888,163.673645,177.787643
435.599792,341.131630,167.909943,181.908859
434.751358,341.082359,166.872070,180.580215
436.966248,342.780533,164.931305,180.965912
439.471924,343.931793,163.031647,179.611389
439.275322,344.296547,162.791122,178.293015
438.931259,347.819191,164.040283,179.058578
443.604706,348.609642,161.326324,176.306046
442.908485,351.537781,163.480545,174.854919
444.701485,351.438438,163.547623,173.996536
446.361626,350.156021,164.744553,176.897614
446.332817,349.111237,164.838852,175.789001
446.548042,348.421509,166.318314,180.165710
448.603813,345.814003,166.503891,181.227036
451.271278,342.782593,166.126602,186.081421
453.560425,340.659172,166.549408,188.748306
454.470497,339.264908,168.041702,189.661530
453.857285,339.943001,167.970947,189.270370
456.136612,339.706062,167.405273,191.356186
458.122688,340.479187,166.856766,190.446228
460.209694,341.400642,165.600601,190.388412
459.470100,341.701401,166.802567,189.973907
452.803001,341.911766,175.563522,188.904617
453.669403,342.894371,175.405121,187.958694
446.855003,343.347511,183.270187,187.944870
434.387032,342.436531,196.631729,189.402878
440.423355,345.634743,191.477966,185.778854
429.868973,343.887886,203.157166,187.636093
427.997353,346.885513,206.790421,183.394135
428.331924,346.230942,206.421814,183.668427
424.378967,346.982384,211.580109,183.641434
423.620407,347.472710,213.846558,184.233841
419.988411,347.930733,219.978836,185.084824
418.181213,348.404388,221.441071,185.361511
415.627792,348.185738,225.086853,187.004684
415.581055,347.632050,224.128326,187.169800
412.502419,347.181671,228.153152,186.578857
411.234322,347.999016,230.999893,187.870193
413.696106,348.682098,229.422028,185.255859
417.350243,348.889076,229.067612,186.972397
420.156487,351.229065,228.590744,184.070251
419.419487,352.279633,228.897995,182.785034
421.905945,352.694771,229.832916,183.806442
426.499985,352.883919,227.648743,182.698166
431.294991,354.211998,225.374771,182.638870
434.997696,355.676186,224.849548,181.327499
422.934341,358.288307,238.987061,178.891586
424.667885,356.921028,237.511429,179.003586
417.027397,357.783897,246.948898,178.770523
408.244690,356.052261,256.515778,176.021027
410.836220,353.013924,251.002274,181.700241
416.261604,351.055908,241.296280,183.053528
417.287811,343.233009,232.895111,192.154648
417.981895,345.443443,230.537094,188.640762
412.004898,344.649216,232.590210,189.541718
407.056564,348.761940,232.918640,186.755112
418.727028,354.126701,215.182816,188.558426
386.712418,364.203613,241.272217,180.487549
413.861305,358.052353,211.489212,183.745270
382.440407,360.811348,243.048172,184.461960
398.433472,354.854538,229.593292,184.017181
398.412148,353.962318,228.436478,187.019516
387.983871,350.043045,239.914368,193.688507
397.909882,342.876106,232.373871,200.750168
383.207924,340.552422,250.614944,204.908035
387.423912,335.307144,245.471664,210.920441
416.057762,333.168015,220.351059,211.031342
379.849106,366.519608,261.303040,176.821564
412.096626,351.329025,227.583633,189.678925
377.950394,357.487099,262.265503,185.531967
378.283646,352.595879,262.981445,188.467484
374.989853,345.043289,266.275574,199.271637
374.845535,338.838646,266.085083,201.235489
365.892563,348.973282,277.326233,193.799835
369.545227,357.839569,270.444733,183.935425
377.361465,349.186508,265.984009,186.433929
364.439697,360.198219,278.817535,181.079453
374.749451,341.722000,267.065460,195.001373
364.162659,382.448532,278.191193,157.222748
367.009842,372.373245,276.428589,168.202667
367.505569,360.327019,274.771118,175.449539
371.250626,346.810211,269.568481,184.645142
366.321304,306.778717,275.260132,223.471558
391.512032,321.940155,248.369156,207.943970
363.698425,347.947792,275.668121,182.228012
364.594421,352.963821,275.835846,169.170441
362.583817,359.753151,271.541626,173.026718
357.305847,357.652817,283.397125,170.912079
352.220581,358.041664,286.686554,163.283676
413.535736,336.843597,222.967133,191.598755
358.862122,355.716522,276.131866,155.695190
401.731087,333.639336,238.705460,179.617203
357.378799,353.927399,261.830750,156.320618
458.024033,313.353020,181.840942,200.464554
363.321960,325.057449,277.073151,197.489410
359.382660,337.284233,282.175751,171.756668
373.936646,328.505577,269.827179,168.029312
358.976074,335.490112,282.226349,168.798645
360.424255,336.552216,285.091461,156.394775
363.706284,331.692436,276.899597,166.730545
358.207123,329.790413,284.702362,163.401413
359.451859,330.360428,284.344482,175.132721
364.904007,333.819450,276.747559,158.272415
351.816315,332.628738,289.319550,171.462677
378.369537,333.512833,264.295135,162.949005
365.402695,321.356552,273.445557,174.592133
351.191376,335.322502,291.868195,164.931107
358.634338,329.687904,286.826874,172.606430
350.907120,332.695290,292.371155,167.017807
346.963654,334.399483,298.005646,167.399338
346.253708,332.524597,299.780640,173.605408
347.047272,333.091583,297.513702,173.639893
351.050064,331.146141,292.292175,181.642471
348.752640,332.993309,297.204529,181.687759
356.039734,331.410606,286.149872,185.064346
328.915283,341.650414,307.187225,179.191666
334.462662,334.903992,301.649353,182.354309
333.145752,332.543404,294.750580,187.492844
340.304459,333.160812,283.732605,186.641449
334.979942,333.593033,233.395798,187.375763
323.767242,348.362907,149.951691,168.924515
330.072258,349.312592,154.815536,169.846924
332.344742,349.340515,150.093750,169.222351
332.792923,349.849716,149.090820,171.261993
325.919884,349.564362,156.956039,171.708435
328.745186,349.220329,154.158707,170.372574
333.393265,349.340157,152.261658,168.653488
322.399261,348.682404,156.222626,170.044373
316.392960,349.962845,169.841614,166.332306
330.457794,348.162910,253.598846,167.353378
331.846420,353.135002,266.736511,160.130142
336.808167,351.478363,263.407135,161.713074
332.518387,351.960464,264.364868,159.801971
332.502823,342.914009,263.611816,170.103073
337.271393,315.706062,256.942719,194.778000
349.576630,321.880592,243.469208,176.304062
363.586678,285.319107,233.030533,208.217316
359.810577,296.217567,233.542328,198.511337
365.031326,307.136070,229.610718,186.178482
371.298775,300.901726,224.688736,193.644852
374.072617,294.184509,221.530701,200.483826
376.964661,309.118546,220.185455,187.679474
378.875191,323.231247,219.653397,174.532440
381.309525,319.799789,218.024963,174.787018
379.350769,320.855347,220.514069,176.119568
380.559174,322.334488,220.500885,172.095428
384.737770,324.557495,217.451065,172.142761
387.344566,321.916245,216.877365,172.279144
388.113228,323.192429,216.946671,172.975739
389.656548,324.629700,214.925461,172.620911
396.406731,311.710960,208.620285,183.965714
394.285995,318.367767,210.298035,179.906433
397.586189,313.369766,207.619583,184.389191
398.046425,313.108528,207.697769,186.267258
400.477806,310.322701,205.283920,189.850327
394.276665,302.954002,212.222031,197.609146
393.561241,290.353806,213.626938,209.170685
391.001923,325.042000,217.180267,174.806259
400.854691,347.273659,207.145935,150.183517
381.108826,315.097221,229.422516,183.059952
399.085312,334.207207,210.270935,164.918961
381.263329,328.322372,228.656113,169.366364
395.193222,328.459236,214.367920,168.150925
386.371368,319.071304,224.259186,177.769073
404.085045,343.780685,205.511581,156.696014
412.980148,360.969131,197.673523,136.330780
422.722198,386.095463,190.434357,110.817131
423.655479,384.440041,189.785568,113.085495
423.841377,370.177101,189.584244,127.646530
424.131836,371.471161,188.065948,126.234070
408.761940,327.504898,203.612442,170.856232
418.006981,298.799698,193.925095,199.567780
435.872765,395.795078,175.100510,99.650139
422.890427,354.825821,190.612793,141.147003
430.504143,388.859444,179.429428,106.711105
429.115547,385.149372,183.997696,110.265465
430.592537,396.879574,181.070755,98.442940
429.902496,385.735794,182.744476,110.160797
431.187683,391.201057,180.770294,103.104660
430.168037,394.801472,182.505753,100.356346
430.714035,386.996208,181.742371,108.252762
433.571976,383.861954,179.569458,111.888763
433.378677,382.261116,179.916260,113.587448
433.984596,381.218323,179.505081,113.704529
434.828911,380.943142,178.914658,113.827583
434.864731,380.955788,178.913757,113.814133
434.606277,379.218884,179.324707,115.944923
433.992821,377.730629,179.351059,117.247849
435.084641,378.330891,179.011841,117.521080
435.393944,380.013752,178.835800,116.066917
436.876205,379.926441,178.936584,116.230370
435.971329,381.567959,179.623718,115.095100
436.580971,385.239532,180.084366,111.200317
436.076363,388.493732,180.504715,108.850365
437.254395,389.071255,180.467438,109.035103
439.361153,390.740120,179.829178,107.454575
438.555321,394.184719,180.912521,104.844551
437.855751,391.422554,180.926590,107.901657
438.963547,393.936604,180.650330,105.151695
440.439377,394.470139,181.536621,105.684662
440.120529,396.813854,181.802917,103.516212
439.945869,398.874207,183.483170,102.608459
440.289139,399.526463,183.517822,102.491508
439.516853,399.612286,183.859390,103.013588
439.845245,398.598846,184.496674,103.795471
440.715126,402.397560,184.117081,100.190720
439.417503,401.027916,185.345566,102.422928
439.427582,401.771694,185.056488,101.356331
440.663452,401.113644,185.090424,102.351753
439.753319,401.269058,185.463730,102.083527
441.047256,402.145401,184.662964,101.531158
439.544449,402.495312,184.629456,100.825661
439.801643,402.031448,183.530411,100.076874
438.853798,401.216705,181.410049,99.168518
439.395958,401.555820,180.055405,98.262016
439.506783,400.136463,180.568680,98.620872
439.279564,400.908112,176.388596,96.992798
440.644257,402.507946,172.971344,93.363991
438.803734,402.445633,170.726486,93.168243
438.380936,404.328098,168.099060,90.781425
438.235542,405.628525,167.245010,90.215302
437.873085,406.021980,167.564346,90.294479
435.453445,405.433891,167.604797,91.736038
433.634521,403.815495,168.530731,94.310478
431.740707,403.494427,167.266235,94.712440
427.224480,400.541580,168.378098,98.773651
423.334297,399.652405,168.743179,101.157166
422.879684,400.639309,169.253296,100.363289
418.814133,395.137085,169.604858,106.026550
416.421379,399.048103,169.269333,103.055405
411.640724,397.025318,170.513809,107.851219
409.430878,399.352715,170.296783,106.504471
405.813667,398.277374,170.479568,108.741943
406.429901,398.686817,170.719391,108.525169
404.886536,394.045555,170.149628,116.267532
403.080681,396.621223,170.072128,113.992050
401.435448,396.434681,168.972275,115.713951
399.775375,403.390385,170.736450,110.851738
398.866653,402.707188,171.335632,111.647636
398.721451,400.934853,170.794495,112.930710
399.064728,405.323109,171.114105,111.424583
400.197365,405.943745,172.300552,111.265343
400.935104,411.059380,172.199219,108.062210
403.088280,413.790085,172.204025,105.790131
407.168259,420.452747,171.642578,99.512413
406.478073,414.754951,173.009766,105.195297
410.919601,419.688148,171.540894,99.999496
414.138947,419.563911,172.414948,100.639023
418.906731,422.252262,171.909775,97.282890
424.235611,425.832310,171.571655,92.483269
429.818481,425.548286,171.621002,90.439011
429.931107,422.601563,171.279358,93.815979
436.022614,424.373852,170.367218,89.158669
440.866539,422.313648,171.403183,88.629845
448.696632,420.302193,170.019424,87.065414
454.795021,417.275761,170.566971,86.194084
459.356224,412.237637,170.380478,86.569954
460.187393,411.787666,170.463928,86.722214
466.182220,408.487244,169.816193,86.848694
469.681480,403.141785,170.925766,87.537231
475.131729,397.184948,169.349609,89.037880
479.009796,390.339443,170.059357,91.027962
483.490013,385.345100,169.737289,90.657761
484.821999,386.729519,169.332169,89.017281
486.803955,379.155960,170.683807,92.505096
488.313034,371.612217,172.301880,94.400383
492.364700,368.059513,171.552124,92.323418
495.646629,350.383770,172.113876,102.030739
498.179260,343.723911,173.918976,104.126152
497.780548,343.374714,174.197052,104.137779
500.253944,325.761868,173.876480,117.549507
501.282433,314.951412,174.568283,123.036629
502.693581,304.180283,174.016373,129.190887
502.382912,293.888054,176.181961,135.682205
503.803482,285.352562,177.205750,140.892776
500.985909,287.489571,180.585648,138.834274
504.939026,281.545364,178.486420,141.927277
506.762047,278.008102,179.751511,141.347076
510.282768,275.335617,177.760483,141.259125
514.150711,275.395706,175.521729,140.836945
518.476471,273.263329,173.686066,141.306046
517.965973,271.245850,174.751129,142.827820
521.570175,270.817513,173.566162,141.842453
523.310249,271.458244,173.479568,141.205887
526.230644,270.599159,171.692245,140.773911
530.481438,267.108353,169.306503,144.089935
531.428696,271.920433,170.665955,138.821609
532.488716,268.607918,169.220474,142.807846
533.469933,277.112839,170.039169,133.455109
535.697098,280.830658,168.546265,129.951416
537.404602,291.403854,167.807343,119.815399
539.781998,301.884331,166.826904,108.615677
540.648834,301.261829,167.524200,110.244835
540.786926,302.240074,167.823090,109.586624
541.651688,313.661652,165.767517,97.972046
540.237015,318.308079,166.661499,94.624138
541.026321,322.749775,165.642822,91.434044
542.390884,325.257133,164.870056,90.183304
542.563637,327.826645,162.712479,89.290375
543.351730,324.654770,162.463501,92.329071
542.585266,329.178493,162.393341,88.959908
541.881027,330.909206,162.834717,87.831123
540.979309,332.538227,163.603668,88.116905
539.150169,332.664581,164.027939,89.686218
536.659706,332.321877,165.161148,91.059677
536.662506,331.401196,166.034576,91.967262
535.342499,335.599205,165.548187,89.755692
534.391006,337.089218,166.517090,89.796783
533.187225,335.157940,166.829620,92.790199
531.899185,338.701294,167.373352,90.730103
531.291817,339.282349,167.590286,91.314575
530.675438,339.847595,167.639816,91.638977
531.026680,340.795059,168.029678,91.806305
530.720001,343.017445,167.705109,90.928246
530.445724,344.876106,167.431458,91.100266
531.429497,347.269455,166.513412,89.710541
531.175690,349.002415,166.837250,89.366386
531.429314,347.497169,166.428818,90.710129
532.069901,350.516720,166.470947,88.388618
532.065468,349.807175,165.700638,89.113861
532.160316,350.731533,166.207413,89.295174
532.413124,350.506119,166.605362,89.710663
532.521156,350.433475,166.277542,89.841545
532.449501,350.676216,166.364456,89.560043
533.330803,349.223221,166.062363,91.046906
533.541077,347.897182,165.837860,93.382393
534.142250,347.079704,165.715469,94.152237
534.890450,345.862400,165.908951,95.218254
534.745270,347.154381,165.193207,93.750137
534.376839,345.173965,165.599319,95.525787
534.651215,347.415272,164.773468,93.450279
534.519661,344.815838,165.468338,96.058205
534.577644,344.927650,165.771805,95.909531
534.983627,345.143642,165.299622,95.856697
534.562401,347.805920,165.342270,93.596169
535.020515,346.692757,164.886978,95.081894
535.310654,347.002934,164.845825,94.736504
536.002373,348.690655,164.556076,93.585915
536.225639,351.314133,163.771469,91.841217
536.841675,352.853264,163.712738,91.286392
536.589561,353.256207,163.098068,91.750587
536.798317,353.187054,163.787369,91.849281
536.203148,355.462605,163.476791,89.866417
537.131607,354.890900,162.974304,90.740967
537.016930,354.276062,162.963181,91.633484
537.361748,357.804287,163.463852,88.991280
536.653755,357.647751,163.927200,89.864471
536.596207,357.333569,163.943176,90.275063
536.590355,357.135250,163.699081,90.613533
536.796989,357.353024,163.986862,90.990425
537.162064,359.048073,163.632751,90.355270
536.880417,358.953503,163.826599,90.509315
537.542702,358.925728,163.633499,90.507614
536.992165,357.929775,163.716568,91.645882
537.836166,361.035076,163.830444,89.493629
536.937218,357.387367,164.062119,92.707199
537.912224,361.451328,164.089951,89.534355
538.530533,359.260593,163.339294,91.309685
538.762550,361.112480,163.289627,90.111832
538.394394,358.576458,163.586853,92.336037
538.811142,360.196457,163.420898,90.916595
538.450989,358.092060,163.564423,92.749352
539.647629,361.339237,163.809082,90.651237
539.406143,359.423874,163.988159,92.373077
540.315605,357.695332,163.897507,94.540733
540.133194,359.786018,163.162231,92.472214
540.765457,359.081615,163.804260,93.338295
541.281235,360.965755,163.149841,91.551704
541.385040,361.576439,163.165985,90.631790
542.649628,361.983479,162.767365,91.401329
541.509544,361.894947,163.267746,90.740807
541.079826,362.408768,163.334763,90.376312
541.457062,363.830727,163.221466,89.139633
541.831779,364.429539,163.251999,89.525566
542.328140,363.152576,163.115662,90.084007
543.508316,364.458981,162.715576,89.084480
542.601234,363.521973,163.591995,90.361206
543.530800,363.860538,162.937820,89.886406
543.144684,364.155907,163.553864,90.040665
543.638069,364.061447,163.317032,89.963409
542.958862,363.762409,163.851105,90.400475
546.025543,365.956589,160.602875,89.092743
545.906914,365.704781,160.831406,89.164841
545.953438,365.395687,160.835526,89.205025
546.349014,366.748318,160.520081,88.644417
546.908257,366.408058,160.818344,88.512009
547.180511,367.113136,160.372040,88.173935
547.496529,366.761799,160.366104,88.670006
548.158401,367.303864,160.480042,88.105713
548.100967,367.368504,160.568970,88.351799
549.366966,367.385319,160.258041,88.402946
550.213165,368.302334,160.304230,87.761177
550.993263,369.199028,160.202957,87.265701
551.368980,369.261333,159.686081,87.203285
551.083725,369.595985,160.517578,87.110580
551.438293,369.851608,160.445648,86.956085
551.475029,367.707142,160.699570,88.530418
551.240379,368.241108,161.616684,88.545433
549.379448,364.320194,163.390671,92.140495
549.159363,364.782444,164.555756,92.400871
547.715302,364.414898,167.374542,92.931862
547.127808,357.253471,168.479889,99.654678
547.062981,351.789448,169.187668,104.314537
544.667824,343.186771,171.675369,113.048210
544.003792,335.782990,173.092361,120.297729
544.868362,328.776711,170.997314,126.981735
545.943352,325.086517,169.795029,130.752930
545.944374,324.965942,169.868301,132.092834
546.024239,324.078506,171.043900,131.970612
547.299408,323.839684,168.955536,134.189468
549.400375,328.444664,167.415161,130.022415
550.621407,328.264984,166.649490,131.622498
551.597267,328.744904,166.197891,130.585754
551.915192,327.527054,165.276581,131.717316
552.013870,336.213303,165.235840,125.208466
552.733788,341.630619,163.443710,119.569145
554.162842,345.130390,162.449127,116.947044
555.933235,354.957092,161.193130,107.239990
554.639481,353.209644,162.557190,110.119469
556.071266,357.956116,162.083633,105.318298
556.243317,358.358334,161.574554,105.227913
556.465797,365.833141,160.612991,98.795692
556.371674,366.163765,160.428375,99.652023
557.091324,368.331005,159.844849,98.125526
555.889442,369.629158,160.407669,96.369919
556.832146,370.968426,159.561508,95.240578
556.651100,368.780308,159.881363,97.956108
556.474373,371.726902,159.791092,95.370781
556.169479,374.333622,160.548279,93.394463
555.689453,374.466305,159.594086,93.126534
555.950333,374.742840,159.563965,93.890602
555.026344,374.717377,160.433060,93.882874
555.099136,374.331429,160.328369,94.279770
554.597412,373.000885,159.925140,95.664612
554.694984,374.963566,159.914871,94.196220
554.089081,374.607170,160.422028,95.065933
553.401169,375.178459,162.006531,95.237869
553.696739,374.639313,161.941330,95.703369
553.591499,374.257717,162.258987,96.325203
553.137131,376.022854,161.749939,95.821785
552.174591,376.455421,162.739716,95.529892
552.654846,375.410149,163.031525,97.523514
553.017220,376.916279,163.457413,96.283714
552.924347,374.724957,163.640900,98.814552
553.242821,377.855179,163.726303,96.153839
553.879051,377.065708,163.745224,97.916069
553.484222,377.755730,164.889862,97.766251
554.022530,381.408417,165.822830,95.306519
555.002846,382.219482,165.777054,95.439270
554.772163,382.944324,165.929520,95.417198
555.186752,379.470955,165.820190,98.605331
555.930779,382.421989,165.864120,95.814285
556.090317,382.899548,166.301270,96.253700
556.798454,382.419018,166.174667,96.917152
558.174423,385.725002,165.154663,95.327156
557.945061,386.181614,164.713120,95.147697
558.505844,386.123520,165.274536,95.190338
559.031944,386.238022,165.068649,95.259064
560.170120,387.580273,165.252625,95.553261
561.043190,389.077339,164.962051,93.405197
560.677841,389.180901,166.099854,93.725723
560.654633,389.648331,166.035248,93.117523
561.756927,390.944378,165.521210,92.639626
561.402504,389.109913,166.419266,94.564842
562.451195,390.413406,165.778549,93.061127
563.144012,388.071396,166.082794,94.949127
563.798790,389.866497,165.777023,92.842995
563.620583,389.077957,165.888504,93.889923
563.440369,389.364662,166.943756,93.687302
563.647057,389.966728,166.211716,93.532791
562.916634,388.547913,166.948685,94.569153
563.916367,390.162045,165.898315,92.939766
564.116249,389.883862,166.879898,93.376869
563.847092,389.549057,167.029846,94.030853
563.962059,389.536831,166.727097,93.788521
564.733536,390.261341,166.379333,93.245445
564.705696,391.298550,166.634293,92.075203
564.855225,390.947395,164.891937,91.855331
565.325119,390.679119,163.300598,90.716347
565.745140,389.702675,163.295517,91.332260
565.856239,389.704823,161.765030,90.326378
566.088921,390.151505,160.363815,89.641327
566.383003,389.196159,158.189896,89.253311
566.345390,389.616291,154.530869,87.888206
565.772652,390.068546,151.571243,86.276970
564.742096,389.779621,151.965240,87.072289
565.780800,390.422092,150.900894,85.848076
566.574883,390.127594,150.238449,85.851135
566.779404,389.816959,149.314026,85.746819
568.902603,390.183628,147.938171,85.171684
568.207565,391.109100,148.173828,84.697510
568.201065,391.306675,148.214111,84.712944
568.994698,390.931042,148.403458,85.952431
570.398109,390.852718,147.099442,86.271614
572.487549,390.679951,145.522125,86.808678
574.504326,388.984932,142.619492,89.080246
576.339066,387.799576,140.499512,90.127228
576.726974,388.797737,140.459534,90.018723
579.937691,387.566124,137.884354,91.762955
581.121277,386.707581,135.826935,92.088318
581.406525,386.738461,135.088715,92.510933
582.470047,387.656944,135.190369,93.337234
582.258331,387.374157,134.174286,94.113564
582.805992,387.198395,133.631149,94.266357
581.988319,385.334530,133.900772,96.261238
582.499451,383.715717,133.414886,97.899010
582.554741,382.608337,133.286301,98.337952
582.093353,382.825039,132.650055,99.088631
582.362076,382.005657,133.042175,99.515236
582.248634,380.982979,132.424393,100.057602
582.070862,377.444469,133.321625,105.092384
581.598007,378.174492,133.395691,105.562332
582.038780,373.906017,132.749863,110.634621
582.219627,376.935566,132.329758,108.817589
581.986412,374.156464,132.200119,112.494568
581.787033,374.692196,132.303223,111.963264
582.299706,376.324940,132.011093,111.576134
581.983780,374.542660,131.417664,113.588814
583.090210,378.689934,130.786713,110.990128
583.630112,377.379700,130.020752,112.348999
584.704308,382.152493,129.405869,108.443245
584.452003,379.345955,129.577652,110.161850
585.995743,386.363708,128.559326,104.958923
586.788284,385.025074,127.352112,106.220482
589.283878,385.892170,126.005028,106.166405
588.561756,387.125542,126.546501,105.515457
589.299755,385.595436,126.343941,106.814743
589.608234,386.065189,126.266655,105.963371
591.005894,386.591797,125.756126,106.469177
592.056149,389.414940,125.161842,105.803055
590.711651,386.899670,125.816719,109.089760
592.129997,387.837498,124.280991,108.266838
593.474491,390.194942,123.784630,106.189766
593.644543,392.708061,123.777779,103.941055
593.104851,392.350830,123.285446,103.999084
594.685726,392.481880,122.046425,104.890366
594.220604,394.065540,122.064743,104.718163
594.698032,395.287098,122.138084,104.673180
594.225914,398.275417,122.303513,101.946236
594.219563,399.179665,121.972282,100.722458
593.790253,400.233967,122.505157,100.983482
593.701488,399.563892,121.762398,103.144554
594.715534,399.545910,121.246147,102.313942
594.039345,398.633884,121.636307,105.409050
594.849762,398.386536,121.331512,105.363220
594.079243,399.811375,121.574150,104.352348
594.492264,400.275734,121.036987,104.574142
594.330338,400.854897,121.190918,104.499863
595.088612,399.070187,121.326958,106.215523
594.905701,399.138054,121.029938,107.744827
594.655251,398.358654,121.463394,108.356606
594.812157,398.734039,121.677475,108.422791
594.288433,397.628185,121.962898,111.305702
593.072163,399.354248,122.978935,109.375000
592.641949,398.726414,123.221626,110.387077
592.701298,400.344563,124.117393,109.243492
593.120396,398.660416,122.912132,112.376007
592.698311,398.101326,122.537552,112.736374
592.546310,399.488846,122.962646,112.217133
592.088177,399.287037,123.226204,112.540062
592.384426,399.955753,123.259560,113.319817
591.099209,400.479614,123.290932,112.391968
591.173607,400.708481,124.497055,112.373749
591.136959,400.239452,124.850868,112.901833
590.020462,400.938145,124.598755,112.631279
589.897133,402.459347,125.177872,111.679573
591.147205,402.185955,124.648552,112.651466
589.764061,400.079975,125.880905,115.807579
590.678585,401.288841,124.332497,114.877274
590.542011,401.458530,124.732536,113.752068
591.576370,402.796871,123.795593,113.438179
591.623035,403.082119,124.677544,113.040535
590.903503,402.706203,125.864288,112.985237
592.313396,402.413750,125.164253,113.782242
592.586506,404.651264,125.149895,112.420311
591.688034,404.811642,125.588379,112.779976
593.118275,404.958549,124.836601,113.204361
592.751965,404.566479,125.416756,114.097145
594.354988,408.190063,123.562393,111.240845
595.649292,407.853992,122.951508,112.203636
598.023170,408.519390,121.254166,110.612404
598.057610,408.777763,120.740219,110.586868
600.187046,410.000835,119.550316,109.291969
601.346478,410.478626,118.851936,108.780418
603.847980,411.000820,117.173637,108.916573
606.649036,411.079727,115.178215,109.277557
611.137619,410.186310,111.553772,110.208130
612.367649,410.640301,111.229820,109.388527
615.369617,412.148438,108.670525,108.913147
616.165516,412.048103,108.502373,108.765793
617.330986,410.817089,109.058640,110.894753
617.775360,408.674801,107.677765,112.702095
618.860687,408.490135,106.293610,112.247208
618.391335,408.120880,106.144913,112.722290
618.921093,407.003731,105.631538,114.151352
618.749657,408.628300,104.933945,112.433159
618.908100,409.585163,104.769829,111.025230
618.587605,410.520340,104.825005,110.059784
618.459641,409.979565,104.650513,109.475075
618.176723,409.701797,104.869850,110.169647
617.894196,410.276272,104.981659,109.148933
618.853855,409.033886,105.281883,109.374977
618.580029,410.412682,104.914131,108.123001
618.078175,410.473213,105.493828,108.140060
618.793282,411.588444,106.186234,106.335930
618.748875,411.751934,105.444603,106.034828
618.623959,411.528633,106.436501,106.010910
619.100101,410.749416,105.708702,105.780342
619.791649,409.432465,106.483871,107.227661
619.896435,409.535084,104.993233,106.255760
620.506287,409.352871,105.615997,106.406563
620.608700,409.406506,105.197365,106.490517
621.087967,408.639397,106.366211,106.874649
622.042320,408.488846,105.324509,107.485626
622.574127,408.283604,104.523651,108.137199
623.092587,409.686668,104.982338,106.627945
623.250084,409.265945,104.757370,106.822845
623.897827,409.404186,105.148834,106.858070
624.343624,408.253170,104.713417,108.652229
624.446327,408.219154,105.076797,108.170273
625.223747,407.919781,105.437912,109.013527
627.299343,407.458725,104.684608,109.288300
627.470905,404.120308,104.816826,112.243820
627.934566,406.519787,104.268776,109.879250
627.948586,402.878796,106.120071,114.392555
627.919937,406.436234,106.559875,110.385712
628.752789,405.280235,107.708076,112.323257
628.852329,408.646114,108.092491,109.371834
629.751457,403.729881,109.458237,114.123795
630.030750,406.910118,108.639702,111.623062
630.101585,408.326263,108.412766,110.309509
629.751137,407.125053,109.119156,111.581741
630.100754,407.552567,111.233032,111.246185
630.513832,409.030354,112.777542,109.421532
630.161079,410.783607,114.402054,108.105026
630.323601,411.914707,114.449509,107.827873
630.682018,410.297432,116.254036,109.088913
630.208027,410.794304,117.750664,108.549026
630.682308,410.132149,119.126320,109.717514
629.769508,411.398537,120.817459,107.846848
627.629356,412.137768,123.983322,106.764137
628.264904,410.999752,123.230537,107.412422
627.863419,410.610409,123.841431,109.054207
626.236546,409.612595,126.184776,110.447174
624.832592,410.263664,127.131294,111.423172
624.701221,410.369366,125.957268,113.656654
622.946388,413.817825,125.374405,110.816803
621.703251,414.883652,127.314232,111.330231
621.732349,413.339260,124.343987,112.131050
620.595688,414.074242,125.318237,111.550003
619.502430,414.086784,126.265617,112.090042
619.154049,413.186741,127.852150,112.823845
618.147308,413.193687,129.218842,112.838089
618.465363,413.157726,129.063446,112.352333
620.523941,415.201366,127.281311,110.937904
620.203144,415.748356,126.800835,110.589409
622.415958,413.823448,124.551292,111.658646
623.450142,415.699825,124.259537,110.541389
623.604519,405.190945,125.488991,121.034737
623.559834,406.413704,126.086662,120.267563
623.852615,398.353596,125.265869,127.812645
625.600475,401.831051,123.790535,124.297493
626.287937,398.067993,123.065208,128.728760
625.587959,404.582035,123.363480,122.364494
626.078907,397.561813,123.319450,129.622101
627.768398,394.966270,121.808693,131.253250
628.286678,382.625107,121.892250,143.358612
626.972572,388.340775,123.744461,136.882355
628.375568,388.121300,123.008659,137.896927
628.154510,383.300552,123.650604,143.071320
628.607746,386.329010,123.334831,139.908997
628.920372,388.384750,122.980942,138.007538
628.318165,409.621384,124.001091,118.073639
626.702812,405.399509,123.526169,123.296684
627.777836,400.844299,123.075462,130.066101
625.642082,401.335739,123.998825,130.682953
626.709858,399.799194,122.169365,132.762024
626.835888,399.475212,122.218697,132.747452
624.479168,415.178825,124.396248,118.931290
622.953541,400.625313,124.510551,135.186020
622.324432,407.790489,123.788361,128.142044
621.025852,401.586098,124.869652,135.840988
620.997028,409.414322,125.513115,128.639557
619.584694,399.936707,126.039566,138.562744
620.854485,412.159946,124.708054,127.234550
617.925644,401.284676,127.319397,139.252365
617.209347,389.572281,127.991310,151.900970
616.847012,424.083805,127.598549,117.114494
611.350060,396.326988,131.344345,147.234207
613.507019,415.358467,128.578583,128.055283
610.389336,385.764320,131.949265,158.282272
611.011513,422.124435,129.057449,121.271210
608.725182,396.504204,131.389999,147.456192
607.252579,435.100651,129.950012,109.418388
605.049980,431.135338,128.144516,115.057693
606.321838,424.519474,128.812531,121.395561
604.763390,408.432533,129.286362,137.290451
601.243507,428.992142,129.975601,115.720795
601.984367,419.463898,129.133041,126.256287
599.201508,420.791016,130.245026,124.303528
597.766396,408.810577,130.176041,136.361450
596.937012,438.245667,130.584198,107.195984
597.389069,421.795727,131.234467,123.484962
595.682732,404.934685,130.236862,140.421219
594.987740,410.025505,132.051895,134.827591
595.037849,397.234192,131.065262,148.769775
595.670929,398.516304,130.837555,146.051498
595.833229,403.787483,130.465530,140.249557
595.101036,386.535591,131.389450,158.376389
596.093277,402.710411,131.062073,140.953995
595.220245,381.800789,131.184296,162.772018
597.152962,391.457787,131.786148,151.400101
595.972504,389.657242,133.227264,153.360321
596.504898,390.371429,132.815857,152.980530
597.032028,390.537285,132.389160,152.891678
596.514145,386.763344,133.371643,156.389206
596.946388,415.354038,130.754410,127.736931
595.180099,405.190590,131.453369,138.221542
593.301666,423.063183,131.683807,120.257118
594.337158,415.202591,133.520966,128.113922
592.956009,407.976845,132.427917,135.726425
592.059990,419.790604,132.403366,122.724762
593.990326,409.919540,133.395355,131.656952
593.812767,418.003597,131.754684,123.554634
593.974167,413.102398,132.411560,127.451698
594.155304,407.752235,134.973297,133.015732
593.926682,420.451241,132.831177,120.871201
596.950180,412.456047,132.844727,128.388382
597.067017,411.800377,131.447296,128.320450
598.207710,417.341846,132.526016,122.355431
600.887321,406.368858,133.863205,132.982010
599.474030,412.939777,131.594330,126.576500
601.102333,407.997452,135.446609,131.424652
601.200829,398.701027,135.756760,139.534225
601.683945,405.330566,136.039612,132.619812
602.227295,395.612198,141.217072,141.084137
602.201019,408.870850,141.087677,129.106262
603.607117,396.530754,142.691559,140.783707
601.391151,395.422554,145.499466,141.405685
600.054878,390.794556,151.077713,144.818848
599.203857,390.790169,148.986420,144.495346
596.308784,384.800667,158.071060,149.872177
600.995735,377.328392,155.547806,157.848587
599.525879,383.405853,145.207428,151.471985
600.834587,381.231552,155.434555,154.062958
602.309280,379.458382,141.611267,154.618088
620.494194,364.605339,137.378525,168.770828
584.813568,285.981552,176.699432,247.764496
616.143269,343.581566,123.346550,192.584610
596.344276,304.318352,156.887344,228.147659
613.960190,277.718704,136.460999,256.273041
596.583733,278.766678,147.787460,255.519501
610.907104,300.724022,128.555389,234.140945
605.785324,259.918243,167.250183,257.800171
609.724640,277.559311,156.717987,257.675385
592.226593,282.239426,173.164459,251.716644
611.795349,261.535950,141.376312,271.832214
607.701080,270.362900,159.186615,265.541718
607.087044,294.839417,157.987198,241.147400
634.196888,291.624603,116.968376,242.883606
626.787895,305.404022,140.188156,221.701538
630.406387,312.103043,127.470459,218.452240
618.102051,284.980370,154.569611,243.038223
614.823212,309.990234,147.488495,226.585754
622.514526,290.646721,132.110199,240.214920
615.763863,259.749268,152.720535,274.038696
631.089874,331.179420,134.971222,209.179367
627.815979,249.360123,150.895416,284.646393
625.500984,285.285179,153.861343,249.524185
637.907417,311.607445,118.310745,225.435257
631.960533,305.134300,142.459274,233.654251
648.036533,339.316917,115.925011,195.553116
647.030155,337.786507,112.491234,197.365158
646.893032,337.979538,116.359291,197.962311
647.917725,341.075668,121.126190,195.222870
649.258785,351.924263,113.843178,182.992783
644.833218,356.959389,113.333412,176.899033
641.363979,367.191345,112.715981,167.566833
643.089573,356.732941,119.379662,179.261353
636.239349,350.865868,121.821808,180.546402
626.533577,280.728432,141.265213,248.823898
636.833817,265.317245,130.618225,274.546967
633.919830,267.014816,131.271576,269.357452
630.909973,267.455582,129.700653,269.959930
626.658562,265.305756,127.419418,271.615417
627.477272,263.963425,127.596817,272.403046
623.075104,265.996643,124.338593,269.437012
620.935696,268.329514,122.343666,266.410553
616.514980,267.361755,123.946144,267.158997
612.135159,268.649185,123.328041,265.762848
608.121933,264.897568,123.153198,268.130280
610.302544,267.236816,117.533249,267.385803
599.685577,263.138931,125.201691,269.062103
595.966228,266.743652,120.357430,264.905884
591.899494,263.667999,118.928032,266.928284
588.057873,264.769272,118.017036,266.436798
581.053135,265.697800,116.587852,266.376190
580.665810,269.625671,118.435684,262.860352
576.058910,262.937134,120.567513,269.054626
561.404320,269.224701,125.534348,263.532043
558.337734,269.796387,125.062721,263.424377
551.679443,268.721237,127.526031,262.611542
547.945942,269.329559,126.277946,263.630615
548.488346,272.412018,121.823631,260.050415
544.130154,276.936417,123.189247,255.591949
540.124268,275.523888,123.202240,255.104080
537.964344,273.648972,121.145561,257.620819
534.537815,271.999298,121.306175,258.630066
526.899788,269.190109,125.669083,261.012238
523.181740,270.518600,127.524857,258.161957
519.090942,260.830017,132.169586,266.726562
505.461708,253.732651,144.741043,271.019684
486.841194,259.781647,162.445877,263.515564
467.438263,273.090164,179.650177,252.294159
470.459190,254.789734,177.694138,269.916260
462.161049,279.718735,185.566422,246.294830
463.804535,251.214203,184.255035,273.959656
460.203232,257.364304,186.632812,268.618195
462.074112,251.097672,182.823425,272.647675
457.097824,269.998795,184.964844,254.162933
465.238159,262.529282,174.689911,261.569977
461.009422,273.661537,176.053268,251.144577
469.178886,247.010223,171.722397,281.942200
472.575600,258.500854,172.887466,270.353394
476.187325,259.234283,167.113602,271.156677
480.331024,260.608078,161.483429,271.362457
483.975487,262.140945,153.840866,271.480560
483.055771,252.623779,165.250610,281.341492
489.324295,268.185074,152.959656,267.060699
492.862740,253.193161,159.706985,284.532928
498.839752,269.778229,149.501740,268.194458
501.359512,253.135315,161.545776,288.267700
505.967300,278.543488,155.407959,263.721130
504.339821,255.691055,154.051773,287.284149
509.126152,279.413300,148.228134,265.508484
509.228165,262.013687,147.958374,286.301300
511.770538,277.177719,153.586395,270.847504
514.378159,271.590454,156.838440,278.533691
516.178589,287.751068,160.851959,265.570251
515.758156,270.203339,163.726395,281.241516
518.894241,281.592102,163.195435,272.727417
521.455154,285.015152,164.027954,270.882172
524.423134,285.935532,163.915726,271.630280
526.445206,290.491196,160.810059,268.839752
524.799507,285.859543,166.336075,275.091583
527.535355,292.574677,161.262817,269.827576
526.029411,283.400833,167.397263,278.092255
529.234337,294.372940,165.139755,270.019745
529.037834,294.776382,165.770798,270.941254
531.278458,293.327805,163.288086,273.057037
533.197250,298.364502,163.531555,267.779785
534.433464,295.281937,162.626511,272.045135
535.315727,300.142044,162.725143,267.487640
536.916771,297.430939,160.882187,271.236145
539.560310,303.886246,160.066788,265.972626
541.149628,302.610672,159.581268,266.134369
544.548355,305.919510,156.652466,264.159760
543.690178,309.247711,158.246933,260.378906
544.972496,306.683884,157.558029,262.190826
548.045723,305.625214,155.786270,264.077209
550.985023,304.029495,154.342361,265.868073
551.067001,306.419006,155.654480,264.003235
551.572922,303.413513,155.019287,266.718018
551.895195,306.058243,155.504501,264.087189
551.429016,300.513702,155.622223,268.961182
552.597076,301.960175,155.863739,267.448975
553.082527,304.950348,155.851517,263.162903
551.480995,305.861191,157.521378,261.011444
552.663551,303.791870,157.680984,263.270325
553.001511,304.205124,157.275024,262.276764
552.946884,302.473450,156.331726,263.870911
554.402031,303.600983,155.890427,263.566895
554.809639,295.923615,157.628006,270.830933
556.307289,297.679855,156.148453,268.331390
559.030441,296.755203,154.875610,268.853485
558.183533,299.381760,154.986725,265.383209
559.267113,297.861801,154.717575,266.791046
562.643608,297.142914,153.731674,267.511230
564.977943,290.918304,152.779129,273.813843
564.974541,286.533188,158.457932,278.112701
569.477654,287.669891,155.413254,277.608459
569.391113,292.230316,155.123444,273.537903
572.126282,286.906876,154.080231,279.100922
574.983055,287.770065,154.337997,279.638702
577.345558,292.797180,155.578201,276.731201
577.921410,290.059219,157.337631,279.799652
579.499893,295.640747,158.061035,277.787476
580.398529,291.969650,154.382172,279.318024
582.329750,299.436264,154.507401,274.864288
584.950157,301.496613,151.433212,274.358826
586.697853,295.198395,148.287796,280.285522
586.934227,299.523361,151.278122,278.413544
588.404480,295.435898,149.845062,283.106415
588.712982,297.441925,150.217438,282.552979
589.315529,297.458252,149.226822,282.592590
590.314224,293.204208,148.111267,288.204437
591.136322,297.105988,145.572540,286.218262
590.861420,298.196091,143.760040,283.429474
592.242424,304.588058,137.891464,278.802216
592.579147,303.955109,130.395813,280.043945
592.318279,300.293030,127.305489,282.404724
591.816467,302.882843,126.606659,279.692261
590.689636,303.924118,125.714264,279.420380
592.076317,308.261215,131.100998,275.582916
592.973011,308.811874,124.976860,274.784332
593.324509,310.446091,125.483093,273.416595
590.891327,301.482056,133.543060,282.453064
589.850090,298.478729,134.911301,284.436523
591.090355,301.773941,135.357162,281.065826
591.965179,304.283127,131.882294,279.233063
593.889282,303.887115,126.350494,279.602478
593.019783,307.196487,126.120438,276.512726
594.095428,308.327194,128.952606,275.963470
595.947411,306.708344,129.665817,276.212646
596.204323,305.183151,129.580521,277.910675
598.062469,306.618576,128.327545,277.560028
601.102253,307.711884,125.856255,276.956116
599.807930,311.958313,123.924271,272.784363
601.533508,309.588989,132.593781,273.704102
605.375343,311.354294,123.159134,274.969086
606.589279,302.600739,137.595947,280.812073
610.450771,308.125732,121.920692,278.559326
610.944870,308.642334,134.546387,278.976746
610.525795,315.112640,123.182938,271.708130
610.973450,307.407837,137.947723,281.023560
613.145351,314.197357,124.880470,277.791565
614.652046,303.393890,131.618179,288.772644
615.084099,314.825668,132.215927,279.828766
619.966541,317.020081,127.672417,277.549561
617.784126,318.269821,124.908279,274.483551
618.779251,315.939102,135.289856,277.808075
618.399788,314.613525,131.971817,280.806702
618.009361,326.296875,129.794662,269.570679
619.768112,325.597244,129.948120,271.982330
620.001663,319.828415,128.778381,278.301178
619.581566,321.351471,127.829636,277.531494
619.759201,317.217606,135.565613,281.567535
620.184441,319.692459,131.866562,280.616669
620.610653,322.730240,125.142799,278.383209
618.829502,325.171677,123.998131,275.228790
617.451653,314.228867,134.272812,284.828217
617.966774,320.426575,130.088577,280.605469
616.920052,313.360535,131.876480,287.978821
616.635864,314.087753,135.358856,286.433990
615.445496,316.305603,137.639435,284.818726
616.743797,313.976883,134.790451,287.622650
614.453156,314.352005,136.507721,287.005707
614.190094,314.623474,135.430817,286.848083
612.656998,312.821091,134.073730,289.049103
608.615456,309.861694,131.903030,292.162842
604.268692,309.594238,129.346680,291.540833
603.983742,313.281830,128.637466,288.907593
599.997261,314.907791,131.522537,287.441132
600.220924,316.398743,131.204300,286.340271
596.137161,313.595032,133.445496,288.484741
595.473625,316.623322,132.201157,285.229309
594.298981,319.288559,132.347321,282.182587
591.176056,314.407059,134.757965,286.734161
588.012672,317.470276,138.075027,283.950867
587.815872,315.514526,137.833435,285.516418
586.448868,324.011169,139.248718,276.486633
582.313217,324.676834,143.230042,276.444000
579.899635,333.532562,146.188309,268.164185
577.576332,331.138947,148.411880,268.987427
574.311516,326.956497,152.037399,272.658844
581.171959,340.465134,145.087875,259.583344
575.382912,333.828293,149.819656,266.047089
574.740204,356.065361,150.186737,243.080460
568.817680,361.556694,155.737473,236.837296
567.616302,381.840675,157.076080,217.909836
569.770149,398.247833,155.948624,201.125549
561.715088,401.240967,163.567291,197.890381
568.299950,409.010513,156.602280,189.276520
561.159233,409.206726,163.739365,188.305542
562.193077,403.925194,162.190964,194.057938
565.294716,382.908981,159.221451,213.257294
566.206146,415.212906,159.209442,182.570038
564.092583,401.292870,160.341782,195.729507
567.841110,372.467278,157.958801,223.614578
572.309685,410.200279,152.244736,187.202225
566.045898,389.536232,159.732025,205.558151
573.046967,393.903984,156.686554,200.480301
575.609161,394.538239,154.586700,199.771851
576.184967,394.680603,154.465851,199.981567
578.976601,395.156937,151.280106,199.664398
580.837601,395.742371,149.643555,199.143188
582.674133,395.012413,149.127228,199.631302
584.175781,395.458130,149.412872,199.238159
587.004616,394.834572,150.164505,199.251755
586.018394,396.377937,149.906845,198.821640
587.545876,396.108246,152.406387,197.685547
587.499245,396.553612,154.993790,196.959854
588.878235,395.268982,155.854950,198.138367
590.470802,393.975227,154.465286,199.128525
590.784157,393.030914,155.534866,200.226685
590.560791,392.480026,155.532562,199.865204
592.353767,392.582253,154.838028,200.743698
593.159073,390.052055,153.893921,201.904984
594.931931,387.462662,153.252808,204.004303
596.462952,387.249290,151.745941,204.380386
596.995155,387.502991,151.046829,203.878662
597.204636,388.284081,150.104004,203.358902
597.836723,384.537727,151.772202,206.322678
597.761574,386.103256,150.682144,204.575714
597.229515,386.201904,150.675583,203.756165
597.040039,385.724457,150.574005,203.531067
597.539581,386.180283,151.118073,203.519257
596.946716,386.864388,150.362152,202.705429
596.304787,385.352180,151.111221,202.945908
596.375694,386.202477,151.771042,201.682999
596.237930,384.694359,151.218933,202.756668
595.769539,385.590958,152.330154,202.683746
595.481514,386.666115,152.970413,200.807419
595.979073,386.050751,152.198502,200.360413
595.323654,388.454384,152.548096,198.872482
594.404869,386.741669,152.950363,199.227722
594.236954,386.135216,153.562439,199.059341
594.308563,384.673103,152.877838,201.877487
594.824699,384.024048,153.321945,201.762634
595.025482,383.979652,153.251129,201.884628
594.623329,383.540077,153.009354,202.738754
594.580170,386.247543,153.659515,199.578888
595.012581,384.291306,153.890335,200.773651
595.467720,382.947845,153.717667,202.131897
594.913101,379.029030,154.143677,205.530441
594.243393,378.475121,155.128113,205.492325
595.338516,378.304146,154.245850,205.631271
594.444534,379.190567,154.509644,204.737457
594.830597,377.654434,154.231598,205.284943
594.500618,382.219193,154.308426,201.323944
594.415695,381.842056,154.619141,200.515350
595.024422,380.972580,154.373611,201.410065
595.384209,383.698959,153.750717,198.188507
593.674286,380.369576,154.815460,201.299118
593.644943,377.762589,154.699341,202.227936
594.205086,381.640198,155.068069,199.701111
593.385429,381.248672,154.979599,200.044891
593.796494,380.102715,155.377563,200.352859
593.567894,379.993530,155.108749,200.212952
593.831604,381.573067,155.259735,199.067184
593.723526,381.493721,155.405457,198.787766
593.326920,382.151047,155.096680,198.470673
592.877785,380.771484,155.557877,199.045837
592.410355,381.080086,155.762634,199.021469
592.259514,376.957764,155.497116,202.789246
591.674408,377.615372,156.263214,203.331635
591.629524,374.355186,155.287979,205.868668
591.514877,378.397255,156.515503,202.041489
591.476349,385.440483,154.798431,194.960342
592.176491,386.580528,155.689468,193.484573
591.782356,390.586502,155.918045,188.807770
591.884399,392.145607,154.702545,187.541977
592.310196,388.217049,154.936157,191.453354
591.440323,392.762192,155.481506,186.150360
591.747139,389.627602,154.270706,189.764511
591.301529,396.193275,154.950989,182.496811
592.912621,390.359932,154.306931,188.339767
591.307259,393.103264,154.202835,184.856339
592.328362,390.844948,154.105331,186.580673
592.375977,389.261833,154.740265,187.408890
591.892876,386.153046,153.877426,190.487488
592.798729,387.382462,154.278610,189.792938
592.410217,388.895401,154.210541,188.673676
592.633720,384.935738,154.058762,190.754745
592.047859,388.388191,154.324356,187.351120
592.822334,381.702797,153.635025,194.100571
592.533722,384.229202,154.192413,190.518890
593.396629,384.112709,153.745529,191.400375
593.761002,381.384819,154.261047,193.363419
593.604088,382.138275,154.831955,192.826416
594.117538,376.042877,154.501160,196.867126
593.757576,378.991310,154.875504,194.773422
594.435158,378.362068,154.851639,195.439865
594.783424,378.562813,154.602310,194.850449
595.311302,379.660072,154.285324,193.533981
595.793259,378.289200,154.301147,194.931366
595.316864,376.317253,154.706879,196.413773
594.772537,376.416748,155.484314,195.548645
593.823479,374.204887,156.861801,198.477859
593.444725,374.540771,157.691696,197.931458
594.330391,376.469727,157.248917,195.875488
595.438530,385.783646,155.673996,186.974640
597.385117,376.851646,154.290283,196.003799
596.945717,383.098618,153.755936,188.684235
597.837265,380.468719,153.073792,192.060547
598.148010,382.587936,153.520782,189.714325
596.470909,377.807785,153.694199,194.428009
596.652802,382.853119,153.704437,188.366699
597.174438,380.509468,153.178925,191.267685
597.154755,379.486725,153.094025,191.927979
597.387306,378.706673,152.452225,193.346786
597.586205,379.886978,152.871262,190.988739
596.761574,379.289505,153.115433,192.137726
597.716835,379.983353,153.447708,192.400055
598.227364,380.289375,153.099197,190.931381
597.710266,380.446144,153.223236,190.833542
597.359680,381.412300,153.124847,190.348984
596.853439,380.936836,153.656311,189.965073
597.152657,377.934395,154.401627,193.402206
598.304214,393.873230,152.483765,177.124084
597.603142,372.723244,153.029221,199.597580
597.323151,374.831551,154.015472,195.171860
597.751541,377.313866,153.189270,192.910172
598.728081,374.466454,153.335617,196.045609
597.070763,392.141113,153.579575,178.353577
596.588921,371.622467,153.796371,199.191711
596.867310,384.487877,153.837250,184.984634
595.416054,372.568184,154.831192,196.202255
594.355217,430.634956,155.709091,137.556625
592.306938,375.161011,156.219467,195.237732
594.567268,422.717514,156.527359,144.599152
590.589943,383.141968,158.715897,184.871460
595.010864,387.138748,155.129974,180.213776
594.633629,381.478943,154.121933,185.469421
592.507729,378.113281,156.182327,189.042908
591.969025,371.943069,156.240692,194.580048
591.963249,378.281448,157.033981,187.441559
590.961082,370.347954,157.565231,194.645218
589.793083,403.205849,156.922958,161.946518
587.810455,377.654892,158.833588,189.564850
589.043015,387.323883,157.583191,178.396362
587.720757,367.693588,158.515610,197.894012
587.784515,385.397911,157.011566,178.941177
583.915421,363.343857,159.133728,202.319489
583.811646,442.472736,157.504425,121.869408
581.893524,369.896355,155.137115,195.311844
578.644104,448.838940,158.206268,115.839149
579.282677,378.628548,155.582321,187.563095
575.292267,446.295631,158.912140,118.233383
573.561661,398.804291,156.082642,167.606812
572.078331,432.657173,157.040756,133.704880
568.163063,369.626717,157.554398,196.494919
566.590836,443.372437,158.353271,120.981873
562.942551,407.685585,160.328796,157.797592
565.586739,445.638393,156.655655,119.740730
561.454262,364.711395,156.696671,199.953308
561.610367,390.443459,155.953613,174.495102
558.197433,366.252838,157.220398,198.601379
555.677994,374.448059,158.656799,188.913513
557.472801,365.964912,157.297958,197.978806
552.348831,368.634392,158.182495,194.501236
552.447731,355.010597,157.691177,205.650864
548.465561,365.005196,159.030396,197.240585
548.240555,357.704872,158.494507,201.679977
545.883141,359.819977,161.279587,200.490417
545.426941,359.741707,160.473724,200.544479
544.661888,359.316818,160.795639,200.617645
542.975243,362.158348,161.276352,196.855057
543.246498,356.620659,162.582535,201.538101
541.060997,363.453629,161.867844,195.108551
543.594627,354.706955,161.749985,202.996063
541.507294,362.196442,161.977325,195.774414
542.736687,354.877831,162.077560,202.305740
540.983452,356.715179,162.758835,201.545593
