0.011741
0.023569
0.022598
0.022368
0.023451
0.024138
0.023155
0.022924
0.022801
0.021512
0.021416
0.022624
0.021703
0.022342
0.029878
0.022620
0.022759
0.021312
0.022426
0.045407
0.023956
0.021541
0.021084
0.021677
0.020772
0.022769
0.020864
0.021364
0.022635
0.024485
0.021536
0.021596
0.026849
0.022657
0.020939
0.034618
0.023194
0.026672
0.022605
0.022226
0.023028
0.027511
0.023174
0.022872
0.022024
0.022502
0.021777
0.022110
0.022472
0.021905
0.020240
0.022680
0.020087
0.029074
0.021999
0.021813
0.021759
0.020968
0.021323
0.020115
0.020551
0.020901
0.021471
0.021626
0.021195
0.021370
0.026008
0.021571
0.021216
0.020747
0.021788
0.021292
0.022019
0.020745
0.029952
0.026680
0.021066
0.020534
0.019532
0.020313
0.021095
0.020725
0.019593
0.020744
0.020746
0.029863
0.021400
0.021291
0.021651
0.020881
0.019683
0.019642
0.020949
0.020932
0.019791
0.020388
0.021723
0.021421
0.022202
0.021381
0.021506
0.021217
0.021033
0.019662
0.021129
0.021277
0.020043
0.021439
0.021820
0.021291
0.021480
0.019673
0.020892
0.021013
0.025542
0.021306
0.020180
0.020148
0.019473
0.021314
0.021276
0.021831
0.021160
0.021251
0.021373
0.021372
0.021490
0.022169
0.021523
0.022978
0.021492
0.019959
0.020539
0.021246
0.019726
0.021385
0.019384
0.019698
0.019719
0.021513
0.020678
0.020882
0.021247
0.020620
0.019862
0.019982
0.019665
0.022244
0.021144
0.027350
0.021845
0.020954
0.020786
0.020323
0.029334
0.020098
0.021040
0.020351
0.021350
0.021906
0.021774
0.021802
0.021946
0.020646
0.022689
0.025466
0.022565
0.021474
0.027381
0.026097
0.022682
0.036611
0.022912
0.025520
0.021801
0.021813
0.022074
0.032817
0.028961
0.027066
0.022031
0.020439
0.022184
0.022007
0.021849
0.020561
0.021322
0.024074
0.027977
0.022122
0.021776
0.022161
0.031529
0.021939
0.021953
0.021346
0.021929
0.021752
0.021990
0.026643
0.043517
0.021798
0.025178
0.021755
0.022837
0.021447
0.021220
0.020998
0.048952
0.023248
0.021357
0.021269
0.033157
0.021280
0.019868
0.019538
0.020780
0.021383
0.039479
0.021537
0.024130
0.021206
0.021612
0.021245
0.019762
0.021032
0.020683
0.024583
0.020697
0.047213
0.019571
0.021343
0.021389
0.021127
0.027348
0.019800
0.021197
0.021057
0.022307
0.020713
0.019919
0.021151
0.029661
0.019763
0.019652
0.020492
0.019475
0.032048
0.020655
0.021421
0.020476
0.020721
0.020611
0.021380
0.021158
0.019386
0.020264
0.019746
0.020151
0.019617
0.020807
0.020993
0.020211
0.020283
0.022605
0.020611
0.019882
0.020879
0.020322
0.021590
0.020771
0.027504
0.021006
0.020497
0.021128
0.035671
0.020483
0.021794
0.020780
0.021859
0.021991
0.021617
0.020442
0.021617
0.049145
0.039193
0.022725
0.020210
0.021768
0.020434
0.034354
0.022540
0.039889
0.030351
0.021978
0.021648
0.050967
0.021885
0.050112
0.022400
0.022081
0.021299
0.021786
0.022337
0.021330
0.022633
0.022783
0.021150
0.037870
0.022163
0.021774
0.022550
0.021901
0.030037
0.023244
0.023101
0.023292
0.021517
0.022933
0.023247
0.022834
0.021471
0.027327
0.030410
0.021083
0.021956
0.023031
0.051195
0.020482
0.022431
0.021712
0.027410
0.022130
0.022771
0.049749
0.021855
0.022291
0.029969
0.021676
0.022036
0.021198
0.020586
0.021017
0.020949
0.020964
0.022335
0.020580
0.032175
0.023074
0.039906
0.021341
0.022713
0.028895
0.025425
0.022938
0.021688
0.022775
0.022330
0.022735
0.022410
0.024171
0.022542
0.021536
0.032706
0.022735
0.022965
0.022497
0.033799
0.021761
0.022265
0.021295
0.037505
0.029585
0.022535
0.029824
0.023825
0.027247
0.023911
0.028702
0.024875
0.024364
0.024041
0.023940
0.030682
0.026921
0.023378
0.025073
0.024205
0.023283
0.031896
0.023236
0.023583
0.024311
0.043451
0.022955
0.024595
0.034620
0.025190
0.024698
0.024233
0.024626
0.023038
0.025586
0.024277
0.027922
0.025195
0.023668
0.023544
0.024287
0.023178
0.024547
0.023224
0.023015
0.023423
0.049487
0.024415
0.024304
0.024347
0.024813
0.023364
0.023820
0.032670
0.023400
0.023606
0.022052
0.022585
0.022219
0.023260
0.023492
0.021707
0.021532
0.022382
0.039166
0.030236
0.023510
0.022880
0.022977
0.051823
0.022730
0.023622
0.028943
0.023756
0.036521
0.023912
0.033952
0.023372
0.023556
0.023580
0.025290
0.023845
0.023237
0.023063
0.022580
0.022745
0.023121
0.021320
0.021582
0.022334
0.023781
0.026824
0.036668
0.023276
0.023168
0.022914
0.022883
0.023130
0.022234
0.023444
0.022530
0.022597
0.024734
0.022722
0.022804
0.022781
0.024175
0.021913
0.023512
0.022366
0.021767
0.025504
0.032216
0.038515
0.023710
0.024050
0.034784
0.029189
0.024159
0.039105
0.023513
0.033310
0.023824
0.023154
0.021983
0.022357
0.023284
0.031045
0.021639
0.051533
0.022471
0.023454
0.022824
0.021654
0.034274
0.022535
0.020509
0.021390
0.022866
0.023311
0.021562
0.022694
0.022694
0.023521
0.022935
0.022048
0.032180
0.022625
0.021905
0.023056
0.022755
0.031574
0.022554
0.022189
0.020849
0.021068
0.022922
0.021681
0.032801
0.020285
0.019769
0.020898
0.020414
0.024493
0.021355
0.019236
0.019086
0.019423
0.020381
0.019763
0.019119
0.019077
0.019309
0.027179
0.026598
0.019907
0.020159
0.019641
0.019685
0.019895
0.019033
0.019923
0.020138
0.020446
0.020833
0.021851
0.025138
0.023034
0.022365
0.040686
0.022413
0.020911
0.021547
0.020961
0.020536
0.020489
0.022123
0.020690
0.022327
0.020619
0.021801
0.022297
0.022116
0.021643
0.022139
0.021367
0.021541
0.021762
0.021845
0.038309
0.022084
0.027714
0.020401
0.021839
0.021499
0.037818
0.021020
0.022353
0.021978
0.021932
0.032316
0.020746
0.022491
0.022180
0.022292
0.022223
0.033229
0.020799
0.022620
0.021840
0.028452
0.021332
0.036843
0.021693
0.026721
0.026762
0.022086
0.027730
0.049309
0.021665
0.021864
0.020966
0.021810
0.021803
0.023022
0.020040
0.021589
0.020953
0.020193
0.020785
0.022219
0.021888
0.021683
0.020659
0.021107
0.020676
0.031075
0.020025
0.022234
0.022268
0.019881
0.021469
0.021783
0.021255
0.021684
0.021349
0.021987
0.020599
0.020138
0.021658
0.022233
0.021769
0.020298
0.022210
0.021609
0.022395
0.020983
0.022792
0.022153
0.020812
0.023289
0.020745
0.022285
0.022787
0.021566
0.022510
0.029817
0.021403
0.030712
0.021091
0.021187
0.022277
0.021387
0.020882
0.022038
0.020457
0.021540
0.022150
0.021970
0.031757
0.020758
0.021005
0.020675
0.020778
0.020850
0.021639
0.021602
0.023354
0.020581
0.021942
0.022319
0.023105
0.037279
0.021925
0.021967
0.021794
0.029559
0.020288
0.041437
0.022172
0.021729
0.020924
0.021931
0.021340
0.021729
0.021313
0.024390
0.021690
0.021472
0.041152
0.021543
0.021923
0.029877
0.021756
0.020862
0.020386
0.022188
0.021624
0.021701
0.029772
0.021210
0.021892
0.022570
0.021868
0.021573
0.021583
0.020919
0.022520
0.020945
0.021709
0.021076
0.022328
0.037432
0.020294
0.020156
0.021369
0.020339
0.021245
0.020937
0.019792
0.029881
0.023244
0.025163
0.025688
0.021776
0.040602
0.031197
0.022711
0.022281
0.022591
0.021363
0.028493
0.021540
0.021504
0.020333
0.020510
0.021687
0.022499
0.021898
0.020852
0.020922
0.029077
0.027359
0.025955
0.020361
0.021441
0.019914
0.020554
0.022351
0.021005
0.020887
0.022579
0.020941
0.021106
0.020897
0.038994
0.025296
0.028280
0.020591
0.020942
0.032979
0.020847
0.021922
0.021978
0.021059
0.022039
0.020364
0.020272
0.021616
0.021574
0.020391
0.024207
0.019798
0.040685
0.019788
0.021369
0.020788
0.021073
0.020111
0.021320
0.021115
0.021101
0.021490
0.022075
0.027333
0.021242
0.021604
0.048153
0.053355
0.051164
0.059843
0.051340
0.064743
0.053516
0.051308
0.050894
0.048077
0.051296
0.049737
0.052854
0.051149
0.050177
0.050871
0.050580
0.051150
0.052823
0.050794
0.050423
0.054028
0.051067
0.052211
0.051572
0.050779
0.050789
0.050702
0.050238
0.051505
0.052755
0.051428
0.050840
0.050097
0.050785
0.051115
0.051132
0.051507
0.051651
0.051156
0.061518
0.051153
0.051169
0.051853
0.051237
0.051224
0.052229
0.050832
0.050900
0.050945
0.050875
0.050250
0.050949
0.051940
0.051922
0.052095
0.052717
0.053536
0.052589
0.052802
0.054014
0.053110
0.051707
0.053312
0.053897
0.053523
0.053031
0.053720
0.051558
0.051317
0.052235
0.055182
0.054143
0.052745
0.051409
0.051484
0.056233
0.053631
0.052068
0.053259
0.053585
0.054351
0.052485
0.052596
0.051840
0.052503
0.053219
0.052048
0.051966
0.054347
0.054784
0.054776
0.051728
0.052955
0.052346
0.052518
0.054148
0.053725
0.053457
0.052760
0.052502
0.053523
0.055395
0.054328
0.052154
0.052749
0.052025
0.056127
0.034243
0.025288
0.027617
0.022804
0.021431
0.022277
0.022613
0.022927
0.022933
0.023530
0.023242
0.027183
0.023065
0.022392
0.022139
0.021219
0.021583
0.021243
0.022601
0.021373
0.022626
0.023037
0.022236
0.022454
0.023142
0.022987
0.023306
0.022604
0.022964
0.023312
0.023470
0.023500
0.023098
0.023624
0.023280
0.023044
0.022932
0.026189
0.022173
0.022074
0.020795
0.021800
0.021695
0.021601
0.022167
0.022050
0.021630
0.022589
0.032054
0.022159
0.022477
0.022553
0.026296
0.020869
0.021836
0.021686
0.022948
0.022189
0.021225
0.022544
0.026403
0.021870
0.021266
0.022186
0.021700
0.022203
0.022161
0.022514
0.023086
0.022401
0.025598
0.022891
0.023031
0.022893
0.022496
0.022053
0.020568
0.022572
0.025835
0.020764
0.021517
0.022803
0.022906
0.021556
0.021858
0.020714
0.022065
0.025443
0.022935
0.031040
0.020776
0.021274
0.021546
0.021728
0.031094
0.021609
0.021333
0.033405
0.021370
0.021190
0.020316
0.021449
0.021249
0.020994
0.021166
0.021041
0.019895
0.021371
0.021280
0.021116
0.022911
0.021931
0.021097
0.021215
0.020610
0.021241
0.020738
0.021559
0.021190
0.026079
0.020955
0.020736
0.019606
0.023532
0.021404
0.021198
0.029909
0.019627
0.026828
0.021872
0.019639
0.021165
0.019904
0.020517
0.021538
0.020874
0.019934
0.020667
0.022326
0.020298
0.020588
0.020938
0.020810
0.021106
0.020917
0.021101
0.020754
0.020763
0.020895
0.020882
0.021397
0.021075
0.027894
0.020639
0.021352
0.019706
0.020948
0.020340
0.020498
0.020639
0.021720
0.020403
0.020759
0.020970
0.019662
0.020428
0.020993
0.020907
0.030665
0.020782
0.021084
0.020971
0.030625
0.020580
0.020588
0.021624
0.019973
0.019525
0.020708
0.021677
0.019967
0.019753
0.020232
0.020854
0.021586
0.020973
0.019488
0.019455
0.020553
0.020936
0.021248
0.020064
0.038957
0.020679
0.026893
0.021066
0.020960
0.021479
0.021154
0.020433
0.021140
0.020347
0.021005
0.020681
0.021646
0.021208
0.020427
0.020784
0.021433
0.019648
0.021209
0.019240
0.019627
0.019511
0.020208
0.019489
0.019558
0.020770
0.020960
0.021044
0.020570
0.018792
0.021586
0.031177
0.019916
0.020304
0.020206
0.020623
0.020147
0.020019
0.021384
0.019188
0.020281
0.019028
0.028360
0.020990
0.020770
0.019932
0.019850
0.020575
0.020303
0.020250
0.020228
0.019373
0.034882
0.019818
0.021212
0.020726
0.020199
0.020202
0.019605
0.020405
0.019109
0.020168
0.021991
0.019998
0.020611
0.030090
0.020332
0.021951
0.021033
0.019706
0.019200
0.022418
0.020243
0.019406
0.020108
0.020281
0.020734
0.019920
0.019905
0.020285
0.020881
0.019645
0.020527
0.019796
0.020496
0.023155
0.020725
0.020032
0.019542
0.029146
0.020225
0.020382
0.019329
0.022659
0.020116
0.019693
0.019572
0.019497
0.021158
0.022836
0.032631
0.021405
0.027768
0.021523
0.020688
0.032466
0.034490
0.020871
0.020632
0.021633
0.020208
0.020477
0.021381
0.024957
0.026274
0.020691
0.020463
0.024175
0.019082
0.019093
0.020493
0.020799
0.020952
0.021380
0.021188
0.020173
0.020618
0.021364
0.020596
0.024262
0.020906
0.021595
0.036376
0.022596
0.021327
0.021105
0.020403
0.020146
0.021101
0.049626
0.021180
0.021151
0.019682
0.021411
0.022164
0.020798
0.019858
0.019160
0.019592
0.022284
0.019601
0.019744
0.021239
0.019804
0.025841
0.028384
0.028523
0.019325
0.019489
0.019413
0.019885
0.020749
0.020435
0.019975
0.020827
0.021633
0.025312
0.020436
0.044934
0.033501
0.021225
0.020895
0.021535
0.019824
0.020105
0.019400
0.021098
0.020866
0.020667
0.020742
0.031542
0.021023
0.020555
0.020120
0.020676
0.019551
0.021244
0.019561
0.019617
0.029995
0.020173
0.023941
0.020838
0.034304
0.019671
0.021676
0.024683
0.025860
0.027444
0.019280
0.021368
0.019700
0.020501
0.019450
0.020491
0.030885
0.025555
0.019851
0.019164
0.019887
0.019624
0.019954
0.019137
0.026472
0.020926
0.022545
0.019057
0.028454
0.022353
0.019068
0.019304
0.019715
0.019074
0.018893
0.021249
0.024646
0.025280
0.026657
0.028097
0.020140
0.023720
0.021794
0.018983
0.021998
0.019980
0.020641
0.020625
0.020191
0.020283
0.019132
0.020660
0.020191
0.020138
0.019287
0.020033
0.019220
0.019991
0.020126
0.020149
0.019999
0.020385
0.020402
0.019877
0.020287
0.020069
0.020616
0.024972
0.020666
0.019142
0.018713
0.020407
0.020375
0.020154
0.020640
0.019051
0.018874
0.018632
0.018876
0.021347
0.020620
0.019158
0.019242
0.019319
0.020271
0.021013
0.019416
0.020493
0.019571
0.018913
0.020703
0.020383
0.020540
0.020040
0.019381
0.019989
0.019961
0.030322
0.019744
0.019488
0.019505
0.020064
0.019963
0.021396
0.019616
0.020618
0.020394
0.020105
0.021294
0.020607
0.021034
0.020484
0.019765
0.019929
0.019475
0.019479
0.031650
0.018653
0.019084
0.020056
0.020059
0.020631
0.020798
0.020047
0.019358
0.019128
0.019587
0.019946
0.019863
0.020567
0.020001
0.019071
0.018836
0.019949
0.030041
0.020521
0.019785
0.020065
0.018669
0.019295
0.018929
0.019267
0.019473
0.022984
0.020909
0.019076
0.018506
0.020599
0.019442
0.020059
0.020060
0.020399
0.018783
0.018878
0.019610
0.019613
0.021414
0.019596
0.018748
0.020354
0.019928
0.020310
0.018909
0.018747
0.020470
0.019853
0.018946
0.020502
0.019695
0.020914
0.020565
0.020866
0.019010
0.018391
0.027741
0.020302
0.020113
0.019604
0.018869
0.020078
0.020017
0.020748
0.020671
0.019740
0.020915
0.019759
0.020313
0.020860
0.019408
0.025328
0.019129
0.018824
0.020442
0.020368
0.019970
0.020409
0.020683
0.018915
0.020581
0.021044
0.020826
0.019338
0.020259
0.019252
0.021074
0.019714
0.021101
0.020741
0.026435
0.021258
0.025266
0.020664
0.020673
0.019729
0.019481
0.020438
0.019311
0.020122
0.020558
0.020943
0.019411
0.020847
0.028666
0.021013
0.020382
0.020770
0.020827
0.020481
0.020885
0.019501
0.020385
0.020414
0.020853
0.020684
0.019305
0.019125
0.021172
0.020298
0.021090
0.020331
0.020709
0.020144
0.019902
0.022317
0.020443
0.033480
0.019475
0.020686
0.021432
0.021089
0.019770
0.020442
0.019254
0.020811
0.020507
0.019451
0.019841
0.020890
0.024170
0.020117
0.036184
0.019946
0.021077
0.028875
0.027127
0.020457
0.020985
0.023479
0.020582
0.021733
0.021642
0.019370
0.019670
0.020513
0.020464
0.022118
0.030863
0.021039
0.019435
0.020346
0.019778
0.034098
0.020222
0.020810
0.030441
0.021292
0.022748
0.020217
0.026604
0.020640
0.022623
0.021841
0.025534
0.020175
0.020943
0.021649
0.021470
0.026816
0.021456
0.023145
0.021680
0.047082
0.023197
0.021014
0.022739
0.022166
0.024819
0.020482
0.034255
0.024439
0.020453
0.021453
0.025167
0.020742
0.019948
0.020728
0.042909
0.020828
0.040722
0.021892
0.021716
0.032238
0.022020
0.021829
0.020259
0.020941
0.020605
0.020365
0.021674
0.020169
0.027796
0.020710
0.022287
0.021928
0.020654
0.020384
0.020168
0.020543
0.021846
0.022935
0.020061
0.020789
0.030827
0.020755
0.021038
0.029893
0.021800
0.021775
0.021116
0.021101
0.022678
0.022318
0.022087
0.021338
0.021604
0.027059
0.022884
0.022064
0.022416
0.021968
0.024171
0.023206
0.030456
0.020769
0.031780
0.021995
0.023107
0.022704
0.022085
0.023037
0.021462
0.021505
0.021436
0.035225
0.021663
0.022297
0.031233
0.022059
0.021403
0.020872
0.020799
0.022089
0.022657
0.022474
0.021191
0.029450
0.022024
0.039229
0.021769
0.040120
0.022240
0.031191
0.022764
0.022451
0.022053
0.023651
0.021493
0.038035
0.022448
0.021670
0.020969
0.030110
0.022462
0.022203
0.022691
0.021657
0.021977
0.022182
0.023065
0.021013
0.021174
0.021673
0.022648
0.047598
0.045592
0.049708
0.029088
0.027898
0.020925
0.022180
0.023563
0.020753
0.020827
0.022439
0.022848
0.027508
0.022590
0.028462
0.020919
0.022418
0.034336
0.022460
0.022428
0.022154
0.022011
0.022119
0.022735
0.021741
0.021932
0.022293
0.022792
0.022202
0.022158
0.021725
0.023087
0.021005
0.021715
0.021850
0.021689
0.027771
0.035418
0.021824
0.021965
0.021687
0.022714
0.022189
0.021916
0.021570
0.021636
0.032326
0.022157
0.023056
0.022110
0.021824
0.021831
0.020421
0.038394
0.022904
0.021602
0.053669
0.022066
0.022335
0.021751
0.021832
0.021248
0.022328
0.022166
0.021498
0.020707
0.022013
0.027695
0.022042
0.029321
0.021451
0.020786
0.021851
0.022153
0.021183
0.022047
0.021854
0.022029
0.022096
0.021975
0.021082
0.021838
0.022001
0.022108
0.021978
0.022184
0.021634
0.021978
0.021048
0.021073
0.041764
0.022012
0.021807
0.036896
0.021766
0.020791
0.019941
0.020253
0.026447
0.021028
0.021870
0.022366
0.021107
0.032475
0.019969
0.021475
0.022230
0.022046
0.021812
0.021191
0.022285
0.021214
0.020750
0.021976
0.021283
0.019862
0.021238
0.021431
0.019885
0.020160
0.021939
0.022471
0.024363
0.021213
0.020508
0.021277
0.020989
0.020367
0.020181
0.022135
0.021615
0.022335
0.021990
0.022265
0.020332
0.021543
0.021440
0.022246
0.021386
0.021723
0.021202
0.020023
0.020597
0.021724
0.022519
0.025443
0.021958
0.021484
0.021865
0.021562
0.020038
0.021679
0.021041
0.021478
0.022159
0.020400
0.020664
0.021064
0.019865
0.030773
0.029183
0.022261
0.021136
0.022388
0.020692
0.020397
0.021541
0.020919
0.021766
0.020414
0.022318
0.021606
0.021391
0.021866
0.021660
0.020349
0.019787
0.028188
0.021289
0.021076
0.021255
0.020476
0.031005
0.021541
0.021992
0.023442
0.021687
0.020919
0.020027
0.024511
0.019769
0.021318
0.022320
0.020392
0.022091
0.025620
0.021438
0.020895
0.020056
0.025527
0.021127
0.020818
0.022835
0.038645
0.048633
0.021708
0.021087
0.020135
0.019972
0.022717
0.021593
0.033807
0.021006
0.021887
0.026216
0.021658
0.034756
0.021967
0.021061
0.021646
0.021833
0.020581
0.021471
0.022156
0.019978
0.021844
0.020214
0.021622
0.022275
0.021399
0.019960
0.030941
0.021283
0.022489
0.019555
0.021478
0.021686
0.021239
0.020001
0.021781
0.024440
0.021273
0.021314
0.021549
0.020204
0.021492
0.022070
0.021358
0.021111
0.021820
0.019138
0.020397
0.019564
0.029342
0.026880
0.021556
0.020832
0.023121
0.021537
0.020568
0.020282
0.026772
0.021877
0.022481
0.021442
0.022178
0.027506
0.022252
0.021462
0.042665
0.022411
0.021809
0.021563
0.022199
0.022203
0.021059
0.020859
