214.000000,192.000000,86.000000,74.000000
212.478622,187.678032,84.931244,76.654831
212.700226,184.843601,86.131683,77.162285
213.334068,185.421936,86.605057,77.235077
213.782658,185.272541,86.368797,78.015923
214.697964,184.982483,85.487099,76.960144
214.574280,185.857422,85.940552,77.130829
213.597298,186.599339,84.739456,76.643517
213.993832,186.611984,84.811714,77.595581
213.615406,186.511951,84.333488,77.799339
212.837440,190.235035,82.936905,76.729424
211.343472,189.385658,82.233467,76.879440
213.248398,187.748943,81.026031,76.329140
212.861305,187.180408,80.478439,77.162956
211.603058,188.743851,80.188049,76.447388
212.785995,187.252209,79.439178,76.280891
212.914177,183.648922,79.197037,77.118080
213.179493,184.220844,77.635185,75.910484
212.635075,185.895832,76.063286,75.876518
212.454185,184.240887,75.023758,76.639717
212.338890,182.233768,73.971603,76.583641
211.842163,183.297626,73.104431,75.804985
211.287086,185.765285,72.881271,75.945869
209.392494,187.949066,73.059616,75.762360
209.291210,187.014164,72.096474,77.256462
209.567455,186.989258,71.683266,77.387970
208.527622,188.383347,72.478996,77.503754
212.892918,186.227753,69.907555,78.712982
213.058918,187.742931,71.265038,77.420021
210.808483,188.986881,72.530525,76.526146
211.255241,187.039845,71.662399,77.476097
211.228088,189.372612,72.074188,77.381699
211.781052,189.749714,71.271118,76.826164
211.617397,189.222176,71.299263,77.303574
212.711861,188.362137,70.619583,78.152374
211.647976,188.990154,71.490700,77.955971
216.287907,186.969437,68.966087,78.409668
215.140846,188.048534,68.681259,77.575661
217.136803,186.567360,65.759323,78.588272
218.101398,187.219139,64.409599,77.934219
219.255024,184.450451,62.559044,79.474800
219.892504,183.991467,61.407681,80.400581
219.766788,184.116638,60.328148,81.285553
219.643944,182.416332,60.240128,82.514992
219.475071,180.108948,59.981194,83.787445
218.860720,178.458286,60.154873,84.980400
219.240915,185.633488,59.467541,81.295830
218.932226,182.787647,60.228779,81.775383
218.650295,181.959919,59.883430,84.224571
217.578712,180.704037,59.946426,83.614845
217.611925,179.539398,59.913021,85.792145
218.173018,184.148972,60.607121,80.198273
218.627289,185.201931,62.742920,79.285896
220.158150,185.138012,66.159988,80.331123
221.369057,182.737022,65.820847,81.770554
221.235615,183.088020,66.785576,82.229324
221.180500,182.219044,69.574944,82.489769
220.475939,180.378391,62.282497,82.614891
219.039968,180.456570,62.354511,81.369606
214.012299,176.914444,67.565094,82.217346
212.461090,177.360569,70.263611,81.066399
211.116978,178.813095,72.744957,82.200439
213.373219,180.063877,71.070488,81.282585
211.322662,181.354702,72.887238,80.944374
211.861340,181.268620,72.387001,80.405327
211.407337,181.922035,72.576073,80.833542
212.328102,184.067814,72.422684,80.470238
213.339535,184.713005,71.550117,80.652939
215.027760,184.439438,70.935539,80.832306
214.353619,182.115025,71.737129,80.747032
215.871265,181.810352,70.951836,80.570244
215.516388,182.499653,71.231995,79.759453
214.345451,182.716465,71.302658,80.429100
212.821239,184.607632,73.034676,79.598854
213.199089,185.050396,73.180496,79.372169
213.340981,183.362820,72.194931,79.739388
215.454670,183.077534,70.911003,79.162743
216.457264,181.883404,69.215202,80.728462
214.751930,182.114662,70.748062,79.200851
215.200745,185.135284,69.735077,78.553040
217.894310,186.256924,66.338760,77.853920
219.020222,183.774055,66.417900,78.994431
219.355572,183.963066,66.043709,77.537064
215.661945,185.678894,69.034203,76.026367
213.960320,184.223732,69.613266,78.372360
212.758698,182.364780,69.577942,79.839348
212.934441,183.543671,69.329208,79.100647
213.110394,178.838745,69.342201,81.711456
213.479919,180.839069,69.917236,80.111443
211.019875,182.593323,71.837021,78.993042
208.940170,181.067863,72.718964,79.250351
210.114853,180.111023,71.149628,79.531525
212.369141,182.355934,68.678375,79.086777
209.295258,181.581486,71.687012,80.847374
209.823627,179.988583,70.663872,78.302650
210.968391,178.678932,69.676987,77.568527
212.359894,178.381844,67.202423,76.451340
210.814529,182.437737,67.736969,76.019485
213.245625,180.871811,65.415398,77.638336
213.401619,178.693558,66.063004,78.256226
209.647675,177.463726,69.433380,77.281593
213.453053,178.956902,65.362297,75.324448
208.955757,180.756607,70.146255,77.341766
210.100677,180.686234,68.999146,76.157959
210.691174,181.201176,69.290596,76.186180
210.538155,183.344696,68.627914,76.971924
209.951286,182.370647,69.005844,75.692207
207.618671,183.600418,70.854301,75.388367
206.965683,184.051079,71.000275,75.561081
208.537216,183.034935,68.506439,76.219955
207.147484,182.072929,69.439682,76.497543
211.721710,182.985950,66.085632,77.360344
206.271545,184.773899,71.297485,75.607628
208.564411,182.733875,68.185509,76.499382
207.922516,182.503063,68.110870,76.717201
205.066914,183.242794,70.635887,78.601662
204.054886,179.552944,72.171509,81.045082
203.463810,180.365582,72.497673,80.164528
206.215950,181.189919,69.566116,79.888168
204.625538,179.012794,72.562126,80.537735
205.611523,180.361214,70.270454,78.683212
204.113094,180.170750,71.357918,80.022667
206.117695,179.315697,69.695549,79.665329
206.157520,179.131680,70.301445,79.734230
204.228073,179.397881,69.042877,78.895828
209.415087,181.574268,63.664974,77.639214
208.696209,178.969624,65.376656,79.037926
207.646507,179.537205,67.081924,77.261711
209.540825,180.126816,64.673172,76.379303
206.472710,179.560688,67.537949,76.661919
208.597229,180.352501,65.595428,76.438370
202.136177,181.124462,71.395157,76.225471
205.929707,180.182102,66.736046,77.981804
207.372147,177.360798,65.931091,76.358147
199.435062,179.851742,73.058495,74.164619
208.106918,179.755745,65.037476,79.862961
204.144226,183.370193,69.287994,75.542877
204.476864,183.802528,67.729317,75.273575
206.535835,184.144711,66.163712,76.107857
206.290295,183.519005,65.942940,75.941422
208.739311,182.896461,64.868576,77.524765
212.236071,181.302914,61.960445,76.973793
205.809490,184.048878,68.306618,77.143578
212.474606,184.059334,62.451790,77.003281
209.011921,181.185211,66.775627,76.499969
205.554771,182.883430,69.427139,76.331131
203.481052,184.706039,69.386803,77.423340
204.526928,183.201263,68.145729,77.646851
203.891296,183.848579,69.653351,76.646469
200.880238,186.014751,71.482628,77.465645
202.075119,183.833366,70.341156,76.738174
202.763641,181.203697,70.437714,77.167435
205.052048,182.911236,67.744385,75.689186
203.813599,183.513485,68.829193,75.293709
197.995094,186.735569,71.782059,75.578056
202.636101,185.415119,67.629227,75.371758
201.693336,185.372822,68.241257,75.504539
203.611942,185.736523,67.624168,75.311684
202.939705,185.773785,68.089066,75.474495
203.808167,186.728981,68.308685,76.319504
204.428200,185.651592,68.273666,75.608162
203.425194,185.385948,69.822861,75.761703
203.286377,187.478851,70.201385,75.747406
202.895126,185.625134,70.868530,76.737679
203.780098,187.557705,70.639816,76.325661
204.401985,186.858521,70.559555,76.257050
205.061970,186.436699,70.509026,76.397964
204.120922,186.185474,71.134773,75.849052
203.590572,186.480568,70.946114,76.343155
204.557961,185.657089,69.908798,77.155304
205.476620,186.713432,69.099525,75.899368
200.650429,189.223869,72.765701,75.976730
203.179775,188.677994,69.800575,76.489227
204.675331,188.069267,69.353012,76.304306
205.732483,188.950794,68.929779,75.304802
202.494259,189.092247,71.657387,75.346146
205.603172,186.023380,69.553940,77.547142
206.992317,183.832867,69.239578,77.715858
207.212273,186.237312,68.523819,75.592667
207.100185,184.194801,68.670784,77.892654
209.052116,183.669640,66.889420,77.504288
208.361729,184.762093,66.781853,75.410263
207.917446,184.103321,66.527565,76.136803
208.798878,182.282898,65.843712,77.485199
205.244709,183.371906,68.998253,77.784203
209.127750,183.372459,66.229820,76.535324
209.294796,179.209995,66.284950,78.044792
208.975609,180.597984,67.017319,77.901413
210.143532,180.430931,65.244858,77.520432
209.164734,183.557686,65.043030,77.717728
210.285225,182.157330,64.875015,77.581306
209.790543,180.952621,66.055389,78.513336
210.017738,181.006519,65.733871,77.407036
209.424885,181.470974,65.388176,79.116158
209.891018,181.776348,66.047951,78.412392
211.357048,181.132877,65.469650,78.956200
210.096268,181.431744,65.361694,77.274391
208.627388,183.077820,66.381241,78.692352
208.309025,185.846039,66.201683,76.782043
208.974056,183.423294,65.120705,78.246826
208.488548,183.611153,66.152390,78.868973
207.461845,182.532478,66.402847,81.823746
209.341484,183.760357,66.514816,80.241615
210.425755,181.167366,66.351860,82.071915
211.487053,179.626614,66.555954,81.608406
210.896019,179.427132,66.584183,81.387161
209.826824,180.495628,66.822639,81.306442
209.847576,181.048462,66.722054,81.791718
210.139874,182.199619,66.871132,80.998802
209.425995,181.967808,67.075989,80.984093
212.597301,178.417171,67.420021,81.736885
212.137505,178.962749,67.664688,81.005745
211.783997,179.994778,67.423828,80.411415
211.086098,179.117352,67.847610,80.706795
211.465919,180.111961,67.700943,80.477768
212.088070,181.425503,67.794533,81.578682
211.986786,182.163956,68.541809,80.797211
212.235817,183.011753,68.611160,81.200798
212.545872,181.021179,68.819298,81.426117
213.764767,183.371246,68.798653,81.248260
213.344280,184.293167,69.400520,80.990265
213.401955,183.256203,69.604385,81.012100
214.474010,180.604298,69.436836,81.245262
214.254414,180.776085,69.120567,80.928177
213.744083,180.734356,69.138908,80.941963
215.596180,181.779316,68.198601,82.218102
216.711994,182.026989,68.195274,81.205666
216.745811,181.459728,68.139877,82.388374
216.141685,182.391842,68.361496,82.707649
216.500050,186.589634,68.522484,81.869499
217.221622,187.441681,67.833488,81.743774
216.764954,187.147816,68.356995,82.202873
218.993622,189.756310,67.748657,82.317001
219.409569,190.206970,67.750900,82.058350
219.011509,192.127533,67.501030,82.110931
221.245983,192.125427,67.084511,81.846893
223.149715,190.410763,67.220619,82.488716
223.369530,191.351589,66.903183,82.978798
223.697002,192.463676,67.062691,82.991470
223.386257,192.776318,67.409737,82.365120
223.887688,187.621071,67.929062,84.602982
223.789165,188.075001,67.798286,82.217278
223.192497,192.043507,68.231766,82.087669
225.089905,191.950466,68.110352,82.685249
227.399891,190.239578,68.438927,82.663940
229.201958,189.095013,67.500717,82.142311
230.900635,188.611362,68.032623,82.230186
230.885452,188.909836,68.250580,82.017761
232.262966,187.814541,67.735603,82.387733
232.293346,187.814312,68.169991,81.965126
232.647388,186.182083,67.861229,82.385468
232.319195,187.065449,67.315773,83.394463
232.801937,187.684086,67.180214,84.380913
232.650364,187.566269,66.816216,83.439209
232.655609,187.479130,67.012573,83.746574
232.734440,187.457012,66.237175,84.590492
233.843372,188.370678,66.204857,84.104439
235.010044,186.881603,66.104240,83.330452
235.726536,186.264503,65.327599,83.775192
235.614601,187.913570,65.169540,84.692268
236.587181,189.829227,64.905350,84.492180
236.546215,188.241791,65.603340,83.782654
238.486401,186.517666,64.502205,84.477547
238.447617,187.180092,64.884644,84.698563
240.584713,188.365017,64.348305,85.201576
240.859482,189.656765,64.647156,85.308601
241.750122,189.002937,64.622772,84.225876
240.378494,186.750175,64.690857,86.233139
239.734753,189.733131,64.812172,85.009720
239.955635,189.731979,64.711197,85.392639
240.207672,191.057446,65.008118,85.646217
239.123688,191.459381,65.061554,85.529663
240.520382,190.264809,65.261818,84.624802
241.839294,191.994530,65.412292,84.803726
242.721607,192.926971,65.131401,84.606384
243.070770,192.725937,65.925079,84.100220
243.033028,192.980118,65.927200,83.200592
243.042282,192.938801,66.080688,84.214806
242.211979,193.398571,64.859123,84.325783
241.793636,193.460442,65.024117,84.661850
242.270473,194.330105,65.348763,83.229256
242.869995,191.912632,65.792084,84.870079
242.713329,193.110489,65.223946,84.602325
243.337860,193.395451,65.177582,83.654808
243.025051,190.367245,64.510048,85.885658
242.628254,190.981285,64.840416,85.077682
242.463573,192.331760,65.046242,84.792015
242.752609,192.442657,64.831024,85.233795
243.830688,194.187870,65.019897,84.225151
243.589798,195.417789,64.947632,83.697990
243.250622,196.572384,64.729805,84.550911
243.051048,196.549397,64.972672,84.569389
244.897991,193.928776,64.452766,85.426872
244.107975,196.027264,64.823631,83.741371
243.560276,196.682514,64.564568,83.960899
244.424076,193.602047,63.917046,85.169960
243.646126,193.532860,64.157974,84.383408
243.117811,195.509518,63.396702,84.611427
242.532475,197.101048,63.654564,84.230766
242.704140,193.031582,63.278305,85.243874
242.830122,195.463524,63.437260,83.540298
241.209499,195.694195,63.535927,85.283363
241.658283,195.353333,63.798058,84.430603
240.904705,196.901039,63.384865,85.608505
240.787666,198.782196,63.616348,84.295044
241.170334,199.192886,63.910431,85.010529
239.884083,197.895111,64.181694,86.281158
240.103050,199.116482,64.611038,83.483070
239.389526,200.463741,64.694305,84.083107
238.837696,199.796631,64.662773,84.416473
239.716156,199.201683,64.633148,83.422653
239.739197,199.489513,64.595947,84.569344
238.985100,198.317539,64.966263,84.738182
238.107998,198.729179,64.674385,83.921066
237.360096,199.039101,65.406822,83.740128
237.007263,199.212116,65.440460,83.614891
236.842545,200.731949,64.920624,83.643066
236.922607,199.899174,65.257019,83.658409
236.504353,197.704723,64.869713,83.941475
237.839443,199.548038,64.816536,84.101891
237.245289,199.562859,65.182121,83.816605
237.057468,196.798225,65.280663,84.784286
235.960205,197.736576,65.309784,83.869530
234.709499,199.747669,65.670235,83.715874
234.439285,199.671909,66.379486,83.513847
234.348480,199.089310,66.977936,83.211884
233.340126,198.447598,67.007706,83.721779
233.053585,199.857452,66.926826,83.880096
232.948711,201.193626,67.637764,83.839706
234.954372,198.838898,67.122536,83.493713
235.050270,200.103340,67.118698,83.254745
233.888851,199.095566,66.916573,83.456421
233.902164,197.507751,67.814384,83.266266
233.380856,198.095005,67.019691,84.113091
232.457764,200.022892,67.817078,83.743858
234.126060,197.940563,67.416519,83.179024
235.282608,197.608154,67.021454,83.541870
234.607265,199.937870,67.227058,83.237785
233.934589,199.782417,66.290886,84.081345
233.480476,199.881042,67.231918,83.509552
234.353214,200.560158,66.845421,82.392715
234.665638,200.969414,66.747124,82.898026
234.634617,201.725945,66.682854,82.425369
234.692879,201.540337,66.771805,82.812881
234.263622,200.493595,66.908089,83.255272
233.914207,200.959801,66.848160,83.251663
233.985485,199.457188,67.587990,83.402733
233.535629,200.520683,67.199982,83.696701
234.248882,198.922073,67.313576,83.146332
234.871185,199.386986,67.548981,81.591690
234.293175,199.449108,67.616653,82.091652
233.708656,198.744812,67.925278,82.011169
233.815056,198.872322,67.781662,82.813278
233.791794,199.778816,68.228546,83.291275
234.410542,199.626087,67.932732,81.497429
233.761162,199.541672,67.495560,81.963348
233.353321,199.596588,66.927544,83.872772
233.117268,199.726555,67.342705,81.815567
233.111252,194.968014,67.683838,84.216682
232.697079,198.453274,67.576851,82.759865
233.208576,198.053955,67.558342,82.724335
233.219082,199.787731,67.477821,83.412453
233.906281,198.963566,67.295868,82.269188
234.602692,198.159405,66.635834,82.627998
234.627766,198.857693,66.678154,83.722328
235.347416,198.161751,66.780602,83.185257
235.837971,198.371643,66.280724,82.907013
236.095436,197.106022,66.932877,83.653831
235.921432,197.651443,66.410492,83.902313
236.073753,197.421013,66.091812,83.671097
236.452652,199.202023,65.987793,84.194862
237.162216,196.587223,65.858368,83.981743
238.312050,195.598053,65.303940,84.164581
238.327686,196.612034,65.517662,85.097099
238.436390,195.906597,65.158714,84.311378
237.432682,195.661030,64.855644,85.341331
237.653114,197.357571,65.152512,85.076057
239.224411,194.923435,64.481171,85.255547
239.584019,195.978378,64.375511,85.359894
240.124050,197.504280,64.336555,84.391129
239.986546,196.868073,64.074211,83.474670
239.417046,198.279694,64.162399,83.874695
239.418304,196.751060,64.119843,84.718704
239.597839,196.982849,64.774902,83.458252
239.188141,197.561192,64.943390,84.035027
238.999653,195.738659,64.948631,83.483345
238.343987,195.702293,65.446152,83.899948
237.207066,195.985909,65.855309,84.078598
236.682648,193.926952,66.203094,84.459267
236.673500,194.050667,65.814926,84.942459
236.909966,194.559475,66.302475,83.491707
237.260098,194.971405,65.786873,83.553040
236.579781,195.089108,66.084183,83.852058
237.555775,194.793022,65.779961,83.728439
237.786964,195.498974,65.598709,83.475716
237.385456,194.576534,65.266075,84.532265
237.747784,195.209625,65.091133,84.546509
237.337887,195.837898,65.034431,84.464310
237.893841,195.120811,65.096626,84.784744
237.708679,196.079887,65.002411,84.555008
238.399578,195.338326,65.350075,84.094437
238.097923,192.044422,65.244095,87.289024
237.612827,191.157806,65.050072,88.011108
237.475262,192.487873,64.997536,87.354851
237.793793,192.137741,65.343292,86.549347
237.292496,192.288342,65.303284,87.250465
236.188267,192.434479,65.447380,87.502197
236.311623,194.655647,65.901138,86.783951
236.593204,192.315231,65.752190,86.532410
237.547306,191.913551,65.354362,87.355820
237.039021,193.013393,65.913689,87.205513
236.427883,192.029335,65.321388,87.040421
235.251549,191.321468,65.962173,88.088509
234.858627,193.978176,65.673828,86.621193
234.121113,194.452293,65.692650,87.564651
234.961285,193.931381,65.645485,86.522919
235.880413,193.352009,65.695869,87.448906
235.830502,195.592583,65.237129,86.924332
234.851383,193.324932,65.174980,87.268013
235.224037,194.926388,65.259476,87.225441
235.122906,194.552299,65.250618,88.160629
235.428703,194.460274,65.404373,86.917740
235.633579,196.653610,65.282066,87.250519
236.118439,196.428524,65.119263,86.720863
236.090561,194.180031,64.847229,87.337540
236.442226,196.169201,65.865364,86.441444
238.281956,196.321110,65.087822,87.196922
237.732258,197.704132,65.040855,86.742188
237.328392,196.115170,65.010239,86.625313
237.276218,197.448971,65.492790,86.992653
237.713387,197.495270,65.448013,86.442871
238.079750,197.140385,65.903519,86.037956
238.309895,194.847294,66.154411,86.287498
238.603809,197.449883,66.822380,86.611832
238.437946,197.792145,67.289635,86.018280
237.842213,198.877010,67.780846,85.548683
237.559780,198.192974,67.678963,86.771034
237.657120,197.946262,68.388672,86.350456
238.026699,197.369247,68.464241,86.750793
237.451954,198.406265,68.621330,85.795074
237.811047,198.716801,67.871010,86.407280
237.981102,198.741516,67.567062,86.508667
239.091404,195.702431,67.873436,86.923264
238.369461,194.962505,67.871979,86.494637
237.725975,196.523415,68.151505,87.466904
237.877197,197.819866,67.895538,86.446388
238.059757,198.394386,68.275444,85.255722
239.006905,198.645325,67.762009,86.007507
239.880981,199.585529,67.963654,85.970085
241.024422,199.477367,67.951584,85.308754
239.913601,197.741344,68.068977,83.838539
240.082977,198.121147,68.099182,83.768692
240.003487,198.981201,67.650925,85.284363
239.735039,197.717251,67.416672,84.428505
240.785534,197.145699,67.396126,83.650345
240.351555,198.441078,67.305283,85.109421
238.140587,199.659382,67.223160,83.727959
238.297565,198.465145,67.235558,83.711922
238.168812,198.357677,67.578667,83.791664
238.886654,198.572487,67.768379,83.951157
237.867069,197.731785,67.102867,82.797447
237.150902,197.496536,67.574814,83.662781
236.393562,198.806484,67.442795,84.815193
235.603954,199.306026,67.884712,83.845680
235.587734,199.722618,68.433296,85.005692
237.012428,199.694370,68.017075,84.137749
237.104141,199.397697,67.673218,85.491959
237.368790,199.194241,68.081177,86.429848
238.158203,198.623161,68.839386,86.168472
236.964069,200.062172,67.907921,87.259476
237.540859,203.731823,68.240822,85.284401
237.453056,203.604305,68.721786,84.433815
237.795910,203.965736,68.577492,84.535934
237.006939,203.318623,68.224648,84.122185
236.962704,204.081181,67.497688,85.002342
236.871864,203.146942,67.953690,85.092224
237.163391,203.724865,67.895599,84.582771
236.894089,205.282284,67.255554,84.741982
235.894657,204.119625,68.471825,83.288155
235.901840,202.556908,68.318604,84.133194
235.869717,203.108936,68.139961,84.300072
236.155602,203.776672,67.564590,84.383087
236.178860,204.376507,68.229958,83.303658
236.365009,201.644463,68.781029,84.500259
236.174713,202.239048,69.426514,84.542076
235.157013,204.655098,68.822449,83.817459
236.528030,205.405212,67.463104,82.285492
236.695366,205.616203,67.320572,82.867783
236.930283,202.548206,67.538391,84.071556
237.042484,204.213093,67.948753,83.294701
236.643257,204.130650,68.189621,84.297386
237.533073,204.296097,67.449509,81.607880
236.529076,203.618263,67.400131,82.000748
236.660831,204.104931,66.296135,83.432045
236.141163,206.089058,65.890678,81.941849
237.446621,206.239559,64.932076,81.348610
237.070095,204.714314,64.007698,84.272911
236.096569,201.690910,63.724403,86.176498
236.169950,203.557060,63.648563,84.868942
235.080452,205.485264,64.486740,83.289482
235.128269,198.723843,64.084435,88.791847
233.574028,200.420643,64.465408,87.504539
233.245323,199.446026,64.396591,88.593117
233.730419,198.471531,64.456276,88.026115
232.900009,201.335724,64.511505,87.436646
232.642990,203.076534,64.807068,87.414253
232.376347,201.844578,65.294884,88.459679
231.914009,202.693348,64.781509,87.281090
232.223820,204.939156,64.873650,87.252029
232.627666,205.592686,65.611519,86.121178
233.593430,201.310242,64.799408,88.419556
234.204117,207.028099,64.327515,84.973160
235.262459,205.757469,64.351639,86.605515
235.787277,201.629131,64.157715,89.703133
235.408863,207.998455,64.131126,85.397774
234.951488,206.032612,64.314278,86.700310
235.237858,204.402500,63.121696,87.005089
235.159769,205.337872,63.161663,86.290413
234.353407,207.556072,63.111790,86.241463
235.135468,203.356438,63.792267,88.265671
234.485859,205.385593,64.186760,86.581383
233.817482,207.915932,64.517319,86.392960
234.890057,205.045712,64.468941,88.186134
234.453972,204.974228,64.928421,86.854614
233.472012,206.418514,65.223640,87.295326
234.258869,204.517361,65.144493,86.747108
232.948891,202.041233,65.639908,89.526299
232.144901,205.804287,65.926018,86.870674
233.524296,202.724125,65.339500,87.771812
231.451397,203.339687,65.183266,88.338020
231.412663,205.819859,65.179039,85.110222
231.212067,203.526516,65.293793,87.510628
231.359047,205.500397,65.172928,85.338928
230.332516,202.322701,65.625313,88.708817
228.842930,203.947945,65.985069,87.693710
228.759861,204.580158,65.687157,87.141441
228.830212,203.941708,65.435463,86.995705
228.559525,206.427269,66.103363,84.380051
229.212540,206.393032,65.931915,83.658485
229.967270,205.514881,65.990601,85.055565
230.630791,204.744228,66.172958,83.847420
230.451923,205.965527,66.323875,83.429634
229.375862,206.775120,66.664841,84.184380
230.021076,204.326229,66.739403,85.468910
230.756458,203.852314,66.644249,84.063530
228.874481,200.332325,65.187683,89.246788
229.053169,207.704483,65.246902,80.756683
229.046276,205.476131,65.127022,82.641518
227.969393,198.080841,59.840694,89.957764
226.894720,202.321247,57.519703,85.339012
227.097696,201.139954,53.373089,85.593536
222.537041,197.584373,51.578903,90.065872
222.714476,198.518513,47.907047,90.596733
217.942999,194.386398,48.771473,94.139832
221.507523,192.129639,45.620453,97.937653
222.351450,196.598408,42.511028,93.736809
217.712557,194.662323,48.527431,95.396973
215.095892,197.024570,57.182148,89.989677
207.276276,203.382397,68.053467,86.205116
200.554699,197.591282,82.512062,95.129204
194.905926,197.248417,91.908241,95.426323
188.196735,197.354912,100.426659,95.779556
187.757919,197.387520,100.254211,94.152206
175.835728,195.146233,110.985924,98.062790
173.401005,196.663147,116.690269,96.337860
171.436157,194.799683,119.295319,98.254974
169.962372,194.216827,120.339203,98.249542
170.915924,194.682274,118.757355,97.653305
172.132481,196.340672,117.260582,95.192162
176.588520,199.260357,114.033562,91.892464
181.751759,200.283924,107.864616,91.302055
189.384556,201.644627,99.943169,90.072929
197.727131,201.699696,90.635857,91.292351
206.675934,202.776669,80.483246,93.883553
213.497028,198.017708,73.165825,101.456528
220.657932,201.801922,66.321556,99.815956
225.402571,203.761127,62.511448,100.585960
225.864382,202.419308,60.845913,101.853279
227.566898,204.654907,58.294884,101.955994
226.673416,204.888447,58.662659,102.046440
220.055202,200.516911,64.533852,108.139366
222.999813,199.512707,65.353218,106.817451
211.861216,195.417667,60.920452,110.602837
214.431980,195.332706,60.649498,113.415581
216.257730,200.973145,53.141766,108.109650
200.049210,185.784870,80.747192,121.335106
206.395306,192.313629,59.560890,116.281708
201.649586,187.653435,75.873863,120.675949
199.252392,185.880772,75.610512,124.090599
197.701244,185.213520,60.274239,125.624443
197.876106,185.433540,73.944290,125.614151
197.590107,185.699108,67.271599,126.825172
197.588017,184.370079,68.224144,128.008469
198.414005,187.114517,66.586205,124.130890
197.623837,186.485649,75.228981,125.177567
197.036411,192.538525,74.520958,119.009132
195.532959,188.323811,70.201202,123.261162
197.058655,190.649208,85.956390,122.538773
199.308567,191.163414,120.448509,121.903976
200.506012,196.167213,121.034088,113.966263
202.204311,197.725994,115.162819,116.570808
206.844028,198.320953,103.444847,119.468781
211.603359,201.985119,87.615578,127.112801
216.250584,208.750572,70.948509,137.696213
215.534340,209.803078,72.196793,136.043716
215.740067,211.362495,74.425537,139.332657
219.493809,212.217003,71.150108,142.071762
217.884033,213.852509,73.317200,136.823486
231.507587,214.145424,64.517906,143.783676
236.520370,215.171509,72.211609,143.081451
242.756012,215.259438,79.686493,144.728592
247.336315,220.290390,83.359993,139.709610
248.928062,232.363419,91.419968,127.375931
254.366211,233.908829,102.015411,125.538040
259.665741,239.184494,113.396088,119.668716
264.337257,236.890057,125.923477,121.420128
269.528282,236.603954,137.726547,123.003685
276.593582,242.354763,147.441711,116.491508
283.579193,241.510017,156.795074,116.533783
292.542503,247.994236,166.716721,110.211098
301.439194,258.034061,174.148987,100.916969
308.167641,270.063389,171.832359,88.917824
307.098385,265.765476,172.901615,92.625404
321.579153,252.469086,156.116226,106.695419
328.207685,250.225323,151.396149,107.863487
333.656935,249.442711,146.343065,108.240906
335.507674,249.166714,144.492326,108.963615
336.275657,247.022549,143.724343,111.002068
335.917843,237.048939,144.082157,120.691292
334.912687,235.650757,145.087313,122.669418
337.763205,223.564835,142.236795,135.146317
340.329845,223.299278,139.670155,135.069336
342.867460,220.504128,137.132540,139.015778
344.647551,228.054581,135.019135,130.231277
345.111106,223.432373,134.888894,135.052780
342.286884,232.725437,137.331650,126.064430
329.607669,213.506378,150.392331,143.819138
329.166002,216.808136,150.833998,141.612534
305.716431,203.677643,153.459824,147.263657
291.783959,204.144119,151.597778,143.970840
281.392922,208.174377,137.115265,143.877853
275.580331,216.702896,144.047333,136.591202
267.335358,220.201111,150.255783,136.154648
262.324807,218.460312,141.156342,139.669266
252.844254,227.752563,146.814346,130.617538
248.709466,240.889107,162.925354,117.850555
251.636170,239.836792,144.923996,120.163208
261.699647,248.452454,154.426682,111.547546
266.592316,256.453430,149.824936,103.487000
274.366692,257.340061,140.740112,101.528252
284.491029,253.299973,118.157455,105.095367
294.522691,236.429356,120.310013,122.230705
295.775510,245.380543,125.097710,114.244408
293.736112,223.111229,116.684319,109.072952
267.897912,190.219521,135.774658,130.878036
266.130975,188.495163,147.648621,122.151093
267.474053,195.112232,153.848083,110.988182
249.700089,177.806499,157.449295,98.203224
249.474786,185.232250,132.540527,99.278297
251.568597,190.947186,219.158875,118.423256
253.511056,187.762753,150.378387,91.127205
258.953992,192.064983,125.221886,83.725075
265.693673,192.947083,74.160553,75.132477
281.461274,203.872513,66.138443,70.622284
272.877055,204.176426,63.313442,73.363152
263.465403,200.514378,61.604336,81.955009
261.958329,203.765724,80.566544,88.993851
257.731686,198.921043,78.460075,90.574844
259.921803,200.084774,101.626961,100.108376
255.112218,195.731125,90.961922,101.650543
256.655202,196.834595,126.609718,98.835907
254.746552,190.906303,103.931290,108.274887
251.707173,188.879517,81.266548,105.382538
248.519166,192.447277,89.360550,102.324501
242.433232,193.112984,90.245857,101.326035
240.111913,193.101475,89.715919,102.562401
235.323602,194.915443,87.667236,99.406235
230.279641,196.383682,87.415100,97.207214
226.704514,195.372833,85.761368,97.285217
225.737531,196.331871,84.353783,95.174423
223.309823,196.767117,85.547546,93.485176
221.010758,195.127987,84.356277,93.163063
221.506081,195.203857,83.942322,93.463318
218.787454,192.372738,80.835205,94.430519
217.750314,190.153053,80.210205,94.076126
220.102300,188.165878,78.144295,92.368927
222.566388,184.139706,77.547478,92.804237
223.281915,181.086197,76.745026,94.151367
218.956937,182.758507,78.491295,94.369583
218.345284,180.747345,77.631500,93.107147
221.305848,173.619534,76.835434,95.038124
218.274667,175.812340,77.617615,88.363907
215.502801,179.514465,76.761261,85.833710
218.795270,178.884762,75.145256,86.562111
217.153092,181.649502,73.890671,83.250038
212.698575,177.779514,71.776817,86.576622
212.112717,180.205700,70.877090,85.625740
211.994790,180.709167,70.288025,85.634003
211.102637,179.995327,61.675663,81.509224
210.779273,183.828144,56.904972,79.140312
208.038192,182.678753,55.274158,81.493172
206.747643,184.227268,52.778015,79.050896
216.136584,185.757320,42.677227,79.305733
221.495810,184.116772,36.270023,79.659248
222.052556,184.800617,34.805061,76.610741
215.782334,178.766674,38.762161,80.834633
218.769168,177.511623,35.146770,78.998573
214.364940,176.709915,37.044491,78.386902
210.846110,177.620556,38.151821,76.380531
215.466206,176.613644,31.947304,72.942360
215.673440,177.145813,33.130920,72.191101
214.116593,179.196659,32.754227,69.852043
217.789038,178.710831,29.352728,70.466370
213.599538,180.115486,33.687462,67.004395
215.662268,177.900566,30.655508,67.967880
213.979400,178.215130,32.748829,65.209328
218.477375,169.056278,30.658106,64.617943
220.395662,169.257914,30.924681,62.435818
220.324582,168.450459,32.897728,65.271645
220.615718,171.187771,33.842800,63.241203
218.086686,173.831917,34.759720,61.188766
216.174409,171.528145,35.240250,64.972183
214.217154,178.983583,34.082600,56.619015
213.061860,174.930582,32.323761,59.308514
210.667515,180.338131,31.590204,55.575493
207.299937,184.335409,32.158810,54.771000
203.472129,181.752684,34.233097,56.340076
204.290553,183.568779,32.580639,54.710297
205.125250,183.561747,29.423986,52.173946
190.755542,181.533699,41.199200,52.950806
189.276543,179.502426,40.086060,53.750320
182.175391,179.166656,44.830021,52.702682
185.897731,175.543720,41.080273,52.210579
182.396867,171.463221,43.971832,53.192120
183.504727,171.030628,41.157356,51.783348
181.859856,170.601946,41.504593,53.251720
180.602786,170.081429,42.116039,54.874695
179.933204,164.799700,44.193882,57.821117
179.867801,168.979424,43.621685,55.244293
183.197339,173.134851,41.177269,53.256344
177.714099,173.697783,46.029949,55.116459
177.099492,171.426924,45.812721,54.132084
174.440270,168.796570,48.137939,56.180496
178.172030,170.578672,47.772259,50.295002
181.555938,170.096611,48.462132,49.452240
186.446534,172.493916,51.965698,49.302361
190.919543,172.148132,51.155422,46.826462
203.364648,164.430485,53.206894,46.626259
214.245654,153.732727,53.968716,47.290115
218.009522,150.480639,59.794342,47.154049
223.324759,146.624060,61.622761,48.721149
232.253859,143.375711,60.044834,47.979565
237.903655,146.064566,58.992039,46.546803
236.993226,149.096212,59.905548,47.424702
232.885083,155.224840,60.655281,47.191280
224.514741,160.561165,63.815048,45.723282
218.306092,161.124716,64.974594,47.501514
217.581899,161.318682,66.931221,47.413998
204.726708,158.610514,70.642456,52.663128
197.819692,156.725107,73.074135,55.417828
193.699723,162.453760,74.002823,52.183575
194.491155,165.500570,75.352364,51.781574
195.791905,166.205545,74.989418,51.650799
196.595681,168.520077,74.156799,49.706306
195.735043,169.103872,72.950188,50.688282
193.884820,166.428091,64.130005,52.491596
178.856980,163.189621,76.975510,52.765320
172.457686,162.256208,52.590900,51.085361
176.722119,163.286442,82.945671,50.703300
188.255906,168.204699,75.938858,49.907742
190.538312,174.799274,77.106651,47.846733
190.929528,172.392103,79.836029,53.258457
191.982713,172.122461,79.345169,53.190258
195.304349,179.977335,79.293602,53.214397
197.941605,187.567266,76.389694,49.168293
198.172559,190.247353,73.845818,50.061203
196.699658,197.357574,74.804527,48.738983
195.934747,198.014462,75.535858,51.487648
192.934724,191.077667,76.456741,53.940094
192.597627,186.653498,74.716171,53.426983
189.219525,188.902550,73.639427,51.577957
181.586469,191.095984,74.993828,52.521473
178.404755,192.301043,74.645493,51.961361
176.256814,181.970581,73.574371,63.163025
170.092549,190.990868,73.867317,54.109818
163.865765,185.298172,72.592369,58.302429
158.388860,192.516716,72.223549,52.276108
151.785415,191.261606,59.865437,54.956249
145.982400,196.839205,44.037567,52.253475
141.124352,195.606205,64.734818,53.967583
137.432111,189.712950,63.991982,60.482334
119.742301,188.782877,53.055500,62.563915
121.597909,193.688883,66.179062,60.597240
119.630380,192.563850,52.112686,64.362167
116.453027,202.984911,64.220840,57.315273
114.904391,198.371853,61.464809,62.577248
114.335658,196.237267,57.527996,64.113327
106.745206,192.673912,49.254677,69.014847
109.760091,198.128452,57.073051,66.921715
111.577653,198.120140,49.230347,64.543625
113.275161,198.326057,51.846592,63.832748
111.838292,200.435198,52.005974,63.786648
108.772302,199.849873,50.698807,64.122765
107.990558,198.362799,50.110226,63.792500
106.605668,198.039658,49.846497,63.584869
106.422564,197.302414,47.320248,65.041809
106.343474,197.405407,46.269352,64.900368
107.361766,194.434128,44.471630,67.342987
104.834988,190.286503,43.889656,69.752434
102.616588,190.925106,45.215435,70.367226
102.541665,194.466396,44.356094,68.908882
102.385445,193.662884,44.447433,71.286476
101.708463,191.514877,44.289497,71.948395
102.912906,187.107716,43.044094,73.623772
102.975322,191.001125,44.449261,72.219734
100.661040,194.989422,44.275120,73.188789
98.960130,196.560791,44.456512,73.798462
97.628674,194.099319,45.830116,75.114502
95.123435,193.175690,46.032368,76.003296
92.937602,194.404858,47.522900,77.560768
88.504229,197.506546,47.917233,76.341339
85.942778,193.787998,46.600346,80.482353
79.842702,192.392418,50.635735,81.653702
78.280415,193.378708,51.349052,81.665497
76.219746,194.903965,52.146965,82.967430
73.116977,194.894005,53.279629,83.894882
69.057973,193.005886,56.897911,85.109200
63.072427,193.689137,60.250320,86.509697
57.303325,194.253521,62.446972,87.345863
52.607015,198.726719,64.118462,84.816734
42.955933,203.974998,68.319824,85.234543
35.995541,204.016460,68.105049,87.798225
32.965543,202.156620,70.792397,90.478264
28.129395,201.254272,74.461761,94.033112
19.330792,203.396576,79.222328,94.099304
7.122529,205.463375,84.292267,96.316261
4.064954,207.017467,82.720528,100.392433
2.545228,213.041592,77.420563,97.286690
0.000000,216.083084,73.547414,98.056976
0.000000,219.440529,66.666605,95.512283
0.000000,221.474396,64.031488,94.024628
0.000000,225.320103,60.493989,94.294670
0.000000,227.522114,55.210814,87.123497
0.000000,226.167622,50.709859,85.509148
0.000000,225.207550,47.057061,89.480652
0.000000,223.730949,43.181319,96.104507
0.000000,206.420128,40.491557,119.373764
0.000000,204.285156,35.761549,121.832245
1.992041,199.780537,38.854126,115.790062
0.000000,205.249531,23.690400,120.896385
0.000000,216.133095,48.438855,106.969376
0.000000,204.925808,36.881359,123.854317
14.217669,196.463699,54.691048,76.041656
90.737784,191.700409,95.985535,45.335846
2.934355,197.659012,56.019440,79.297089
11.287855,194.848320,166.270721,44.404129
3.651184,193.830605,63.763180,83.381393
121.688700,184.822067,76.811440,52.175415
14.244066,189.758152,53.944511,66.659508
146.646734,186.778620,29.530350,45.675304
146.882889,187.490707,45.442699,42.984879
145.658505,188.434229,45.161625,43.580410
146.138359,184.462982,41.724407,45.645493
142.515217,185.415075,45.568989,44.047718
139.384327,189.352652,46.988865,42.052311
138.454590,184.355522,42.332058,46.505508
62.772873,189.618389,47.185879,62.908516
0.000000,188.469788,46.536512,81.160156
0.043796,193.858860,41.528145,81.876244
0.657886,197.991617,108.161537,58.199474
124.293620,188.802469,50.769890,47.028362
126.787295,189.129175,46.722694,45.955776
128.022950,190.178226,44.437313,43.843452
126.675323,187.558615,45.399689,44.288563
126.934608,184.956326,42.135925,44.695900
126.452519,182.659317,44.315983,44.451843
109.645091,181.745077,46.245796,50.911015
11.271052,193.524689,63.478088,69.179062
1.959220,187.984459,60.161568,82.440979
124.195672,178.328972,49.375431,48.874817
127.529456,182.882071,43.620354,45.161015
127.115584,181.107679,43.203423,46.493778
126.621676,178.626997,42.753494,45.954426
126.565072,178.721891,41.837498,44.529179
126.007688,179.408722,41.769329,43.583130
121.228345,180.469236,44.602795,45.717045
118.448888,182.663853,11.685055,55.867393
122.351960,179.749472,42.967777,44.471241
124.471517,180.062885,46.267986,44.522118
125.647426,180.527906,42.998932,43.830326
128.928691,184.667326,43.836456,40.421970
139.771051,184.763952,34.980350,39.949787
70.467191,155.545521,49.316593,50.665504
0.000000,189.999317,52.220742,73.286354
76.244217,186.789093,68.091621,87.684738
151.741166,265.526192,72.676521,94.473808
138.161183,236.774422,113.523712,123.225578
150.548245,283.080654,130.203201,76.919346
217.035424,268.923189,90.784447,90.443047
266.013207,281.971849,67.655846,77.101646
274.543744,280.022390,85.008377,78.943283
209.843030,276.346685,173.584427,83.445023
193.803662,268.187979,212.082901,91.049728
217.732174,264.561838,209.446457,94.893929
254.691449,254.829725,193.728226,103.330750
248.883572,253.748652,220.584579,105.461586
266.605290,250.015196,212.811371,109.097137
269.596287,248.724958,209.290375,110.041626
277.419087,244.045835,200.459717,114.559601
289.811627,235.401815,189.050552,123.919052
304.072903,244.292067,175.927097,114.157043
337.144972,236.159201,141.689331,121.509506
376.282179,234.464094,103.717821,125.535906
379.311992,224.117705,100.030815,135.882295
389.426990,221.364273,90.347389,138.186096
406.308604,217.857223,73.691396,140.524963
417.797361,213.192008,61.529068,144.692184
420.054042,210.228668,59.530964,148.104553
420.475534,205.028579,59.401207,153.745636
424.476589,202.007545,55.523411,156.433914
423.394930,205.637489,56.605070,153.243576
419.053344,202.246704,60.946656,156.335754
422.525890,194.145301,57.474110,163.821152
426.633802,190.659294,53.366198,167.291336
429.217574,172.539283,50.782426,182.013138
427.149450,174.350059,52.681614,163.489639
424.549760,177.257980,55.450240,166.468292
421.216857,177.497261,58.783143,164.470993
414.110393,183.065818,65.059853,154.345963
411.380370,202.786842,67.574738,131.987350
402.415122,199.349678,74.448013,131.548660
399.586173,205.175960,73.458755,120.886604
388.315795,197.315567,81.453064,125.672211
377.522430,188.169868,88.271545,131.873154
374.516086,188.993232,87.825859,127.826645
363.236640,179.957214,94.613449,131.571045
361.017906,185.260047,96.374283,128.158676
348.273528,184.415016,98.435913,124.568161
341.033260,192.230190,103.090218,112.898384
334.360423,186.501956,104.196083,114.415337
325.699035,186.702831,107.227051,110.812660
315.223491,185.903270,110.878273,110.107155
306.683345,185.992946,112.374153,109.723701
298.654331,181.244853,114.844902,111.139626
291.965030,180.272853,116.041496,109.831917
284.714351,169.091823,119.411629,116.802376
276.754836,174.413738,120.073578,111.125099
270.975753,168.522007,121.595673,116.225639
264.926883,163.800926,122.629753,118.185928
259.722625,159.490966,123.480164,120.744446
255.050754,169.345809,123.296135,110.891754
254.795635,166.997550,124.288124,113.947769
245.972698,168.535610,122.805641,109.619026
244.036510,164.941864,125.029640,110.722778
245.314323,159.860763,125.216263,115.397919
246.691032,166.200916,125.688126,108.724266
249.500965,171.487361,124.352562,105.746223
247.810455,171.645607,124.163330,106.891342
245.941345,171.781761,123.451660,107.624588
241.448154,173.607627,123.882317,106.657974
236.707706,176.152534,123.028862,105.460617
232.931774,173.826339,122.981239,106.743195
228.690009,169.381282,121.036179,107.963997
226.253101,175.799453,120.337120,102.462799
221.826663,178.942165,119.189873,100.526497
221.864284,175.412403,119.201851,103.657494
214.149970,185.169475,116.699692,98.558754
212.042816,176.294494,116.075928,105.560913
209.772636,177.885925,115.069290,103.412781
206.921523,180.820659,113.212921,100.980385
204.683551,181.340122,112.261803,99.092522
203.262618,181.951236,111.075592,97.300896
201.476444,187.724967,110.567497,92.051285
200.539649,187.871719,108.493179,93.126404
199.680061,186.101444,107.425003,94.219963
199.494216,185.738098,106.007019,91.828583
198.633708,193.374435,104.611336,85.093933
197.253333,194.004936,101.427567,87.015854
197.275180,193.430969,97.965477,87.283905
197.958110,192.797168,93.982063,87.678520
198.347328,193.054649,93.392593,87.002518
200.038444,192.050003,85.027115,88.865417
195.987064,191.037796,86.948631,91.458435
189.309722,190.052814,91.645660,91.105522
183.190429,190.689418,93.788452,90.511574
179.110286,199.406414,96.105202,83.620674
176.590774,197.992336,97.945190,85.843361
175.273174,196.103199,97.694466,86.040886
172.323097,195.539215,98.308304,86.056976
169.610687,195.173728,97.775543,86.453018
163.008617,198.963222,100.251991,85.137123
161.379306,195.668445,97.501244,88.153893
158.694042,193.842670,94.458626,87.600792
156.081031,194.551681,91.897781,86.684570
151.597343,193.663360,90.638107,88.138489
152.848281,193.089126,89.730194,88.691406
148.360465,187.732070,84.999435,90.902435
146.152091,188.899723,81.640518,91.555138
144.452098,188.981037,76.872231,89.678459
143.431301,190.428390,71.103218,85.790497
143.290683,191.388847,65.629539,85.219009
145.052879,189.187236,59.054825,86.561958
145.174375,190.581050,53.273441,85.948158
146.345462,189.095741,50.602989,86.232651
148.664100,184.092197,43.863632,89.187492
151.493009,185.082290,40.532658,85.658966
154.093767,182.740562,37.076534,86.687576
158.001567,185.974170,36.838264,82.967278
161.496036,181.486854,36.295128,86.683212
161.781507,182.441059,42.281498,84.182274
162.231586,183.117347,43.159813,83.655380
156.323118,187.386810,59.116276,78.826813
153.097244,187.667026,67.332184,74.601891
150.236621,185.865345,76.975639,74.470360
147.000736,185.457778,86.132591,73.100891
145.976924,186.515762,91.610634,72.237823
149.087283,187.443668,94.422844,70.378288
152.294914,188.814331,97.064316,68.369202
155.729854,185.410057,96.170204,70.706131
163.634387,185.031467,92.109795,69.330681
170.681152,180.225238,84.600372,73.973045
182.493965,183.786129,74.410782,70.967201
193.712505,182.812042,64.202065,71.028351
200.864791,182.760711,57.786469,71.339935
212.633664,185.150119,47.487766,69.625053
219.488941,186.791580,41.444542,67.917908
222.432075,181.167861,43.160568,73.705414
220.173244,178.745975,54.421791,70.482475
231.654613,176.214744,57.907112,59.153641
228.101901,173.058307,68.454399,74.398552
230.745105,175.486392,74.092064,72.313530
237.357150,173.571971,73.699577,66.748878
231.420940,174.198623,82.888588,78.632599
236.223583,175.973735,81.972176,76.198006
235.395992,176.453891,85.391762,71.738029
236.773296,177.784915,85.645729,71.081413
233.869892,178.101783,88.853813,72.070511
233.490352,182.144096,88.853157,68.294449
237.830970,182.764621,84.570969,70.827477
239.774001,184.142456,82.783295,70.746185
240.755229,185.559970,82.191109,69.818535
243.794177,184.465408,81.412193,71.086334
242.919814,181.080280,82.175537,72.791924
239.829162,182.831245,84.022552,73.257919
240.926093,183.631900,83.227158,73.311913
241.390483,182.835144,83.585487,71.867889
240.904529,182.734722,84.368858,72.142799
239.664413,184.068538,85.343292,72.137520
240.056350,183.851066,86.038757,69.201462
240.133037,182.603992,85.696571,70.102409
240.060897,182.590663,84.933502,69.707314
240.098804,181.247322,84.847069,71.146439
239.867603,179.811553,84.622826,73.119232
239.417178,181.901237,84.114983,71.662918
237.659030,178.728588,84.921806,73.514961
238.611945,179.758762,83.640976,73.307701
237.381042,178.404075,85.523865,73.558151
236.821109,177.862934,85.236748,73.626854
236.804866,178.803043,85.361824,73.221245
237.380699,178.423465,85.460526,73.491875
236.699050,175.482101,85.911469,72.797943
236.381084,176.206798,84.635201,72.620979
235.444587,177.282577,85.040817,73.105164
234.041141,182.442760,86.112175,70.101082
232.281410,178.931648,87.288437,71.912643
233.790141,178.875465,86.225197,71.929031
231.518802,178.249355,87.618340,72.203407
231.069332,177.615959,87.853462,71.931290
230.247634,177.986820,87.110077,72.079063
229.391685,177.567024,87.685410,71.666794
228.700839,177.707798,87.851463,72.132164
226.503158,184.886131,89.424408,68.403275
226.710620,180.755424,90.557152,69.750107
227.349082,179.351913,88.956528,69.314117
226.510986,180.966003,88.294464,70.070801
225.658439,184.402633,87.468674,69.232056
223.722633,183.921764,88.359085,70.145790
221.985256,181.902370,88.656532,72.431801
217.864890,181.547576,91.138290,72.174774
218.036460,182.307861,90.157883,71.268127
215.301074,181.936653,91.176994,71.735275
218.557617,184.065799,87.184113,71.297874
218.008884,184.175926,85.610527,71.252975
218.132011,183.751785,84.865067,71.606110
216.665408,184.516471,84.270164,72.168350
216.676467,185.192756,83.934357,71.704636
216.759441,185.866706,82.524117,72.009567
215.572322,188.132358,82.826485,73.020195
215.775688,189.940921,81.869247,72.142296
215.584232,187.985645,82.290733,73.508171
214.197059,190.240695,83.066910,73.150047
212.993022,189.422695,82.738167,74.866768
212.815261,189.981327,82.926971,74.852501
212.785926,189.771904,82.325241,75.280594
213.782478,189.353710,80.985947,75.731819
215.008193,189.158058,79.237366,76.633530
215.373515,189.939865,76.835396,74.860107
215.202785,189.178749,74.918922,75.992233
214.188320,189.445899,73.454994,76.223984
215.662368,189.784091,71.148682,76.570457
214.865955,189.331993,71.507561,76.950974
217.655067,189.468261,68.425034,77.533813
217.078861,189.440174,69.213371,77.204491
217.375121,189.215023,69.162567,76.857216
219.197196,189.200836,68.275009,77.000336
216.080428,189.863452,70.401001,76.484459
218.220821,188.774642,68.958504,77.274841
219.004310,188.778236,68.566055,76.786545
216.086967,189.088398,70.221909,75.907127
217.573436,189.021430,67.972603,76.654648
217.662792,188.768157,68.315285,77.040649
218.545452,189.603179,67.620369,76.357910
217.799747,188.861064,68.259270,76.655312
218.972602,190.012008,65.914200,76.117249
217.703571,190.227493,67.388908,76.342896
217.063590,189.943962,67.372787,77.017014
219.183929,189.689369,64.459015,76.652298
218.817840,190.062622,64.195892,78.530853
219.336768,190.051658,63.259354,78.509384
219.304530,186.811668,62.993233,80.749771
217.982463,185.998203,63.247993,81.619652
219.019325,185.625862,60.954208,81.579636
219.901113,182.593795,60.601093,83.477936
222.019077,183.223518,57.379539,84.027206
221.996415,180.195858,57.210995,87.529915
222.812778,183.513416,56.755119,83.052025
223.701509,179.089550,56.624050,88.736244
224.029874,182.800090,55.891300,86.249336
225.752815,174.990989,55.761215,90.720261
225.680049,181.206119,55.293617,85.567955
225.060119,178.979908,56.501434,86.126060
224.954515,178.229999,55.761105,88.544395
225.641084,171.940052,55.848080,90.695915
225.269750,177.611324,54.570972,86.982368
224.835979,173.646209,54.307686,90.955170
224.455776,177.258037,55.110023,87.673592
224.528869,175.386650,54.619293,89.729294
224.645702,177.547596,54.199501,88.247337
224.567710,172.275943,53.515182,90.253105
224.926135,177.789764,52.948784,87.727722
224.376298,174.215164,51.700405,92.295959
224.393258,177.861499,53.210125,86.100395
223.799558,176.437358,53.380833,87.602669
224.441425,178.837760,51.026543,87.512375
225.085876,176.159397,51.683350,89.254082
224.790458,175.328147,50.836075,90.057785
224.959102,178.631797,47.472816,88.289749
225.297033,177.360580,48.886707,88.655243
227.635946,177.114444,51.787006,87.638817
232.009788,180.461280,49.054916,86.809891
232.789899,178.802734,47.064365,89.652679
232.076156,176.951934,46.201599,89.244690
231.428451,174.714435,46.048401,89.924644
230.544698,178.127208,46.314930,88.900581
229.808162,178.514049,46.696602,89.296608
230.328456,176.876659,46.532661,88.483681
232.197477,177.806396,47.142002,87.710571
230.896518,176.672370,47.867699,90.485184
228.622344,175.045860,52.302460,92.126175
226.349937,169.850734,54.714767,95.986702
225.207206,171.986358,56.393173,93.752960
225.634984,170.859184,55.209644,96.175400
228.611961,171.773288,49.950607,95.438133
222.077375,170.818603,54.785007,97.911163
224.164016,176.815723,51.505341,93.834526
223.495843,174.121799,51.465710,95.311852
227.189039,180.254783,48.012180,89.632370
226.637018,178.466953,48.154522,92.417473
227.900472,180.180999,46.872547,91.615448
226.421352,177.001033,48.725075,93.485725
227.797260,178.524345,46.636436,91.309708
227.216535,178.343956,47.157047,92.378983
225.115278,175.919818,50.593601,94.066521
231.545936,180.829883,49.817581,88.904778
230.790960,176.198577,48.163197,93.235077
230.787631,178.287044,48.173882,91.077980
229.634164,176.561389,50.089550,91.578453
230.159038,174.777095,46.896217,92.797707
229.905185,177.348560,45.675835,90.446251
229.854379,177.570068,43.908031,90.227356
229.422931,180.131607,45.646416,88.148224
232.419721,180.494041,43.828587,88.295670
232.181598,178.559753,44.407494,89.948669
231.925042,178.199512,44.573925,90.654533
231.977373,173.732883,45.411495,95.317101
230.875898,179.111568,45.162327,89.418526
232.138629,176.341163,44.479942,90.956192
229.997548,175.878501,46.281391,91.695267
230.150195,173.329212,45.313286,93.379204
228.411624,174.074123,46.556267,92.512245
227.725402,174.358982,48.022552,91.909386
228.095136,177.127429,48.339634,89.841728
232.357114,175.105072,48.502628,92.432281
231.063568,172.905914,48.701660,94.236053
231.330837,177.001598,50.058113,89.621834
229.890088,174.429019,49.008762,92.383751
228.274318,175.048522,47.646523,90.991486
229.244758,172.630901,45.773758,93.215889
229.178260,175.341625,46.747330,90.316322
229.340806,172.553028,46.095211,92.588921
229.297973,172.680118,45.405548,92.723473
229.815015,170.680362,42.816441,93.453087
228.536115,172.099926,43.242008,92.994667
229.043378,171.871498,43.244602,93.342819
228.969825,171.034458,43.248093,93.854454
229.041496,172.940219,43.471207,92.879112
228.245309,173.432071,43.919994,93.055260
227.624376,171.724281,44.268703,94.408310
226.812494,172.304794,44.749859,94.227173
226.051330,174.295391,45.248444,92.920357
226.125553,172.374134,42.579979,94.480492
225.218316,171.142402,41.626476,94.777512
223.237005,174.207366,42.218494,92.335693
223.265285,173.503154,42.347847,93.172554
223.659976,173.658653,41.265678,91.663956
223.014531,173.929378,41.947620,92.092110
222.664436,176.260257,41.690659,89.951836
221.599653,176.406421,41.681705,89.340843
220.221149,176.970497,42.273399,89.779312
218.932039,177.800067,42.235195,90.130058
218.797117,178.051506,42.045048,89.955673
219.088142,176.534523,42.461227,89.172104
219.063323,178.150005,43.121979,88.415504
218.885011,175.356765,42.364223,90.094269
218.312847,173.380237,42.792641,89.950005
217.927411,176.049991,42.884434,88.504234
217.684617,176.991970,41.968197,88.793526
217.027870,176.399909,42.524429,89.373276
216.970897,174.558185,42.395210,89.715691
216.322658,174.505546,43.039070,89.724106
216.079862,173.793594,44.649418,89.972839
215.559835,175.628364,44.398243,89.056931
215.637708,175.912735,43.954746,89.454956
215.780258,174.036026,43.253143,89.836487
216.190627,176.361644,43.424988,88.410103
215.565061,176.009849,43.761753,88.780441
216.549117,175.460529,43.385498,89.155388
215.803653,173.039711,43.779289,89.897629
214.636064,173.848911,42.653927,91.072472
214.454126,176.104122,42.403790,90.022621
214.356639,175.265838,42.749184,89.995270
213.654741,174.106697,43.459896,89.979477
212.437156,174.526626,42.692886,89.768799
211.576391,174.543983,42.589161,89.930618
211.006484,174.494045,42.547852,89.437996
210.557184,174.999557,42.356091,89.255463
210.486984,173.963695,42.408539,89.706825
210.326763,174.041801,41.376686,89.433670
208.380702,176.017894,41.451027,88.302223
207.674678,174.146308,42.496895,88.928238
208.191326,173.055542,41.984657,89.760376
206.594385,175.486080,41.556866,88.628761
206.630975,174.820533,42.337383,88.419113
206.165063,172.856468,42.157665,89.759689
205.982005,174.794155,41.904945,89.058022
206.281120,176.187824,41.985550,89.036217
207.174314,175.662082,41.830509,89.366051
207.098642,176.391334,42.259136,90.594193
208.730354,176.400634,42.072952,90.451141
209.143224,175.421005,42.405598,91.014069
209.043153,175.710044,42.481228,91.180740
209.938558,176.092899,41.926746,90.492332
210.263833,176.754718,42.743816,90.719994
210.978635,176.344814,42.660740,90.144722
211.153072,174.658798,42.609474,89.976807
211.724574,174.688102,42.253822,89.436905
210.317275,174.204738,41.940826,91.324135
209.964063,173.596878,42.476475,90.405945
209.395343,171.981323,43.037682,90.573822
208.956241,172.766296,43.780846,91.625824
208.140184,173.319938,42.723537,92.695877
207.895910,173.239364,43.140736,91.245209
208.351688,173.081844,42.731529,91.853706
208.409232,172.734111,42.678177,92.189491
208.756610,172.859706,42.974174,91.573189
209.637227,172.650352,42.849628,90.550644
209.746528,172.134113,42.923660,91.426933
209.331626,172.458103,42.681290,92.319450
208.261249,171.118129,42.442955,91.720741
209.018424,172.396907,42.650009,90.462532
208.403087,172.488868,42.635872,90.637772
208.522811,172.867183,42.560516,90.484840
210.251706,171.973320,42.774113,89.730209
209.879609,171.128517,42.194424,90.216141
209.435371,174.382984,42.633316,88.907555
209.263971,175.351635,42.798351,89.167427
210.619497,174.508514,42.414143,90.193268
210.555848,173.924392,42.634274,90.079285
210.455364,173.855419,42.325874,89.819344
210.672218,173.277698,42.235794,90.508141
210.178600,172.095008,42.455818,91.059219
209.442136,173.192417,42.694187,90.592461
209.624767,171.605224,42.670052,91.120819
209.374780,171.057899,42.076488,91.279709
209.604614,171.978363,42.569214,90.699921
210.179181,170.703952,42.383366,91.576897
210.355815,170.980731,42.045265,91.748283
209.791253,169.462181,42.146862,91.961105
209.521230,171.951324,41.550770,90.813721
210.107456,171.811393,41.809502,91.155228
209.888072,170.734909,41.990700,90.779510
209.844644,170.529827,41.982494,90.924690
208.909747,175.102832,41.916008,89.580406
208.860107,174.661228,41.784088,89.533775
208.326404,173.589206,42.079063,88.490807
208.130243,172.361469,42.501568,89.377068
207.688777,176.632888,41.904335,87.216614
208.151670,175.394714,41.664036,87.225525
207.905406,174.214237,41.638771,87.775017
207.176614,174.949371,41.643505,87.936005
206.599077,177.417999,41.372280,86.645721
206.392001,176.941898,40.876762,86.870049
205.522668,175.505104,41.745220,89.524399
205.818267,172.412258,41.728271,90.771950
204.849779,170.110496,42.120052,91.877701
204.978572,173.407131,41.910194,89.993385
205.070333,174.226963,41.851337,89.760918
205.470212,172.404468,41.935734,90.611290
204.957157,175.347389,42.102165,89.213303
204.802438,177.890586,42.412304,87.187668
203.424508,175.166847,44.776714,88.720688
205.102508,173.078456,43.686096,89.488106
204.527177,174.923950,43.714840,88.788055
203.902540,173.753364,43.198521,89.935410
202.774259,172.448265,43.287968,90.362076
203.415386,174.058952,43.297737,88.819473
202.785968,171.879337,43.120659,90.900810
202.370265,179.535003,44.262489,85.812073
202.439924,176.540302,45.131901,87.611198
203.085058,175.549232,45.550678,88.276505
204.273113,180.711975,44.758278,84.307037
204.639154,176.748203,45.744762,89.120323
205.030967,178.992275,44.619034,85.390663
206.033723,176.639476,44.341518,87.407570
206.160386,179.239074,43.837917,86.673615
206.812860,175.931449,44.049694,90.715042
210.086208,172.582237,44.305733,91.630051
211.446964,176.816410,44.758018,87.345055
212.162546,182.170665,42.341320,83.186592
214.681030,178.958267,36.518127,85.215607
217.506347,178.091877,34.969879,84.674889
216.772382,178.588249,34.758366,83.524612
216.782899,179.462535,33.787594,86.086067
214.782266,179.468048,34.726543,84.166473
216.761165,179.182376,34.572853,85.161613
218.153221,180.224678,32.748703,83.483688
215.215127,180.704639,33.158031,84.906181
215.916152,184.267143,33.372986,81.891739
214.939290,184.240665,34.270618,81.865013
217.036970,180.032314,32.500187,84.147804
216.528329,179.341869,34.459057,83.395882
220.882787,177.122859,33.844471,83.798103
222.311372,176.929035,33.816708,84.046013
221.629041,176.171531,33.988773,81.838577
220.749790,172.926216,37.366020,81.715988
218.764900,171.890113,43.953812,81.881882
218.256133,170.343448,44.398560,82.937035
218.293235,168.915111,57.971359,81.132881
217.771030,172.395629,63.911034,78.278534
215.594005,171.378433,71.168770,78.924255
214.351646,173.224582,76.983231,77.856895
213.763881,171.935398,80.944588,77.879143
212.947322,173.643024,85.139839,77.345299
212.451568,174.703983,88.142365,76.116631
212.903671,174.531814,89.771484,76.865509
214.228565,175.821075,90.579643,77.169647
214.982997,175.560245,91.739052,76.329735
217.086173,172.147262,92.275009,77.265594
216.426498,172.030914,92.094910,78.496552
216.860565,176.664909,91.974365,76.008621
217.843212,175.754745,91.690559,75.904846
217.017989,175.158546,91.926025,76.136765
219.512115,175.623645,91.277130,76.432854
220.984500,175.572113,90.912315,76.323425
221.242076,174.434524,89.574532,77.671173
223.834079,175.155097,87.849693,78.718735
226.664291,173.829536,85.640839,80.166641
230.191184,177.423702,84.141556,77.304482
233.480171,174.875164,83.000778,78.277809
236.856189,176.949981,80.821770,79.339691
239.816863,176.977252,79.347809,80.402641
242.912780,176.566364,78.288177,79.998039
243.588008,176.187160,78.156258,79.733070
245.129806,175.185470,77.257690,79.875366
246.014808,174.300731,76.364670,81.145576
246.751384,173.677467,75.791084,81.496841
246.746456,172.725257,75.631630,82.258194
245.395862,174.656429,72.925133,82.494728
244.498336,176.415943,72.356750,82.184410
244.413677,175.637638,71.442177,83.612358
242.931812,174.749965,72.357719,84.464882
242.564037,173.772007,72.971657,84.922935
241.935550,173.855815,74.115959,84.763008
242.427989,173.343566,74.996468,84.965332
241.711837,174.021312,76.773926,85.398903
242.028705,174.419158,78.005089,85.709015
245.367778,173.147811,78.111855,85.682373
246.980014,175.118774,81.446465,84.685211
248.315349,174.615879,83.787849,85.032585
249.119922,174.210708,86.680321,85.287018
251.055316,177.643650,90.237877,83.120171
251.392341,175.738266,89.557938,85.198608
256.430408,173.983947,93.938438,84.519806
257.965167,172.776653,95.338188,86.192574
258.026389,172.786445,95.536209,85.055130
259.081935,174.595928,95.660652,84.261147
260.000320,174.904575,95.615021,84.728935
259.438026,174.608634,96.195877,85.435898
259.545158,174.663967,96.209152,85.904213
261.141696,175.025375,97.124657,85.662537
261.204547,176.946765,98.658379,84.542168
263.660346,176.236827,99.361313,83.945381
264.638652,178.140274,100.200996,82.031738
264.934883,176.186294,102.634903,84.452698
267.783672,177.230434,103.716377,82.480934
268.170246,175.517829,105.505547,81.328323
268.259151,172.673553,104.868355,84.046234
267.122291,176.394401,108.154068,78.439163
265.501922,173.747398,109.082275,80.803177
264.135597,175.926830,109.253433,79.155373
264.088950,176.767345,110.246902,78.381569
261.925735,176.476127,110.138275,79.457657
259.894695,173.653511,109.565987,81.096237
255.500606,172.985767,109.285225,81.104546
250.984596,173.895435,108.667618,81.178886
246.282073,175.904895,108.448639,80.886345
241.020263,173.581691,108.953857,82.185555
238.142898,172.591499,108.588776,82.241409
234.187843,175.414905,108.809402,80.711357
230.621665,176.235374,109.275223,80.685104
226.366725,169.043861,108.524635,84.299484
226.426807,172.429523,108.522575,80.152000
218.172996,168.967868,108.349869,82.987968
213.302589,164.525390,108.623123,85.164154
211.163970,166.764610,108.053986,81.265060
209.886913,168.008087,108.073921,81.179901
210.120345,168.689727,107.894714,81.074310
208.707866,169.562713,107.991371,80.152191
208.513378,168.346618,107.920448,80.598999
210.960849,168.396678,108.567650,79.991402
213.196735,167.474109,108.599571,80.385338
214.638858,167.407287,108.220421,80.481659
213.856128,170.505321,108.556358,81.364296
214.423587,171.253143,108.298180,81.565643
212.468879,172.714229,108.803146,81.781288
211.519153,171.721599,109.058098,82.768440
211.776645,172.485610,108.982079,82.268219
207.872634,174.291431,108.024323,83.255974
204.931606,177.916130,108.174599,82.718307
200.929672,171.437202,108.750671,86.229874
198.349426,172.405101,108.616455,84.750374
195.361175,171.740798,108.558777,85.154388
193.783222,172.962116,108.731621,82.855309
192.244739,172.381343,108.514153,83.923439
188.789234,178.074378,108.504845,81.120438
187.344455,184.307338,108.272148,81.107796
185.928897,187.786239,108.713280,81.227203
184.671077,186.605480,109.393471,81.673531
183.147914,182.976524,110.108559,83.777664
182.256763,183.246059,109.551933,82.134438
181.045905,183.431827,108.850174,82.181328
181.776653,183.202552,108.685097,82.478378
176.073341,185.718978,108.766983,81.927734
174.475383,182.323356,109.550667,84.024094
175.595668,181.453010,109.652687,83.023514
174.715568,182.462566,109.932541,82.554848
175.027110,182.236751,109.677040,82.745430
176.390106,183.134258,109.834412,82.441963
175.034522,184.599433,108.692276,83.600418
171.471744,180.286136,109.052361,85.859337
172.623924,178.501152,110.055313,83.552597
173.752578,177.590728,109.471344,82.707184
173.279445,178.891597,109.618416,83.033394
172.438449,182.666576,109.405174,82.821114
171.674564,183.056972,109.339165,82.319130
170.241290,183.310638,109.312218,83.236511
170.414283,183.488624,109.929184,83.568375
168.419269,183.974029,110.326927,83.297302
169.512977,183.892612,110.464767,82.814140
170.910140,184.921897,110.283783,82.448166
171.668212,185.516456,110.543213,82.178177
173.555747,180.538372,110.903275,85.568642
175.395133,178.660755,111.195267,83.292778
178.408923,178.937103,110.710014,83.201111
180.237090,179.100051,110.337006,83.726013
181.040923,176.820377,110.715576,83.591423
182.519935,170.470600,110.642014,84.679985
182.244686,172.004730,109.757698,83.213593
181.149398,172.461463,109.261627,83.176468
179.139743,167.946292,110.173271,86.410362
177.073116,169.752494,109.830177,84.152206
177.105167,168.956256,110.185875,85.061577
175.020366,166.113174,110.802498,84.816742
176.046928,164.911521,111.201767,84.736984
176.006381,163.997253,110.604942,85.215424
175.780498,163.554714,110.568214,84.698433
174.893527,164.150043,110.506828,85.323082
174.707321,164.391372,110.390717,85.411713
174.186302,170.388240,110.576126,82.300667
173.925845,169.532375,110.900536,82.432106
174.691909,168.017974,111.148834,82.557129
175.937560,170.049400,110.490051,82.312485
175.209052,170.311145,111.275681,80.768822
177.558322,171.474636,110.533379,81.397316
176.383808,171.028480,110.864830,81.119095
176.754798,171.808162,110.938156,81.315132
176.200458,171.913898,110.556541,80.636681
177.197734,172.841159,110.485359,82.055229
176.628162,174.459964,110.616997,81.746391
178.202888,171.201049,111.309738,84.049377
180.288875,171.798156,110.612434,81.525330
179.892574,168.839138,111.173439,83.219887
181.403755,173.341980,110.107315,80.702881
185.275161,173.668613,111.029358,79.888115
186.723743,175.976253,109.947166,78.092873
188.679294,172.233440,110.854393,80.885078
192.732097,173.436187,110.118568,79.612610
196.444663,175.807312,109.520889,79.226898
200.484393,176.374553,109.469353,79.221931
204.617820,174.067260,109.942795,78.516541
207.221874,180.122962,109.105873,74.704208
206.773956,178.211338,109.274902,77.560997
214.826930,176.209892,110.427864,77.942032
218.307865,175.753318,108.999260,79.089737
221.402870,171.384017,109.212082,82.419037
223.466400,178.001674,107.937897,75.237160
227.025802,178.010086,106.324829,77.059296
225.247981,178.467845,104.971870,76.196724
225.485813,170.877876,102.412529,77.744858
230.118358,173.053730,98.959511,76.261681
234.825176,178.477127,95.191872,73.884796
239.097789,176.661716,92.527382,77.262474
243.214958,173.378154,88.785599,79.548714
249.580299,175.161933,83.486038,76.801529
256.384414,174.329601,77.873840,77.519325
262.663169,172.197311,74.450027,77.706116
263.678600,171.137336,73.971962,77.999100
272.930274,179.765773,64.423233,69.793221
276.446958,173.236324,61.484989,74.458076
272.082292,166.696765,60.978634,78.913475
268.364801,169.861202,60.615429,77.441078
272.580881,170.292575,55.434399,78.105522
268.633485,171.433155,56.155148,76.545555
270.816514,170.809326,50.201748,73.607391
268.606988,172.059490,49.844250,73.218300
267.667503,175.193614,53.131149,70.080605
273.921119,178.119525,50.284622,63.590813
277.954515,178.010614,46.716640,60.828564
279.025478,173.881732,46.844246,62.553581
279.862626,174.170187,46.941463,60.028767
279.949899,176.972051,48.216442,57.797718
278.168878,173.616058,49.947704,60.670349
277.848895,170.516918,52.501274,58.508064
274.242397,167.259630,56.426918,59.040951
271.899209,164.361381,58.551434,59.927048
269.965755,164.171108,58.702217,58.835884
267.137273,162.116697,59.833607,58.957432
265.322179,164.199913,60.214558,58.468155
266.972984,167.570739,58.057571,58.183472
266.818189,169.987558,55.883335,57.558971
266.783479,169.529808,54.255947,56.473587
268.829862,167.230979,51.419193,57.385574
268.431703,169.536600,49.920223,57.425976
268.815189,175.548316,49.624077,56.198929
267.069940,175.835804,47.614788,57.956139
269.620578,181.917167,45.833580,55.422958
270.208412,182.085783,44.824585,54.767200
268.070133,183.110702,45.073814,56.056961
268.723075,181.813232,44.129410,55.170486
265.954954,181.996253,46.943058,54.250015
267.236698,189.291858,44.148201,49.448631
270.177684,186.528284,41.676155,50.356503
268.744792,182.153093,43.567146,51.444836
268.645320,185.017324,42.347343,49.664082
263.950715,185.768571,43.291241,49.129375
263.369901,188.570171,43.034611,47.304466
258.776712,186.133287,44.972088,49.784985
253.330356,184.406539,45.777229,50.399597
250.537492,184.377946,45.956844,49.195171
240.688400,179.433231,51.074432,52.925285
236.772901,184.552093,51.521519,51.176514
236.817085,183.914670,52.028305,51.149036
223.543571,185.506162,57.229095,48.601307
216.900329,185.693407,59.395126,45.601757
208.553279,182.798671,62.799583,47.170769
199.103500,181.396936,68.365219,48.493496
193.490451,184.056867,67.495735,49.403492
191.269496,187.470209,67.046532,49.861813
189.539077,187.542171,66.492538,50.950218
186.034587,189.796823,67.438835,49.916775
183.633209,193.259811,67.695999,47.953720
182.275222,189.238042,72.329086,51.206913
188.023006,194.586175,70.851189,48.757168
190.204074,189.741794,72.456703,54.292305
191.422260,191.744546,72.908485,52.661709
189.599143,187.219160,70.487885,58.199879
190.500774,190.009008,77.247368,55.876286
190.504535,192.162656,72.508492,52.698139
189.891132,195.355163,72.984718,49.538498
181.002658,189.432033,78.344246,55.371300
147.585098,185.494226,80.422043,57.608883
150.879314,180.948097,68.625450,61.970459
151.073966,181.213321,65.517334,61.891121
153.497016,179.524200,60.995758,62.877274
154.628902,177.231666,58.380882,65.398712
158.408138,183.477516,52.857201,60.307373
158.724136,182.202335,56.066391,64.151161
160.565397,188.172838,44.082417,57.510448
159.592224,185.994272,56.175125,56.563763
156.630700,184.589477,49.471706,57.648346
156.601722,185.753845,72.286591,56.189911
154.409816,186.912605,74.759148,55.145767
153.961936,186.003452,72.763672,55.164268
152.556774,184.733310,73.420586,58.669792
151.717334,186.816122,80.987709,59.499500
150.796325,186.736337,73.929276,58.485241
150.197044,184.464281,75.173004,61.164547
148.930541,186.001089,73.086441,59.745594
146.426315,187.820014,75.431259,58.118881
143.669227,186.683265,86.679108,57.802658
139.303508,183.543659,95.671898,61.178307
131.884616,184.042842,74.580666,62.259377
128.548354,177.752403,68.425491,66.506851
126.664131,183.701122,67.026062,61.280067
123.199378,183.889385,64.242523,65.060829
122.880494,187.598112,63.472363,61.884037
120.151077,184.232421,61.970108,62.777161
117.205324,182.092784,59.906841,64.789009
112.908948,186.023174,59.108479,64.413368
109.211711,186.430868,60.128075,63.509083
106.478433,186.194993,58.400814,62.886074
103.040458,186.109844,57.677917,64.451118
98.714128,178.525096,57.197094,72.834602
95.660669,188.933116,58.285549,65.920113
93.074840,185.203491,56.896996,69.019104
92.027574,179.375957,56.123363,73.621590
88.327056,176.285331,59.417892,77.561996
82.319000,179.268299,63.607620,75.948906
73.809688,177.208053,69.023827,80.481415
83.222711,181.136699,55.924801,75.992256
81.872192,176.365352,57.179916,79.632545
77.744815,173.767517,59.840126,82.839203
76.595123,180.559375,59.488876,78.573112
74.474561,178.993904,61.014240,81.616501
72.841634,174.733039,61.866795,84.651535
70.712858,179.600410,63.049366,80.731491
65.557922,181.532718,66.294296,79.270164
62.198669,179.657531,68.197159,80.312164
60.947444,181.590457,67.538597,79.271080
60.342376,182.472892,75.793961,76.497849
58.541717,181.095405,71.989517,83.161697
58.058906,181.399799,72.660065,83.035973
55.806861,181.409042,74.755890,82.830811
54.710819,179.357093,74.760689,83.068039
53.221523,180.795845,77.184929,83.112656
54.270732,173.866233,79.832451,90.226639
57.288806,177.381938,76.771889,86.262062
62.817188,172.748737,82.935280,89.928917
68.480373,172.216434,84.710594,87.634666
75.178218,172.896446,75.853111,86.766434
81.628196,175.058956,75.038666,84.575447
87.908893,170.997440,72.026649,86.469231
96.138004,164.500759,71.811440,91.898384
92.820217,165.262325,81.874779,93.200752
98.430656,167.359264,71.338135,90.743080
102.969909,165.414665,66.016495,91.358383
104.687148,157.605152,64.563065,95.873009
104.487199,153.060894,63.150402,101.017830
107.497306,161.525684,63.055756,92.300529
107.101413,160.117488,64.562691,94.856117
108.259240,175.402000,60.661861,85.826706
106.065811,173.945487,62.033859,89.420334
108.808349,164.036228,60.549911,99.736809
27.768890,159.839675,139.090103,105.018372
108.630447,164.148380,65.063156,102.319542
112.074821,171.466770,63.160278,97.108330
111.129821,170.540256,61.235977,98.130089
109.283637,169.643898,61.927582,99.483505
105.462798,176.141113,63.855148,95.629395
83.876026,163.677932,82.494606,108.239929
96.674732,162.202640,64.026131,107.735466
97.786001,165.474926,60.259281,105.639168
98.006572,170.184032,57.566460,102.311317
98.973516,177.652278,50.326633,99.727699
97.999347,178.209644,50.274269,102.421745
96.778772,176.649684,50.500668,106.849525
95.087396,181.326438,56.067715,105.427078
95.745870,183.647079,53.446903,106.638062
96.950849,185.376644,50.592518,109.486458
96.426381,183.499351,54.952335,113.912216
101.535299,182.556453,53.387394,118.307869
104.284557,186.199802,53.855736,118.589104
102.338519,193.269805,59.638954,117.500488
103.371177,188.616481,70.367218,123.358772
108.819511,184.530433,81.115173,128.378860
110.669227,179.756477,99.689117,134.053085
110.127624,180.160873,101.837387,137.137238
113.174419,180.144218,109.704247,137.454666
114.315833,179.277748,121.867889,137.552353
116.134193,165.176254,132.673737,149.930206
116.538070,167.126983,143.324905,142.964478
116.626434,156.150650,152.634384,147.240143
116.370567,165.447250,160.767944,132.442474
117.210410,168.513484,167.177917,126.749031
122.595977,168.783462,170.905075,127.755829
129.757903,151.604232,173.404526,144.338654
139.887130,150.614677,174.920120,142.597427
148.309066,142.408393,174.990005,150.978439
155.847991,143.315300,173.993332,149.964859
166.566375,142.256477,172.422470,151.192978
173.260497,145.892593,172.920822,147.917877
182.349662,145.278045,171.183655,146.893677
191.789001,139.924598,169.059433,147.762192
199.787765,139.083549,166.722855,147.623184
207.084960,138.970489,165.367172,151.170715
217.060714,139.734809,163.665726,151.143051
227.379356,140.225288,160.684143,148.045883
233.763221,143.899833,160.621613,147.059769
243.813148,145.470359,157.627655,143.297623
248.346801,147.512069,155.115341,143.807465
254.967834,140.395133,150.092941,147.619400
257.915565,144.051109,147.461578,139.110428
263.099685,144.232978,143.244644,137.425034
269.927223,149.536628,138.739288,133.005356
276.851943,152.923393,134.910782,133.142227
281.414741,152.836677,130.464752,131.718735
285.589122,149.881736,124.769493,129.923660
291.211360,148.901489,122.686943,129.424866
298.289874,147.849021,116.824165,127.439285
303.471488,147.582344,112.584595,123.989059
308.704707,148.045162,107.995537,121.893135
311.628806,147.996437,104.074463,120.944199
314.239940,148.521366,100.744957,120.019463
313.546302,146.174793,100.001007,119.065636
312.849937,145.850215,97.903381,119.621407
311.995704,148.462265,94.383575,114.641571
309.252780,153.332057,92.240028,112.392220
308.269420,153.388946,89.995476,111.871582
307.479743,151.783908,84.857330,112.652061
307.989219,145.514194,78.746552,112.625237
309.695163,147.061679,70.882484,110.453392
315.520198,146.163715,60.011955,107.798515
314.378383,146.234069,56.389030,102.252930
312.163143,139.226638,55.248100,101.204407
314.530153,133.189201,56.046886,99.969498
320.238910,133.565677,54.766273,95.389763
318.809486,130.682216,62.076538,94.757027
319.225826,126.875152,69.469566,93.099487
322.571300,125.698738,76.531548,80.231308
321.931312,124.659465,85.362305,94.659401
320.154540,124.748897,94.933090,87.373146
314.129333,120.202964,102.540817,75.620590
315.299037,118.514667,101.386772,65.902458
319.880245,120.359039,96.491539,64.029663
311.117618,116.243225,106.145332,75.016846
309.163783,125.055820,101.787529,65.354851
307.288375,125.640960,97.478317,61.024689
303.720363,120.806526,93.044487,85.490097
302.803485,115.571453,86.213081,67.660683
291.981243,125.347494,80.077995,61.638050
296.490041,134.881147,62.096012,56.773533
293.037444,134.683624,49.238022,70.479645
291.653962,131.334468,38.839855,82.426826
281.851793,128.104328,44.476299,84.466606
275.231389,124.004886,49.198307,87.007774
268.146869,127.987503,52.472450,82.011536
255.664882,133.025905,64.255241,79.541756
229.838836,130.696800,87.240799,81.601791
228.298812,129.511512,84.652695,82.497391
219.079826,130.684074,90.358398,80.548660
210.007400,130.907379,95.563644,81.810699
201.580879,130.400543,99.299286,82.111176
194.462142,133.010723,99.547867,81.779396
189.205818,137.430645,104.672607,80.294960
183.909690,137.311824,105.077789,81.676155
180.263641,137.574447,106.620926,81.780975
176.053283,138.291263,104.936661,81.449547
172.164607,141.078689,104.707695,77.463745
168.365390,139.635684,106.948708,77.735832
162.433174,132.921936,104.652283,83.201355
159.158832,133.495761,103.708809,82.669487
151.433479,129.315040,86.292419,84.763138
145.213008,133.025115,104.229057,81.428162
141.078910,131.975132,100.891022,83.632835
142.933586,133.762901,99.605530,82.744766
141.003185,132.810802,79.760948,85.489357
140.254833,134.179489,95.017876,86.538055
136.959911,133.849277,91.957146,86.467827
133.701396,130.936676,90.079796,90.350372
126.807941,127.405426,90.296974,92.848969
127.134796,130.020824,86.111130,94.736458
122.522384,126.280082,80.139847,94.992996
123.767757,126.706989,79.087639,98.082451
121.907729,129.111736,75.645950,97.374763
121.937724,135.124443,70.321526,92.724808
121.712749,136.060104,67.197624,92.685669
119.679824,138.015819,63.610458,93.261177
118.915178,137.548870,58.988110,94.468361
115.157100,134.786628,59.637230,98.410995
112.284135,140.140514,54.479656,94.466347
112.084354,140.183921,50.177864,96.888229
110.892022,144.063430,48.217190,94.508392
108.791709,144.787689,47.041443,93.744049
106.828996,146.060516,46.562237,94.170410
106.635991,147.368183,44.631351,94.332115
104.017034,145.706539,44.058079,93.738075
102.383745,144.389549,44.522839,96.968674
99.545389,145.793952,46.860195,98.751663
98.353662,144.187587,49.891415,100.262520
94.779687,144.052177,55.165401,102.086136
90.893653,142.428401,60.533783,105.275581
87.364074,143.217872,67.107864,103.491837
88.462493,144.561073,70.162521,102.844833
91.435050,143.334133,72.575592,102.999458
90.141956,142.327522,80.159706,102.313278
90.531970,142.036087,83.952492,102.430695
84.809940,143.699932,93.864754,104.027626
95.220229,149.207294,89.882767,98.327446
94.910129,148.272533,97.324654,100.915321
98.171317,148.142475,100.858093,100.520409
100.638198,149.589927,106.612930,100.496414
102.951099,149.444820,112.848579,100.854622
106.718974,148.552196,116.488304,101.200172
110.685092,148.410446,119.661842,100.127167
112.733604,152.124439,123.107239,98.322411
114.484855,154.534458,126.614990,99.714836
116.532523,152.891384,130.880493,103.421761
121.130538,152.400505,132.538040,101.913040
124.806747,152.568969,134.418655,101.818115
128.826118,153.443378,134.068146,102.771629
133.863891,156.798702,133.443405,103.926582
137.534088,157.933967,133.014267,106.097641
142.346870,163.101943,131.696503,101.334747
148.663162,158.786388,131.480118,102.915504
155.400695,159.187774,127.886520,102.549194
159.020759,159.971267,126.303925,103.871979
164.484294,160.640731,124.145287,104.504364
171.531299,156.601573,120.979927,106.043983
177.447490,154.454261,117.263939,106.856186
180.095214,152.243114,116.163254,108.745216
183.661960,150.690277,114.713173,109.517090
188.170131,152.255432,111.882622,107.507324
192.364269,153.834888,110.660240,104.329918
196.084354,150.304382,109.402870,108.204285
201.075931,152.964847,107.119118,104.209526
204.861194,147.533134,105.588753,107.252151
207.780727,145.347438,105.051018,108.948128
212.404262,145.307868,102.417839,110.142136
218.581256,145.915245,98.907478,109.187698
224.517372,145.143211,96.185944,106.963272
227.053306,146.442188,95.307495,102.886345
230.332801,148.118007,94.138245,101.963234
234.558208,148.770751,92.650108,102.413849
234.606395,148.916000,93.390587,101.157593
238.956683,148.943408,91.250587,100.397148
238.343795,150.214279,94.080338,97.437256
240.081447,148.894031,94.585228,97.966118
244.107326,148.045665,93.868675,97.725868
245.371372,148.765472,93.925514,97.217255
248.958930,149.632785,93.500702,96.482231
248.577827,148.475784,94.320038,96.100861
248.505603,150.905860,93.601723,92.740433
250.842796,149.563056,90.488953,95.698715
249.229915,149.592754,91.013176,93.301888
248.466857,151.034553,90.804031,93.153519
247.162975,152.427928,90.593315,92.548012
248.216510,150.530128,89.902687,93.686050
246.775340,149.682727,89.677361,93.736809
245.340759,149.178321,90.887344,93.570694
243.352279,150.525825,90.527969,92.848740
242.182979,151.030899,91.051781,92.894379
241.135246,151.885787,91.619720,92.311493
238.438293,151.358394,93.387863,92.955696
240.928867,151.147319,89.095985,92.304298
240.042991,151.302013,88.014954,91.386574
242.229545,152.012847,84.601105,90.169250
235.939052,148.928943,90.371819,92.432945
238.822471,150.574943,86.644623,91.342972
237.510356,150.990585,87.894188,93.067596
238.924510,152.380195,86.112999,92.947800
242.521480,152.901592,81.362083,89.680367
242.844612,149.770141,81.268280,92.457642
245.921020,151.521228,77.054092,88.839806
244.409309,146.872123,78.589661,91.448898
245.774486,144.463974,76.877373,92.036926
249.011951,145.422126,73.668434,89.531601
250.467620,143.644310,72.574020,93.760513
252.129855,146.448390,71.185097,90.614632
252.776042,144.316371,69.343376,94.347084
252.418556,143.924678,71.071747,92.234993
256.155086,146.514614,69.366386,85.040321
257.309940,145.959945,69.996712,91.062500
256.285995,142.883625,71.251480,97.616081
256.440318,143.649898,71.188683,99.194130
254.518432,140.443119,73.247391,102.668022
257.210662,146.682994,69.948441,100.261299
257.081199,152.191230,70.955109,93.413956
256.910095,147.672489,70.007004,97.388939
257.213275,148.690105,70.134010,94.405464
256.758182,146.666145,69.969826,94.781082
256.521610,145.872898,69.463295,97.761681
255.255927,146.467716,68.194672,102.471611
256.767642,140.986160,68.508003,102.830933
259.332015,147.214790,63.953171,101.637497
261.721534,139.877014,64.861877,107.433716
263.548223,143.697200,61.435642,103.290993
263.950361,141.189800,58.376087,106.985756
270.587007,146.407073,60.936993,101.618988
275.307468,144.100055,58.207741,103.173729
274.930343,142.145046,60.172928,104.687752
280.343694,147.946739,61.954685,99.363510
281.054441,153.310077,62.851093,95.474693
283.167878,151.997253,63.513073,96.705811
283.716743,152.662441,65.493073,95.683266
281.979892,143.690956,68.367378,104.543228
287.647157,150.082191,62.312389,98.428940
288.492959,140.720386,63.030605,106.929680
293.407579,149.505661,58.179485,98.685486
289.051717,152.156307,62.618290,98.650826
288.227821,148.542797,64.174072,101.234016
293.020088,151.185703,61.199677,99.711510
291.072711,153.341674,63.474434,97.013977
294.841552,149.910606,59.569962,101.000137
293.289731,140.393695,60.330250,110.755333
295.342798,140.146110,58.530910,110.621017
293.376651,143.195625,60.635872,107.746170
292.388465,139.752758,59.985504,112.578896
292.000347,141.052509,60.490532,112.190727
292.269422,143.127117,61.088856,110.906410
291.018852,146.349994,62.130371,107.527428
291.442609,146.943592,61.004688,106.581444
292.047084,153.644699,62.493065,102.685669
290.031839,156.077648,63.726162,101.825874
292.890357,158.097759,61.218964,97.879890
294.635745,158.564640,60.632515,98.148521
295.583793,160.061843,60.237915,96.234222
297.811754,157.000366,58.592113,100.308746
298.927469,158.101066,57.343197,101.866959
298.374641,165.233520,58.218903,99.579407
299.278945,163.882854,57.150253,100.998390
299.727470,163.748729,58.536652,100.330177
299.202470,163.132335,58.741436,100.307655
299.250553,167.557483,58.169533,98.436394
297.111144,161.578060,57.623154,105.604836
296.596578,165.341411,56.595219,102.737526
295.595373,166.646606,55.759922,106.092041
294.286628,166.242012,56.887238,108.471237
292.038745,163.402931,55.347450,108.474960
286.032911,169.363842,56.775043,102.821541
283.911142,169.620300,58.181484,106.196136
283.196876,170.626693,57.169861,99.620636
278.393434,165.480876,60.738659,97.605965
277.900148,160.580554,59.528912,97.743614
277.163585,165.787178,61.150536,96.586807
279.508643,166.964550,58.738007,93.890236
277.094282,176.751838,59.158039,101.147202
276.296182,199.783744,59.752682,99.406815
275.090396,205.458187,62.713112,100.339821
282.738618,191.089481,59.122295,99.321007
283.951932,164.764408,54.783649,104.768364
284.584363,155.280670,57.302814,97.955811
291.254382,141.281330,58.355873,104.128197
275.131873,157.849880,58.988953,105.705086
280.894624,176.547229,58.632946,110.968346
281.265289,184.465545,57.165848,101.265808
261.792962,194.118862,57.248592,105.281868
263.650823,205.715553,59.824467,111.158951
271.018485,203.095806,58.839966,104.389076
274.431756,202.416168,56.877102,105.628357
274.684844,179.223831,56.012436,98.894165
278.331981,148.188514,57.826927,106.537918
273.303048,141.927555,57.858700,103.921898
273.406219,147.536720,57.754410,102.730362
276.302295,145.283920,61.202919,106.232483
271.162395,147.874187,65.630943,104.498329
267.583984,158.569652,66.251907,97.407112
270.310123,159.891944,66.169167,98.250961
272.270732,162.882316,68.746391,94.936478
266.840827,172.123001,73.967285,93.266693
268.102081,184.637630,75.217484,88.831520
266.271697,195.838424,76.902969,88.470520
263.368648,205.746261,82.008324,88.684937
258.889911,207.974826,88.188240,87.636070
258.757072,207.664932,89.248047,88.087158
257.199844,201.527530,81.267807,85.025871
254.229259,203.469768,89.539787,88.335457
252.577319,211.308216,89.751503,89.415611
254.127776,217.749240,88.933945,89.064262
255.149955,214.623256,87.425171,87.762947
251.416519,212.502632,89.723465,88.179153
250.689735,214.116676,91.614136,88.803848
252.200321,216.412673,94.219215,88.738251
251.214401,217.723854,98.723129,87.479813
248.281116,215.442596,100.381325,86.289398
246.720535,212.596511,104.013992,86.692993
249.502586,219.387764,105.917938,84.552689
250.382552,221.733615,108.874771,84.201744
248.533073,221.811214,110.540802,84.437691
247.760623,221.723670,111.091835,84.380386
247.508956,220.822155,112.224625,83.588051
244.582408,223.278343,112.000877,83.069992
242.247119,228.156692,110.535286,83.391022
242.558627,229.102829,111.109627,83.862549
242.805023,228.163208,110.578140,83.975189
240.488635,227.742568,110.305550,83.442017
237.681983,227.670135,110.086090,83.922974
235.286464,230.116424,110.309898,83.287811
236.187866,232.652008,110.654739,83.578888
234.046611,224.268795,109.064049,84.641792
233.497218,213.773155,109.089287,85.416855
234.902736,211.488155,110.478783,83.787758
236.701942,211.037395,110.641876,83.896278
234.510692,212.854614,111.264915,84.058685
234.471027,212.887992,111.390175,83.745193
235.711711,221.187271,112.609032,83.641235
232.718814,218.612091,112.488747,83.207977
230.054580,217.349853,113.499496,84.021179
227.238021,218.023273,113.993576,84.299492
224.035732,223.910602,113.904228,83.996056
224.347682,233.564216,114.999290,83.565231
222.076122,239.762264,115.626060,84.237190
218.994800,247.509571,114.976814,84.057610
217.750884,250.330127,115.665756,85.464378
214.583625,257.752735,113.909912,84.637718
212.392898,258.074214,112.821213,86.933907
213.508701,255.496192,113.870003,86.096054
215.514259,251.304767,113.536560,86.564445
214.856548,243.181701,112.010612,86.119629
214.774783,242.929676,111.026711,86.558128
219.955036,254.182022,108.237801,83.949524
217.941383,259.447299,107.092316,83.837242
223.535556,261.967075,108.987160,85.233025
227.266445,263.936931,108.473503,85.944771
226.116302,265.668781,108.056473,88.419212
227.581687,268.434749,109.738434,84.350441
225.513763,267.419391,108.171951,86.505913
222.742442,273.471076,109.147758,83.576889
224.130199,271.170917,110.232414,85.157524
228.666278,270.232475,110.091194,85.047562
235.593028,266.020603,109.191673,83.066002
235.603496,263.148864,110.355736,83.767426
234.849380,267.501510,109.295731,86.742706
235.109958,274.908645,109.889046,82.296295
235.275085,273.361606,110.000046,84.140587
239.937152,272.582645,109.442909,84.826164
241.124072,273.947765,108.611610,84.020302
239.029704,272.627948,107.505516,85.238792
237.057784,273.341781,106.664658,83.797943
240.889980,275.891826,107.063011,81.193977
245.602645,263.467369,105.683609,82.379044
245.067813,256.019908,103.301064,81.140205
238.616931,258.479023,100.160011,81.037132
241.098838,261.703792,98.747437,82.730141
243.394065,261.896717,97.265198,83.902794
237.987750,263.770084,94.451576,82.613762
239.752281,259.828453,91.888611,84.288162
243.568599,250.389144,87.630821,83.439911
240.542198,248.326248,86.101654,82.291809
239.978443,247.229076,85.488777,83.367897
235.599056,263.607887,80.939995,84.148483
232.864040,258.395359,79.274864,84.032494
230.387187,247.090171,78.256645,84.989151
230.059356,243.403980,78.365005,83.357780
227.725280,243.452999,79.718430,83.150246
224.396266,244.279651,79.105156,82.613243
224.833186,243.147903,79.468346,83.038605
224.803890,242.141155,79.754021,84.397224
224.955676,245.986648,79.816597,82.628143
229.189449,248.357368,78.533928,83.584885
231.975948,244.441932,78.622307,83.879257
229.305389,238.575080,78.756760,84.276871
228.821910,237.026081,78.607414,85.693718
232.853282,239.933166,76.625206,85.571381
231.715942,240.743659,77.869370,84.470505
231.626571,238.561038,74.857620,86.272911
232.050876,241.812988,72.402443,87.872650
232.973670,243.271831,69.996033,87.198036
236.720512,243.656082,66.339630,88.442078
240.443385,243.573905,63.074608,88.382217
240.259622,240.241394,60.097530,88.390289
244.246190,233.823459,57.430424,89.479301
256.820058,226.607101,51.461216,88.574463
266.666030,220.051445,49.124496,88.425919
271.471586,216.255680,48.378986,91.730186
265.479539,219.874519,48.318584,87.988205
263.438062,221.996150,50.866810,86.091072
269.682145,218.735759,48.245037,84.113350
268.399797,213.045005,45.952068,81.733688
267.533264,208.782432,46.381424,85.919662
272.918182,202.248222,41.530655,89.092728
276.004167,195.807834,38.507488,91.607903
274.763128,198.232276,44.242161,92.731491
275.131358,204.525367,47.492882,88.339706
273.778858,204.184383,47.839729,87.747536
270.812177,198.486392,50.034443,87.122643
271.921392,193.316780,55.687107,87.428757
272.905168,194.096572,58.567577,85.916016
273.325910,194.088897,58.758686,89.141846
276.572116,206.014617,62.213875,82.480743
281.506538,209.017341,61.976196,82.939194
280.105422,210.264614,61.692551,83.225288
283.896215,210.659744,62.649021,82.767426
288.715133,213.782337,63.734573,79.609550
290.288032,214.712627,62.895233,79.745766
296.092269,215.133880,65.497208,75.730621
304.269920,206.790695,66.857300,78.534668
308.372611,194.988391,66.826141,79.562340
308.301071,197.159751,68.649521,74.439560
307.627246,202.962894,69.359566,77.059685
307.529708,206.318058,70.354324,75.896690
308.597587,205.619083,70.498383,73.793755
310.934860,197.833210,70.036453,77.223747
312.919353,199.591403,69.330376,74.275261
313.436401,201.043716,70.286484,77.254639
313.488822,204.118141,70.848663,77.465988
316.265601,205.510097,70.316833,78.605995
318.445983,205.892234,70.162277,76.962051
319.450763,205.002151,70.324806,75.228363
319.687103,204.479827,70.608231,75.243774
326.031410,204.751197,68.590363,79.064560
327.849815,205.299854,68.908661,75.992577
331.432399,203.525550,69.316124,75.307510
334.313922,202.089138,69.578529,75.311165
336.367263,194.825881,70.940170,77.230225
339.217342,193.712913,70.905388,76.282303
342.965843,193.487190,71.073029,77.470993
346.810687,194.071071,72.270332,77.699562
346.145671,199.311149,74.032890,77.017654
343.582664,201.118778,76.278015,76.709557
341.153041,197.412441,78.322075,76.440376
340.374591,194.514202,79.119423,76.376595
339.312469,194.584850,80.444626,75.863411
335.133403,195.408535,82.199730,78.851906
334.418910,197.113414,81.941795,77.118965
329.741386,197.567993,86.995483,76.109283
325.003909,195.776084,89.170540,76.107651
324.049590,194.426178,89.864304,76.753937
322.894145,193.346069,91.253014,76.731964
321.226833,193.547393,91.488365,77.560669
317.610580,195.647121,92.947861,75.902687
316.361465,192.539989,92.690994,75.989510
314.593677,190.954547,93.247963,74.855125
312.264499,187.193260,92.128883,75.454941
311.780174,182.111831,91.616333,75.294342
309.310672,175.293705,92.091805,75.342552
306.823062,170.130130,92.045692,75.067894
306.058017,165.491222,92.366585,75.716072
302.452205,163.335208,93.470940,75.185081
303.628558,162.910793,91.708717,75.218971
302.531551,164.319908,92.632591,75.669022
304.390506,162.936946,92.261024,75.736916
302.708763,161.483081,93.189545,74.972435
300.928993,158.982112,92.422913,75.968391
298.826576,156.956050,92.261993,75.694099
299.041797,155.930545,91.655952,76.030174
298.055370,154.758956,92.131035,77.253784
297.898235,156.455280,91.238976,77.227013
296.119380,157.002449,91.878258,74.993515
295.875278,156.940475,92.703987,74.265503
293.131576,156.727336,94.796280,73.629311
289.783458,155.757934,98.822807,74.518707
287.170452,156.748638,101.465355,75.042641
284.530879,158.305267,104.208092,75.453186
282.806510,158.533584,104.313904,75.313721
275.553539,162.909046,107.026054,73.748528
269.944026,164.169754,106.563408,75.913696
264.819808,167.394020,104.676468,75.804794
262.401138,167.021602,96.992081,77.495277
258.851833,164.822357,90.566154,78.398071
258.319167,162.486213,82.175064,79.222122
254.176772,161.401248,73.865219,77.613121
253.253936,159.927627,67.401352,78.914429
254.751487,157.365924,57.779907,78.922081
251.693582,158.732166,52.601162,79.632866
251.440919,160.371425,49.320232,81.404427
251.732356,159.172596,36.639946,83.126671
249.133700,159.719345,31.979258,81.222595
248.916629,160.507267,31.176567,81.772148
250.044395,160.958648,30.843277,81.546860
241.676605,157.732894,37.150925,84.096130
233.301732,158.831317,45.367222,83.730400
