0.017714
0.023540
0.022201
0.029465
0.022079
0.022654
0.024010
0.046694
0.049000
0.021210
0.021942
0.022056
0.022424
0.021475
0.021822
0.026958
0.021446
0.021605
0.030197
0.019599
0.021602
0.020712
0.023092
0.021860
0.020572
0.029684
0.026690
0.019967
0.022055
0.021070
0.020820
0.031795
0.022027
0.020133
0.021171
0.022094
0.022534
0.029010
0.022866
0.022374
0.020803
0.020552
0.019527
0.027551
0.021112
0.019943
0.022270
0.021509
0.025755
0.023335
0.026784
0.025204
0.021882
0.020376
0.020656
0.019499
0.019844
0.022090
0.020888
0.020097
0.021767
0.020622
0.024399
0.022964
0.020912
0.028512
0.033944
0.020622
0.025620
0.020644
0.020681
0.022407
0.019491
0.020498
0.019435
0.020813
0.020198
0.022771
0.019479
0.020429
0.020505
0.019323
0.019915
0.019820
0.021427
0.019560
0.020265
0.021018
0.019836
0.020246
0.020449
0.020596
0.020123
0.019410
0.020743
0.020829
0.020730
0.019635
0.019989
0.019521
0.020210
0.020863
0.020912
0.020599
0.019626
0.021830
0.021048
0.020878
0.027291
0.021181
0.047503
0.022035
0.021110
0.020071
0.019471
0.020049
0.019459
0.020177
0.043053
0.020161
0.020538
0.027993
0.019591
0.039493
0.025124
0.041390
0.020695
0.021220
0.018862
0.019328
0.022097
0.020734
0.026118
0.040023
0.029831
0.028203
0.020736
0.020985
0.019443
0.020886
0.020755
0.019998
0.020067
0.029259
0.047981
0.021632
0.023901
0.018939
0.019736
0.021586
0.021737
0.020610
0.035294
0.021536
0.021223
0.021345
0.022411
0.021715
0.020988
0.020807
0.021141
0.025684
0.019376
0.020175
0.020826
0.020490
0.021083
0.019450
0.020625
0.026507
0.020585
0.021104
0.048824
0.021214
0.020236
0.028410
0.021183
0.025979
0.019309
0.022921
0.020672
0.019022
0.019329
0.019066
0.019063
0.020132
0.018831
0.019485
0.020053
0.019737
0.019336
0.018826
0.019238
0.022050
0.020135
0.018277
0.020306
0.019014
0.018848
0.018358
0.030471
0.018662
0.020801
0.020544
0.020705
0.019950
0.018631
0.019329
0.018877
0.019953
0.019969
0.020124
0.019740
0.020423
0.020339
0.018702
0.018594
0.018370
0.020246
0.019939
0.020141
0.020085
0.021123
0.018943
0.018879
0.019410
0.020196
0.019167
0.020411
0.019821
0.020522
0.018566
0.020875
0.019867
0.019450
0.020758
0.020497
0.019621
0.018544
0.019759
0.020430
0.028588
0.020300
0.018451
0.020105
0.018827
0.019583
0.019801
0.020396
0.019856
0.020819
0.020258
0.018894
0.019624
0.020964
0.018311
0.019223
0.019821
0.019319
0.042113
0.019965
0.018345
0.018218
0.018287
0.025240
0.018534
0.020317
0.018914
0.027243
0.019783
0.018977
0.019618
0.019191
0.029900
0.046277
0.039496
0.018996
0.019787
0.018101
0.018638
0.019913
0.018314
0.020646
0.020724
0.020268
0.020139
0.020471
0.020662
0.027882
0.021581
0.019706
0.019470
0.018570
0.026731
0.018899
0.018996
0.019380
0.028141
0.018135
0.018404
0.026404
0.036281
0.024148
0.029782
0.027316
0.025513
0.019701
0.019838
0.018554
0.026676
0.019712
0.021610
0.022794
0.024572
0.021109
0.029534
0.021414
0.030818
0.029480
0.022690
0.024141
0.022044
0.019442
0.019047
0.034494
0.017931
0.018798
0.020170
0.020123
0.024438
0.019762
0.020159
0.019533
0.026275
0.019057
0.026289
0.019908
0.019466
0.019364
0.047275
0.036505
0.035132
0.018614
0.025828
0.020061
0.019858
0.018917
0.018947
0.019785
0.020097
0.019793
0.029856
0.029735
0.020039
0.020281
0.019792
0.019402
0.020916
0.032060
0.039847
0.020497
0.020120
0.020665
0.021394
0.021119
0.026646
0.021355
0.020894
0.019905
0.021058
0.021978
0.048480
0.025112
0.022035
0.021351
0.020213
0.020453
0.018476
0.020082
0.023882
0.028749
0.048113
0.020151
0.020831
0.018315
0.020433
0.019064
0.019032
0.019865
0.018569
0.021613
0.019842
0.020121
0.018990
0.020123
0.019414
0.019956
0.020423
0.019614
0.025395
0.030658
0.020341
0.019491
0.030729
0.019380
0.018138
0.018527
0.018596
0.018357
0.040448
0.019765
0.035380
0.036812
0.018992
0.019572
0.019548
0.019347
0.037305
0.021265
0.019448
0.020675
0.020156
0.020189
0.047637
0.019526
0.030919
0.041281
0.018608
0.019940
0.020233
0.020630
0.018640
0.018794
0.018766
0.021051
0.029692
0.020756
0.018616
0.019914
0.018312
0.018759
0.018126
0.019293
0.036322
0.018379
0.020749
0.022937
0.023507
0.019415
0.019215
0.020588
0.019880
0.018657
0.019328
0.019127
0.020533
0.019524
0.020075
0.020360
0.019712
0.019405
0.023144
0.032679
0.019460
0.019562
0.021248
0.019903
0.019729
0.020123
0.019184
0.026431
0.020301
0.020012
0.017915
0.028567
0.019724
0.019253
0.020586
0.019273
0.019766
0.020341
0.020174
0.033308
0.018914
0.018245
0.018618
0.019629
0.023464
0.019967
0.018610
0.018083
0.019915
0.018491
0.018965
0.018777
0.020465
0.036670
0.018401
0.019421
0.018985
0.019779
0.021628
0.018569
0.018830
0.018507
0.022203
0.024664
0.019483
0.019875
0.019217
0.027359
0.019073
0.019600
0.017967
0.018806
0.024294
0.020058
0.025969
0.019705
0.019582
0.027749
0.019813
0.018330
0.020750
0.034785
0.020304
0.019301
0.024835
0.026299
0.028205
0.018392
0.026313
0.019529
0.041418
0.019319
0.019930
0.019764
0.018584
0.026586
0.030222
0.018209
0.020319
0.019176
0.019974
0.019355
0.018554
0.019789
0.024907
0.018614
0.018127
0.019383
0.019950
0.022708
0.019037
0.023410
0.020570
0.027675
0.019926
0.018882
0.019727
0.047618
0.019091
0.019309
0.019907
0.018167
0.019472
0.020343
0.019667
0.020691
0.044427
0.033609
0.020114
0.021998
0.020073
0.038232
0.024399
0.018567
0.019523
0.019884
0.029680
0.018483
0.018504
0.019720
0.019560
0.018773
0.020043
0.019057
0.019306
0.022881
0.021161
0.018629
0.019797
0.037156
0.020356
0.020076
0.019411
0.020318
0.019360
0.018407
0.022242
0.030877
0.022333
0.023474
0.019684
0.023855
0.029112
0.020261
0.019408
0.025153
0.025732
0.020216
0.019299
0.020171
0.019645
0.021406
0.020579
0.019786
0.019748
0.020617
0.021162
0.031518
0.019944
0.021757
0.024361
0.035494
0.039669
0.029795
0.026986
0.021637
0.020820
0.019609
0.036758
0.021430
0.020353
0.019977
0.020111
0.019602
0.019747
0.018495
0.019918
0.020096
0.019721
0.025126
0.027228
0.018431
0.032635
0.026918
0.026326
0.019357
0.045984
0.019636
0.018466
0.019731
0.019867
0.019760
0.019998
0.018430
0.019895
0.019914
0.018528
0.018307
0.019097
0.019627
0.019815
0.018345
0.019752
0.019800
0.019559
0.019448
0.020368
0.019622
0.020011
0.020852
0.019635
0.019600
0.020109
0.020164
0.020157
0.018454
0.034965
0.018751
0.019875
0.019997
0.020246
0.019896
0.019855
0.020793
0.020235
0.019677
0.020266
0.019698
0.019781
0.020117
0.027531
0.018784
0.019630
0.019246
0.019843
0.019371
0.018796
0.022654
0.020253
0.018748
0.028243
0.018520
0.019104
0.019775
0.019764
0.019148
0.018147
0.019315
0.018418
0.019603
0.020444
0.019086
0.038717
0.020311
0.023454
0.019670
0.020790
0.019707
0.026860
0.019801
0.019959
0.019674
0.019719
0.019858
0.033107
0.019819
0.020562
0.019391
0.024738
0.019254
0.020308
0.019837
0.019963
0.027664
0.019273
0.018737
0.035705
0.047912
0.019499
0.026369
0.019641
0.018272
0.026093
0.020415
0.019691
0.047573
0.019518
0.038630
0.042905
0.020264
0.020248
0.020025
0.020360
0.019889
0.020045
0.020609
0.018907
0.019863
0.024290
0.019816
0.019246
0.020101
0.019886
0.018341
0.018362
0.018596
0.019950
0.019869
0.018117
0.018626
0.019396
0.020268
0.020248
0.024917
0.019786
0.019657
0.019633
0.019898
0.019590
0.019677
0.019118
0.019891
0.020069
0.020316
0.018903
0.020197
0.020608
0.019723
0.018387
0.020365
0.019196
0.019868
0.018823
0.019594
0.021086
0.019883
0.019519
0.032019
0.027761
0.022516
0.019077
0.018804
0.019758
0.018626
0.020347
0.019815
0.019064
0.020641
0.020092
0.019288
0.019731
0.021726
0.020613
0.028399
0.019287
0.020223
0.043208
0.020037
0.048256
0.019896
0.019656
0.020665
0.047511
0.020840
0.020852
0.020482
0.020924
0.023737
0.020320
0.020598
0.020912
0.020927
0.020937
0.020053
0.020194
0.020301
0.020916
0.020583
0.019038
0.018859
0.019634
0.020186
0.021170
0.019623
0.019037
0.019060
0.018796
0.019093
0.018571
0.018969
0.018969
0.020228
0.018469
0.018637
0.018951
0.019244
0.019297
0.019538
0.020303
0.019499
0.020466
0.018966
0.028730
0.020082
0.020161
0.020731
0.019690
0.018819
0.019273
0.021244
0.023665
0.020317
0.018885
0.020236
0.019637
0.019967
0.019332
0.019017
0.018941
0.019072
0.020138
0.019285
0.038797
0.019514
0.019265
0.018750
0.020445
0.018993
0.019767
0.019602
0.019379
0.018900
0.025997
0.034761
0.019426
0.018872
0.019696
0.022993
0.020150
0.020205
0.020576
0.020661
0.019576
0.020211
0.020249
0.020107
0.018867
0.020787
0.019877
0.018718
0.019157
0.020586
0.020270
0.020448
0.019609
0.019180
0.023404
0.019960
0.020699
0.019358
0.019147
0.018673
0.022849
0.019377
0.020125
0.019084
0.019764
0.018764
0.018961
0.019371
0.019093
0.019880
0.019603
0.019682
0.020296
0.020370
0.019461
0.027939
0.020617
0.020224
0.020017
0.020208
0.019314
0.020515
0.020476
0.019345
0.020509
0.019469
0.018986
0.019376
0.020904
0.019798
0.020324
0.020560
0.020672
0.020772
0.020378
0.019567
0.020084
0.021090
0.020797
0.020598
0.018929
0.019388
0.021102
0.019385
0.028048
0.019520
0.020742
0.020395
0.022929
0.030342
0.021169
0.020840
0.031092
0.021284
0.020847
0.020773
0.019750
0.022921
0.020114
0.019525
0.021491
0.019365
0.019022
0.019135
0.019362
0.019145
0.020114
0.019179
0.019809
0.020145
0.019267
0.019851
0.021004
0.020920
0.020718
0.032314
0.019241
0.020659
0.020371
0.020585
0.019903
0.020885
0.019590
0.019661
0.019453
0.019494
0.020298
0.019261
0.019305
0.019295
0.020367
0.020564
0.020909
0.020802
0.019324
0.019242
0.019081
0.019155
0.019211
0.021065
0.020669
0.019946
0.020483
0.019855
0.020343
0.019612
0.019549
0.020641
0.020451
0.019340
0.018870
0.019754
0.019135
0.020879
0.025853
0.019467
0.020294
0.019518
0.019559
0.020009
0.019424
0.018801
0.020149
0.020294
0.020441
0.020097
0.019218
0.022483
0.024415
0.019680
0.020536
0.021242
0.019779
0.020722
0.021948
0.047946
0.047828
0.021037
0.019702
0.020811
0.020045
0.020241
0.035485
0.020413
0.018620
0.020415
0.040714
0.018709
0.019852
0.020295
0.019998
0.018717
0.042556
0.020450
0.020213
0.020179
0.020569
0.020126
0.020171
0.020433
0.032847
0.028885
0.019145
0.020494
0.020361
0.019205
0.021633
0.048459
0.027306
0.020863
0.018948
0.019896
0.028518
0.024972
0.044914
0.019499
0.019210
0.019841
0.018671
0.020600
0.024060
0.018447
0.029867
0.019286
0.020865
0.022134
0.019705
0.019600
0.019279
0.020829
0.020017
0.023041
0.027458
0.029077
0.025483
0.024556
0.019729
0.019724
0.023273
0.018507
0.020509
0.029092
0.018291
0.019743
0.020168
0.019994
0.027842
0.019654
0.021285
0.020054
0.018535
0.019893
0.037274
0.019754
0.019991
0.027174
0.027731
0.019159
0.018584
0.020162
0.020067
0.020811
0.025784
0.026443
0.019148
0.020000
0.019482
0.024492
0.020055
0.018953
0.019921
0.020324
0.023595
0.019042
0.019580
0.023519
0.019123
0.019457
0.019217
0.019176
0.022832
0.019091
0.019778
0.019389
0.018381
0.020676
0.019893
0.019266
0.020737
0.019835
0.024188
0.019213
0.019765
0.018935
0.018947
0.020623
0.020228
0.033638
0.028179
0.019112
0.019971
0.022393
0.019550
0.020379
0.024398
0.018781
0.021290
0.023265
0.042369
0.019157
0.018968
0.019951
0.018266
0.019604
0.020184
0.033074
0.020254
0.019444
0.034196
0.019720
0.032275
0.020474
0.019942
0.019763
0.019272
0.019890
0.041871
0.044999
0.041355
0.019506
0.047514
0.019805
0.027800
0.018462
0.020352
0.036618
0.028284
0.019355
0.048245
0.024704
0.026352
0.018840
0.019945
0.019820
0.020635
0.020361
0.020952
0.019586
0.019678
0.027846
0.019214
0.018481
0.019541
0.019820
0.020420
0.019890
0.019335
0.019054
0.018978
0.018467
0.027383
0.025149
0.019535
0.020261
0.019702
0.020224
0.021599
0.020436
0.021370
0.022113
0.021250
0.018922
0.018104
0.018459
0.018821
0.018875
0.019279
0.018227
0.018578
0.018324
0.036178
0.019558
0.018396
0.019887
0.030549
0.021708
0.019882
0.020483
0.019789
0.018739
0.018822
0.022743
0.031686
0.019783
0.019731
0.018497
0.019433
0.029904
0.018338
0.018310
0.019435
0.019571
0.019643
0.019900
0.018932
0.019852
0.018283
0.020571
0.019383
0.033634
0.025496
0.019878
0.019862
0.019791
0.020145
0.024874
0.024992
0.026348
0.018477
0.019252
0.019524
0.025091
0.019124
0.026853
0.022140
0.018552
0.018792
0.025627
0.020230
0.030421
0.031685
0.020706
0.018228
0.019564
0.017882
0.019567
0.019161
0.024514
0.019949
0.019230
0.018729
0.018994
0.019127
0.018531
0.024628
0.028907
0.020003
0.026232
0.019795
0.019480
0.019196
0.018593
0.020005
0.027798
0.026367
0.019489
0.030878
0.019384
0.019856
0.019914
0.019007
0.019217
0.018523
0.018309
0.019449
0.019462
0.027358
0.019812
0.018559
0.018637
0.019519
0.019023
0.019067
0.019138
0.019623
0.019443
0.018994
0.019481
0.019097
0.018517
0.020235
0.019617
0.018694
0.018813
0.019121
0.022178
0.019759
0.020235
0.018012
0.019103
0.018283
0.022127
0.018156
0.019686
0.019143
0.018709
0.027099
0.018500
0.018455
0.020258
0.020884
0.019706
0.020005
0.018408
0.019343
0.029917
0.020128
0.023914
0.032751
0.020722
0.021049
0.020847
0.019876
0.036382
0.027207
0.018360
0.020571
0.023530
0.025977
0.025862
0.018777
0.018905
0.018954
0.027426
0.039702
0.019947
0.019113
0.019614
0.019263
0.018232
0.018431
0.018538
0.018736
0.019563
0.035194
0.019392
0.020266
0.020178
0.020793
0.021182
0.025057
0.019728
0.026869
0.019444
0.020063
0.018261
0.037537
0.019620
0.018256
0.018017
0.018783
0.019651
0.019372
0.019756
0.023827
0.019793
0.019349
0.038931
0.019318
0.018472
0.018310
0.018935
0.019455
0.018618
0.019830
0.019210
0.019408
0.019704
0.018337
0.020717
0.020224
0.018352
0.019538
0.019737
0.020307
0.020802
0.018655
0.037846
0.018387
0.018147
0.018900
0.020476
0.019883
0.018677
0.018328
0.018087
0.018738
0.020445
0.019400
0.019924
0.018341
0.019488
0.018921
0.019481
0.021618
0.019942
0.019543
0.019591
0.019822
0.019881
0.018544
0.018457
0.019770
0.018557
0.018006
0.018899
0.019968
0.019682
0.019735
0.019026
0.019014
0.019843
0.025516
0.018649
0.021422
0.019530
0.020107
0.018512
0.018486
0.019937
0.020164
0.021397
0.021834
0.019791
0.020021
0.019980
0.019437
0.019584
0.020087
0.019816
0.022934
0.020110
0.019923
0.019760
0.019513
0.020200
0.019076
0.018642
0.020249
0.018751
0.023386
0.020263
0.022323
0.020290
0.018687
0.021193
0.019110
0.018964
0.019262
0.019862
0.020502
0.020115
0.020025
0.018117
0.019238
0.029757
0.020165
0.018803
0.020054
0.018479
0.019165
0.019471
0.019595
0.020163
0.023318
0.019541
0.018892
0.027654
0.018921
0.018980
0.018768
0.020038
0.019058
0.020546
0.018704
0.019303
0.018570
0.020250
0.020116
0.020738
0.041901
0.022194
0.018594
0.019705
0.019341
0.020557
0.019104
0.020302
0.027509
0.038083
0.020113
0.020053
0.022190
0.029004
0.019862
0.020392
0.019989
0.020414
0.018751
0.020816
0.021279
0.020202
0.020263
0.020085
0.020252
0.020046
0.018902
0.019037
0.018657
0.024435
0.028685
0.019662
0.027660
0.019429
0.019928
0.031239
0.020083
0.018722
0.019871
0.019617
0.019040
0.020017
0.019091
0.020763
0.019561
0.018808
0.020057
0.019529
0.019694
0.026089
0.020674
0.019900
0.018925
0.020102
0.018607
0.025636
0.024442
0.020864
0.019902
0.020247
0.019822
0.019810
0.018993
0.019939
0.018796
0.020450
0.020152
0.020137
0.026661
0.020310
0.020912
0.020341
0.018960
0.020096
0.020175
0.020892
0.019800
0.019062
0.020606
0.019764
0.019624
0.020655
0.020531
0.020345
0.020150
0.030842
0.019872
0.019227
0.027454
0.020775
0.020607
0.019200
0.020366
0.020757
0.019326
0.020633
0.019647
0.019918
0.019511
0.028994
0.025169
0.026432
0.019414
0.020402
0.040007
0.021037
0.025397
0.020286
0.019676
0.020428
0.019522
0.019215
0.019238
0.021073
0.020581
0.019620
0.021359
0.020741
0.019976
0.020834
0.020431
0.019874
0.019678
0.021047
0.028793
0.019735
0.020407
0.020846
0.019922
0.019167
0.025883
0.027766
0.019069
0.021524
0.019058
0.021038
0.021437
0.020450
0.019451
0.021246
0.048194
0.019717
0.020744
0.046503
0.024507
0.036042
0.021620
0.042368
0.020677
0.020699
0.047034
0.024380
0.019190
0.019740
0.025450
0.019228
0.019490
0.022269
0.022705
0.022083
0.030807
0.020776
0.019496
0.020744
0.020910
0.020489
0.034049
0.027835
0.019330
0.019313
0.020035
0.020855
0.019406
0.028291
0.020406
0.020917
0.034931
0.020834
0.020537
0.030216
0.040892
0.020497
0.019839
0.019740
0.020468
0.019627
0.019421
0.020313
0.020954
0.020563
0.027070
0.019746
0.020247
0.019679
0.019494
0.027679
0.028376
0.020647
0.020043
0.019195
0.020495
0.020951
0.026395
0.021249
0.021199
0.020658
0.021115
0.019518
0.020572
0.019984
0.020366
0.020233
0.020842
0.018841
0.018988
0.021054
0.021058
0.019915
0.019848
0.019402
0.019752
0.020569
0.020852
0.020079
0.020429
0.019482
0.019668
0.023681
0.020562
0.019485
0.034501
0.020736
0.021094
0.021522
0.020874
0.031841
0.020688
0.021023
0.021392
0.020994
0.021034
0.019924
0.031269
0.019436
0.021037
0.020418
0.019253
0.019186
0.019040
0.020414
0.026763
0.020568
0.019500
0.019175
0.027079
0.019427
0.021282
0.019614
0.019748
0.018867
0.019169
0.031779
0.020412
0.039463
0.019993
0.020382
0.020913
0.020446
0.020876
0.021075
0.035722
0.024738
0.019575
0.019924
0.019823
0.020862
0.021364
0.020176
0.021060
0.020391
0.020624
0.022224
0.020208
0.020678
0.019891
0.020433
0.020381
0.019393
0.020434
0.021575
0.021532
0.020848
0.018646
0.024618
0.019730
0.020145
0.020208
0.020507
0.019370
0.025137
0.019688
0.020927
0.020473
0.028677
0.019208
0.019339
0.025062
0.028448
0.027932
0.030902
0.020315
0.019627
0.026120
0.020160
0.019328
0.019505
0.020109
0.020134
0.021142
0.020540
0.020804
0.020365
0.018992
0.018958
0.025779
0.029059
0.024692
0.020102
0.020159
0.046480
0.020223
0.018686
0.022193
0.020206
0.019607
0.020317
0.020255
0.020177
0.019044
0.019537
0.030175
0.019006
0.019830
0.024717
0.019405
0.020206
0.019909
0.019668
0.018885
0.020252
0.020041
0.020800
0.019536
0.019828
0.020036
0.028234
0.024028
0.019877
0.019813
0.019982
0.019627
0.020135
0.019758
0.019131
0.020162
0.018849
0.020260
0.018703
0.019746
0.018895
0.020075
0.018967
0.027227
0.025748
0.036671
0.020050
0.021614
0.020325
0.031100
0.019140
0.023198
0.020345
0.023779
0.021347
0.020013
0.020155
0.020930
0.019804
0.019049
0.019414
0.019126
0.019436
0.019223
0.019919
0.018753
0.021082
0.020403
0.039515
0.019558
0.024049
0.020389
0.021886
0.022269
0.020495
0.027621
0.020022
0.020674
0.020141
0.019120
0.020610
0.019782
0.020339
0.026042
0.019320
0.020239
0.020486
0.020431
0.021186
0.020472
0.020439
0.023756
0.020651
0.020581
0.019261
0.026764
0.019732
0.019416
0.020937
0.027824
0.020036
0.019698
0.020074
0.018992
0.021664
0.046639
0.034026
0.019334
0.020397
0.019865
0.019899
0.019470
0.020340
0.020577
0.019882
0.022731
0.020145
0.019851
0.020061
0.020175
0.018739
0.020548
0.019003
0.024006
0.019697
0.020059
0.019014
0.019368
0.019700
0.020788
0.020163
0.025158
0.020073
0.019980
0.026212
0.019438
0.019654
0.020673
0.021239
0.020085
0.019234
0.018692
0.020061
0.018914
0.020160
0.018758
0.019417
0.019851
0.019296
0.020427
0.019357
0.020243
0.020246
0.025537
0.019033
0.020057
0.021140
0.020977
0.020280
0.020375
0.019968
0.019959
0.020993
0.020108
0.020776
0.020780
0.018608
0.027433
0.019123
0.020935
0.019979
0.020859
0.019874
0.039862
0.020612
0.020089
0.047184
0.019881
0.020488
0.020211
0.018562
0.020488
0.027796
0.019994
0.018939
0.019873
0.019544
0.019659
0.020434
0.018819
0.019351
0.018469
0.028327
0.020736
0.020405
0.020093
0.020372
0.022515
0.035006
0.021425
0.020716
0.022052
0.019074
0.020494
0.020875
0.020402
0.023576
0.020523
0.020508
0.019325
0.020731
0.019907
0.019577
0.021671
0.032720
0.020337
0.029741
0.020189
0.019678
0.021718
0.020842
0.029500
0.019137
0.020199
0.021066
0.020477
0.020185
0.019617
0.020002
0.019193
0.021537
0.020477
0.019275
0.019127
0.020477
0.019639
0.020214
0.020294
0.021219
0.021655
0.020586
0.029332
0.020967
0.019460
0.019137
0.019808
0.032799
0.019270
0.019602
0.020088
0.020233
0.027093
0.020702
0.019711
0.019332
0.020280
0.019547
0.020079
0.020562
0.020214
0.018864
0.019849
0.019883
0.019562
0.020543
0.019787
0.019893
0.020121
0.019514
0.020348
0.020137
0.020186
0.027255
0.019906
0.020577
0.018924
0.028202
0.027747
0.020608
0.019784
0.023335
0.020193
0.020142
0.019811
0.020778
0.020554
0.019567
0.020126
0.020250
0.020498
0.020067
0.019416
0.020279
0.019847
0.020138
0.018448
0.019103
0.019155
0.020366
0.019747
0.019840
0.021206
0.020404
0.020421
0.018706
0.018596
0.030838
0.020125
0.018918
0.018323
0.018349
0.020226
0.025883
0.036549
0.019270
0.019248
0.019071
0.025165
0.019686
0.019125
0.019851
0.020128
0.019489
0.020093
0.019896
0.021033
0.020044
0.018677
0.019293
0.019366
0.019600
0.020541
0.018905
0.020342
0.018768
0.019232
0.019101
0.020058
0.029041
0.018766
0.018677
0.020124
0.020241
0.019330
0.020090
0.019418
0.019027
0.019748
0.018677
0.020090
0.020209
0.020007
0.019558
0.027044
0.018474
0.039160
0.042902
0.019053
0.020643
0.044342
0.020530
0.020546
0.019456
0.020493
0.019324
0.020303
0.020387
0.020795
0.020468
0.028126
0.020783
0.020227
0.019042
0.019188
0.020249
0.021523
0.020451
0.037437
0.038564
0.019529
0.034915
0.021020
0.020021
0.019005
0.020100
0.029977
0.020333
0.020184
0.020576
0.020827
0.020333
0.022466
0.019346
0.019581
0.020554
0.021376
0.020889
0.019831
0.021353
0.021017
0.021686
0.022006
0.025263
0.020608
0.020126
0.021575
0.022168
0.049128
0.035813
0.021706
0.021329
0.021289
0.020807
0.020810
0.023283
0.025243
0.035563
0.021914
0.035876
0.039848
0.029031
0.023881
0.035811
0.024818
0.025335
0.033095
0.028041
0.021617
0.021445
0.020816
0.021973
0.019746
0.020872
0.020520
0.021209
0.021232
0.020850
0.021185
0.021647
0.048546
0.019066
0.020563
0.020319
0.020787
0.020272
0.020617
0.030148
0.021105
0.031972
0.019500
0.020140
0.020643
0.035000
0.027227
0.020275
0.020806
0.021325
0.021090
0.031381
0.020594
0.019196
0.020700
0.019507
0.019980
0.020446
0.021227
0.020767
0.020745
0.019891
0.023580
0.021895
0.020143
0.019458
0.019141
0.026859
0.034701
0.019187
0.020119
0.019650
0.033841
0.020328
0.020674
0.020636
0.019438
0.020534
0.018331
0.018979
0.030458
0.019876
0.018138
0.018820
0.019443
0.018475
0.036184
0.019192
0.019933
0.020200
0.019437
0.020141
0.018675
0.020392
0.018992
0.020110
0.025224
0.020283
0.019668
0.034074
0.020630
0.029989
0.020560
0.020304
0.019572
0.023809
0.019857
0.019969
0.018761
0.018564
0.018621
0.018349
0.018868
0.019838
0.020063
0.019243
0.019929
0.019955
0.038836
0.018684
0.041053
0.029279
0.018687
0.020559
0.020284
0.020252
0.032794
0.018474
0.020137
0.020309
0.018773
0.027277
0.019413
0.019920
0.018595
0.020527
0.025172
0.030975
0.019428
0.020039
0.018743
0.020424
0.020110
0.034917
0.020730
0.020216
0.019971
0.041413
0.019270
0.018600
0.018268
0.019047
0.018366
0.019791
0.018866
0.018776
0.020110
0.020053
0.018778
0.019276
0.019265
0.019744
0.020247
0.020022
0.019104
0.019411
0.028091
0.018585
0.018549
0.019353
0.019826
0.018925
0.020035
0.020185
0.020349
0.019640
0.020012
0.020524
0.020093
0.020222
0.019840
0.019851
0.019430
0.019202
0.019856
0.018553
0.019920
0.019303
0.018963
0.019559
0.020081
0.018830
0.020376
0.019250
0.020801
0.020030
0.019823
0.019384
0.019861
0.020567
0.019593
0.019972
0.019690
0.021026
0.018915
0.019474
0.019868
0.021999
0.018991
0.036140
0.018740
0.020215
0.025165
0.020732
0.021210
0.019588
0.019785
0.020290
0.026875
0.020680
0.021799
0.033451
0.022235
0.021922
0.021471
0.029448
0.020333
0.021671
0.025362
0.021713
0.022105
0.021241
0.043635
0.020912
0.020574
0.020943
0.019812
0.020566
0.023253
0.021204
0.020512
0.021053
0.026432
0.037033
0.021386
0.026476
0.023240
0.021821
0.023879
0.023863
0.024688
0.024355
0.049901
0.022559
0.020820
0.020087
0.019734
0.020698
0.021580
0.041667
0.020558
0.023660
0.021907
0.021076
0.023138
0.027747
0.023071
0.027303
0.023632
0.029775
0.020464
0.029465
0.021403
0.019967
0.021395
0.039242
0.020346
0.023188
0.022621
0.021052
0.021242
0.021721
0.030156
0.022917
0.021342
0.032528
0.023276
0.022362
0.022823
0.022037
0.029153
0.021933
0.022493
0.032978
0.028939
0.022412
0.022581
0.023940
0.022883
0.022937
0.039837
0.024238
0.025652
0.021307
0.021549
0.020054
0.020308
0.020797
0.023089
0.021190
0.027544
0.036811
0.021479
0.023926
0.022469
0.023547
0.022233
0.022377
0.022504
0.022561
0.023254
0.023004
0.022385
0.021703
0.020392
0.020775
0.021204
0.021639
0.021657
0.020897
0.019784
0.020087
0.027130
0.018969
0.019310
0.020244
0.020551
0.020890
0.020806
0.022160
0.034621
0.020196
0.020446
0.028965
0.020603
0.019836
0.019185
0.019971
0.020541
0.020307
0.031152
0.019568
0.020905
0.020492
0.020594
0.020052
0.020158
0.018939
0.019797
0.019983
0.020919
0.019445
0.024065
0.048395
0.026127
0.048030
0.020206
0.020411
0.019832
0.018902
0.020727
0.020771
0.020104
0.018645
0.018974
0.019237
0.020599
0.018698
0.018994
0.021319
0.019039
0.020067
0.020111
0.019531
0.018762
0.019376
0.018895
0.020205
0.019142
0.019269
0.019873
0.020896
0.019690
0.024195
0.020736
0.020394
0.020524
0.020692
0.021901
0.018727
0.020979
0.018799
0.020126
0.023210
0.020445
0.020406
0.020532
0.020203
0.029249
0.019341
0.019733
0.019947
0.020246
0.019422
0.019135
0.018898
0.020537
0.018963
0.020169
0.048274
0.019156
0.019692
0.018877
0.019509
0.034853
0.019507
0.019510
0.019488
0.019109
0.019733
0.020118
0.018852
0.020382
0.020558
0.019328
0.020145
0.020958
0.020654
0.019133
0.020697
0.020094
0.020063
0.020989
0.020274
0.019883
0.026373
0.020584
0.018835
0.020114
0.021582
0.028297
0.020397
0.019662
0.018692
0.020625
0.020293
0.020200
0.018731
0.020674
0.019837
0.020065
0.019946
0.047320
0.018808
0.018898
0.019089
0.020068
0.020077
0.030939
0.019924
0.046703
0.018870
0.028470
0.020978
0.020614
0.021522
0.019119
0.035860
0.020646
0.020599
0.019545
0.020916
0.019186
0.027991
0.022252
0.021187
0.019891
0.019789
0.019921
0.021580
0.020789
0.019319
0.019589
0.022806
0.020620
0.038059
0.019845
0.019998
0.020722
0.032435
0.021216
0.019813
0.020575
0.026718
0.021537
0.021525
0.020853
0.019724
0.021065
0.020954
0.022340
0.021677
0.021812
0.019578
0.021995
0.019817
0.021541
0.031464
0.019653
0.021930
0.020453
0.021329
0.021072
0.021477
0.030468
0.020817
0.021054
0.029682
0.020617
0.020745
0.020400
0.020468
0.021526
0.022055
0.021455
0.021519
0.020324
0.021618
0.021048
0.021177
0.020463
0.038164
0.020850
0.020264
0.021448
0.021702
0.019718
0.022990
0.025950
0.021113
0.019556
0.021372
0.020217
0.021112
0.021334
0.021363
0.020630
0.021948
0.034033
0.021901
0.029774
0.021483
0.021520
0.020137
0.021070
0.019914
0.021348
0.020988
0.022216
0.019775
0.027143
0.020668
0.021045
0.019464
0.020743
0.022177
0.020420
0.028208
0.027031
0.020688
0.021666
0.021409
0.020685
0.020978
0.020016
0.023307
0.020943
0.019931
0.021492
0.027621
0.022343
0.021084
0.020681
0.027101
0.019603
0.021417
0.019239
0.038239
0.020984
0.019917
0.020226
0.021573
0.020837
0.020135
0.020306
0.019927
0.021549
0.034901
0.020566
0.019982
0.026862
0.026347
0.020865
0.021243
0.020176
0.020902
0.021337
0.024193
0.020110
0.020461
0.021257
0.030812
0.021384
0.020359
0.019906
0.020181
0.022292
0.022255
0.034707
0.020789
0.020817
0.035635
0.021124
0.031689
0.022188
0.023061
0.020047
0.040214
0.030433
0.020029
0.021622
0.021548
0.021507
0.021317
0.025002
0.020565
0.021061
0.020568
0.020323
0.019912
0.020463
0.021453
0.020841
0.020573
0.038887
0.022037
0.021734
0.035773
0.021906
0.020655
0.028931
0.020391
0.021777
0.019864
0.021143
0.020482
0.036875
0.022253
0.020736
0.024478
0.021209
0.021237
0.020219
0.021217
0.021133
0.020314
0.021279
0.021299
0.023121
0.020063
0.021823
0.024430
0.021204
0.019801
0.021735
0.020053
0.027427
0.026718
0.021993
0.043693
0.021550
0.021272
0.020566
0.020295
0.021884
0.021364
0.028961
0.022030
0.040474
0.032560
