0.014131
0.025861
0.026726
0.026858
0.029574
0.025431
0.025824
0.025561
0.024834
0.025016
0.024722
0.024373
0.023877
0.025476
0.025122
0.023700
0.024319
0.025176
0.025144
0.024827
0.024479
0.031183
0.024532
0.024634
0.025548
0.024627
0.023705
0.031488
0.022767
0.025044
0.022208
0.022777
0.027954
0.021141
0.023149
0.022767
0.026637
0.028007
0.032379
0.037496
0.022908
0.031155
0.021660
0.022271
0.022382
0.021900
0.021479
0.021277
0.020313
0.020370
0.021523
0.021505
0.021173
0.020881
0.021643
0.021976
0.020663
0.021656
0.020378
0.021586
0.021370
0.019889
0.021927
0.020840
0.020741
0.024506
0.024089
0.019541
0.019084
0.019910
0.019604
0.019106
0.023532
0.020097
0.019719
0.019718
0.020769
0.020578
0.020707
0.020790
0.021441
0.020549
0.021027
0.020768
0.020336
0.020843
0.020389
0.021433
0.019790
0.021423
0.021439
0.019563
0.020304
0.031129
0.021565
0.019939
0.019469
0.021017
0.021359
0.022764
0.019637
0.028347
0.020850
0.020815
0.019857
0.019830
0.021357
0.020514
0.023914
0.024039
0.025556
0.019828
0.022460
0.022225
0.020212
0.020931
0.024248
0.020651
0.020263
0.022361
0.021721
0.022162
0.020582
0.021900
0.028430
0.023169
0.024898
0.022421
0.026923
0.021209
0.021385
0.021958
0.022063
0.022411
0.023038
0.025984
0.022027
0.030033
0.024264
0.022083
0.021615
0.030031
0.029962
0.022067
0.023840
0.021230
0.046081
0.021746
0.021128
0.021757
0.022319
0.021231
0.023073
0.031309
0.025881
0.023151
0.028038
0.052131
0.023035
0.024134
0.023532
0.023621
0.023325
0.023133
0.023278
0.023790
0.023297
0.025114
0.024403
0.023777
0.031389
0.023871
0.024832
0.028759
0.023897
0.026491
0.035045
0.023473
0.032178
0.024189
0.024566
0.023387
0.029971
0.023966
0.023720
0.023809
0.023570
0.030044
0.022688
0.023708
0.022638
0.022079
0.022303
0.022574
0.023050
0.022474
0.023542
0.022269
0.023655
0.025220
0.036103
0.022798
0.022106
0.031858
0.022027
0.029239
0.021823
0.021713
0.022063
0.024361
0.022388
0.027242
0.023043
0.025858
0.021951
0.032328
0.022968
0.021090
0.021495
0.035195
0.023564
0.021217
0.027256
0.026912
0.020999
0.021320
0.021671
0.021173
0.022944
0.022445
0.029463
0.026896
0.021342
0.022700
0.021834
0.022353
0.022538
0.025917
0.022717
0.021726
0.029162
0.022445
0.047415
0.021418
0.023532
0.023273
0.023348
0.024216
0.032168
0.021625
0.022178
0.022377
0.025039
0.022374
0.022923
0.022904
0.040766
0.024013
0.022672
0.033260
0.023248
0.022746
0.023835
0.039716
0.033799
0.024050
0.024128
0.022771
0.023675
0.031278
0.034409
0.024766
0.023257
0.023635
0.024464
0.023490
0.023424
0.024767
0.022793
0.023930
0.031068
0.038459
0.028999
0.022690
0.023061
0.030769
0.025367
0.033827
0.033397
0.024247
0.023492
0.037806
0.029001
0.023551
0.027002
0.023175
0.024756
0.026097
0.024910
0.023946
0.029729
0.025241
0.023753
0.025423
0.025838
0.024902
0.025327
0.024910
0.026094
0.025559
0.024633
0.025354
0.026422
0.025926
0.026191
0.031343
0.031216
0.025581
0.025690
0.027145
0.027042
0.027352
0.027379
0.026248
0.027332
0.027242
0.028206
0.028894
0.025529
0.027062
0.027783
0.026880
0.028191
0.027093
0.028586
0.027299
0.030959
0.029292
0.027037
0.027240
0.032658
0.027255
0.027887
0.027624
0.034710
0.026421
0.030804
0.026018
0.035560
0.029089
0.036089
0.029351
0.027293
0.045272
0.028372
0.034772
0.025794
0.023937
0.034337
0.025810
0.025132
0.026550
0.025588
0.038102
0.025836
0.025613
0.026592
0.025171
0.029670
0.025657
0.025300
0.025711
0.024520
0.024234
0.026506
0.025849
0.025906
0.030327
0.026272
0.025897
0.038105
0.032610
0.024500
0.026688
0.025779
0.026392
0.026354
0.026135
0.025402
0.026465
0.025686
0.038209
0.025218
0.040626
0.025706
0.027192
0.029109
0.027665
0.027339
0.026707
0.039966
0.025763
0.026892
0.032943
0.025369
0.025520
0.025898
0.026485
0.026183
0.032219
0.027460
0.027011
0.025606
0.028991
0.055816
0.029063
0.027888
0.034388
0.030919
0.029271
0.027837
0.027686
0.028407
0.028465
0.027125
0.028120
0.027943
0.032978
0.028420
0.028281
0.032704
0.028914
0.028973
0.034884
0.027499
0.028098
0.027968
0.027948
0.028098
0.031661
0.027011
0.028587
0.028155
0.045602
0.033058
0.028253
0.027138
0.028616
0.026994
0.026881
0.026851
0.028205
0.027950
0.028137
0.028868
0.028643
0.038828
0.026850
0.027583
0.029411
0.029951
0.029892
0.041482
0.028560
0.029290
0.037093
0.028939
0.027612
0.027579
0.028561
0.028665
0.030166
0.036280
0.029855
0.036691
0.055148
0.027456
0.027928
0.027559
0.028570
0.026461
0.028332
0.027697
0.026501
0.027574
0.027274
0.027080
0.027677
0.027346
0.035880
0.028961
0.031188
0.027621
0.026651
0.039326
0.025761
0.024915
0.025495
0.026147
0.024537
0.025536
0.025770
0.033503
0.028415
0.024809
0.024501
0.025244
0.024403
0.024204
0.025747
0.024932
0.032341
0.025535
0.024387
0.024948
0.030288
0.025832
0.025859
0.025858
0.024790
0.035356
0.024896
0.023953
0.025153
0.025967
0.032321
0.025855
0.024881
0.024906
0.026832
0.027519
0.029661
0.033802
0.026058
0.029555
0.026224
0.026651
0.026318
0.035796
0.029212
0.026800
0.026055
0.026168
0.026297
0.027213
0.025233
0.027600
0.026159
0.034117
0.029308
0.025286
0.028573
0.026683
0.035384
0.028593
0.025933
0.027069
0.025652
0.027229
0.035947
0.046101
0.036078
0.026822
0.026075
0.027357
0.025668
0.026022
0.027523
0.029999
0.036005
0.027557
0.027196
0.036869
0.026100
0.026896
0.026938
0.027129
0.026335
0.026505
0.025813
0.026249
0.026726
0.026053
0.026368
0.027317
0.027100
0.026954
0.026341
0.026644
0.026391
0.036647
0.027283
0.025148
0.025741
0.026179
0.026185
0.026322
0.026207
0.026708
0.026932
0.039102
0.026706
0.025485
0.024899
0.024558
0.024610
0.025719
0.024481
0.025967
0.024334
0.025774
0.025388
0.025684
0.024576
0.041452
0.025001
0.024469
0.025978
0.026627
0.025355
0.024818
0.024265
0.025232
0.025022
0.026211
0.025397
0.025970
0.026293
0.025002
0.026232
0.025917
0.026335
0.026348
0.026026
0.026028
0.026988
0.026294
0.026587
0.026345
0.027726
0.026234
0.026593
0.026704
0.027056
0.026957
0.027768
0.028445
0.026553
0.027642
0.030231
0.036956
0.028576
0.028911
0.029125
0.030406
0.030515
0.030634
0.030945
0.029467
0.031269
0.030407
0.031323
0.029149
0.030042
0.030675
0.028626
0.028199
0.030234
0.030195
0.029346
0.030223
0.028615
0.029869
0.029058
0.028998
0.029837
0.029064
0.030837
0.030129
0.029861
0.031271
0.028637
0.028290
0.028280
0.028168
0.028895
0.028659
0.028654
0.030805
0.028603
0.029628
0.030163
0.029910
0.037110
0.030286
0.029137
0.028802
0.030599
0.028980
0.029475
0.029331
0.029038
0.030617
0.030448
0.029914
0.036687
0.032004
0.031405
0.029958
0.030324
0.030498
0.031634
0.029642
0.030592
0.029595
0.031213
0.029634
0.030396
0.030139
0.031005
0.029927
0.029405
0.029658
0.029619
0.030977
0.046867
0.030713
0.031311
0.035119
0.031095
0.030308
0.030134
0.029890
0.037862
0.030525
0.030157
0.033241
0.030872
0.029376
0.029441
0.029910
0.042668
0.031679
0.032202
0.031218
0.030427
0.030917
0.048553
0.042879
0.030509
0.030630
0.031707
0.032235
0.032452
0.033000
0.031489
0.033638
0.033603
0.033345
0.052778
0.032493
0.033053
0.033131
0.033932
0.032736
0.033298
0.031723
0.032918
0.034374
0.039529
0.033524
0.040659
0.032376
0.032865
0.033060
0.037629
0.034052
0.032180
0.031601
0.031118
0.033267
0.031219
0.031392
0.030555
0.032261
0.029900
0.029972
0.030896
0.033722
0.031747
0.030587
0.030229
0.030397
0.030164
0.030660
0.031657
0.031982
0.032142
0.033167
0.031773
0.045970
0.036281
0.031448
0.030481
0.031984
0.031013
0.031984
0.032326
0.035563
0.029592
0.037384
0.050306
0.034246
0.030890
0.035594
0.031686
0.031456
0.033672
0.031202
0.031716
0.031345
0.031742
0.030518
0.031450
0.031004
0.052027
0.030226
0.033270
0.031670
0.045663
0.030740
0.030221
0.037418
0.039571
0.031450
0.033466
0.033517
0.031044
0.030016
0.034448
0.030894
0.029834
0.049931
0.032311
0.031434
0.035171
0.033447
0.032099
0.031092
0.032239
0.043736
0.031459
0.037921
0.037043
0.031148
0.030266
0.031024
0.034365
0.031727
0.034304
0.036315
0.031617
0.030353
0.030120
0.031430
0.029234
0.029513
0.029745
0.030053
0.029962
0.028977
0.029390
0.028138
0.031157
0.027857
0.027127
0.028167
0.052804
0.026480
0.027516
0.026677
0.026958
0.026162
0.027348
0.026465
0.026643
0.026832
0.031399
0.026238
0.025534
0.026891
0.026925
0.027049
0.025721
0.026381
0.025366
0.045860
0.028360
0.031700
0.026528
0.024622
0.025518
0.025826
0.025756
0.024147
0.025730
0.024705
0.025348
0.025627
0.024385
0.033253
0.025142
0.025934
0.024142
0.029638
0.023655
0.025447
0.023503
0.040951
0.023717
0.031516
0.023918
0.024595
0.024945
0.023718
0.023887
0.024034
0.024341
0.024192
0.024812
0.024675
0.037233
0.039340
0.024892
0.023463
0.025621
0.024504
0.042492
0.024375
0.025062
0.024522
0.024588
0.024772
0.035599
0.023996
0.033661
0.025072
0.025380
0.024182
0.025683
0.025271
0.038115
0.024097
0.025368
0.025737
0.025606
0.026474
0.034847
0.025616
0.027797
0.025445
0.025310
0.026759
0.026520
0.025561
0.026110
0.027570
0.026412
0.026754
0.025881
0.025613
0.025597
0.033305
0.038677
0.027483
0.026534
0.037876
0.027794
0.028921
0.027129
0.031646
0.027723
0.027567
0.025786
0.027373
0.027835
0.027020
0.027625
0.035360
0.029553
0.026936
0.029202
0.031454
0.027749
0.039742
0.028320
0.028223
0.027846
0.033942
0.026315
0.039339
0.038097
0.032817
0.028319
0.038407
0.030812
0.035199
0.029184
0.036890
0.029393
0.028881
0.035842
0.029210
0.038398
0.037270
0.031802
0.038242
0.030029
0.030071
0.029730
0.029679
0.030496
0.029975
0.030576
0.028782
0.030107
0.029794
0.030935
0.051080
0.030598
0.030115
0.045982
0.031281
0.029791
0.031030
0.028927
0.032444
0.030672
0.029420
0.030961
0.032168
0.030995
0.032838
0.031295
0.030108
0.031993
0.031709
0.035425
0.031772
0.031343
0.031387
0.032572
0.031237
0.051776
0.030406
0.031353
0.039092
0.031244
0.031792
0.034247
0.031828
0.059738
0.031172
0.031383
0.031071
0.030403
0.031257
0.030620
0.030957
0.031107
0.033508
0.029887
0.029635
0.035575
0.031415
0.030705
0.031088
0.031114
0.030540
0.028978
0.030318
0.030623
0.030797
0.030924
0.031825
0.031077
0.032159
0.031993
0.032623
0.031387
0.030910
0.032110
0.032509
0.035135
0.031346
0.034585
0.038995
0.032155
0.061771
0.034316
0.035121
0.060506
0.033229
0.033425
0.034144
0.033476
0.035590
0.042942
0.031218
0.032327
0.031428
0.033582
0.032778
0.032427
0.033459
0.033364
0.033384
0.034159
0.036117
0.033284
0.035367
0.033419
0.061952
0.033895
0.032661
0.033807
0.037031
0.038449
0.031087
0.032810
0.030870
0.033264
0.032118
0.032730
0.034546
0.032143
0.030348
0.032262
0.060826
0.034146
0.030195
0.032975
0.030569
0.031482
0.032360
0.030086
0.032496
0.032097
0.030575
0.032554
0.033718
0.031052
0.030840
0.030193
0.030561
0.031985
0.030151
0.031389
0.030475
0.032534
0.032373
0.031933
0.033482
0.033662
0.048655
0.031147
0.032528
0.030760
0.030753
0.030222
0.030966
0.029230
0.043218
0.029252
0.029121
0.028911
0.030780
0.029686
0.030119
0.034503
0.028853
0.042929
0.029239
0.029229
0.029175
0.028948
0.035715
0.029442
0.029890
0.028189
0.028859
0.028708
0.026776
0.026708
0.025380
0.037821
0.024221
0.025743
0.025287
0.031755
0.037606
0.024428
0.023366
0.023171
0.027119
0.036214
0.038004
0.023264
0.022451
0.021659
0.021727
0.021302
0.022811
0.022710
0.022290
0.023372
0.035265
0.021825
0.022486
0.042503
0.023721
0.024104
0.026349
0.022033
0.027728
0.022977
0.021661
0.023141
0.021923
0.021779
0.022367
0.022020
0.022022
0.021886
0.038552
0.040048
0.022177
0.033599
0.022240
0.022737
0.021835
0.023463
0.022074
0.021791
0.023258
0.022520
0.022152
0.022208
0.039097
0.022477
0.023343
0.022055
0.022245
0.022163
0.039379
0.037905
0.021556
0.021684
0.022703
0.021709
0.022850
0.025408
0.022231
0.022248
0.022823
0.022200
0.022347
0.021930
0.021713
0.022173
0.022677
0.022487
0.027488
0.022021
0.021187
0.024251
0.021796
0.021093
0.021416
0.041975
0.021395
0.022281
0.022440
0.023459
0.026708
0.026643
0.021868
0.023019
0.021753
0.022812
0.021586
0.022862
0.047646
0.021699
0.022910
0.021645
0.028835
0.022053
0.039604
0.021673
0.021790
0.023195
0.021100
0.021361
0.027666
0.021708
0.021558
0.021260
0.021260
0.022879
0.021958
0.021355
0.022770
0.021251
0.051417
0.024352
0.027691
0.022135
0.022705
0.031855
0.022274
0.040814
0.029855
0.028020
0.022848
0.022599
0.048525
0.022899
0.022715
0.028651
0.022772
0.022904
0.023083
0.022956
0.022437
0.022046
0.038922
0.023205
0.021281
0.021817
0.025896
0.022894
0.029652
0.022750
0.022799
0.039351
0.020939
0.022263
0.022445
0.022596
0.022865
0.030951
0.045687
0.022587
0.022464
0.032364
0.022053
0.022215
0.038143
0.041072
0.021163
0.022032
0.026363
0.024124
0.035347
0.022392
0.022348
0.022933
0.025993
0.022659
0.020851
0.027804
0.022095
0.022002
0.022344
0.022034
0.022675
0.022148
0.022047
0.022834
0.022591
0.022987
0.021343
0.022401
0.037568
0.029949
0.022566
0.021180
0.033714
0.028912
0.037062
0.022818
0.021110
0.023316
0.020837
0.022147
0.023084
0.022048
0.021850
0.020760
0.041540
0.023145
0.021753
0.021977
0.032907
0.021942
0.022282
0.021959
0.041200
0.021692
0.022433
0.021634
0.027106
0.021281
0.021834
0.021837
0.022273
0.022015
0.031720
0.020550
0.022048
0.023043
0.021835
0.021513
0.021852
0.021488
0.021763
0.038107
0.021569
0.030232
0.030423
0.030359
0.022049
0.021439
0.021900
0.022300
0.020713
0.020304
0.021898
0.020663
0.021199
0.038757
0.024236
0.021278
0.027368
0.021123
0.022367
0.022181
0.021500
0.027263
0.022661
0.021611
0.039848
0.022506
0.020507
0.021954
0.021360
0.030828
0.021541
0.020642
0.021787
0.037254
0.028449
0.027306
0.022283
0.021601
0.029991
0.023679
0.021219
0.021548
0.025236
0.021487
0.024421
0.028186
0.021366
0.022252
0.022305
0.021720
0.021474
0.020703
0.021931
0.020712
0.020711
0.020178
0.024867
0.021754
0.027479
0.021466
0.021664
0.021930
0.021602
0.029866
0.020311
0.020613
0.026580
0.020380
0.021975
0.022091
0.021700
0.022502
0.021834
0.022391
0.021802
0.022198
0.021763
0.021798
0.020821
0.022208
0.021205
0.022154
0.020781
0.022182
0.021471
0.023408
0.020742
0.022537
0.022849
0.021023
0.021165
0.021305
0.022751
0.021116
0.022355
0.022152
0.022516
0.021697
0.021685
0.051892
0.022862
0.021245
0.022720
0.038829
0.023472
0.023520
0.034086
0.037869
0.022263
0.033026
0.023525
0.029135
0.023852
0.028100
0.022713
0.023208
0.023855
0.023048
0.034735
0.024848
0.023549
0.024623
0.023974
0.025045
0.024393
0.024900
0.024877
0.024356
0.024162
0.023987
0.024146
0.035757
0.023790
0.022520
0.023444
0.022530
0.023485
0.022021
0.023060
0.024142
0.040023
0.023251
0.023015
0.023228
0.021314
0.022302
0.022242
0.021949
0.021471
0.021594
0.030077
0.021576
0.021499
0.020331
0.035836
0.022013
0.019791
0.021400
0.020861
0.021481
0.020682
0.021466
0.019693
0.021975
0.020764
0.019438
0.021603
0.020424
0.020126
0.019241
0.020317
0.020688
0.034385
0.020085
0.028318
0.020902
0.019583
0.026436
0.029769
0.020273
0.021307
0.021021
0.018721
0.037750
0.019804
0.020038
0.020048
0.020307
0.020413
0.020101
0.020821
0.019395
0.018948
0.020884
0.025227
0.020277
0.019636
0.019826
0.022317
0.028681
0.019823
0.020000
0.019420
0.019435
0.020458
0.036942
0.020773
0.019198
0.020182
0.034110
0.025467
0.019117
0.019868
0.019020
0.021399
0.019944
0.019931
0.019915
0.019935
0.046719
0.018512
0.018532
0.020258
0.019398
0.018836
0.025514
0.019962
0.019168
0.020046
0.019518
0.020414
0.019664
0.018425
0.019520
0.018781
0.018185
0.019460
0.018469
0.018779
0.019514
0.018482
0.019639
0.020193
0.019621
0.018760
0.019555
0.019705
0.018256
0.019553
0.018646
0.019855
0.018271
0.018364
0.020030
0.019570
0.019006
0.019203
0.019403
0.019649
0.018381
0.019350
0.018169
0.019622
0.024376
0.019692
0.020530
0.019545
0.019417
0.018763
0.018670
0.020593
0.019821
0.018851
0.018591
0.027106
0.018709
0.018842
0.018529
0.018552
0.019830
0.018266
0.019252
0.019175
0.020883
0.020199
0.019811
0.019945
0.019678
0.019434
0.019399
0.019755
0.018582
0.018576
0.019287
0.019194
0.020307
0.019463
0.019531
0.019665
0.019931
0.019614
0.020151
0.020056
0.020220
0.019002
0.018823
0.019490
0.018478
0.018707
0.020421
0.018543
0.018577
0.019606
0.018309
0.019582
0.018080
0.020069
0.019588
0.018445
0.019788
0.018331
0.018701
0.019565
0.020242
0.020641
0.020062
0.020656
0.019850
0.019524
0.019502
0.019000
0.022796
0.018088
0.028520
0.019878
0.022535
0.018436
0.019570
0.018332
0.025576
0.018635
0.019643
0.019035
0.018752
0.019513
0.019140
0.020371
0.018935
0.029406
0.020644
0.020202
0.024051
0.019342
0.019706
0.047305
0.020820
0.019605
0.018844
0.018528
0.018904
0.019242
0.019163
0.018602
0.021058
0.019870
0.018969
0.018651
0.020209
0.019934
0.020647
0.020471
0.019285
0.032383
0.020778
0.019418
0.030918
0.019498
0.018980
0.019683
0.020145
0.019020
0.020032
0.020542
0.019203
0.019494
0.019787
0.020281
0.018829
0.019083
0.020254
0.021395
0.018716
0.019186
0.019163
0.021466
0.048067
0.019329
0.021107
0.019895
0.019582
0.020456
0.020229
0.019872
0.019671
0.026158
0.020039
0.025819
0.021856
0.021030
0.021766
0.047413
0.026053
0.022356
0.050192
0.022107
0.020697
0.026699
0.024864
0.022438
0.033832
0.021146
0.022220
0.022314
0.022723
0.022709
0.021234
0.022584
0.023154
0.023120
0.029843
0.048946
0.023838
0.023302
0.022997
0.023203
0.023192
0.023524
0.023493
0.024258
0.024147
0.023340
0.030649
0.023374
0.024630
0.046853
0.052545
0.023090
0.022900
0.024433
0.052133
0.023164
0.024019
0.047366
0.050711
0.023456
0.024180
0.023571
0.022293
0.023738
0.023579
0.022342
0.024091
0.022232
0.031141
0.024465
0.023515
0.022957
0.023628
0.022311
0.023516
0.022317
0.023890
0.023623
0.026435
0.023340
0.023402
0.022867
0.022807
0.023085
0.023111
0.028857
0.022942
0.051588
0.022342
0.024710
0.023599
0.053990
0.022331
0.021747
0.021825
0.021904
0.022506
0.023892
0.022892
0.021832
0.021191
0.023361
0.021931
0.023032
0.038072
0.021679
0.023471
0.021484
0.022616
0.023346
0.021805
0.023155
0.048172
0.021812
0.022279
0.023055
0.022857
0.022658
0.021551
0.023434
0.022989
0.022102
0.023890
0.023201
0.050981
0.021528
0.022246
0.022832
0.023823
0.021843
0.023056
0.022541
0.041445
0.023229
0.022996
0.030241
0.036645
0.023054
0.023470
0.023049
0.023176
0.022379
0.022202
0.022651
0.028341
0.041965
0.021954
0.022434
0.023285
0.022584
0.023827
0.032439
0.022594
0.021711
0.022617
0.023579
0.051281
0.042534
0.050963
0.022472
0.022531
0.023701
0.023606
0.023864
0.023981
0.023536
0.023639
0.023768
0.022403
0.022652
0.022748
0.048651
0.022962
0.022843
0.051432
0.024284
0.023631
0.035654
0.024036
0.023009
0.023344
0.051199
0.023870
0.023396
0.023643
0.051829
0.049878
0.037171
0.022265
0.027746
0.023652
0.022756
0.023627
0.022822
0.023314
0.022445
0.023085
0.022560
0.022144
0.034324
0.023377
0.035750
0.050848
0.024139
0.022493
0.024748
0.022675
0.023379
0.023677
0.023836
0.022619
0.023098
0.024150
0.024593
0.023777
0.039048
0.022623
0.022361
0.023247
0.023751
0.024123
0.024582
0.024202
0.053880
0.024750
0.023705
0.031698
0.024140
0.024470
0.024464
0.024162
0.030680
0.030314
0.025233
0.024652
0.025157
0.023409
0.025381
0.025129
0.023841
0.025201
0.053811
0.023449
0.024883
0.026008
0.025156
0.025863
0.023648
0.025732
0.023808
0.023982
0.024619
0.025519
0.023814
0.024719
0.024449
0.025342
0.023420
0.032446
0.024821
0.025001
0.024772
0.024252
0.024582
0.025672
0.024897
0.052106
0.022867
0.024352
0.024573
0.023309
0.023519
0.027608
0.032070
0.023854
0.024200
0.024479
0.024309
0.023558
0.024417
0.024046
0.024687
0.022396
0.034544
0.032948
0.023046
0.051299
0.029944
0.025165
0.024366
0.022738
0.023822
0.023864
0.024456
0.022570
0.028262
0.023570
0.039591
0.024186
0.023214
0.023753
0.024137
0.041441
0.023729
0.024256
0.023543
0.023861
0.024027
0.023798
0.023752
0.024144
0.023799
0.022647
0.023756
0.029819
0.024236
0.043587
0.024364
0.051711
0.023182
0.024397
0.033129
0.024354
0.046203
0.023126
0.023783
0.024660
0.024254
0.023242
0.024238
0.024145
0.042827
0.024111
0.024841
0.023810
0.023695
0.051749
0.023756
0.023120
0.023671
0.024444
0.023700
0.024177
0.023637
0.023972
0.025522
0.031726
0.023966
0.024431
0.024462
0.024802
0.022821
0.024735
0.025412
0.024923
0.032416
0.023899
0.025281
0.024739
0.038121
0.025470
0.052527
0.025646
0.048222
0.025930
0.025542
0.039086
0.026238
0.026194
0.025921
0.054380
0.026121
0.026099
0.025613
0.025270
0.026634
0.027942
0.050475
0.027884
0.027718
0.026970
0.027400
0.027386
0.027095
0.026997
0.026511
0.026104
0.027434
0.027618
0.027309
0.032567
0.027550
0.055100
0.027151
0.028239
0.027991
0.027026
0.026337
0.026361
0.027207
0.026904
0.028488
0.027606
0.027903
0.027698
0.027646
0.027739
0.028097
0.026837
0.026614
0.027807
0.034503
0.027319
0.028603
0.047276
0.028507
0.026088
0.025695
0.027468
0.026997
0.026708
0.026760
0.027566
0.037125
0.025999
0.025942
0.027201
0.050716
0.026127
0.040756
0.025739
0.052139
0.026852
0.028162
0.026421
0.026634
0.041030
0.032588
0.026368
0.047717
0.026989
0.028018
0.026408
0.025610
0.025795
0.053988
0.026938
0.025670
0.042197
0.026363
0.026396
0.026088
0.029100
0.026929
0.046492
0.025097
0.024723
0.024134
0.024319
0.053440
0.025521
0.026223
0.029643
0.051943
0.052532
0.024815
0.026213
0.025215
0.025524
0.026161
0.026285
0.025951
0.054142
0.025615
0.025799
0.024858
0.025928
0.054622
0.026397
0.053879
0.026118
0.026351
0.053609
0.026650
0.042621
0.026066
0.027948
0.027116
0.026627
0.047580
0.026440
0.055630
0.055320
0.027566
0.028016
0.027410
0.042005
0.028827
0.027852
0.026709
0.026996
0.026890
0.028000
0.028804
0.043545
0.027056
0.028401
0.027162
0.028647
0.027183
0.028729
0.028690
0.027770
0.048216
0.028550
0.028387
0.028542
0.027220
0.027893
0.026970
0.026583
0.038294
0.029027
0.025884
0.027600
0.027339
0.027527
0.027455
0.031979
0.026149
0.025606
0.025901
0.028294
0.027471
0.055123
0.027050
0.025863
0.026773
0.025703
0.026616
0.026090
0.026565
0.025218
0.025114
0.025360
0.052968
0.025720
0.024373
0.050635
0.051984
0.037488
0.024636
0.024492
0.052683
0.031084
0.024271
0.023898
0.052999
0.025515
0.024771
0.024153
0.028196
0.024629
0.024285
0.024425
0.024494
0.023000
0.052925
0.024956
0.025637
0.024639
0.023464
0.052543
0.052075
0.048213
0.024789
0.052739
0.036376
0.052535
0.031465
0.028043
0.026242
0.053403
0.030793
0.052437
0.024088
0.041700
0.023813
0.024737
0.025364
0.025421
0.024033
0.025872
0.029558
0.025757
0.024902
0.023802
0.025092
0.025561
0.025130
0.024699
0.024276
0.025545
0.053941
0.025336
0.023462
0.024135
0.024487
0.048173
0.047414
0.024279
0.024333
0.024372
0.025812
0.024955
0.023955
0.023367
0.024549
0.050120
0.052264
0.024243
0.024848
0.024356
0.024527
0.024214
0.022747
0.023101
0.024296
0.023329
0.022724
0.023166
0.023997
0.022618
0.024308
0.037926
0.023733
0.023716
0.023496
