0.011351
0.021880
0.023112
0.022277
0.043197
0.022293
0.022469
0.021698
0.022331
0.026046
0.021416
0.029665
0.022823
0.022459
0.023335
0.022144
0.021771
0.021478
0.027524
0.022944
0.021757
0.021716
0.029128
0.021585
0.022919
0.021273
0.023099
0.022689
0.023255
0.022175
0.033856
0.023458
0.021190
0.023195
0.022325
0.022493
0.023784
0.024213
0.023992
0.024261
0.031709
0.022223
0.023842
0.024126
0.024207
0.023920
0.023842
0.022357
0.024485
0.024058
0.023292
0.024157
0.024087
0.023075
0.023020
0.033573
0.035161
0.025414
0.025038
0.024487
0.024555
0.024607
0.024741
0.023373
0.023577
0.024685
0.023681
0.023916
0.023543
0.024498
0.022459
0.024176
0.023034
0.023966
0.024013
0.024476
0.024694
0.039447
0.031548
0.023233
0.023904
0.022942
0.023493
0.023445
0.023800
0.022496
0.023309
0.024009
0.021875
0.021969
0.023233
0.022993
0.023267
0.023680
0.023264
0.024018
0.023541
0.023761
0.033188
0.022832
0.022527
0.027524
0.021115
0.022058
0.022108
0.023613
0.021937
0.023574
0.020746
0.021876
0.021556
0.027057
0.037509
0.021663
0.021634
0.021917
0.019881
0.019848
0.022400
0.020252
0.021669
0.020874
0.020856
0.021328
0.020603
0.020988
0.023624
0.021006
0.020719
0.020995
0.021982
0.021442
0.021030
0.020395
0.019168
0.022387
0.021522
0.021172
0.021370
0.020367
0.020876
0.021164
0.020515
0.020641
0.030319
0.019474
0.021116
0.021394
0.021920
0.020624
0.019542
0.021672
0.027473
0.021554
0.021749
0.020930
0.020993
0.021760
0.022910
0.021895
0.022420
0.027282
0.027423
0.020554
0.020226
0.021542
0.021883
0.020981
0.021955
0.022299
0.022344
0.020977
0.020283
0.023525
0.021611
0.021381
0.021150
0.042695
0.021559
0.021568
0.020926
0.020918
0.020794
0.021137
0.022239
0.021041
0.038697
0.020238
0.020200
0.019580
0.019715
0.020017
0.019849
0.019299
0.019612
0.020651
0.021312
0.019496
0.025780
0.020254
0.032982
0.030234
0.034321
0.024132
0.021963
0.021219
0.021088
0.020553
0.020498
0.019891
0.020400
0.020920
0.021386
0.021602
0.025297
0.021117
0.022226
0.024627
0.020522
0.021716
0.020949
0.021833
0.021199
0.022492
0.021214
0.029728
0.022953
0.021350
0.022145
0.021468
0.021552
0.022693
0.022801
0.021743
0.023293
0.022816
0.023226
0.025571
0.021306
0.021022
0.032623
0.022342
0.032117
0.021770
0.041448
0.021860
0.021753
0.022538
0.022162
0.022346
0.030016
0.042804
0.022132
0.022382
0.022135
0.022110
0.021755
0.038198
0.049173
0.025148
0.021400
0.021785
0.021939
0.035945
0.021689
0.022545
0.022368
0.023074
0.022160
0.022059
0.023263
0.022906
0.023566
0.022768
0.022977
0.023004
0.022890
0.023344
0.022526
0.024152
0.023048
0.051470
0.022944
0.023178
0.023442
0.022638
0.022891
0.023001
0.021749
0.022216
0.022664
0.021213
0.022004
0.021670
0.021739
0.021817
0.021529
0.020721
0.020814
0.021656
0.020992
0.023102
0.021956
0.021847
0.022221
0.022324
0.021326
0.021308
0.022381
0.022175
0.023240
0.023362
0.022138
0.021952
0.022224
0.022948
0.045129
0.022018
0.020543
0.021593
0.023900
0.021640
0.022438
0.021491
0.019905
0.020514
0.020374
0.020396
0.029267
0.020737
0.026690
0.021620
0.021315
0.020608
0.021907
0.020873
0.020162
0.021844
0.025293
0.045986
0.021716
0.019666
0.021097
0.020067
0.021280
0.040940
0.021721
0.020371
0.019382
0.021363
0.021645
0.020710
0.021343
0.028769
0.021009
0.019852
0.020605
0.021062
0.021088
0.020554
0.020396
0.021251
0.020601
0.019427
0.020641
0.020615
0.020559
0.019668
0.020180
0.019901
0.019228
0.020644
0.019631
0.018794
0.048759
0.021790
0.020255
0.018642
0.020583
0.020174
0.020288
0.019977
0.019297
0.018777
0.018990
0.019924
0.020334
0.019314
0.019779
0.019779
0.020172
0.032451
0.019753
0.019079
0.032348
0.019708
0.019574
0.019991
0.020329
0.019758
0.035757
0.019991
0.019406
0.031809
0.019754
0.019886
0.026588
0.020238
0.021161
0.020456
0.019049
0.018662
0.019823
0.025246
0.020043
0.018365
0.018991
0.049205
0.022183
0.033508
0.019553
0.022975
0.019387
0.019902
0.018755
0.020437
0.019787
0.030652
0.026864
0.019510
0.040719
0.021203
0.019631
0.020515
0.020219
0.018831
0.018661
0.019061
0.019972
0.019034
0.031911
0.020215
0.019921
0.020230
0.020421
0.020687
0.020279
0.020093
0.019639
0.020596
0.020351
0.026957
0.021570
0.018873
0.020337
0.020517
0.020479
0.020612
0.020258
0.020893
0.038749
0.020979
0.024658
0.025403
0.036244
0.020677
0.022150
0.025983
0.019901
0.021134
0.020214
0.018868
0.020919
0.020620
0.020634
0.020469
0.020094
0.020389
0.020272
0.022158
0.020854
0.021133
0.020642
0.021959
0.021150
0.039235
0.023833
0.020876
0.028581
0.018829
0.020129
0.019673
0.020656
0.019495
0.019236
0.038240
0.021479
0.020140
0.035059
0.036729
0.019557
0.024910
0.019440
0.019044
0.019404
0.020401
0.025335
0.026259
0.035802
0.026548
0.019622
0.018732
0.047311
0.026268
0.020859
0.020276
0.022304
0.020387
0.029208
0.023624
0.029013
0.020153
0.020366
0.019936
0.019746
0.019632
0.020798
0.020574
0.020018
0.020480
0.019135
0.020936
0.020545
0.046034
0.019842
0.020649
0.020328
0.018916
0.018904
0.019276
0.020157
0.019800
0.029298
0.018863
0.019663
0.021757
0.021023
0.018948
0.020228
0.034139
0.019223
0.024201
0.019755
0.019972
0.024547
0.025143
0.026221
0.020784
0.019731
0.019183
0.040998
0.033125
0.019736
0.020589
0.018868
0.019706
0.045659
0.019152
0.024161
0.019585
0.020291
0.020282
0.027919
0.019454
0.019918
0.020109
0.020044
0.019603
0.019240
0.020204
0.018695
0.020094
0.019799
0.020278
0.020480
0.038951
0.019649
0.018887
0.020483
0.043557
0.024128
0.019997
0.047456
0.025439
0.021325
0.021084
0.033156
0.021413
0.018245
0.019180
0.035460
0.020172
0.020644
0.025088
0.026684
0.021085
0.021359
0.023283
0.021258
0.020813
0.022686
0.020777
0.020371
0.041157
0.020126
0.021581
0.020637
0.034871
0.020522
0.020248
0.019097
0.019418
0.020457
0.019847
0.025278
0.019492
0.020658
0.023638
0.020947
0.020375
0.022544
0.021048
0.027846
0.030400
0.020264
0.021359
0.020345
0.021192
0.042401
0.021083
0.019386
0.020889
0.021894
0.020639
0.019301
0.020237
0.019847
0.020254
0.019304
0.019938
0.019434
0.043572
0.024443
0.019212
0.018384
0.019769
0.019728
0.021332
0.023190
0.027409
0.024302
0.023141
0.030248
0.022402
0.023417
0.032215
0.023636
0.041217
0.023268
0.022488
0.022474
0.030036
0.026821
0.024383
0.023391
0.023203
0.023049
0.035689
0.022910
0.024007
0.022782
0.020571
0.023658
0.021952
0.021401
0.022301
0.022076
0.023174
0.025716
0.022768
0.025845
0.025947
0.024773
0.025051
0.024255
0.025723
0.023266
0.026711
0.025114
0.029009
0.035385
0.022222
0.025286
0.024856
0.025276
0.023835
0.019332
0.018784
0.020231
0.019748
0.019337
0.019103
0.024273
0.020557
0.018972
0.019867
0.019746
0.023817
0.019954
0.020135
0.020758
0.026174
0.020271
0.020364
0.020008
0.020078
0.021066
0.018894
0.021609
0.019966
0.019029
0.018574
0.018709
0.019561
0.026679
0.018914
0.019792
0.019882
0.020124
0.020010
0.020207
0.019082
0.019094
0.018663
0.020196
0.019391
0.020173
0.018672
0.020286
0.019289
0.019937
0.018907
0.019588
0.019856
0.021231
0.019317
0.018149
0.018421
0.020211
0.022469
0.019624
0.020081
0.019736
0.029333
0.019827
0.018724
0.019746
0.018508
0.019029
0.019265
0.026547
0.019708
0.030024
0.019686
0.018648
0.018968
0.019540
0.019783
0.019256
0.019238
0.019163
0.019669
0.020947
0.019742
0.019605
0.018184
0.019096
0.019580
0.018818
0.020328
0.020426
0.021514
0.019426
0.019610
0.020510
0.020011
0.020496
0.019518
0.020850
0.020333
0.019778
0.021335
0.020959
0.027522
0.020659
0.038398
0.021240
0.019240
0.021218
0.019395
0.020709
0.021099
0.019799
0.021321
0.020741
0.020428
0.020614
0.020754
0.019601
0.019938
0.020910
0.020604
0.021057
0.019342
0.019070
0.019339
0.020536
0.020378
0.021366
0.021297
0.020352
0.019287
0.019733
0.021231
0.020943
0.020935
0.019498
0.020957
0.019359
0.019419
0.018952
0.018881
0.018683
0.019871
0.021873
0.020476
0.021300
0.021736
0.020256
0.019808
0.019833
0.020446
0.022197
0.025773
0.021705
0.021951
0.020650
0.030469
0.021634
0.021788
0.020447
0.024519
0.022448
0.020960
0.020846
0.021020
0.029804
0.022219
0.022144
0.022429
0.021371
0.020297
0.021792
0.021631
0.020619
0.021230
0.020709
0.020313
0.021277
0.020422
0.024908
0.020753
0.040067
0.022500
0.022023
0.021737
0.022300
0.022258
0.021722
0.022415
0.022803
0.022815
0.021767
0.021947
0.022850
0.022265
0.022843
0.022893
0.022489
0.022615
0.021781
0.022478
0.023282
0.030144
0.025407
0.023232
0.021934
0.020809
0.021540
0.022870
0.030470
0.022698
0.029945
0.021031
0.021680
0.021386
0.023422
0.022703
0.022925
0.021440
0.023544
0.022811
0.022748
0.023735
0.023650
0.022504
0.024044
0.030896
0.024170
0.030907
0.023580
0.022615
0.032796
0.024827
0.023880
0.022694
0.023663
0.022348
0.024068
0.023194
0.024282
0.022435
0.024701
0.022900
0.023335
0.023546
0.023404
0.024415
0.024194
0.024046
0.022782
0.024405
0.022279
0.021731
0.024122
0.022082
0.021675
0.022023
0.023454
0.023618
0.022951
0.023501
0.024652
0.032374
0.023381
0.036132
0.022309
0.021641
0.021621
0.022331
0.030471
0.021155
0.021237
0.023741
0.026962
0.021130
0.022381
0.022854
0.021146
0.021268
0.025311
0.030217
0.022111
0.021713
0.034764
0.021553
0.021226
0.022776
0.028728
0.022238
0.021608
0.022266
0.022242
0.023236
0.022320
0.021272
0.021540
0.022782
0.023093
0.021420
0.034710
0.022370
0.022443
0.023312
0.022051
0.021019
0.039774
0.022076
0.022140
0.030597
0.021876
0.035541
0.020847
0.024527
0.020902
0.037596
0.020735
0.022029
0.022033
0.020711
0.020683
0.020958
0.021970
0.022973
0.022333
0.020597
0.022061
0.021795
0.020008
0.020950
0.021790
0.021071
0.029184
0.021605
0.021137
0.019992
0.021903
0.021892
0.022774
0.021373
0.020611
0.021617
0.020822
0.021215
0.021626
0.020077
0.021247
0.023645
0.021094
0.019595
0.023960
0.021827
0.020915
0.026355
0.021081
0.022281
0.021410
0.021855
0.022207
0.022502
0.021734
0.021266
0.022103
0.021306
0.020849
0.020782
0.021005
0.022217
0.020967
0.020866
0.023284
0.021725
0.028014
0.023613
0.021888
0.022146
0.022697
0.022201
0.022614
0.022564
0.022967
0.022896
0.023131
0.020672
0.022949
0.021035
0.027365
0.022840
0.022599
0.022192
0.022465
0.027566
0.026607
0.022733
0.023168
0.021967
0.023144
0.021001
0.031901
0.023666
0.021420
0.020896
0.029913
0.021052
0.041477
0.022156
0.022087
0.028144
0.035418
0.022627
0.020534
0.022787
0.021735
0.041397
0.022399
0.022308
0.021968
0.020692
0.021657
0.020153
0.021477
0.021808
0.021130
0.021462
0.021489
0.020927
0.027460
0.020689
0.021547
0.020966
0.021924
0.022069
0.022164
0.021181
0.020199
0.020503
0.020813
0.031436
0.021846
0.021743
0.021940
0.021926
0.020779
0.021742
0.021245
0.021502
0.030261
0.020615
0.019788
0.020857
0.020018
0.020881
0.036980
0.020399
0.019415
0.020188
0.031372
0.019894
0.021779
0.021453
0.020537
0.021622
0.020777
0.028419
0.026365
0.021092
0.021320
0.041315
0.020939
0.024831
0.021510
0.019604
0.029325
0.021489
0.020931
0.020944
0.020017
0.040992
0.021312
0.024669
0.020208
0.021132
0.032024
0.022295
0.041081
0.021839
0.022379
0.022755
0.021408
0.021245
0.020315
0.028682
0.027085
0.021277
0.020926
0.021008
0.020379
0.039511
0.019589
0.025875
0.020747
0.030315
0.027740
0.020704
0.020695
0.021173
0.020938
0.030917
0.025333
0.020867
0.021233
0.020414
0.028612
0.026954
0.026784
0.027205
0.026317
0.021192
0.026637
0.019537
0.021564
0.021150
0.020860
0.020047
0.019387
0.020801
0.028120
0.021733
0.022773
0.019373
0.020466
0.020015
0.020627
0.020226
0.019544
0.020206
0.019271
0.020075
0.020997
0.025865
0.020141
0.043358
0.020378
0.019785
0.020599
0.020758
0.021170
0.020483
0.023044
0.019602
0.020497
0.020133
0.020244
0.019955
0.021751
0.020853
0.021513
0.018971
0.048438
0.020995
0.020399
0.019889
0.019062
0.020389
0.020610
0.020038
0.020539
0.019386
0.019349
0.020858
0.018940
0.039193
0.020089
0.020485
0.018433
0.019196
0.019014
0.020197
0.019938
0.022413
0.038199
0.020464
0.023637
0.035078
0.019911
0.019522
0.020015
0.021355
0.020443
0.021967
0.020410
0.037798
0.020897
0.040488
0.021311
0.020928
0.019310
0.020332
0.021004
0.027525
0.021164
0.019808
0.021240
0.020971
0.022174
0.021094
0.028473
0.020596
0.020059
0.019970
0.028354
0.019483
0.019852
0.020301
0.020879
0.020228
0.024629
0.020442
0.021791
0.020413
0.037881
0.019615
0.020010
0.019758
0.019911
0.019347
0.020199
0.020415
0.039302
0.021317
0.020115
0.021952
0.020980
0.033995
0.021535
0.028920
0.021822
0.021729
0.021734
0.022054
0.021722
0.020950
0.021154
0.022393
0.022630
0.021203
0.022688
0.039081
0.022773
0.032254
0.023144
0.022910
0.023231
0.022643
0.023198
