912.000000,387.000000,205.000000,197.000000
902.959267,385.546394,208.322189,196.503891
891.661636,383.202614,210.323212,194.780319
876.528152,379.405205,214.597565,192.713699
878.483757,378.002808,212.763321,195.127197
865.584831,374.216400,216.412918,194.271484
856.450676,367.427238,214.961746,198.712051
849.066093,359.262688,214.703262,204.264175
844.151909,354.457535,215.080826,213.102875
845.344933,355.144608,214.149368,213.100677
840.183121,347.181015,211.334808,222.901154
834.804932,343.082031,212.272095,224.761230
833.962265,345.939804,212.291534,213.417877
832.664215,344.879921,207.374695,254.877975
830.992241,348.128990,207.625504,226.797928
832.250847,349.144188,200.280411,226.899246
825.189972,353.643288,194.865173,228.344894
815.817101,355.009132,201.866898,238.321701
804.429359,357.110199,207.872971,229.100281
803.828575,357.914825,208.549881,225.381042
795.243103,360.317520,207.629150,230.042694
781.624268,363.245399,215.386597,226.641891
764.350609,365.822495,232.920731,216.885040
759.157875,371.859947,240.803146,209.196609
759.785095,370.991867,238.353394,210.599274
755.747437,380.749329,242.773560,214.773315
753.436699,389.314095,245.557510,222.067978
752.251640,400.977852,250.084122,217.458237
751.450485,414.897285,244.311676,205.394394
750.185677,414.510056,246.961288,206.798004
745.853516,419.561203,248.989868,200.203522
738.875595,423.462860,255.805450,196.193298
732.584488,425.300720,263.769501,191.470093
727.606842,424.396606,262.313904,191.098022
724.757843,425.946693,266.249695,190.002731
713.456268,415.082504,260.891907,197.882355
698.662552,404.721764,267.939911,202.429276
683.324310,395.156181,273.971863,208.432510
668.409714,380.674095,280.004791,216.068924
670.870407,382.863251,280.998810,215.766296
663.500793,371.655785,282.598511,218.199783
654.537521,364.826012,286.030182,222.751541
650.116455,359.805809,286.984497,228.362381
642.076218,358.782532,295.939240,237.236328
643.365997,357.213020,294.655090,234.382309
639.972397,359.798073,301.637604,238.306320
635.107681,362.410965,303.606415,231.965057
627.199417,363.845482,306.686371,235.541214
620.480072,364.394531,314.341858,238.519653
621.283112,365.661842,311.710876,235.259079
611.193192,355.869637,312.203094,242.858627
603.734619,363.720078,313.634766,236.599396
596.992187,361.139389,314.129883,244.569244
583.474548,364.388252,328.398315,245.745346
585.274826,362.485924,333.009308,247.075638
579.278854,366.154495,328.468903,239.783905
572.072754,365.097374,345.611694,243.475906
572.177216,364.278549,350.111267,241.828644
579.499649,370.717384,348.363861,224.413010
576.365875,371.507751,350.919373,227.148560
585.139267,372.255386,346.960846,222.434052
588.186966,374.009010,345.380341,221.043991
595.318741,377.535614,343.006195,218.358215
597.954758,379.664932,344.010284,215.467743
596.137558,379.508369,343.323029,215.804062
597.856689,385.231926,346.159424,200.027115
593.029327,386.712975,349.629333,198.243973
590.319839,387.676125,352.629364,196.555099
584.008347,389.113167,352.223175,193.883896
582.939178,385.357338,350.910583,196.802902
581.612350,383.845932,346.345001,195.081696
575.701202,366.199806,350.014465,209.747726
577.038223,355.155151,343.156708,218.029053
571.672501,351.135910,344.997406,226.433502
571.875839,351.811813,348.289825,225.200348
565.815872,354.657387,351.823944,223.789108
564.078369,357.858978,366.895508,219.219788
563.187546,359.101105,367.199615,211.725525
551.684708,375.300537,363.801483,197.195435
550.779495,373.710754,361.065643,197.552124
542.736465,389.194435,367.165131,186.538864
531.795410,397.916901,370.646240,182.739197
517.016525,392.539246,375.548126,188.985352
500.954620,408.446953,384.703308,175.662857
500.524506,422.689392,381.216125,158.165894
475.655609,414.680649,378.741272,164.480377
455.178543,432.397049,375.669281,151.006195
430.205017,437.711792,378.092407,139.063843
410.641312,426.255806,381.495941,151.257553
407.093430,439.923080,385.290924,137.457550
391.387985,420.253082,375.757721,157.354919
366.966934,412.517120,377.662689,164.609680
356.694687,411.242569,382.977081,168.654510
348.853287,431.521339,370.016327,138.831711
343.309204,389.535194,369.518433,180.743454
337.843384,388.348015,369.490845,186.566788
334.327423,380.606476,348.635071,193.329651
335.967346,376.555885,307.126343,188.222336
317.181168,381.477074,317.830902,185.676468
323.193344,392.599945,312.897614,171.401794
328.509796,405.286758,287.327332,148.027557
344.637856,368.126122,253.510056,183.671951
365.208603,394.380905,232.741241,150.908112
394.637512,365.623260,200.862244,174.398560
392.623055,377.439041,193.953110,162.485748
424.503860,355.183800,179.100372,179.880630
451.728386,301.047256,174.493607,223.690948
493.202858,284.554901,166.010605,235.808289
531.904900,273.532402,152.677689,234.041031
515.851479,275.733444,176.558823,232.839996
550.964569,265.875298,172.518311,227.899185
581.296387,287.094971,172.433899,195.152283
611.570740,298.022804,153.538147,175.275925
640.404839,288.577904,153.467911,179.545242
639.906982,251.770393,156.234314,216.347031
669.565636,272.529030,136.451614,190.894150
713.270138,273.737000,118.405403,186.455078
743.309685,269.424370,117.167435,198.035660
773.764454,285.765259,100.306786,190.479187
773.189964,281.841362,107.660477,194.772903
796.938541,300.826302,98.480156,182.930466
810.679008,313.907669,105.370804,182.169830
828.988613,337.095695,108.747749,170.518204
846.054646,348.471848,110.977562,163.606781
845.463043,348.165779,111.203003,164.477219
864.934441,364.644089,107.922195,158.028900
883.120380,369.509209,109.584618,158.681107
899.274837,373.782684,108.989510,158.099548
918.627476,393.408600,111.831963,144.144104
920.507095,388.071663,106.514496,147.818893
927.753563,408.542259,121.830093,132.554092
940.586189,416.455986,128.105148,125.052261
955.006489,427.349606,124.972008,116.367195
965.894157,437.281506,128.763199,109.495888
963.453537,440.154633,131.919769,107.106323
980.082649,449.641808,139.256149,99.585159
987.941887,446.516018,145.147659,104.398689
997.560135,458.592827,141.628448,88.748367
1005.019203,466.338272,147.625412,84.557770
1002.267181,465.275425,147.807007,83.722038
1011.724129,478.982674,145.047775,67.086349
1013.017090,470.869312,152.322113,76.537315
1010.065277,484.387833,168.481415,65.826508
1002.479668,480.270329,174.750229,72.916313
1002.689667,482.281628,173.029572,70.980019
992.141785,490.795956,195.470306,63.194038
977.613625,444.862484,210.109329,109.353401
962.689293,451.496307,222.425217,104.892700
949.572983,451.992290,228.053467,105.311928
948.973747,474.539505,226.494247,82.713043
937.640823,455.461254,227.905579,99.816017
921.015701,448.311260,234.154358,111.002052
906.205116,435.281174,239.796646,125.369293
894.279373,445.575233,245.129395,118.121872
894.115829,443.621578,247.354126,119.312019
887.305176,440.784496,249.120819,123.852821
881.860443,442.995739,249.199188,124.796364
877.598564,445.233150,233.725021,124.971138
873.421127,446.231705,232.662598,126.558502
874.356323,446.616863,229.178314,124.741432
870.907066,448.024864,233.299118,125.334244
868.598579,448.094025,233.555435,121.748352
867.322838,447.625618,232.761276,121.405624
864.804405,450.498314,228.635605,118.600967
865.742172,445.351173,231.771301,124.567062
864.171394,448.601730,229.910477,124.773224
867.911827,445.580780,226.438095,131.946350
871.311157,445.333588,224.538544,135.302551
876.392853,445.556282,221.886688,137.770187
876.240654,446.279747,222.775620,139.067825
880.100845,458.395683,219.998901,129.506973
880.259178,459.714737,221.886459,130.871429
879.471687,471.532562,225.321915,118.307434
879.726646,475.166100,225.898422,118.968216
878.805771,473.724953,227.416809,121.441574
877.265617,477.001087,230.614792,119.888695
874.266815,486.731094,233.092194,111.236176
868.889610,484.374935,233.942490,115.127693
861.281433,485.576412,243.462067,115.400520
858.860451,489.063736,243.292191,111.723419
857.983589,486.833408,239.844559,115.366508
850.978920,487.476746,251.402969,115.716797
848.133568,484.031456,247.143906,119.203812
845.850166,481.573837,245.718643,122.151520
845.323631,486.532776,244.467026,117.301025
842.157158,482.863708,238.561874,120.439636
846.130013,484.960438,231.116043,119.743126
852.476097,477.231499,215.244370,126.590408
862.852135,472.462051,199.469345,132.979218
862.927635,473.586609,200.233078,133.058044
874.066727,468.420853,183.053528,137.036469
892.578865,468.262932,161.679459,139.441910
907.028671,474.290535,144.643860,133.996506
921.457199,479.946190,131.465881,130.861465
921.056725,480.117950,132.327621,131.878784
927.531494,483.840675,132.635162,129.852829
930.033730,493.477943,145.652725,122.578659
934.881294,507.193386,159.565445,112.503181
937.033783,519.172096,163.782196,105.115646
937.766052,515.342308,165.518707,109.992264
938.783012,526.841637,172.524582,98.005264
939.141380,530.507362,178.713303,95.608200
936.807571,535.713139,190.353821,89.455009
926.767479,540.865189,208.063339,86.019806
926.757622,542.075844,206.931076,84.278976
917.536987,541.994331,218.720673,85.785934
906.664574,544.340324,224.881516,83.641678
898.175842,526.723286,230.895782,102.847069
885.322899,516.622795,234.133163,112.970474
880.072289,528.665577,243.325180,100.890282
870.414368,523.663021,238.235992,106.279549
860.997223,521.008717,237.647430,111.489403
851.686066,518.486626,243.819427,116.064224
842.633743,517.878830,245.802551,117.174286
841.819702,525.036804,249.072357,110.520447
834.103584,517.879272,245.468704,120.853333
823.011711,525.235382,244.424423,114.672913
814.651039,518.188137,246.045242,123.196175
806.156334,510.124199,250.866867,134.679031
804.539604,511.797585,253.170212,134.009872
797.956482,498.421410,254.614105,147.248856
795.024696,491.837311,248.836502,154.914429
795.085472,479.166885,255.504684,171.035431
799.033180,469.132141,251.865128,176.230896
797.675903,471.346153,255.994354,175.104630
800.156136,460.518547,247.602371,181.267288
802.493500,445.667053,255.367462,192.616882
805.075294,438.249817,249.540787,184.192444
808.204422,425.903564,254.407532,181.759827
806.307564,423.656609,255.712479,185.069656
807.828781,417.151596,257.821411,182.485687
810.114914,415.414330,261.093506,173.210831
811.445190,404.850639,266.470428,175.464066
811.344666,402.841881,263.546478,178.645889
815.398849,401.591896,267.102661,175.363510
819.554916,402.154564,268.718140,174.684341
817.794846,409.780220,273.145142,175.291794
819.369415,418.741798,274.126617,175.084579
821.929306,421.223366,268.851318,172.143051
822.448196,429.087166,270.485779,176.135300
822.722473,441.675072,271.200897,173.464859
827.424347,454.729614,269.660919,165.510193
822.125000,462.935432,277.991913,166.054245
823.458221,466.452194,276.490631,161.707977
819.734604,469.708191,281.809204,161.677429
814.508652,484.473297,282.748169,150.359131
808.076981,493.482590,291.042542,141.986053
803.454987,493.487946,288.954987,141.411011
803.560257,490.834846,289.221497,141.823837
792.340622,492.876228,288.108032,145.025314
784.616516,494.305725,294.013763,142.949402
783.925949,497.024940,289.689453,141.406235
780.143280,497.231575,288.166046,142.944870
781.732941,497.565239,282.620819,143.685867
786.631439,497.044197,270.109833,141.606735
786.570343,496.987488,263.603241,140.429810
792.301277,503.148438,250.859207,136.605591
794.963188,500.257713,239.183823,141.832779
796.786453,500.099518,236.472290,141.327454
795.430641,500.904945,238.112076,141.291245
794.317993,500.133369,241.648163,140.419113
788.565788,498.514923,249.483688,141.000183
782.967194,488.943130,252.866608,152.143524
780.263077,487.978836,255.330872,153.548187
777.719269,478.963898,260.025970,162.377014
766.205093,465.738052,270.728088,177.044708
761.318604,442.200508,282.165253,200.826706
755.959549,437.294441,285.561829,205.165817
758.666092,441.252525,280.834290,200.855118
755.040741,422.354980,286.270172,214.625427
755.884491,415.316681,286.206085,212.281128
756.811996,407.864235,283.205811,206.890610
761.530579,403.547447,275.841156,205.144547
762.278687,406.994446,277.297211,203.544006
765.052078,404.908424,273.538025,209.409897
771.712051,409.639511,266.085876,216.185394
778.382736,406.996964,265.282715,217.143585
782.820190,410.359245,266.597504,217.673782
785.034668,410.272125,273.527557,217.193359
792.779282,419.139862,271.417725,214.868286
794.864594,415.485222,276.265900,221.606888
795.597710,420.302452,255.670151,217.247574
791.184799,425.054977,265.499634,218.811371
791.344238,422.929863,272.060394,219.783035
787.484299,432.009026,279.178345,213.837601
784.232315,440.194359,298.945007,208.305191
779.049103,443.534790,293.037018,198.767639
779.032669,455.885529,298.543518,184.627441
778.037277,455.501068,303.126465,185.181885
781.839554,468.742165,297.688904,173.408554
779.796921,483.822884,301.164307,159.909836
778.127930,500.005867,277.642426,148.076950
767.909378,499.886757,279.679382,153.156235
766.998703,499.751663,278.423706,151.866241
763.060303,506.805000,274.993805,146.423996
756.976288,503.715614,270.837372,148.074142
747.439331,500.788071,272.642059,151.104462
738.236176,496.977486,264.714569,154.255966
734.539902,498.853928,266.674927,151.998016
729.374893,495.270226,265.422241,155.647171
712.782715,487.484787,271.821075,160.324738
712.506393,480.495094,259.884827,168.277145
705.762817,473.423851,262.115875,178.508987
708.634018,477.391174,257.729553,174.179077
702.729156,462.145920,272.182953,194.179474
702.350586,457.374779,253.214630,194.653397
700.312508,451.292114,250.211563,196.713501
694.904037,450.740952,246.652527,197.636871
696.505920,450.289047,247.362091,197.656158
694.360802,447.589188,244.589462,198.653046
687.742882,450.601418,242.162460,191.970749
682.909485,448.255486,238.145905,195.452042
680.018692,455.881638,226.023315,186.706696
679.253281,450.176292,227.014099,194.429886
673.659782,458.389427,218.934738,182.044510
665.583435,466.560455,217.019073,177.045532
656.308975,472.177155,208.768738,174.716431
644.977852,476.663002,208.097000,173.708847
645.654411,474.249191,209.094772,177.306793
633.058899,478.168556,205.034210,172.647629
619.044281,482.171173,209.740448,171.496155
610.782837,483.358833,201.649445,171.400620
594.620270,483.126328,197.432159,174.152191
595.114281,481.812126,197.624863,176.185135
580.898460,481.054718,196.918442,174.623596
569.099236,481.458305,193.572372,174.527237
555.846039,478.940308,190.197662,175.101074
547.372856,476.675583,188.131882,179.045685
545.076851,477.388672,193.095108,179.460815
534.328148,468.993515,181.252853,183.353546
524.610611,462.950829,177.273132,188.506912
515.689781,458.479752,182.608871,191.786163
504.056549,454.125900,199.045380,194.679352
504.313629,453.708504,211.428375,193.852280
501.438492,451.523705,201.464539,187.349136
490.763878,433.456406,160.026413,194.816071
484.529518,427.640900,154.059464,189.479614
479.379349,400.025848,149.219421,207.239136
482.162506,405.069717,145.804718,202.840363
482.717621,385.995171,146.729401,210.697891
483.096458,370.311920,135.537643,209.282410
482.445732,345.907280,128.871689,209.904373
477.998955,323.470436,128.038071,213.105515
480.562500,322.909531,126.627655,216.850067
480.599106,305.348335,129.049683,216.209396
481.570873,296.403900,124.987373,207.300293
481.625320,282.245438,123.014160,208.454559
483.991005,271.619888,117.225845,203.268158
484.768768,275.847313,115.647186,198.605606
484.194790,266.797241,112.881935,204.114075
485.869968,263.801590,109.500389,202.853180
485.602592,264.218040,107.185898,195.581741
486.247261,263.021751,107.449417,190.840408
486.445629,265.191353,106.068184,188.185715
486.400837,263.129272,106.570732,192.513977
487.107246,271.264381,103.310928,187.877060
487.787960,271.074631,102.482216,184.286957
489.876431,276.215286,103.416725,177.973053
489.459660,273.005959,103.904259,181.985519
492.001167,276.780128,103.539505,174.682419
498.148884,286.017525,99.848076,160.771591
500.058498,294.172920,110.598366,152.411545
500.380619,304.224586,118.637230,139.801743
499.505596,300.372925,121.831551,142.171814
504.776566,305.428879,123.007324,136.719391
511.994740,310.005531,109.876640,132.515732
521.397350,319.026421,115.177376,133.349686
526.658794,322.527298,104.569832,128.104401
526.752300,326.765228,102.252144,128.589783
536.336876,334.863014,102.183578,120.147141
545.638599,333.094196,89.353935,123.393333
552.529522,340.591408,79.365974,120.617661
554.384472,363.516449,83.229836,100.245850
554.292824,365.496021,84.047256,100.163200
551.582817,386.043091,81.474380,80.486023
548.530415,407.360062,87.064873,66.116791
546.129402,426.484346,89.587845,57.244381
544.161716,444.655943,94.521751,41.622868
545.597176,445.561022,93.317123,40.231167
550.014580,471.605328,143.849716,108.697823
549.173290,472.879581,91.232796,98.092003
565.610237,474.353580,73.081070,35.010338
576.285679,484.023211,62.233452,24.946222
584.353617,478.300634,53.377148,28.507893
585.182207,463.436884,31.404903,34.315182
585.858163,489.360373,26.787031,16.939854
587.630690,502.424981,23.856335,10.445417
560.492506,523.108884,25.470362,20.005438
544.873935,540.183201,73.200241,43.772148
448.458163,500.938892,150.849380,88.539177
368.485476,449.443779,125.453995,123.744522
549.498397,562.232838,67.229546,67.425499
557.368079,598.307617,68.899727,62.437622
557.997073,599.336866,62.609421,40.231937
559.326346,600.972927,68.969673,36.277107
559.354243,600.921982,86.622162,41.750641
561.112224,602.225168,80.605072,51.195293
560.630343,606.427319,77.054520,98.501747
560.702979,602.444420,84.821693,98.641800
556.166488,604.352364,84.205498,111.639847
557.043761,602.775505,82.346519,115.216721
554.358844,607.981186,83.528976,111.684967
549.919833,611.896938,86.582657,107.675270
551.137263,611.391720,86.227142,108.123329
550.051692,616.843067,83.321838,102.283897
546.817504,621.236362,87.446739,98.006004
546.928832,628.560238,86.564140,90.436836
548.894652,634.091015,82.401787,85.630531
548.708232,635.345886,84.422943,84.654114
549.200042,641.072319,82.179893,78.927681
547.752307,647.678829,79.241898,72.321171
546.700828,657.927994,80.351326,62.038387
546.671947,663.346188,76.986298,56.383701
546.986537,662.228693,78.586914,57.160652
545.827262,669.020033,78.148872,50.979967
545.129897,672.517514,77.719170,47.482486
542.184402,677.010794,73.357292,42.989206
538.318954,678.106588,73.421043,41.893412
537.816531,678.805060,74.244705,41.194940
537.125770,678.772420,72.018532,41.227580
534.095054,675.831977,70.659920,44.168023
531.240878,673.294362,71.294876,46.705638
526.495708,667.406518,74.088989,52.593482
525.334334,666.711329,74.734612,53.288671
523.184653,659.159444,73.135078,60.840556
519.590598,647.933333,74.801613,71.103447
521.985000,631.477862,71.879967,87.750565
517.010600,618.708312,72.718384,100.996880
515.652522,616.219981,73.037903,101.962036
511.243461,594.093588,78.745583,125.647255
509.759433,564.044283,78.496536,149.065689
508.140422,534.724459,82.517639,154.677170
508.533187,508.467883,73.830193,148.740738
507.836837,496.089839,81.219536,164.064697
505.147632,450.604914,85.072067,178.618073
519.448977,476.259688,50.688675,105.570061
510.460685,375.684496,70.573372,181.289185
523.081115,420.891696,47.370659,106.864899
515.737678,349.724635,76.518593,179.897873
523.089652,320.086756,52.787178,181.069931
523.334365,296.935130,78.760033,180.211258
528.496394,269.529864,75.560181,163.975891
535.699267,253.258334,81.957047,162.378326
537.595424,250.376185,78.502319,162.962692
538.667140,241.633654,102.268799,156.406311
539.026732,213.706858,101.800041,162.084305
544.033366,194.112673,84.899872,157.689667
551.705256,175.675547,74.992798,149.098465
551.191157,174.768214,75.960999,144.617172
557.077994,162.592631,77.586372,136.313278
568.823405,155.352770,72.534271,120.427643
557.362002,146.432635,102.181351,140.085327
584.026191,222.679614,73.589241,73.732422
568.642642,190.709281,81.758621,89.950859
568.225341,147.508605,88.488304,124.090919
578.037253,144.605670,72.734291,107.368195
587.323623,152.486319,75.736168,98.900352
588.219543,112.575228,82.390617,148.084686
588.125140,113.089076,83.444351,155.026779
593.858794,104.260645,82.305962,183.583481
602.855250,88.582461,76.130981,207.995941
605.283900,84.526866,82.291260,213.505203
618.778373,215.951247,87.271858,85.570442
618.968890,83.567469,87.530960,208.982407
573.288905,218.570437,165.169495,83.651215
624.469199,96.188853,120.078011,213.855820
568.545520,217.812853,170.336807,107.227692
578.848842,220.466982,154.577454,110.561035
586.438975,210.284163,148.418304,118.154518
584.698565,222.310542,139.963882,114.797134
615.998237,214.341136,92.476784,124.401657
632.342975,141.226550,85.813919,195.386597
628.858737,201.654337,90.263962,145.232498
638.305923,156.744158,95.522118,188.179443
631.377864,174.828631,103.562622,184.423706
633.022807,192.045359,112.499420,179.500931
640.696803,209.656130,109.015076,176.962677
635.292892,226.815791,124.563255,173.512070
633.437465,226.887858,128.074097,172.013626
634.014110,258.451541,132.318695,167.012543
674.348144,280.710452,92.890007,161.292633
664.012286,301.803172,108.643143,162.845596
670.159480,301.044299,102.410706,163.273315
652.222812,326.660693,123.582016,156.548462
663.481315,352.135310,113.843758,151.050156
660.108413,385.790461,121.423851,144.916306
669.293948,414.847956,113.827499,137.209091
663.444346,412.011378,119.361908,138.042099
664.911365,445.943732,120.964127,114.919273
668.507403,467.454619,119.606216,96.398354
673.533389,490.864958,116.164230,74.108681
682.554526,516.563620,98.023354,50.230675
683.621940,514.977362,98.027168,50.074669
689.830665,528.474288,70.063576,32.443733
687.100390,532.927880,77.271286,49.646503
669.649425,544.065169,157.393280,116.984138
696.858525,548.641778,61.033978,53.203480
699.273446,548.775694,62.893284,44.280830
690.907657,533.252167,39.239868,53.380985
694.358888,549.693034,34.934971,50.319839
679.351859,585.706809,49.885216,56.482903
677.820086,576.753157,55.501160,74.025032
675.990577,594.664534,66.820549,59.179939
678.026301,571.009486,64.925980,90.129684
680.679999,639.751772,65.137993,43.597382
676.839328,644.421641,53.543411,34.209427
675.372926,643.648402,52.663395,52.046600
675.239673,642.877978,49.247223,55.797592
673.163577,643.234965,60.881500,70.823334
672.180976,640.865580,57.141777,78.323547
666.373580,634.641314,76.641060,83.845596
663.558497,630.488223,80.518478,88.517929
663.281390,629.762969,79.806000,89.672386
658.187419,627.342738,86.639633,91.845886
653.856841,622.221522,86.812721,96.250854
650.061553,619.294089,108.728401,99.641212
645.160186,615.904097,103.829018,102.945488
645.462687,614.240832,98.648209,104.893723
641.559123,610.203337,97.032822,106.469963
638.833709,603.140753,94.378304,104.603218
634.207416,598.105433,91.375671,103.652649
631.789874,590.278231,88.956879,104.926163
631.841403,590.946086,97.325195,102.845306
623.976195,582.477759,97.208687,101.919930
619.829368,575.443324,95.446404,101.422974
613.089412,566.850775,98.187973,100.661629
605.854510,556.315676,102.632080,101.599533
605.773021,550.817694,97.909012,107.663765
597.139609,541.948702,103.349174,104.517380
588.025023,522.955527,106.005470,109.843819
581.735480,511.290316,104.257774,109.310837
577.519763,498.108744,104.233398,111.587158
577.026713,494.635039,105.214249,115.883934
570.513526,488.555766,107.062889,110.151367
565.143184,476.512042,106.297836,110.616196
560.078143,465.487921,104.553345,107.137154
557.202647,456.287348,99.678848,105.282532
555.796111,453.593375,101.366096,108.600563
552.307109,448.238028,100.356186,104.060493
547.142444,442.823649,98.937439,98.273407
543.306628,435.371218,97.166626,98.735764
538.524913,434.558837,95.415604,90.655693
538.204848,436.509368,95.448036,84.892296
535.240878,434.136767,95.374969,83.227280
529.583381,433.483241,94.593681,84.668762
522.414611,436.656340,98.611122,83.212608
515.138080,440.549204,101.751434,82.098938
517.198810,439.813029,98.083191,83.455841
512.783713,444.681021,98.773613,85.498207
511.497611,452.426470,95.682945,84.353531
505.270892,455.630114,98.821167,87.104172
501.168323,465.195052,96.798035,86.598808
501.442142,464.300070,95.707520,87.349953
499.318465,472.363226,96.946083,85.238899
494.094821,482.042960,96.288788,82.833534
490.012435,485.124938,96.111031,85.494255
488.301307,493.341971,93.440392,83.497627
487.942916,490.193629,93.108223,86.527283
484.279269,499.838152,91.829102,84.738144
479.441615,503.809187,91.053604,88.111504
466.323447,510.734824,95.772453,88.845222
467.719390,519.726721,91.440132,86.163399
465.904422,517.608252,93.430054,87.314034
461.113502,522.439738,89.013420,87.220367
456.137198,530.052683,89.950340,79.866943
450.481387,533.141684,87.379395,80.083015
439.314113,536.512072,85.130936,79.223801
440.242484,536.046012,88.459343,81.270668
433.651011,535.208689,92.025436,84.170685
423.820228,538.084731,91.081352,85.171715
418.295924,538.120188,93.568222,87.479187
410.241931,540.428595,90.289551,87.861580
410.215842,540.850474,94.627678,88.026672
402.288447,538.449236,87.997513,93.966446
395.982780,538.356379,86.272240,94.997009
388.924655,536.943476,84.348724,96.829132
381.986690,533.936022,85.837784,98.440384
382.314799,534.749724,85.066147,97.270317
373.186049,529.044673,88.039528,101.246521
365.447009,518.628275,88.397766,106.555664
356.734538,508.536528,91.879898,110.321648
351.293136,498.437449,89.745674,111.064484
352.152965,500.128119,90.342972,110.185097
346.673057,487.505488,88.597435,112.078308
341.646567,469.085311,91.086540,119.103874
341.719951,442.921393,86.884354,126.579811
345.361041,426.832049,84.146484,124.692673
345.099223,420.961512,78.566330,129.765381
350.615829,399.418185,72.609138,136.024612
354.340388,377.936915,80.718063,140.294037
358.392623,363.833170,78.679756,135.183472
369.817748,353.905932,55.163307,115.427078
367.026227,357.350539,52.789684,110.859062
373.114110,338.720236,51.147121,105.818916
381.201772,318.281924,50.595242,104.751144
389.589921,301.368083,45.877781,104.791595
394.066689,275.545142,53.248127,109.978615
395.531777,278.658278,53.328327,107.948692
396.831603,252.111098,73.741707,110.964409
394.887229,238.925143,83.775475,108.940598
392.526839,223.472087,97.066444,108.237396
389.819892,210.000762,109.203362,107.623833
389.632117,211.636473,108.058830,106.068108
387.987742,197.717131,120.634140,105.136711
387.293002,180.863688,131.955200,104.952118
384.981044,163.271346,141.737320,109.153160
384.360065,151.053450,149.063141,109.386864
385.663768,150.899169,148.446884,109.937065
386.924365,133.875594,152.692108,116.282799
389.155368,123.082846,154.941284,117.348213
396.323443,105.681338,153.131195,123.518478
401.799273,90.646334,150.967987,130.276962
402.492335,87.161891,150.673172,132.058960
409.278705,81.027316,143.319733,132.533981
419.694827,72.271067,129.597900,137.685150
430.959163,65.911921,112.123672,137.568176
445.984591,61.760066,88.426880,139.278381
447.253093,55.648097,85.851242,144.060913
457.070636,55.050578,78.324066,143.940277
458.737029,58.975283,70.057503,137.987106
460.499097,64.612559,60.280285,134.710114
458.845878,69.867571,61.555321,129.346329
458.497203,72.163519,62.026657,127.374214
441.503257,71.952155,90.941368,127.982185
431.749679,78.376322,112.218727,121.121643
424.015918,79.089995,131.775177,122.815453
418.241748,77.374011,147.078278,128.388168
417.861957,72.262583,147.217865,133.450378
411.144382,68.512889,162.856995,142.932556
407.025386,90.458979,174.249222,125.053375
401.438678,74.566767,185.421356,144.857635
403.356418,100.100482,186.041626,121.844162
404.258548,79.617587,185.937561,142.714554
407.118693,97.364680,182.572922,131.233490
410.866862,103.546397,179.648361,129.320862
419.901813,117.751601,170.852509,124.704826
426.614131,132.186671,164.403641,122.122162
423.235377,132.610114,168.955948,121.766304
432.198527,147.669776,158.916061,121.776497
442.619388,162.790282,148.574463,126.011131
450.601115,182.775500,139.801254,126.735641
462.982387,211.385398,125.813309,125.969276
462.616359,213.610404,125.546646,123.157265
471.807731,235.861510,113.976280,126.932579
478.870990,259.260508,102.386810,116.604309
487.812610,279.897353,91.626923,94.543571
494.968799,307.740576,80.918701,70.593727
495.479003,306.636355,80.019325,71.155350
504.377097,337.004193,74.697075,41.897121
511.047133,350.025665,84.668556,27.709494
521.584689,340.187222,69.987411,39.760357
425.192248,380.275298,82.996140,52.691231
444.311732,374.028288,139.811768,50.950081
539.241508,360.393914,70.300423,51.186390
456.365680,374.079184,78.789078,65.014488
469.939399,376.932984,70.966927,61.375095
356.179255,267.017420,149.646927,142.220398
398.573977,346.142703,339.257996,240.995285
408.706042,341.119319,427.405365,267.733582
416.487536,349.179141,346.777313,207.936569
438.456775,334.817187,363.578827,214.321243
443.496829,290.503962,410.387634,281.150818
429.109073,326.541987,333.974060,198.679016
444.424960,335.621226,353.593384,224.920441
461.200854,267.742823,432.861176,326.709961
487.410708,327.440333,373.269836,246.710693
512.315219,340.762568,342.241333,191.744812
484.684222,353.423663,320.989044,202.619156
437.989520,434.268992,297.950226,213.662750
448.779635,446.333773,318.094971,192.991196
483.337024,350.124659,386.502411,259.506836
508.140735,323.793391,437.516937,294.342834
576.965930,325.732684,387.299042,235.990128
473.401568,370.526293,371.543121,183.789627
553.058871,348.577021,353.792358,220.805359
575.513034,353.625964,290.702393,175.106277
617.956393,354.263453,328.008057,229.373047
615.061023,356.197672,310.982147,188.074188
583.511310,350.102534,345.288605,263.617493
572.603686,354.121050,344.815277,230.000259
505.999362,482.818202,272.866577,144.593506
671.323138,337.640666,283.624420,201.558929
646.167804,348.427416,265.084991,166.453690
659.369662,350.136836,270.411255,195.830261
702.651187,348.659793,245.818420,186.295212
662.540553,354.836085,250.390396,211.528564
700.334888,347.879138,274.648407,203.253006
538.180011,384.375598,380.133942,218.470413
727.429217,357.299212,291.291046,167.080460
544.589572,236.074977,383.838440,329.509216
704.728885,236.468592,375.849854,349.314880
725.403430,261.920893,350.751617,331.505005
641.341784,308.955332,389.641266,315.763519
649.993869,325.015360,367.910217,221.609161
549.723697,235.505808,429.540527,294.611420
717.164691,337.823084,345.557831,242.939636
583.087909,252.002451,427.560883,357.869965
684.449359,267.127696,333.272797,291.032074
427.049289,203.712809,552.727478,326.011505
671.234805,225.031993,403.083984,372.287201
804.739383,318.663188,280.454224,233.779694
526.656695,209.673289,437.132111,311.103363
740.488910,226.377040,296.591705,308.516296
745.971316,314.712733,342.602234,288.160339
953.621089,423.078158,164.919876,128.085861
965.637790,464.125910,80.766357,71.532288
971.042911,482.709355,70.082520,54.319683
973.037831,491.376202,57.562222,44.570217
978.239228,490.809714,60.840885,45.396477
985.030887,481.406603,63.767853,44.783951
991.421538,474.120839,60.574104,54.394238
993.438514,473.067511,68.144951,91.698402
990.964747,470.237830,70.300308,93.360847
995.690856,475.937434,77.732338,89.651062
1024.561830,503.279658,62.623051,65.872192
1002.702281,480.104548,87.401505,87.518860
1004.597194,473.007533,86.210861,92.501984
1006.814887,478.528182,84.890373,86.750389
1006.834422,476.899512,85.999741,86.642738
1009.779170,478.417498,85.645676,84.685013
1010.247569,479.978884,86.149002,81.507828
1011.344157,485.412749,86.400742,75.939903
1009.177642,483.580741,88.167488,78.055519
1011.288596,485.183169,87.401573,75.339890
1010.393523,487.207942,90.116432,72.186005
1010.357322,490.141123,93.872185,68.815948
1011.617354,491.528277,92.180275,66.599930
1010.631381,490.779070,91.604462,67.802200
1015.341529,495.879492,90.688225,62.465889
1018.844050,493.978222,86.494064,62.112789
1012.416194,493.108960,100.530167,62.741085
1012.961917,492.619046,101.514374,63.672939
1019.173308,501.591029,95.663521,53.670685
1010.251933,500.130601,100.792404,53.471394
1006.523704,498.567639,103.658501,54.529018
999.356238,498.449860,106.334923,55.316242
998.708533,499.862799,105.545189,52.905708
990.236411,501.034503,109.791893,53.913223
978.990790,501.496720,113.388145,51.075672
973.178874,505.231492,110.968552,47.907948
962.646323,505.147185,111.639488,48.129753
962.481147,506.159079,111.665276,47.522072
948.026958,507.489213,111.498581,45.869251
935.625876,509.685301,113.207878,45.249779
918.745048,510.120394,119.398674,45.628281
902.336181,509.657290,123.308113,48.097000
901.676490,509.970223,123.455956,46.841953
885.191485,512.425423,124.861389,45.358067
863.594695,513.933529,126.766670,43.167080
846.568866,515.556222,127.577332,42.189548
829.264400,519.275708,129.186447,38.961971
829.606433,517.562760,128.608673,40.914417
810.471400,518.667368,130.972763,39.047485
791.618335,519.060683,132.766968,39.904503
767.138934,521.219725,132.549561,36.255882
747.370105,518.653592,133.286011,38.842403
746.971904,521.397204,136.288528,36.512039
728.236278,515.411967,136.295303,41.241028
710.797931,505.714037,132.649078,50.490952
694.366309,513.608674,121.918297,42.670429
669.212161,521.500014,138.897552,37.826042
670.031192,514.530480,132.467529,43.813114
655.974154,525.088273,139.876007,32.602253
652.516788,515.334340,126.058380,43.387402
643.269546,516.404214,118.346260,42.142002
646.054782,516.933177,87.378357,41.337097
648.007388,512.045737,94.911194,47.116402
636.610888,509.639947,88.345795,49.161472
626.521541,510.594300,56.260330,46.285786
621.174001,517.870997,46.267696,39.171112
615.567386,520.473170,40.012482,36.390900
615.685105,520.910822,35.960163,36.143951
603.976424,523.353724,31.260597,31.667953
589.851110,528.658120,38.511211,33.331272
582.305179,530.879956,42.410370,33.735699
573.358256,535.084242,55.035904,31.206184
573.820209,535.496709,56.379196,31.206812
565.524825,536.911810,51.820320,31.451134
556.801753,540.874225,66.934189,28.414457
543.848084,544.414476,50.478733,25.440248
536.072009,547.443575,51.936279,22.988007
535.313424,547.895623,48.399281,22.465351
529.078753,546.135270,69.479980,25.711231
522.925097,541.668745,77.191559,29.968821
515.038238,538.083920,55.928169,34.090816
457.215232,526.794468,97.286095,45.396664
458.044658,526.829581,99.498825,46.948723
449.300803,514.899426,106.652794,59.940533
441.621547,501.736765,110.831558,72.986130
436.462916,483.437853,129.225845,91.435883
430.425448,469.005068,139.678467,106.961060
432.229297,467.927344,134.354889,108.701042
425.730449,447.863410,138.042221,124.942986
424.415492,433.743880,135.748306,122.080666
421.002879,413.722056,135.663559,129.364609
418.383410,400.273799,136.814240,133.838943
418.967937,401.756205,134.936935,132.696762
415.498569,388.301020,138.321106,132.146500
406.937480,370.897433,142.194565,132.823059
404.532809,358.501391,147.336121,132.288300
400.194819,349.269427,148.677200,131.154083
400.110141,350.532137,146.718384,126.866516
397.568782,337.882815,150.409012,129.084045
396.808459,326.211382,149.255768,130.626068
393.072230,310.924731,149.641006,131.515656
392.525172,297.273921,148.246231,130.923782
394.008075,295.418070,146.679108,133.807724
389.613086,283.014681,148.881256,131.909302
389.141948,268.979052,145.131393,132.969879
387.053035,256.351916,144.149368,133.150909
387.061412,228.237284,142.167709,149.433578
384.789355,228.077792,143.022614,147.339722
390.524005,214.956309,140.250946,148.924789
400.542571,203.386241,125.536263,151.904831
414.349467,189.804965,121.838486,154.956787
427.316680,174.363474,110.140022,152.753891
426.556403,171.941348,113.309929,160.932739
446.119441,158.965937,104.107071,159.915848
462.054133,147.106501,103.116470,163.280472
477.726027,143.516322,106.647560,160.620682
494.119514,150.309466,93.952385,149.558258
493.729701,145.202166,101.217667,152.911957
502.328406,160.132105,100.690117,134.796402
510.476169,161.879695,106.052429,128.132767
515.728217,153.844790,121.679131,133.810852
518.894732,152.099993,114.172150,133.253082
518.005450,153.643382,111.926849,131.679184
521.188849,149.069209,124.465874,133.281204
522.697299,136.549601,159.193420,142.784225
522.780704,145.879267,175.872986,130.014664
525.829425,149.471907,183.340912,127.385475
524.268222,147.645236,185.447632,128.319824
529.157107,152.773387,183.393372,126.050583
534.398456,159.457007,180.700653,121.307671
542.626155,168.618949,173.186417,113.714012
555.578441,187.455458,153.460312,104.537086
553.748858,183.904734,157.542511,108.138962
567.080493,184.331187,134.222870,114.393906
579.884116,172.832842,111.366966,134.098602
575.505527,176.824763,89.196472,140.103836
567.873740,190.945994,100.649620,138.315842
576.282416,188.565241,93.710136,140.310806
578.519576,220.012477,91.993080,122.918045
565.769813,236.827582,112.598747,122.802299
565.368373,257.343928,130.708633,120.466995
568.283153,273.597350,141.774216,124.012459
573.698039,271.571326,134.671249,125.308952
570.949107,290.284472,148.423447,129.131134
567.233607,315.788287,167.582718,132.714752
562.752978,336.346659,181.769867,136.075851
558.751315,356.376460,193.965027,141.319595
556.981463,352.292460,195.347687,140.190292
555.457690,377.421855,204.955780,161.529587
554.846232,404.079470,212.451462,153.979919
555.107127,422.682719,213.430222,152.630600
549.647868,435.509043,223.317795,150.282944
548.031917,434.739306,225.578262,150.462433
542.598292,439.658747,223.867081,153.617447
539.505313,437.629214,214.513550,163.958252
534.281161,457.054026,228.141663,151.866135
523.519488,460.493098,236.686798,160.462784
522.800441,454.743746,238.684464,168.619568
521.378268,469.648890,239.925171,155.503128
519.067332,474.096186,239.596603,151.076553
518.040263,480.178828,242.011337,147.461258
516.690852,485.602526,247.219315,141.211700
517.356616,486.389842,247.062286,140.290878
518.637225,488.028361,250.857697,135.829330
520.110774,490.138300,254.730667,129.774002
523.391704,490.049632,243.849106,130.006332
524.075618,499.863890,245.032913,115.620674
525.006495,496.722151,236.372147,118.085243
525.278964,496.777819,254.273987,114.718781
526.317492,493.890940,284.554901,111.527573
526.368876,487.516558,244.758163,117.863373
527.283633,487.658412,246.140503,113.553360
527.609347,488.847048,248.566711,113.540039
527.715449,479.862940,248.563675,124.158585
531.588252,474.677638,253.179337,130.168411
534.364039,466.183673,249.964249,136.654144
535.741214,467.768221,249.986084,134.694031
535.022471,468.053980,253.899094,135.062637
537.912860,459.797885,259.980133,145.489685
540.229716,458.852664,255.145676,146.010742
533.316302,447.830309,267.288910,153.114960
533.324649,444.357012,265.827881,154.453827
532.973102,444.869898,269.425323,153.883316
528.397952,440.389269,271.981628,160.016449
530.159671,436.354678,266.438171,162.780579
522.585101,437.861582,271.563385,164.652512
521.285693,437.082797,268.336395,164.625000
520.766040,433.315783,266.810516,168.177948
517.528720,425.008166,267.712524,183.082489
508.884952,423.599322,268.819763,183.800079
501.702884,434.945330,269.061462,179.393341
495.196933,444.379168,267.369873,177.089874
495.072223,445.588183,267.984894,172.072235
487.507266,444.116053,267.425964,181.704361
472.692187,457.347025,272.407806,173.328232
464.386416,469.908671,269.046936,163.556137
453.400531,481.129710,269.496735,153.890060
453.640246,484.934489,268.972809,149.278976
443.959613,489.932215,271.746674,147.338150
431.290957,497.564089,273.823914,145.829834
418.055560,507.128787,272.840057,140.325195
405.225833,509.629115,273.300659,140.247208
400.091067,512.521876,279.225403,137.492874
394.458209,512.154994,277.076141,139.431900
389.287341,512.913920,272.493439,145.147324
382.408740,514.040225,279.510101,143.037781
370.595569,510.620402,275.401337,152.259323
373.985888,505.934069,275.555145,155.049591
365.427432,504.836588,277.446777,162.195358
356.975513,496.171847,272.174469,174.978210
349.161838,485.995867,274.528503,198.106537
342.018069,442.884951,269.287109,242.493896
341.791873,468.015223,266.357422,216.354446
337.848330,444.694644,260.849365,226.994873
343.160830,423.598437,251.264893,233.753693
350.389949,406.759913,243.109512,237.233353
348.838283,383.090907,247.192337,241.097855
349.042804,384.418421,245.316010,240.492386
355.329753,358.098490,242.476242,248.532883
355.062243,328.166003,247.511627,248.537750
352.352191,304.241885,259.736786,247.588989
346.841052,276.710871,266.097931,247.992813
342.813327,280.774623,267.028381,243.542313
347.513583,248.910342,267.336731,254.487061
338.516788,251.120104,278.367310,232.478668
329.379352,216.417315,288.035980,245.887177
320.009784,205.442011,296.575775,245.240250
316.044070,185.320010,304.134033,264.902954
332.515429,157.829577,284.625885,278.151276
369.272120,154.298129,254.861893,276.181091
354.518573,178.759005,275.317963,241.559998
349.773517,171.014750,284.614838,234.648605
349.599673,171.751704,286.016724,234.738297
356.304690,138.506182,283.983521,263.746552
371.647143,136.214755,277.584747,265.211609
380.184344,142.661990,273.072723,264.456055
386.131259,152.781420,274.586975,259.919830
385.920138,126.434924,277.439270,289.569244
389.257068,146.360827,277.905670,262.473785
388.690600,123.901537,279.834259,282.617828
391.620181,139.546603,294.482422,272.011536
393.290896,134.159915,284.454102,281.459717
391.489902,139.568377,287.723816,276.410614
392.313647,141.064105,296.883820,272.651581
399.635379,150.852572,290.758545,257.249329
404.273501,152.624774,281.589966,256.583221
408.731555,162.251032,283.065460,248.000992
411.056186,167.540316,281.815491,244.461487
422.766162,170.756304,279.667267,244.583710
427.304034,180.827105,279.258026,238.300995
438.775378,209.955866,275.899445,226.445450
447.177508,231.542780,271.274506,218.668594
450.173526,226.065844,268.114990,224.172638
456.129382,257.381350,268.690094,212.775635
462.372973,284.905940,268.769806,215.297989
462.687152,312.515605,268.743622,221.127365
458.629840,355.474726,276.845184,223.763565
459.700747,346.788165,273.690918,230.459930
472.565570,384.315249,265.802460,221.381226
477.646930,407.086711,266.043060,229.230881
485.505450,438.725833,263.356415,228.464844
490.853946,466.161234,261.679199,208.464523
489.990878,464.260241,264.878113,204.968170
500.014895,505.067217,257.200684,188.797455
499.399676,514.114237,260.083588,184.299484
503.831515,518.445765,254.376770,184.227615
497.836574,520.373675,246.059036,164.605927
500.468326,523.647425,246.160522,168.146500
485.722613,522.653491,247.786407,188.376068
469.269336,522.547541,239.116058,189.864700
457.254939,519.720782,236.056107,192.549957
439.518397,514.663226,236.823990,194.254181
435.045772,509.916339,241.466385,198.772247
421.534717,505.312403,244.578461,194.551285
398.669307,502.831584,250.926346,186.229599
368.053012,489.332926,260.792358,190.773544
353.011844,480.055865,257.953186,192.173248
352.144847,476.260363,255.445969,197.492889
332.428378,468.082270,261.415283,198.334671
310.870914,463.816714,260.856140,195.726257
287.857135,456.885020,259.906769,199.606491
286.359454,461.151606,262.028107,196.753860
252.379321,457.603739,267.563690,204.638901
226.799365,458.538577,267.280243,208.573669
205.695651,463.833521,264.525146,203.641251
187.896930,459.473368,261.562042,210.101913
188.409625,458.636233,258.954620,212.495544
167.774676,462.151537,259.196442,207.506927
149.851192,460.863993,248.078079,210.553940
134.150355,456.628451,243.875137,211.240356
125.381282,451.546626,234.458328,216.636551
124.159999,451.609919,236.581924,218.079788
114.799380,452.940547,231.954651,214.860672
107.810122,448.247096,223.218933,216.481461
104.440722,446.468196,211.421844,213.343948
95.057796,439.263598,209.353958,214.273041
92.595637,439.182429,211.810379,215.771927
90.059024,433.500010,206.258606,217.951706
86.664920,429.041590,199.765930,217.976334
81.252070,426.047083,198.250687,215.107437
73.208751,417.439768,192.905441,219.885605
73.245059,416.865771,193.621643,219.826813
66.028544,412.359217,190.964218,216.551102
57.328113,408.514941,186.451141,216.752106
46.191989,403.963542,184.291016,217.724777
35.116771,397.389941,185.121201,216.625458
38.553569,394.330096,179.715317,223.004913
27.107203,389.169077,176.551529,215.018234
23.954188,377.146693,170.586014,226.009476
23.893382,371.673609,159.056198,228.803360
23.580317,358.345629,152.998795,235.978119
23.888309,360.831545,151.713501,232.645935
24.364383,344.578890,148.614319,242.994324
35.396327,331.376292,146.763931,237.737167
44.405093,305.595110,147.184143,251.184174
56.023402,288.255709,149.703445,252.384277
57.067470,288.587161,148.539078,253.411926
72.809070,269.875826,153.235199,256.139038
91.968402,254.321238,162.111359,255.575851
111.199420,255.162921,172.193878,229.426056
125.543078,237.754939,147.835724,224.256302
127.749309,265.575266,145.765182,197.776474
140.758273,256.769541,149.377747,185.530502
153.330142,243.532595,162.197205,181.776672
164.065043,232.432047,164.716965,180.915573
178.502757,234.807307,173.947922,164.002029
175.623317,213.523890,161.218216,184.413651
188.426578,217.376345,175.676819,169.433411
197.593989,213.903826,172.359695,167.194000
207.195758,211.412806,177.299713,170.296951
213.799602,215.521876,172.094467,166.038956
212.474490,215.790110,184.355835,165.505539
226.049281,220.555834,182.870316,161.711273
241.758510,219.927004,173.812271,157.908569
253.753055,232.919230,187.062927,145.533310
260.811969,233.645365,184.851593,146.986557
260.970248,224.556407,181.987122,156.510910
269.838183,229.995318,181.618927,153.038910
274.699557,229.921580,181.454407,145.744186
277.892772,243.704157,169.871445,132.938797
281.387301,254.719138,157.741882,118.727196
280.938434,258.737418,161.140472,115.807335
282.895656,258.040484,180.440018,117.160858
284.690295,259.683150,181.748871,120.844154
300.188281,259.969397,194.496796,122.821770
306.498019,257.396304,207.277222,127.175903
306.655704,255.348574,208.971558,129.232056
317.749705,265.179564,215.571091,127.182198
329.471179,261.789477,220.194611,127.688080
344.774104,261.652953,227.275894,127.925606
360.220401,254.371523,236.182861,139.195923
361.793658,253.384493,236.409149,142.178589
374.067950,250.312533,242.056427,140.410400
385.304942,248.678378,246.786606,141.499207
396.531825,244.015177,250.804337,143.880722
410.769176,240.735400,249.467758,145.269806
411.818339,242.092845,250.224289,145.820602
427.982806,228.967074,250.118195,155.116028
436.262462,220.559573,251.667831,160.620056
445.502749,219.488169,252.503906,160.607285
452.027682,212.898127,254.164551,163.477859
452.439067,204.807078,255.102524,170.139694
459.660197,208.880198,255.667099,163.942673
466.285052,211.332583,259.200836,154.221313
472.425883,213.096278,255.766891,151.801590
478.564517,222.950366,251.825378,150.985077
479.193706,226.528460,252.340378,145.441193
486.249309,234.593638,252.093918,152.600143
493.230296,242.998850,249.195480,152.938705
503.341678,256.283991,252.994690,161.209671
511.012408,265.490466,253.871613,168.710419
514.838969,264.060847,248.781723,169.832108
524.783885,277.033129,248.194138,164.717987
534.562243,285.751292,249.811249,166.545212
543.614917,293.310511,255.437836,165.632584
563.888698,301.065325,250.388931,165.886139
562.332538,297.970301,252.459564,168.497940
578.565249,311.433810,245.147949,159.017456
593.280620,308.889613,245.934372,170.115616
606.704692,307.351946,244.953659,178.544098
624.740840,305.688830,238.957535,185.126190
625.617846,304.183253,237.619171,187.809464
648.404307,294.021952,230.001816,197.151962
667.351138,281.466464,219.458374,208.996582
682.772082,268.895007,212.289703,215.923920
691.352473,256.970049,211.278824,217.541046
690.227557,256.724177,213.403534,215.025955
692.747981,240.373957,214.213760,217.764603
695.207614,215.631304,213.431824,224.048370
692.315242,204.066638,215.292007,214.153290
690.739078,191.836009,216.925903,214.460617
689.865390,190.913806,216.024841,212.656830
688.523860,173.269976,218.611710,216.694855
690.650195,164.606761,214.918732,210.242233
688.408343,153.840144,221.474091,205.461502
690.379245,150.410830,223.552063,202.474548
692.723071,147.945788,222.281525,202.116913
694.192706,141.359149,221.429291,204.931427
695.671428,119.140925,209.475266,221.305740
695.374476,122.800616,195.282547,217.786530
696.458850,140.517542,201.894684,191.978043
697.594089,137.921504,200.720093,194.394119
695.951602,130.999064,206.828613,201.807297
697.336993,125.584223,201.169891,208.347977
699.485766,133.424151,184.726959,204.999542
700.607799,128.894396,169.562424,214.022736
700.159350,119.744929,169.945221,222.446854
700.411006,140.398448,169.678360,211.385666
699.663699,152.188571,171.940430,206.592285
699.453021,166.902880,174.780426,199.327240
699.235339,184.232997,179.864532,189.520767
700.066028,191.779887,179.432831,183.559555
698.670833,206.690135,182.776382,175.381271
698.795787,226.497019,186.101852,169.788742
699.344676,243.473574,185.340744,163.797058
699.588931,271.591288,184.701904,154.604416
700.356456,268.352534,183.670700,158.413834
699.537379,293.657336,184.264542,153.415985
701.725574,315.846606,182.343109,156.907440
704.300288,346.450640,176.909805,153.486359
705.191409,370.146662,172.748901,141.592178
704.456294,371.396357,172.937393,140.180069
707.239390,390.652155,174.481308,137.720413
710.728328,403.415515,177.207718,140.058380
719.417048,416.182856,173.275894,137.909683
725.305636,422.132594,178.007019,150.611832
725.251887,420.190684,178.279984,153.285019
734.662189,422.773966,175.209442,153.120651
738.689235,427.169322,180.427994,145.239059
748.076587,427.912257,182.956818,148.395767
757.149249,434.050547,184.727142,145.638107
757.181056,429.490679,183.845718,151.876617
771.841060,422.831271,185.380264,158.593384
782.442531,419.420085,184.652481,159.574387
795.907619,414.078166,183.800003,165.422958
804.338038,406.539263,182.046402,172.619232
804.879764,405.576243,183.394836,174.500229
817.319613,399.610110,174.494080,174.781616
831.730998,386.878474,162.179123,180.945633
841.032115,365.720347,150.977097,192.323227
851.014628,340.867037,133.577744,206.859436
850.784381,345.433085,134.718292,201.058151
856.382640,318.892947,117.920456,214.307434
856.811881,299.783755,100.043236,213.105896
826.932387,287.374400,108.317055,196.325180
823.888240,266.459773,97.302872,190.755936
825.162665,266.518702,95.870476,189.502029
819.551417,251.248637,94.149002,192.057480
814.310191,236.941729,97.235275,179.514801
805.737147,217.296542,102.480179,178.613220
787.518744,194.935671,121.196892,180.847961
787.466880,194.101939,119.677208,180.220871
768.272418,184.488490,146.212067,172.895767
746.722400,169.409686,173.071014,175.576141
728.854999,168.879389,193.275970,165.217545
710.145053,159.695567,211.713867,164.540268
710.289180,158.263461,211.972366,164.990784
691.636653,147.743220,227.743851,167.660110
681.195788,142.666300,230.838287,166.918076
675.130847,141.171984,228.596954,164.451569
673.162524,133.425181,218.547455,168.712936
673.538218,135.189074,219.530563,167.159027
672.972468,136.531222,199.727066,163.392212
678.797069,137.446406,170.386826,161.492203
692.744006,142.770259,141.839447,155.120865
704.030032,147.256465,127.434937,149.151505
706.630389,149.647532,123.550385,145.579758
723.233333,162.889811,107.628983,134.902084
725.142001,143.453898,113.044373,158.173264
710.502654,164.169535,113.506416,141.193649
699.543178,177.224307,142.207291,139.842407
699.299457,174.831774,143.206024,143.586456
688.504672,185.956111,157.849426,145.711807
680.057590,197.380618,168.389771,148.560242
671.728900,208.060130,184.496063,151.881088
665.240718,219.888156,204.838028,161.917297
664.910975,222.891192,204.753128,157.585907
658.077479,237.932406,214.993729,161.197937
656.152957,254.575228,223.258301,163.302612
656.443942,273.633692,225.781128,164.114334
654.303897,293.976794,228.954956,165.667572
653.409945,302.546351,230.741943,155.103836
653.980578,327.906275,229.097931,160.247513
658.237048,348.662402,223.728302,161.822052
661.465945,374.640238,216.757080,163.837265
668.744342,401.470027,206.619354,147.895340
667.274981,400.682559,206.643768,150.436157
671.398761,427.766570,198.967743,126.206123
681.001414,459.909495,186.020859,97.684494
692.073840,468.256766,179.574005,90.596092
703.169665,475.079054,168.961578,83.647499
706.018764,477.001372,167.261063,84.011482
718.314677,480.157656,154.402817,89.471497
728.851352,484.854262,144.739563,97.856178
739.810161,483.727896,135.343613,104.163170
744.306422,483.520053,135.653580,111.308777
740.626971,484.812544,139.098724,109.973000
746.154567,482.476695,138.140213,121.289474
750.608729,479.602595,135.236160,131.079910
750.002437,476.303240,138.026932,131.307831
753.681178,473.013476,137.978470,129.002777
755.241260,473.424052,136.459869,128.293381
761.603793,469.413424,133.891785,130.911011
763.439242,466.425669,133.398987,136.735092
768.528689,462.604823,130.115662,138.556595
770.961070,461.081256,129.278427,135.937531
772.360896,460.685175,128.054398,136.834122
775.603229,454.517115,127.862152,139.098709
776.500159,448.726191,126.249565,140.470047
779.460044,443.932826,120.377403,142.698013
777.847480,438.758944,120.288933,144.633057
779.775634,437.414752,117.996895,144.903778
780.364604,431.903414,113.523911,143.710999
776.203444,423.494929,111.232948,142.582169
773.227534,418.507937,109.126968,140.797546
769.490787,413.970942,107.029968,137.371414
769.656569,413.700930,106.778969,138.844055
763.521213,409.685366,107.435425,133.610229
757.610759,405.125964,107.318466,129.429596
748.745975,398.432871,107.887817,127.026291
743.887034,394.418025,105.892502,123.459671
742.676536,393.401187,108.278831,124.894592
736.541957,390.342196,107.752945,124.815857
732.342601,387.535159,108.861252,121.960876
725.637664,383.795172,110.493233,121.067741
719.260840,377.589930,108.892204,122.018082
719.250407,376.856501,108.933517,121.710526
711.768058,373.411509,108.428673,120.909286
705.845805,370.183009,109.093979,121.160172
699.423099,366.390780,106.833557,120.922363
700.158420,365.191680,108.390747,122.321541
692.169112,363.311369,107.653175,121.004402
682.286651,358.606410,109.082649,120.104630
675.533404,355.917201,108.564301,119.906570
670.451495,351.970446,109.048248,119.299469
670.416690,350.403224,110.030151,121.023636
664.382876,347.150004,105.303040,122.543198
657.801967,346.983759,104.901199,118.234268
648.712928,342.442748,104.893852,116.161079
642.522708,339.631125,106.608154,112.673485
641.464942,339.191863,107.002983,114.584175
631.852126,337.947974,108.403358,111.046501
621.843955,333.976695,112.310387,110.087875
612.495643,331.628329,114.271904,109.337891
603.388591,325.194289,116.994614,108.322975
603.792155,326.102824,117.726852,107.437057
596.282092,324.556586,119.626556,107.275627
589.618285,321.423525,121.834297,106.596680
584.131881,318.379637,122.162697,106.153633
579.972186,317.086245,122.484650,104.813904
580.198321,315.686858,120.799469,106.834602
570.748946,312.635611,125.064980,102.337120
565.439776,309.922865,125.868195,104.155556
560.114463,306.921729,126.508385,101.595329
554.532954,303.931487,127.651260,100.508858
554.656142,299.482531,127.551308,104.297333
546.309512,298.220343,125.762024,102.296135
537.755923,298.215712,128.273438,98.927895
531.921573,294.775302,130.876709,94.193420
525.562915,292.532218,135.811188,91.400475
526.242511,290.245204,133.014801,93.702286
517.858279,288.280039,139.106873,90.517380
516.399402,286.693636,138.748260,85.740784
511.740405,284.304682,143.506805,78.290176
512.685466,280.228381,143.803757,74.136871
512.176188,279.940131,142.332504,75.240227
510.139865,278.825259,145.237000,70.631470
510.085994,277.021357,147.313095,72.195572
509.197551,277.840918,148.266678,69.077812
510.010722,277.482039,151.043503,63.720863
509.740573,277.682253,151.969574,63.192719
509.711375,278.410773,156.352463,61.400108
513.104442,280.932208,158.672897,58.173340
516.446544,279.683442,162.572006,58.267857
521.867183,281.687653,166.953568,60.255833
522.814944,281.445132,163.379333,56.965698
531.082461,276.085688,171.998077,64.001602
536.919421,280.483939,176.143860,61.098045
545.928950,278.203738,180.859116,62.649597
555.009418,279.101887,183.896423,63.150234
553.935679,284.610819,185.650467,57.364182
565.125461,282.124030,186.327301,62.771049
579.401614,268.879557,187.112823,77.889633
592.158145,265.663001,160.038055,74.631279
603.282504,259.915309,183.005157,89.789017
602.549266,257.074515,185.952469,90.826622
616.309329,250.750422,165.435150,94.784256
627.984248,254.578272,140.266647,89.770645
644.241122,254.675303,163.395477,99.857040
652.670020,250.799704,118.428185,87.998863
652.052104,252.762793,129.053848,90.662224
660.240748,252.884005,138.138107,103.009094
670.519679,250.029650,130.277817,102.082977
676.758121,247.957186,136.692719,113.090027
683.490741,248.836901,141.590454,125.682037
680.015857,243.040724,135.420837,120.511208
684.984729,249.828776,136.052856,128.607346
686.869517,249.869067,122.710037,122.632538
690.316039,250.009471,122.653358,128.481613
676.336566,248.386958,140.424072,133.515701
676.982791,247.045344,140.505035,134.748917
673.970080,249.231486,136.762329,135.760239
658.294139,246.127123,148.203201,141.884613
647.739322,243.071078,137.467682,143.755859
638.604102,243.558833,101.086327,141.368607
638.868350,244.658145,103.741547,141.273254
629.311942,242.345873,102.329460,140.515228
613.569240,237.001399,94.165329,135.170670
605.268023,235.024867,95.113708,139.120743
597.723792,233.233676,95.100060,138.657288
597.367896,234.567629,94.215904,139.119751
589.564269,232.733882,95.816322,136.719070
580.882709,231.838824,96.485291,134.763214
572.936122,225.758364,95.540939,139.015564
566.217193,221.557337,94.079689,146.121109
562.881110,221.568682,94.153404,146.613251
555.394645,215.400103,98.681633,150.480072
544.002868,211.474108,102.616920,149.230194
531.425490,207.513667,106.582039,148.908951
511.979018,202.115641,111.556648,152.624924
511.508517,199.833071,109.318512,154.876221
496.382525,199.277232,114.897217,154.948959
479.032557,197.024867,122.250656,157.449478
462.462108,196.127398,130.645279,161.508026
446.402751,198.772128,140.192825,161.209045
443.906695,197.975871,144.195007,159.544113
428.893779,199.417574,147.709610,164.442810
418.014544,201.742655,157.608948,162.077682
408.653064,199.975237,167.615967,167.825531
399.078120,204.246569,174.948471,167.871429
400.722102,199.711421,172.154587,171.840042
388.141078,200.148676,180.490952,175.980179
376.201373,202.370455,191.652466,177.350342
365.735965,206.186450,202.465485,176.312958
357.591929,206.388629,212.494217,179.090607
356.132884,207.879519,214.050735,178.342224
345.193454,209.689951,227.006500,177.887741
339.858394,214.197466,235.027878,180.322479
332.451282,221.421649,247.774353,177.534393
325.972598,225.246325,257.865021,179.086578
325.095691,226.509150,258.118225,175.268204
321.270907,231.740717,271.844452,173.723404
320.523440,241.357249,276.507355,177.215561
318.718417,245.959765,285.115204,173.440582
317.760074,247.944697,294.287750,180.328751
317.499255,244.943759,291.006287,185.991638
317.651095,257.148379,299.772919,187.064087
317.976031,256.372851,305.718140,191.059479
320.818835,263.487208,311.493103,195.675247
324.779086,261.873492,316.677582,199.614594
325.121554,265.398440,317.563324,196.458740
