0.033991
0.020084
0.020003
0.020322
0.021295
0.020656
0.020350
0.020433
0.021490
0.039608
0.028845
0.020555
0.020209
0.020418
0.019967
0.021203
0.024121
0.021429
0.021057
0.021617
0.021914
0.019703
0.027002
0.035208
0.020094
0.022396
0.025248
0.020607
0.020008
0.020930
0.022587
0.022811
0.021130
0.023646
0.021947
0.021842
0.024742
0.033704
0.029965
0.043235
0.025222
0.022680
0.023411
0.021601
0.020302
0.026346
0.022288
0.020747
0.022006
0.025472
0.021049
0.030294
0.021837
0.021814
0.020231
0.028229
0.021273
0.021411
0.021376
0.020249
0.022375
0.019909
0.021239
0.021282
0.021160
0.021591
0.020229
0.021851
0.022194
0.023493
0.021342
0.020691
0.021706
0.021413
0.021479
0.021529
0.029597
0.021728
0.021863
0.021141
0.022361
0.021282
0.021350
0.020081
0.021229
0.021676
0.022761
0.022312
0.019942
0.019938
0.019968
0.021123
0.021099
0.020843
0.020073
0.020745
0.020964
0.021230
0.021774
0.021519
0.021820
0.020517
0.021878
0.021626
0.021494
0.021442
0.021585
0.022739
0.021659
0.021021
0.020797
0.019604
0.022105
0.021218
0.020895
0.020358
0.021787
0.021717
0.029278
0.022345
0.035392
0.024591
0.022030
0.025510
0.030620
0.024063
0.022419
0.020899
0.022471
0.022443
0.021051
0.021263
0.028567
0.021387
0.020639
0.019803
0.020233
0.019351
0.019179
0.019691
0.020935
0.019437
0.020910
0.023585
0.020557
0.020962
0.019366
0.020390
0.021759
0.020703
0.021138
0.020624
0.020572
0.021044
0.020483
0.020454
0.021244
0.021365
0.020109
0.020999
0.021137
0.020525
0.020542
0.020722
0.020525
0.024564
0.021161
0.020265
0.020567
0.020202
0.020167
0.021691
0.020509
0.020941
0.019107
0.019481
0.020334
0.019949
0.020008
0.021299
0.020458
0.020361
0.018938
0.020358
0.020839
0.018773
0.018837
0.019259
0.020481
0.020361
0.020173
0.019162
0.020895
0.019151
0.020148
0.020181
0.020438
0.020640
0.020991
0.020572
0.031578
0.020825
0.020679
0.018907
0.020763
0.019205
0.019170
0.019438
0.020280
0.020661
0.020883
0.020522
0.020962
0.020866
0.020612
0.021856
0.020675
0.021891
0.021274
0.023121
0.024055
0.022291
0.022963
0.022265
0.021461
0.038555
0.030710
0.020456
0.022202
0.021139
0.021042
0.021926
0.022394
0.021923
0.023504
0.021229
0.021965
0.021359
0.021491
0.023090
0.021773
0.022270
0.029431
0.021076
0.022532
0.030047
0.022864
0.030815
0.022356
0.022943
0.021107
0.021389
0.021187
0.022228
0.020890
0.022105
0.023497
0.022443
0.021041
0.021939
0.022371
0.023182
0.023587
0.021283
0.022048
0.021417
0.021479
0.022658
0.022191
0.021669
0.021578
0.022925
0.022377
0.022607
0.022568
0.049147
0.022303
0.022459
0.030579
0.023153
0.031215
0.022432
0.025559
0.022277
0.027300
0.020162
0.022598
0.030442
0.026672
0.041828
0.027046
0.022202
0.025492
0.022056
0.037482
0.027390
0.022187
0.022126
0.023374
0.021682
0.021648
0.022104
0.021598
0.031848
0.020371
0.020239
0.022441
0.026706
0.021989
0.025527
0.021395
0.029035
0.036674
0.021815
0.021570
0.032733
0.021661
0.029475
0.021016
0.021168
0.020982
0.024379
0.024234
0.020401
0.029263
0.025653
0.025525
0.025745
0.019296
0.019711
0.031407
0.019424
0.019838
0.019505
0.030361
0.020994
0.031817
0.023277
0.020312
0.019375
0.019776
0.024140
0.019463
0.032363
0.026083
0.020069
0.020500
0.018949
0.025491
0.026249
0.021447
0.038180
0.030729
0.019776
0.019959
0.019763
0.020177
0.029381
0.020909
0.020023
0.023111
0.023803
0.024529
0.019775
0.019997
0.020318
0.019602
0.036114
0.021957
0.019743
0.028002
0.020449
0.019015
0.022910
0.036135
0.024866
0.019896
0.025824
0.032565
0.027231
0.021227
0.020406
0.023116
0.023165
0.021330
0.036697
0.021842
0.031319
0.021000
0.030055
0.022623
0.027991
0.029166
0.021194
0.050258
0.021771
0.031527
0.021239
0.031307
0.021113
0.030794
0.020212
0.023031
0.021445
0.020498
0.029611
0.020882
0.027185
0.025850
0.026792
0.024492
0.020153
0.027762
0.020083
0.019701
0.019320
0.019766
0.021761
0.020851
0.036201
0.036361
0.021779
0.020358
0.024054
0.020866
0.020748
0.019280
0.019408
0.030416
0.027082
0.020611
0.029415
0.044422
0.020334
0.020789
0.020447
0.020014
0.022823
0.019738
0.021032
0.019957
0.019702
0.021455
0.031389
0.021076
0.021477
0.020203
0.026651
0.027305
0.020558
0.019462
0.020448
0.020286
0.019296
0.020836
0.019921
0.019773
0.020485
0.020196
0.019321
0.022381
0.019771
0.021381
0.021072
0.020461
0.019460
0.021253
0.021005
0.019697
0.019800
0.020793
0.023680
0.025222
0.020627
0.019663
0.019793
0.019993
0.047548
0.019865
0.028282
0.020514
0.020667
0.019657
0.020645
0.019366
0.024174
0.032161
0.021009
0.019925
0.023228
0.024785
0.025256
0.021470
0.027752
0.030357
0.022324
0.020220
0.020506
0.020930
0.020763
0.021334
0.021083
0.019959
0.021054
0.019677
0.019955
0.020545
0.021367
0.021556
0.021385
0.019770
0.020970
0.021286
0.019884
0.019970
0.022043
0.020480
0.020975
0.020918
0.026521
0.021259
0.047667
0.025011
0.020951
0.020406
0.031213
0.026829
0.021360
0.028310
0.027168
0.020856
0.019883
0.020986
0.021133
0.027538
0.019522
0.020049
0.022309
0.020701
0.020544
0.019949
0.019674
0.020999
0.019343
0.021210
0.019519
0.023542
0.023771
0.020862
0.020548
0.022344
0.021013
0.020205
0.020598
0.019800
0.020895
0.019864
0.020064
0.019596
0.021398
0.019705
0.040169
0.020328
0.021082
0.019939
0.019672
0.020093
0.026682
0.019748
0.019643
0.024500
0.020125
0.019566
0.020139
0.018982
0.020382
0.019364
0.020353
0.019347
0.019279
0.018867
0.018693
0.019189
0.020875
0.020565
0.020571
0.020346
0.021128
0.020492
0.020235
0.020548
0.019552
0.019431
0.019563
0.019103
0.019065
0.020013
0.019693
0.020050
0.019134
0.031204
0.019122
0.019104
0.029055
0.020246
0.019826
0.030378
0.019823
0.027876
0.020484
0.020742
0.020700
0.021238
0.026260
0.021244
0.021818
0.030730
0.022409
0.019783
0.022091
0.019636
0.021487
0.020284
0.022374
0.020509
0.021615
0.021188
0.020807
0.022970
0.025077
0.026808
0.019850
0.020323
0.021242
0.020947
0.019691
0.030734
0.020240
0.025708
0.020144
0.020562
0.025899
0.021197
0.019150
0.019328
0.019180
0.019175
0.020023
0.020941
0.021008
0.021198
0.020328
0.020324
0.021242
0.019748
0.020051
0.019563
0.019610
0.019831
0.028880
0.019793
0.020696
0.021387
0.021404
0.027137
0.021231
0.020222
0.020144
0.044768
0.021955
0.023186
0.021310
0.020521
0.022718
0.032029
0.021833
0.030708
0.022807
0.021128
0.020975
0.033924
0.021750
0.020774
0.021706
0.020460
0.021795
0.021279
0.022719
0.023140
0.025950
0.035406
0.021143
0.021059
0.021557
0.022270
0.022266
0.026208
0.022827
0.022389
0.022356
0.022496
0.024179
0.021902
0.023457
0.023238
0.024879
0.024538
0.033213
0.024861
0.024418
0.026095
0.024690
0.025420
0.024638
0.025205
0.026338
0.024688
0.025964
0.024943
0.024736
0.027416
0.024506
0.029492
0.024425
0.025131
0.024517
0.026565
0.024199
0.025215
0.024890
0.025813
0.025849
0.025685
0.026146
0.026040
0.025433
0.024623
0.038185
0.025936
0.026081
0.025094
0.024947
0.025038
0.025134
0.026380
0.026285
0.026994
0.025682
0.026641
0.026384
0.026052
0.026262
0.035839
0.026285
0.026334
0.026453
0.028103
0.027018
0.027471
0.026610
0.025654
0.026344
0.026537
0.026192
0.026223
0.025727
0.024634
0.024962
0.028598
0.026730
0.024647
0.026246
0.026187
0.025363
0.025545
0.026567
0.025119
0.026008
0.026525
0.025590
0.025394
0.024977
0.026035
0.024553
0.026176
0.025542
0.035634
0.025179
0.024755
0.043651
0.025776
0.025820
0.025081
0.025663
0.024457
0.024304
0.025162
0.024425
0.024640
0.024033
0.038249
0.023695
0.024165
0.023918
0.024700
0.025068
0.024693
0.024118
0.025243
0.023884
0.025713
0.024216
0.023876
0.023963
0.024193
0.023653
0.023895
0.024000
0.024202
0.024542
0.023889
0.023759
0.023951
0.023949
0.024078
0.024103
0.022728
0.024319
0.023945
0.023912
0.046318
0.023942
0.024215
0.023155
0.023497
0.023337
0.023717
0.026688
0.027633
0.023818
0.024153
0.043860
0.024478
0.023199
0.024657
0.023445
0.023486
0.023478
0.023231
0.023207
0.023069
0.023660
0.023223
0.022743
0.023071
0.022633
0.022763
0.023147
0.022455
0.023069
0.023999
0.030986
0.022407
0.028492
0.023771
0.023537
0.022429
0.022837
0.024117
0.024459
0.025434
0.023759
0.023213
0.023788
0.024186
0.023689
0.023209
0.027049
0.027574
0.043720
0.023065
0.024701
0.022739
0.023860
0.034312
0.023028
0.024116
0.023101
0.022968
0.024143
0.023627
0.022531
0.023442
0.023184
0.022465
0.022719
0.024417
0.024231
0.024335
0.023326
0.024311
0.024155
0.024045
0.023204
0.023879
0.022661
0.023384
0.022919
0.023949
0.023139
0.023214
0.023109
0.022859
0.023829
0.022750
0.022706
0.023741
0.027613
0.024255
0.023640
0.023097
0.023106
0.034494
0.023409
0.022808
0.023179
0.023063
0.023050
0.022954
0.024790
0.022787
0.023557
0.022694
0.023377
0.022482
0.032994
0.023636
0.022848
0.022597
0.022490
0.023451
0.024090
0.023208
0.023231
0.022316
0.023215
0.022622
0.033956
0.039647
0.023571
0.026112
0.040261
0.022973
0.023346
0.022611
0.023533
0.022000
0.022925
0.029238
0.022688
0.023778
0.023313
0.022859
0.022592
0.022786
0.022978
0.021236
0.021274
0.022220
0.022217
0.021565
0.027943
0.023983
0.022670
0.022818
0.024842
0.048836
0.023623
0.021337
0.022185
0.021126
0.021218
0.027292
0.044243
0.022581
0.022138
0.022338
0.027667
0.021409
0.023229
0.021931
0.022044
0.021498
0.027483
0.022322
0.021680
0.022397
0.022838
0.022617
0.022555
0.042267
0.025550
0.021582
0.027876
0.027283
0.026475
0.022470
0.024690
0.026703
0.025483
0.025790
0.025916
0.023013
0.023888
0.026645
0.026363
0.024416
0.031270
0.026120
0.025442
0.024903
0.026856
0.025482
0.025123
0.024737
0.025426
0.024651
0.023725
0.025361
0.025548
0.025132
0.025518
0.025400
0.025116
0.026425
0.025523
0.045193
0.026635
0.025625
0.026671
0.032576
0.026001
0.025790
0.026360
0.025067
0.025578
0.026909
0.026402
0.024717
0.034826
0.027752
0.026460
0.025072
0.025933
0.025238
0.025466
0.034126
0.025191
0.026501
0.024763
0.026983
0.026099
0.046134
0.026571
0.025136
0.025987
0.025033
0.024955
0.025087
0.024821
0.025474
0.025123
0.026392
0.025855
0.035674
0.030845
0.026280
0.025942
0.025576
0.045213
0.024589
0.025630
0.025283
0.033256
0.025332
0.025855
0.025363
0.025489
0.028773
0.023013
0.024745
0.033817
0.028929
0.025654
0.024984
0.026132
0.024196
0.026819
0.022812
0.023869
0.027709
0.024155
0.023260
0.023936
0.047484
0.024373
0.026456
0.025245
0.024570
0.034052
0.034811
0.024503
0.024512
0.023925
0.024598
0.025323
0.024878
0.024847
0.024858
0.032581
0.025467
0.024979
0.025388
0.025892
0.024730
0.026252
0.025923
0.035372
0.024072
0.053474
0.023553
0.024482
0.024892
0.023161
0.024804
0.023243
0.024526
0.023408
0.024452
0.022781
0.029334
0.022822
0.024092
0.023395
0.023685
0.023163
0.024129
0.024486
0.025237
0.023776
0.026501
0.023334
0.023152
0.023475
0.021838
0.021883
0.022296
0.022187
0.022840
0.021215
0.022029
0.021219
0.021801
0.020958
0.021080
0.022751
0.051623
0.022423
0.044829
0.024505
0.025417
0.024629
0.024586
0.023982
0.023256
0.024440
0.023496
0.022412
0.024226
0.024393
0.038453
0.024241
0.027555
0.022581
0.023100
0.023601
0.021318
0.022789
0.021438
0.022028
0.022748
0.024891
0.021518
0.021352
0.030166
0.021679
0.021898
0.040575
0.021203
0.022384
0.035511
0.020542
0.020352
0.022250
0.035040
0.022305
0.022177
0.025371
0.023150
0.023781
0.021120
0.022444
0.021449
0.021954
0.021386
0.021728
0.022657
0.022152
0.021546
0.021545
0.024630
0.024681
0.022409
0.022416
0.022425
0.024558
0.023212
0.023096
0.023455
0.024824
0.022686
0.022751
0.021943
0.021948
0.031950
0.023260
0.022528
0.023459
0.023356
0.020544
0.023340
0.021546
0.022364
0.022055
0.022722
0.023160
0.025335
0.025499
0.025499
0.024353
0.024364
0.030433
0.024299
0.024327
0.024435
0.024847
0.023524
0.023390
0.023264
0.022651
0.022406
0.025625
0.024528
0.024915
0.025509
0.027580
0.023056
0.031319
0.023751
0.023631
0.022824
0.023060
0.024013
0.022958
0.024282
0.024055
0.024509
0.024499
0.022706
0.023461
0.023745
0.023695
0.024316
0.023213
0.023860
0.024256
0.024772
0.023448
0.022549
0.023332
0.029999
0.022618
0.022433
0.022644
0.023192
0.024568
0.024116
0.022984
0.023766
0.023083
0.023033
0.022942
0.022701
0.023339
0.023547
0.034216
0.042668
0.023153
0.022656
0.023373
0.023108
0.040949
0.022967
0.022596
0.024748
0.023748
0.025724
0.022950
0.022962
0.023730
0.023334
0.023819
0.023272
0.022980
0.043074
0.024457
0.032223
0.023018
0.023017
0.030486
0.022933
0.022952
0.024987
0.029424
0.023425
0.024233
0.023794
0.024022
0.023901
0.023647
0.031329
0.023326
0.023053
0.022475
0.021911
0.023266
0.023509
0.021799
0.028403
0.022720
0.022617
0.023022
0.023114
0.021975
0.023760
0.023799
0.023079
0.023902
0.023692
0.041611
0.024310
0.023087
0.027282
0.024457
0.023724
0.022613
0.022283
0.031561
0.024007
0.023669
0.022940
0.022975
0.022506
0.024089
0.023363
0.026359
0.023607
0.022171
0.023860
0.023446
0.023392
0.022579
0.022700
0.023731
0.022078
0.023471
0.022621
0.023495
0.028242
0.023118
0.023974
0.022524
0.030080
0.038842
0.023444
0.022198
0.022125
0.024253
0.021851
0.023206
0.038018
0.022768
0.023359
0.022585
0.022483
0.051271
0.023448
0.024912
0.021888
0.022182
0.033098
0.026269
0.021958
0.026857
0.022170
0.021945
0.048569
0.023606
0.023333
0.023477
0.022633
0.022197
0.022998
0.022452
0.023362
0.034084
0.023861
0.023224
0.023236
0.022932
0.023356
0.024041
0.022023
0.025177
0.031587
0.031236
0.033319
0.023205
0.024065
0.022925
0.023094
0.022882
0.022918
0.021992
0.022393
0.023016
0.023738
0.027002
0.022069
0.021590
0.021913
0.023418
0.021780
0.021210
0.037237
0.028516
0.035617
0.026787
0.021903
0.021660
0.023993
0.022006
0.023818
0.022525
0.021841
0.022892
0.022309
0.022799
0.024746
0.023352
0.021963
0.022087
0.023026
0.022026
0.022690
0.022349
0.023796
0.023371
0.032986
0.021808
0.021701
0.021837
0.022050
0.022086
0.021781
0.023681
0.021579
0.022963
0.022967
0.022301
0.022759
0.022001
0.022248
0.047505
0.023148
0.023647
0.023447
0.022697
0.021572
0.021815
0.022162
0.022561
0.022491
0.022904
0.021625
0.022454
0.022322
0.022372
0.021511
0.021558
0.023062
0.021220
0.022323
0.021042
0.033188
0.022202
0.031353
0.021071
0.021103
0.021204
0.020922
0.022107
0.025917
0.021456
0.022127
0.022324
0.021968
0.021877
0.022140
0.023643
0.021839
0.021921
0.021919
0.023161
0.023488
0.027532
0.022578
0.023339
0.023459
0.023501
0.023841
0.025326
0.024771
0.023657
0.025447
0.023531
0.024405
0.027128
0.026483
0.024796
0.024606
0.024906
0.024623
0.024102
0.025986
0.024735
0.025638
0.025695
0.025491
0.024555
0.024959
0.025127
0.024661
0.024122
0.024866
0.024709
0.025481
0.024048
0.025752
0.030638
0.024974
0.025652
0.027865
0.029693
0.027834
0.027498
0.027883
0.026421
0.027669
0.026653
0.025540
0.026797
0.026791
0.025828
0.025328
0.024737
0.025491
0.030510
0.024266
0.022904
0.022041
0.022928
0.022695
0.022869
0.022900
0.023560
0.031495
0.025024
0.023920
0.025572
0.035757
0.024161
0.024492
0.024413
0.025801
0.024381
0.025549
0.023922
0.024227
0.024505
0.023903
0.024480
0.025124
0.026614
0.024899
0.025783
0.023951
0.023884
0.024271
0.024602
0.024964
0.025338
0.024504
0.024272
0.024579
0.024281
0.024095
0.025450
0.023683
0.024255
0.024408
0.024051
0.023829
0.024721
0.024124
0.023902
0.024081
0.025859
0.028013
0.038609
0.043355
0.023648
0.024790
0.023968
0.030408
0.024492
0.025573
0.024292
0.023475
0.023689
0.024287
0.024717
0.024212
0.024859
0.023557
0.039836
0.024250
0.023419
0.023791
0.022295
0.033443
0.024942
0.023608
0.024893
0.023879
0.023799
0.023964
0.025157
0.024371
0.023733
0.025040
0.024026
0.024390
0.024049
0.025441
0.043374
0.024270
0.024382
0.024575
0.024563
0.024584
0.025194
0.025795
0.024969
0.025227
0.024753
0.024794
0.024690
0.033171
0.028188
0.024330
0.027489
0.025514
0.025076
0.024514
0.024773
0.027064
0.025717
0.026303
0.026240
0.024300
0.026567
0.024439
0.024428
0.024857
0.025368
0.025606
0.024287
0.024622
0.023866
0.024211
0.024560
0.024552
0.024688
0.023760
0.025018
0.024345
0.025101
0.024432
0.024272
0.029898
0.025375
0.041510
0.024418
0.024436
0.023969
0.024160
0.024108
0.024868
0.024470
0.031748
0.042309
0.024849
0.024507
0.024727
0.024735
0.025489
0.024770
0.035618
0.024202
0.025555
0.031083
0.027082
0.026245
0.024916
0.025338
0.026010
0.044321
0.024536
0.025944
0.026127
0.024755
0.025109
0.024393
0.025068
0.031795
0.025351
0.036251
0.024104
0.024777
0.024435
0.024656
0.030539
0.025241
0.025071
0.024713
0.025356
0.024398
0.034860
0.024864
0.025662
0.032060
0.026199
0.025784
0.026665
0.023656
0.025069
0.025630
0.024993
0.035237
0.025910
0.024646
0.025279
0.025965
0.024483
0.028545
0.025820
0.024838
0.023785
0.023740
0.023656
0.023872
0.024484
0.023980
0.023193
0.023772
0.028433
0.024280
0.033859
0.022778
0.038960
0.024442
0.022442
0.023758
0.023228
0.024352
0.025169
0.023894
0.023178
0.022759
0.022746
0.023271
0.024649
0.024217
0.022003
0.022339
0.025838
0.022315
0.022328
0.023006
0.026899
0.023488
0.022172
0.022036
0.021746
0.022683
0.023125
0.023488
0.022130
0.022957
0.022768
0.024318
0.025055
0.021801
0.022255
0.020906
0.021664
0.020977
0.020914
0.021369
0.030311
0.022766
0.022499
0.022699
0.021527
0.021708
0.036454
0.027494
0.025944
0.023957
0.020322
0.022210
0.021943
0.021380
0.020038
0.020743
0.020629
0.026244
0.021347
0.020829
0.019582
0.022455
0.022852
0.028870
0.024007
0.023999
0.025560
0.019660
0.019780
0.019601
0.033305
0.019753
0.020051
0.019859
0.019313
0.019933
0.021043
0.020160
0.022413
0.023568
0.023984
0.022187
0.020770
0.020642
0.021369
0.029663
0.022658
0.019878
0.021201
0.021099
0.019847
0.021747
0.039707
0.020350
0.019729
0.021138
0.021528
0.021229
0.020801
0.020971
0.030596
0.021014
0.029599
0.028792
0.024467
0.020547
0.019691
0.021489
0.021074
0.019943
0.020081
0.020493
0.021426
0.019985
0.030824
0.021695
0.022049
0.021715
0.021292
0.036492
0.028600
0.020821
0.028788
0.024132
0.019895
0.021830
0.021831
0.021959
0.022196
0.027535
0.020725
0.021063
0.024002
0.024069
0.024956
0.021359
0.026427
0.020530
0.020333
0.019552
0.024338
0.020470
0.020977
0.019639
0.020366
0.020359
0.019563
0.020264
0.020649
0.020246
0.030144
0.025361
0.023199
0.020364
0.021080
0.019991
0.032200
0.019278
0.019806
0.019113
0.020338
0.019441
0.019384
0.021944
0.019317
0.019407
0.018964
0.023374
0.020231
0.020385
0.019603
0.028002
0.022493
0.027119
0.026777
0.020482
0.019289
0.019190
0.019996
0.020020
0.020731
0.020160
0.027062
0.020200
0.019280
0.030028
0.025070
0.030259
0.020669
0.020261
0.021076
0.020704
0.020761
0.020163
0.020569
0.024718
0.020045
0.020390
0.032647
0.027039
0.038182
0.021165
0.021319
0.020501
0.022212
0.021641
0.020757
0.022668
0.021918
0.019841
0.020030
0.019373
0.020168
0.020340
0.020210
0.025983
0.020137
0.019394
0.023828
0.020174
0.018932
0.020467
0.023666
0.026124
0.020626
0.020409
0.020686
0.020508
0.036287
0.020539
0.022298
0.028530
0.020410
0.021018
0.020898
0.021599
0.024220
0.019159
0.020091
0.021446
0.020079
0.020376
0.019865
0.019467
0.028984
0.019480
0.019115
0.029244
0.021061
0.025695
0.020284
0.021229
0.019768
0.019942
0.020291
0.030602
0.029627
0.020150
0.020425
0.029037
0.020616
0.022390
0.020013
0.019685
0.021003
0.031309
0.019852
0.019641
0.020253
0.020964
0.020241
0.020772
0.019462
0.020502
0.020054
0.028367
0.020396
0.020070
0.019590
0.020590
0.020152
0.019242
0.019926
0.025177
0.032340
0.020255
0.018993
0.018926
0.019427
0.019176
0.019528
0.020538
0.021327
0.023650
0.030981
0.020700
0.020300
0.019753
0.028477
0.020353
0.018954
0.023226
0.020593
0.019379
0.032073
0.038451
0.021363
0.018907
0.020573
0.019628
0.020035
0.020318
0.021587
0.019332
0.019797
0.026363
0.047119
0.020022
0.020126
0.019782
0.033975
0.027547
0.020878
0.019755
0.019964
0.021051
0.022373
0.021012
0.021774
0.022290
0.022273
0.020630
0.022388
0.025332
0.022632
0.022695
0.022118
0.022654
0.021616
0.038565
0.020169
0.038443
0.032349
0.020728
0.025298
0.025125
0.020762
0.021540
0.031115
0.020868
0.019674
0.019855
0.021196
0.023171
0.019678
0.019489
0.020531
0.019949
0.020749
0.021161
0.022377
0.032513
0.022952
0.023350
0.022078
0.022638
0.022510
0.021948
0.021483
0.022763
0.021417
0.021590
0.021085
0.030999
0.022299
0.022092
0.021035
0.023890
0.022420
0.022692
0.020551
0.020923
0.020917
0.020805
0.021184
0.020384
0.021398
0.026332
0.020942
0.021360
0.021448
0.020353
0.021856
0.022906
0.020193
0.020467
0.035611
0.020431
0.023646
0.021865
0.021516
0.021079
0.032015
0.020740
0.024706
0.041679
0.021011
0.022832
0.020926
0.021731
0.020161
0.021480
0.020406
0.022186
0.020642
0.021481
0.020219
0.018834
0.019574
0.021346
0.019784
0.020247
0.031344
0.021081
0.020277
0.019513
0.020508
0.022103
0.039893
0.019846
0.019916
0.024750
0.035906
0.033698
0.019978
0.020831
0.020844
0.022474
0.020950
0.020768
0.026421
0.019812
0.021649
0.020037
0.020726
0.020879
0.020766
0.022915
0.020582
0.020963
0.019508
0.025738
0.020206
0.021816
0.019774
0.020880
0.019282
0.020134
0.020048
0.019688
0.019225
0.020912
0.020181
0.019723
0.020288
0.020283
0.020522
0.020541
0.021016
0.020778
0.021521
0.021447
0.020722
0.021733
0.020538
0.020845
0.021349
0.021131
0.021116
0.028244
0.020787
0.029096
0.020575
0.020880
0.020340
0.020154
0.021260
0.019462
0.019505
0.019242
0.020324
0.019568
0.020546
0.019399
0.019673
0.020722
0.021430
0.019936
0.023223
0.021166
0.022264
0.028212
0.021099
0.020321
0.021446
0.021025
0.020987
0.029953
0.021122
0.021397
0.021288
