0.011216
0.019544
0.019298
0.019250
0.022314
0.018900
0.019433
0.019301
0.019142
0.019481
0.018216
0.019518
0.019625
0.018278
0.019208
0.020258
0.019984
0.019115
0.019337
0.019150
0.019564
0.018730
0.021973
0.019570
0.027834
0.019537
0.019109
0.019282
0.019562
0.018919
0.024556
0.019227
0.018917
0.022776
0.018815
0.018926
0.019083
0.019632
0.027067
0.020053
0.021208
0.019791
0.020033
0.023768
0.019122
0.019744
0.020145
0.019056
0.020147
0.019784
0.019791
0.020598
0.021339
0.019478
0.019840
0.020653
0.022966
0.019834
0.022713
0.020591
0.022719
0.021510
0.019544
0.019961
0.019162
0.020153
0.018980
0.019732
0.020007
0.019807
0.020560
0.019637
0.019312
0.019564
0.019863
0.021968
0.018574
0.019121
0.019537
0.021218
0.025273
0.019642
0.019302
0.019144
0.019507
0.018479
0.020381
0.019621
0.019275
0.019735
0.020222
0.019894
0.020041
0.020629
0.019294
0.019396
0.020350
0.023834
0.019856
0.019791
0.023679
0.027792
0.020524
0.026743
0.018548
0.019175
0.020009
0.026243
0.020544
0.019258
0.018857
0.018344
0.023330
0.026327
0.025844
0.030516
0.019584
0.019499
0.024231
0.019113
0.035306
0.019559
0.027683
0.020859
0.035753
0.018745
0.019360
0.019696
0.019664
0.019340
0.019550
0.018664
0.020539
0.019995
0.018940
0.018538
0.019483
0.024732
0.018800
0.019425
0.019281
0.019283
0.020733
0.019485
0.019262
0.019597
0.021276
0.018032
0.019913
0.018898
0.019256
0.020057
0.020037
0.029279
0.039292
0.022926
0.018249
0.018279
0.019116
0.018479
0.019628
0.019666
0.019296
0.024024
0.019889
0.018370
0.019865
0.022158
0.019492
0.019963
0.018214
0.018037
0.020392
0.019084
0.019159
0.019381
0.018077
0.020063
0.020766
0.023707
0.018249
0.018873
0.019947
0.020812
0.025824
0.019118
0.019244
0.019602
0.019249
0.019890
0.020466
0.025671
0.019297
0.027348
0.021628
0.019915
0.019388
0.020833
0.020099
0.020386
0.030012
0.018301
0.018794
0.018610
0.019128
0.020255
0.025112
0.021062
0.022041
0.019671
0.022424
0.021649
0.024415
0.018916
0.019082
0.018561
0.023818
0.018639
0.019603
0.021439
0.019398
0.019123
0.019157
0.018875
0.019932
0.018975
0.018958
0.019610
0.019190
0.019582
0.019755
0.019225
0.021610
0.021600
0.019385
0.019354
0.019287
0.020020
0.020297
0.019550
0.021977
0.019025
0.019845
0.019299
0.023254
0.020797
0.019369
0.019928
0.019683
0.020036
0.026275
0.021278
0.019497
0.021526
0.019501
0.019569
0.019320
0.024189
0.022085
0.018957
0.020059
0.030488
0.022513
0.029363
0.026372
0.019785
0.019523
0.029600
0.020337
0.019864
0.019175
0.027950
0.019167
0.019587
0.020197
0.020085
0.018310
0.019051
0.019199
0.034817
0.019553
0.019955
0.019145
0.018744
0.019664
0.019914
0.019686
0.018631
0.019795
0.020154
0.021185
0.020649
0.019983
0.018359
0.019077
0.019327
0.019778
0.019362
0.018469
0.019860
0.019736
0.023249
0.019829
0.018197
0.021936
0.019753
0.018644
0.020501
0.019025
0.019458
0.019064
0.020165
0.019389
0.019047
0.020332
0.029631
0.020180
0.038203
0.018656
0.020190
0.020098
0.019352
0.019287
0.020148
0.020063
0.019604
0.019369
0.026369
0.020475
0.020542
0.019316
0.027460
0.020349
0.020420
0.020299
0.019911
0.019932
0.021474
0.020015
0.019858
0.018342
0.018169
0.018950
0.018162
0.020465
0.019231
0.020100
0.018900
0.024216
0.018548
0.019563
0.020409
0.019297
0.019411
0.018719
0.019693
0.038341
0.019318
0.019151
0.018398
0.019931
0.019251
0.019547
0.020148
0.019353
0.020243
0.018889
0.019914
0.023562
0.019471
0.019833
0.019862
0.018805
0.018879
0.019135
0.019108
0.019445
0.019442
0.018453
0.018678
0.018972
0.019363
0.019453
0.019827
0.019482
0.019656
0.020099
0.020092
0.019747
0.018242
0.019182
0.029775
0.020343
0.019439
0.018522
0.019054
0.019446
0.019024
0.020198
0.020175
0.031400
0.018077
0.019982
0.025194
0.020526
0.018370
0.018592
0.018748
0.018383
0.020388
0.021525
0.018167
0.047770
0.020289
0.028929
0.020270
0.018601
0.018563
0.018445
0.020999
0.021346
0.019040
0.018904
0.020308
0.019831
0.019912
0.018493
0.019811
0.020051
0.019697
0.019477
0.020895
0.020488
0.037270
0.018316
0.018232
0.018989
0.031018
0.018507
0.019439
0.019263
0.027972
0.018164
0.018790
0.019500
0.019416
0.018515
0.018464
0.018513
0.018369
0.018414
0.018206
0.018486
0.019623
0.019243
0.018987
0.019527
0.019388
0.019804
0.034846
0.020186
0.026848
0.023838
0.018728
0.019886
0.019558
0.019978
0.020116
0.019572
0.022703
0.018849
0.019745
0.018629
0.018952
0.020163
0.042244
0.020270
0.019417
0.019567
0.019618
0.019513
0.018355
0.025341
0.018807
0.018228
0.019613
0.019828
0.018562
0.018704
0.019180
0.021231
0.020292
0.019785
0.020025
0.019638
0.019578
0.019438
0.020424
0.022023
0.019501
0.019528
0.019453
0.021776
0.019569
0.019773
0.020117
0.019756
0.019677
0.019555
0.020282
0.041496
0.018480
0.019416
0.019748
0.023260
0.021043
0.019255
0.020255
0.029836
0.019724
0.019371
0.032165
0.022304
0.020700
0.019643
0.019812
0.018802
0.018541
0.019763
0.021855
0.018836
0.019045
0.018993
0.018977
0.019438
0.019102
0.023843
0.019520
0.018259
0.019031
0.019594
0.019218
0.026697
0.019874
0.019076
0.022309
0.019213
0.020514
0.019391
0.019504
0.018941
0.019404
0.020030
0.019172
0.018949
0.019510
0.019121
0.024282
0.020577
0.019608
0.018863
0.019800
0.019629
0.022731
0.018242
0.019141
0.022027
0.028835
0.019933
0.022060
0.019682
0.019410
0.018431
0.019567
0.018286
0.019393
0.020710
0.019687
0.019222
0.019044
0.018883
0.019099
0.018934
0.019664
0.019082
0.019781
0.022081
0.019020
0.019074
0.022421
0.019959
0.019468
0.020338
0.018821
0.019453
0.018682
0.020010
0.019002
0.019010
0.018715
0.031373
0.019839
0.019701
0.019214
0.019453
0.019581
0.019427
0.023514
0.021178
0.019523
0.019641
0.018188
0.019225
0.017810
0.018537
0.018754
0.029212
0.021078
0.020387
0.018837
0.018740
0.019626
0.019159
0.019272
0.019385
0.019054
0.019934
0.018948
0.019220
0.025342
0.018479
0.018892
0.019271
0.019647
0.019320
0.019102
0.019804
0.019939
0.019159
0.019338
0.022749
0.019004
0.029183
0.020178
0.018661
0.022580
0.020721
0.020137
0.020564
0.019277
0.019439
0.019921
0.019216
0.019060
0.019766
0.019384
0.024502
0.019052
0.019083
0.019846
0.019188
0.018909
0.019792
0.019391
0.020299
0.018687
0.019025
0.019694
0.019441
0.023862
0.018802
0.018119
0.020431
0.019310
0.019667
0.019222
0.019449
0.018228
0.020060
0.022177
0.019529
0.031003
0.019723
0.019654
0.018710
0.019260
0.019781
0.018356
0.019564
0.018860
0.019366
0.019169
0.018902
0.019909
0.021461
0.024266
0.019880
0.019780
0.019968
0.020183
0.019452
0.019168
0.018851
0.020279
0.020083
0.020177
0.019420
0.019865
0.018555
0.021888
0.020080
0.027604
0.046762
0.023102
0.018974
0.020148
0.020312
0.020260
0.018507
0.023999
0.019778
0.018750
0.019057
0.019599
0.018407
0.019609
0.019294
0.019275
0.019142
0.019021
0.018954
0.018477
0.019283
0.019233
0.019810
0.019267
0.019295
0.019525
0.019149
0.019408
0.019767
0.019623
0.019379
0.019631
0.021198
0.019350
0.029545
0.021527
0.019343
0.023157
0.019019
0.026747
0.018998
0.018911
0.019004
0.018990
0.019554
0.019328
0.018989
0.021639
0.018275
0.019167
0.018488
0.019184
0.019489
0.020261
0.020255
0.019274
0.019163
0.020163
0.024403
0.019507
0.028955
0.035893
0.019721
0.023242
0.019682
0.018227
0.020178
0.020559
0.020049
0.019832
0.023949
0.019697
0.027757
0.019530
0.018937
0.019696
0.022469
0.019845
0.018437
0.019484
0.019370
0.024235
0.020103
0.019686
0.023230
0.018735
0.019661
0.019908
0.030583
0.019432
0.018915
0.019423
0.021753
0.021241
0.019613
0.019586
0.020020
0.020208
0.019935
0.020799
0.020047
0.019556
0.018943
0.020175
0.019456
0.023853
0.023143
0.019202
0.020235
0.020205
0.019194
0.019113
0.019110
0.019290
0.018661
0.019180
0.018389
0.019382
0.019797
0.018830
0.020068
0.018544
0.020901
0.019872
0.021473
0.019741
0.020035
0.020365
0.020310
0.019795
0.019608
0.020030
0.019605
0.019751
0.019568
0.019178
0.019702
0.019213
0.019451
0.020331
0.020755
0.020145
0.019951
0.021241
0.018762
0.020481
0.018987
0.019764
0.020411
0.024984
0.020130
0.019811
0.022476
0.019225
0.024363
0.024620
0.018463
0.020200
0.020344
0.019661
0.019892
0.019964
0.022506
0.019845
0.019379
0.021224
0.026496
0.020008
0.018619
0.020583
0.020270
0.026322
0.024995
0.020463
0.019782
0.019704
0.020234
0.022843
0.019955
0.019645
0.018420
0.018509
0.018804
0.019590
0.019013
0.019683
0.020483
0.035457
0.021086
0.020998
0.020689
0.019776
0.019809
0.021390
0.027620
0.020244
0.018796
0.019514
0.020568
0.019546
0.019401
0.019381
0.020084
0.020068
0.021428
0.018779
0.019395
0.019676
0.022307
0.021502
0.019297
0.019467
0.021116
0.018253
0.019946
0.019730
0.019887
0.019572
0.019786
0.019436
0.020816
0.019666
0.019879
0.020913
0.019967
0.019412
0.019540
0.019228
0.019605
0.021578
0.019532
0.024661
0.020831
0.019851
0.019436
0.019909
0.020490
0.018920
0.018774
0.019232
0.021776
0.020158
0.026913
0.019388
0.038219
0.025244
0.026138
0.022028
0.031025
0.019288
0.019813
0.032119
0.019173
0.020947
0.019331
0.019665
0.042904
0.038058
0.045136
0.036893
0.045668
0.019931
0.019979
0.019843
0.019899
0.019466
0.024512
0.019083
0.021462
0.034568
0.019317
0.024298
0.020741
0.019094
0.019996
0.020320
0.024317
0.030108
0.020226
0.022075
0.019963
0.020512
0.020534
0.020208
0.020240
0.019812
0.019140
0.018462
0.030522
0.020061
0.019477
0.019208
0.022580
0.020230
0.019484
0.019251
0.019753
0.036101
0.019339
0.020477
0.019624
0.019728
0.019423
0.019082
0.018848
0.019662
0.030174
0.018939
0.018609
0.019235
0.020010
0.019659
0.019007
0.019513
0.029299
0.019562
0.020402
0.019949
0.018824
0.020208
0.019353
0.019942
0.020720
0.024685
0.018576
0.023908
0.026454
0.020274
0.018907
0.020124
0.019118
0.020721
0.021381
0.019772
0.018603
0.018889
0.019094
0.020047
0.027394
0.023910
0.019286
0.019750
0.019908
0.019946
0.020989
0.019607
0.020225
0.020169
0.023824
0.018815
0.019242
0.019601
0.019510
0.020406
0.038594
0.019354
0.027528
0.019799
0.019451
0.019911
0.019846
0.034435
0.047986
0.018972
0.025206
0.020935
0.027409
0.019366
0.019385
0.019749
0.019718
0.019116
0.019427
0.018795
0.019348
0.020329
0.019795
0.019266
0.022141
0.019756
0.019218
0.020287
0.019975
0.025240
0.019689
0.019268
0.019428
0.020425
0.019455
0.020677
0.020590
0.025957
0.023654
0.019130
0.019428
0.019518
0.023933
0.026999
0.019547
0.019667
0.019175
0.019931
0.018952
0.018875
0.019365
0.018869
0.020439
0.047282
0.020192
0.028558
0.026238
0.022921
0.020369
0.020050
0.019782
0.028185
0.019327
0.019640
0.031037
0.020482
0.018501
0.022208
0.020814
0.018859
0.018828
0.028545
0.023336
0.019671
0.019161
0.019718
0.019112
0.019812
0.018917
0.020371
0.019726
0.019536
0.018648
0.019214
0.019465
0.019943
0.028090
0.027581
0.019602
0.018284
0.019275
0.019877
0.024656
0.019737
0.019492
0.019083
0.039469
0.019595
0.019661
0.020052
0.019849
0.020294
0.023761
0.028227
0.020130
0.019692
0.019659
0.019057
0.019388
0.020999
0.019213
0.019016
0.020168
0.018446
0.018986
0.019945
0.019747
0.019012
0.021724
0.020130
0.019977
0.019606
0.026109
0.020960
0.020671
0.020747
0.020177
0.024818
0.019691
0.019236
0.019557
0.020416
0.019036
0.019207
0.039973
0.019531
0.019756
0.018563
0.019970
0.019672
0.019231
0.026102
0.020087
0.018431
0.038131
0.020359
0.020597
0.020083
0.019199
0.019334
0.020455
0.020492
0.019808
0.019740
0.019204
0.019553
0.018290
0.018245
0.019148
0.019997
0.019458
0.018658
0.019062
0.024675
0.020050
0.019103
0.019589
0.018427
0.019747
0.025133
0.023943
0.019199
0.021269
0.019798
0.022504
0.019215
0.018873
0.019498
0.020311
0.019387
0.020037
0.023825
0.019978
0.020235
0.019215
0.019284
0.019421
0.018671
0.024659
0.019727
0.040807
0.019717
0.019297
0.019202
0.028143
0.019742
0.018563
0.024308
0.029995
0.019954
0.018384
0.018923
0.019740
0.019627
0.019454
0.019917
0.019284
0.027978
0.023540
0.021571
0.018891
0.019590
0.019649
0.020033
0.018785
0.019855
0.019778
0.019414
0.019801
0.018105
0.026900
0.019288
0.019142
0.019347
0.031412
0.019666
0.018953
0.021887
0.018460
0.019078
0.021112
0.019659
0.019196
0.020606
0.018709
0.025234
0.019787
0.019288
0.023658
0.020339
0.019947
0.019931
0.018579
0.019658
0.019226
0.019896
0.020183
0.018769
0.019613
0.025059
0.019087
0.018210
0.018787
0.018400
0.019838
0.026549
0.019739
0.019425
0.021683
0.019054
0.024998
0.025007
0.020383
0.019882
0.019278
0.019979
0.019392
0.024506
0.021048
0.044709
0.019578
0.019623
0.019819
0.019683
0.019780
0.020282
0.019956
0.019490
0.025831
0.020138
0.019870
0.019903
0.019965
0.020216
0.020843
0.020011
0.019568
0.019560
0.019504
0.019461
0.019680
0.021524
0.019745
0.019587
0.018879
0.020270
0.019888
0.020863
0.019592
0.019748
0.019653
0.019753
0.019911
0.018792
0.018558
0.019319
0.019796
0.019349
0.022712
0.020173
0.018890
0.019920
0.019378
0.019452
0.026679
0.020111
0.019713
0.019525
0.019621
0.020151
0.019758
0.027044
0.023176
0.019259
0.019995
0.020942
0.020073
0.019724
0.018582
0.020132
0.019334
0.021296
0.020067
0.020182
0.029995
0.019436
0.019242
0.019098
0.020001
0.019736
0.019456
0.019718
0.019924
0.019030
0.019962
0.019287
0.019370
0.020423
0.022217
0.020486
0.019948
0.018806
0.031814
0.019670
0.020444
0.020289
0.020303
0.018794
0.019354
0.019300
0.019648
0.026260
0.019954
0.018629
0.018382
0.021356
0.018890
0.019738
0.019920
0.018978
0.020006
0.019361
0.020647
0.020757
0.020024
0.026577
0.019990
0.021299
0.020781
0.019786
0.020734
0.020052
0.020889
0.019361
0.021790
0.019107
0.020004
0.020797
0.027451
0.019675
0.019816
0.018165
0.018290
0.018365
0.019585
0.019552
0.020316
0.019433
0.028155
0.019402
0.019419
0.026478
0.020674
0.018843
0.019300
0.018212
0.018742
0.018869
0.020034
0.018692
0.019289
0.019730
0.018813
0.018644
0.019569
0.027024
0.019251
0.019976
0.018924
0.020198
0.019713
0.019899
0.020344
0.019729
0.020368
0.019420
0.019554
0.019326
0.019492
0.019762
0.019059
0.019507
0.019563
0.019435
0.019479
0.018965
0.020363
0.019804
0.019313
0.020021
0.018823
0.018442
0.018752
0.019411
0.019633
0.019572
0.019770
0.019501
0.019345
0.020759
0.020519
0.019564
0.020163
0.020208
0.019959
0.019708
0.019983
0.019965
0.019605
0.020173
0.020333
0.022288
0.019687
0.019059
0.020032
0.019619
0.020314
0.024088
0.020660
0.018544
0.019971
0.019561
0.019704
0.021036
0.018842
0.020450
0.019752
0.019617
0.019752
0.019679
0.018986
0.018713
0.020302
0.019884
0.019807
0.019774
0.019759
0.019668
0.019659
0.019292
0.020402
0.018414
0.020665
0.019640
0.019447
0.018808
0.020008
0.020091
0.020154
0.018937
0.018880
0.020608
0.019716
0.019945
0.019136
0.019659
0.018581
0.026738
0.020152
0.020608
0.019367
0.019650
0.018536
0.019988
0.019607
0.020822
0.019442
0.020597
0.019902
0.020749
0.018829
0.020531
0.020441
0.025034
0.020255
0.020138
0.019514
0.019404
0.019595
0.019544
0.019038
0.019319
0.019527
0.021667
0.031338
0.020227
0.019712
0.019670
0.019982
0.029422
0.020713
0.030135
0.019639
0.026566
0.019719
0.020097
0.019151
0.018550
0.043332
0.020646
0.019826
0.020390
0.019253
0.020040
0.019636
0.019608
0.020405
0.019082
0.019457
0.019778
0.020711
0.020050
0.020200
0.019199
0.019710
0.019858
0.020201
0.021020
0.023420
0.024177
0.019537
0.020413
0.020003
0.019037
0.019702
0.019666
0.018935
0.029674
0.020093
0.020647
0.019951
0.019700
0.043011
0.019482
0.020333
0.019898
0.018685
0.019471
0.034398
0.019258
0.018463
0.019049
0.018744
0.019560
0.019541
0.020277
0.019969
0.019751
0.019078
0.019050
0.025238
0.019792
0.019937
0.019084
0.018546
0.020216
0.020845
0.026126
0.019510
0.024677
0.019416
0.025325
0.024453
0.020486
0.028476
0.019858
0.019526
0.020871
0.029275
0.023704
0.020249
0.021069
0.019969
0.019841
0.019681
0.028499
0.019537
0.019690
0.019921
0.020598
0.033844
0.020036
0.019447
0.022161
0.021827
0.020345
0.019887
0.019253
0.023569
0.019587
0.019237
0.020337
0.018754
0.018216
0.023897
0.019846
0.020252
0.022435
0.019481
0.021790
0.021228
0.020343
0.030973
0.020120
0.028748
0.021373
0.020484
0.019273
0.020141
0.019549
0.020335
0.020138
0.029885
0.028912
0.021741
0.019716
0.019877
0.022879
0.018853
0.018330
0.022986
0.027241
0.019895
0.018764
0.019300
0.021640
0.019098
0.020118
0.019208
0.020448
0.020236
0.020208
0.019583
0.023307
0.020123
0.019419
0.020020
0.022664
0.019702
0.019539
0.020281
0.019955
0.019809
0.019543
0.018906
0.021168
0.019775
0.021135
0.023494
0.020074
0.029500
0.024630
0.019280
0.019956
0.019030
0.039230
0.031249
0.019928
0.019780
0.020161
0.022999
0.018897
0.018894
0.027878
0.020885
0.020335
0.025137
0.019867
0.019353
0.019515
0.036667
0.020523
0.022400
0.033272
0.020573
0.020702
0.023828
0.028775
0.020558
0.019796
0.019610
0.020389
0.020707
0.020442
0.032059
0.019713
0.021100
0.020751
0.020856
0.020710
0.039710
0.020801
0.021182
0.020592
0.019426
0.020083
0.021730
0.020294
0.020231
0.028480
0.021219
0.020227
0.020172
0.019909
0.021555
0.019972
0.022646
0.027182
0.019819
0.024272
0.020664
0.018766
0.019689
0.021076
0.021052
0.020436
0.021034
0.019070
0.024061
0.020043
0.020938
0.019350
0.023685
0.020287
0.026701
0.019522
0.020182
0.020459
0.025972
0.020997
0.020679
0.021317
0.020763
0.022837
0.021723
0.042706
0.020414
0.023476
0.020134
0.038045
0.020348
0.020587
0.019977
0.018855
0.021073
0.020168
0.024665
0.020398
0.020856
0.019934
0.020774
0.021245
0.020359
0.024950
0.020024
0.020928
0.021167
0.020676
0.032964
0.020599
0.020844
0.021981
0.020523
0.020993
0.020392
0.021145
0.021264
0.021995
0.020467
0.019509
0.021609
0.025058
0.019779
0.022882
0.026917
0.019997
0.022797
0.021310
0.026377
0.018468
0.019325
0.019892
0.019461
0.020249
0.019822
0.021789
0.021806
0.019954
0.019254
0.020443
0.020621
0.019713
0.029489
0.020060
0.020226
0.028539
0.019728
0.018451
0.022084
0.020008
0.020111
0.020279
0.019965
0.022056
0.019529
0.020093
0.019777
0.019683
0.020088
0.041629
0.019629
0.018529
0.021194
0.020264
0.019129
0.023600
0.020159
0.020344
0.022665
0.019932
0.020636
0.025739
0.028107
0.038381
0.019874
0.019059
0.020162
0.020715
0.019465
0.022551
0.019246
0.021588
0.019849
0.021106
0.020013
0.020061
0.022252
0.020064
0.019835
0.019641
0.019295
0.020569
0.019744
0.020117
0.019552
0.020677
0.020115
0.020343
0.020207
0.019353
0.019322
0.029138
0.020259
0.020605
0.020146
0.019504
0.020425
0.026255
0.021316
0.020227
0.020354
0.020197
0.021543
0.020840
0.024055
0.020914
0.020976
0.020599
0.021422
0.029257
0.021642
0.018809
0.020079
0.018992
0.018685
0.020671
0.020006
0.019871
0.018972
0.019216
0.019883
0.020932
0.019239
0.020357
0.039066
0.020238
0.020854
0.025082
0.027171
0.020358
0.019808
0.021672
0.020413
0.023469
0.021626
0.020019
0.019602
0.019622
0.021411
0.019439
0.022863
0.020329
0.020894
0.020494
0.020183
0.021978
0.020315
0.024029
0.026274
0.020956
0.018979
0.020791
0.019020
0.022034
0.019702
0.019643
0.020359
0.019957
0.023152
0.019264
0.020406
0.020280
0.019842
0.023259
0.020026
0.019872
0.020317
0.019831
0.021068
0.019262
0.019713
0.020200
0.019947
0.019344
0.020335
0.019590
0.023855
0.020228
0.021803
0.020171
0.020317
0.020145
0.020154
0.019809
0.020321
0.020017
0.019862
0.020061
0.020950
0.020893
0.019980
0.025616
0.022407
0.021423
0.020142
0.023267
0.021038
0.020954
0.020780
0.021031
0.021689
0.020116
0.019251
0.020037
0.020355
0.020129
0.019910
0.020279
0.019107
0.019272
0.018894
0.022822
0.024267
0.020203
0.019177
0.019088
0.019729
0.025407
0.020515
0.019711
0.019573
0.021703
0.019881
0.021113
0.024927
0.020513
0.019643
0.019791
0.020317
0.019197
0.019258
0.019773
0.025165
0.021011
0.018810
0.019894
0.020127
0.024178
0.024436
0.026381
0.019446
0.022215
0.021077
0.019652
0.020397
0.019540
0.019760
0.020478
0.020820
0.020260
0.019020
0.020424
0.019797
0.020776
0.018868
0.020506
0.020088
0.020330
0.019598
0.019290
0.018898
0.019708
0.021079
0.021172
0.043152
0.019550
0.020663
0.020538
0.021126
0.019736
0.020107
0.020654
0.020057
0.029515
0.019286
0.021685
0.019552
0.020011
0.021593
0.020786
0.019105
0.019777
0.019490
0.021710
0.020049
0.020716
0.021050
0.020722
0.021845
0.019417
0.020175
0.020049
0.022347
0.020841
0.019842
0.020534
0.020612
0.020608
0.020564
0.021143
0.020457
0.021025
0.021600
0.019860
0.020611
0.021332
0.020254
0.020299
0.020349
0.020914
0.020566
0.020454
0.019309
0.020327
0.020523
0.027695
0.020096
0.019842
0.022395
0.020014
0.019855
0.019097
0.019123
0.019525
0.034272
0.020435
0.020088
0.020033
0.032714
0.021294
0.019475
0.020635
0.028958
0.021085
0.020509
0.020125
0.018824
0.019381
0.021086
0.020342
0.019716
0.019643
0.019567
0.020008
0.020704
0.026898
0.019143
0.021736
0.021032
0.019809
0.020068
0.020574
0.027858
0.019321
0.020485
0.019091
0.019337
0.019472
0.018987
0.019776
0.019005
0.018452
0.019622
0.019387
0.020513
0.019773
0.019154
0.019786
0.018900
0.019469
0.020725
0.021074
0.043563
0.020374
0.020037
0.020507
0.020398
0.019402
0.021401
0.021418
0.019738
0.018742
0.019509
0.019882
0.020252
0.020147
0.019917
0.019640
0.019981
0.020122
0.019483
0.027191
0.019214
0.019868
0.029885
0.020306
0.018925
0.019602
0.022941
0.021574
0.020319
0.020351
0.020769
0.020112
0.020780
0.033134
0.018940
0.028403
0.020670
0.019939
0.020718
0.019782
0.019948
0.020528
0.020656
0.020459
0.019594
0.019450
0.020064
0.020387
0.023580
0.020779
0.019970
0.020618
0.019977
0.019343
0.019617
0.030509
0.019345
0.020744
0.019916
0.020369
0.019580
0.020097
0.019641
0.019038
0.018319
0.020340
0.020165
0.020121
0.019871
0.019917
0.019897
0.020019
0.019581
0.019371
0.026524
0.021996
0.019869
0.019324
0.019871
0.021866
0.021115
0.020225
0.019527
0.020527
0.019610
0.019738
0.019183
0.024823
0.019781
0.020614
0.020018
0.020814
0.020093
0.023886
0.020520
0.019834
0.021739
0.019889
0.021617
0.021232
0.019537
0.019242
0.018795
0.019926
0.020562
0.025258
0.028471
0.019748
0.024277
0.019685
0.025726
0.020707
0.019919
0.019821
0.043471
0.020414
0.020935
0.030473
0.019708
0.031654
0.020677
0.037285
0.020236
0.021483
0.022515
0.020432
0.018831
0.018887
0.020220
0.020511
0.041494
0.021731
0.019950
0.020363
0.019406
0.018666
0.020333
0.030943
0.020379
0.021825
0.020346
0.020941
0.019807
0.019250
0.028772
0.019924
0.020492
0.018947
0.019468
0.020245
0.027710
0.019557
0.031489
0.020297
0.019779
0.019512
0.020170
0.020396
0.019859
0.020369
0.019444
0.020066
0.020011
0.019845
0.020457
0.019247
0.021207
0.022887
0.019666
0.018706
0.019186
0.027978
0.020390
0.019114
0.031343
0.019988
0.018547
0.020923
0.019930
0.027387
0.027150
0.021608
0.020559
0.020893
0.019455
0.021052
0.020069
0.021834
0.019453
0.020598
0.019582
0.019770
0.019742
0.020068
0.019107
0.019752
0.018978
0.021428
0.019457
0.020159
0.020220
0.022425
0.019985
0.019991
0.019885
0.021833
0.020067
0.019411
0.018723
0.025336
0.018253
0.019263
0.019300
0.024523
0.020231
0.019811
0.019273
0.028495
0.020378
0.020801
0.021605
0.018770
0.020161
0.018533
0.019517
0.021101
0.019909
0.019815
0.020180
0.019581
0.041240
0.018934
0.019225
0.019485
0.019645
0.019097
0.019343
0.019302
0.022435
0.018706
0.019081
0.019362
0.018827
0.019323
0.019680
0.019009
0.018755
0.018484
0.018411
0.019591
0.019342
0.023795
0.019507
0.019724
0.020067
0.021650
0.019490
0.018673
0.018970
0.025355
0.019817
0.019062
0.019360
0.018236
0.020548
0.021227
0.019754
0.018161
0.018913
0.019547
0.019653
0.022613
0.018275
0.019529
0.019983
0.018825
0.018626
0.019259
0.018852
0.020245
0.020072
0.018362
0.019034
0.019415
0.019479
0.019171
0.019351
0.019332
0.018828
0.019158
0.019350
0.019459
0.018858
0.018976
0.019648
0.019651
0.019217
0.018758
0.028799
0.029076
0.020280
0.020371
0.018186
0.019523
0.023084
0.019956
0.020040
0.019082
0.018796
0.019234
0.020018
0.020154
0.030389
0.020317
0.024276
0.020856
0.020053
0.020345
0.019786
0.020072
0.020493
0.020466
0.019498
0.019293
0.020018
0.020726
0.020375
0.022966
0.019015
0.020006
0.019422
0.018799
0.018748
0.023434
0.020086
0.019197
0.019416
0.018693
0.019890
0.027112
0.020454
0.019213
0.018105
0.029780
0.019731
0.023382
0.020323
0.019437
0.019334
0.018940
0.025402
0.038532
0.032010
0.029621
0.022528
0.025563
0.019878
0.018217
0.019128
0.019827
0.022329
0.019416
0.023138
0.019418
0.027580
0.019900
0.019844
0.018240
0.018817
0.019714
0.019276
0.018498
0.019452
0.019728
0.018537
0.021229
0.019369
0.026505
0.019535
0.023160
0.019687
0.030546
0.019633
0.018374
0.019032
0.018102
0.018686
0.019925
0.019294
0.020088
0.018533
0.018136
0.018793
0.018845
0.019862
0.018964
0.019626
0.022671
0.019163
0.020794
0.023720
0.019096
0.022113
0.019309
0.018921
0.019306
0.019859
0.019709
0.019640
0.019932
0.025744
0.018259
0.019622
0.028457
0.024735
0.020585
0.020405
0.020599
0.019636
0.018775
0.018873
0.020088
0.020306
0.019209
0.024020
0.019157
0.019251
0.028795
0.019898
0.018714
0.019916
0.018779
0.019993
0.019436
0.021623
0.019213
0.019880
0.019381
0.024095
0.027241
0.019623
0.020057
0.019020
0.019990
0.022278
0.019540
0.019613
0.019334
0.029941
0.020236
0.019724
0.020173
0.019168
0.018397
0.021119
0.027670
0.019236
0.023796
0.037548
0.019328
0.020756
0.024973
0.018817
0.021961
0.019210
0.026913
0.019438
0.025865
0.018857
0.019577
0.019170
0.020531
0.027740
0.019687
0.020364
0.018954
0.018757
0.019490
0.019142
0.019095
0.019723
0.019295
0.019032
0.019148
0.020529
0.028369
0.022681
0.020731
0.035880
0.019447
0.018577
0.019853
0.019167
0.019737
0.018869
0.020491
0.022728
0.020193
0.020574
0.018693
0.018413
0.018450
0.018188
0.019423
0.018781
0.019472
0.019595
0.027501
0.020244
0.019461
0.020758
0.019536
0.021499
0.019525
0.019879
0.021464
0.027150
0.020885
0.019628
0.019912
0.019298
0.020421
0.019432
0.019264
0.019253
0.019250
0.019464
0.020428
0.020028
0.019601
0.019104
0.018408
0.019520
0.020939
0.019958
0.018458
0.019361
0.028356
0.019964
0.019733
0.019483
0.017957
0.018426
0.020552
0.020168
0.020887
0.019819
0.018111
0.018979
0.019565
0.019116
0.019226
0.031173
0.019673
0.019424
0.019600
0.019649
0.019005
0.019525
0.029352
0.018895
0.019149
0.019150
0.020148
0.024294
0.018883
0.019020
0.018342
0.029362
0.019079
0.018996
0.018362
0.018530
0.020303
0.019250
0.019973
0.021567
0.020373
0.023537
0.020105
0.019590
0.019930
0.019971
0.029158
0.019928
0.020260
0.019756
0.019548
0.020385
0.019436
0.018823
0.019633
0.030302
0.020124
0.019334
0.019795
0.020988
0.024790
0.019910
0.018337
0.020187
0.019905
0.020905
0.020181
0.025536
0.021299
0.019626
0.018851
0.019566
0.019999
0.019666
0.019658
0.020411
0.019825
0.020541
0.020625
0.021204
0.022045
0.020526
0.021360
0.021788
0.019666
0.019168
0.021170
0.020617
0.018957
0.020793
0.020598
0.020518
0.020318
0.033946
0.020555
0.019842
0.019661
0.021871
0.019438
0.020803
0.019729
0.019799
0.018788
0.018430
0.018713
0.019679
0.022363
0.022169
0.023101
0.022863
0.019265
0.018282
0.020166
0.019640
0.020299
0.019544
0.019487
0.018764
0.019090
0.019316
0.019610
0.019330
0.017910
0.025079
0.019071
0.020372
0.019328
0.018570
0.019645
0.018895
0.019765
0.019261
0.020086
0.019560
0.019173
0.020025
0.023978
0.019616
0.022879
0.019526
0.019548
0.019444
0.018912
0.019693
0.019778
0.020129
0.033839
0.019143
0.019856
0.018263
0.019810
0.017957
0.025459
0.019311
0.019359
0.019683
0.019097
0.019014
0.019104
0.019121
0.019680
0.020273
0.019363
0.019570
0.019144
0.019344
0.019110
0.019412
0.023268
0.019773
0.018954
0.019383
0.019272
0.019817
0.020418
0.019739
0.020116
0.019715
0.020024
0.019354
0.019555
0.019815
0.019351
0.019087
0.019584
0.019154
0.021535
0.019304
0.018403
0.019248
0.022741
0.019725
0.020279
0.019373
0.019562
0.019041
0.020398
0.018588
0.019222
0.019361
0.018422
0.031176
0.019557
0.020130
0.018557
0.018684
0.022085
0.028035
0.019554
0.018694
0.019697
0.020506
0.018101
0.022818
0.019096
0.029661
0.018148
0.019154
0.019446
0.019048
0.022296
0.018515
0.018491
0.019155
0.020010
0.046926
0.018792
0.025007
0.019400
0.019769
0.019201
0.018283
0.019715
0.019512
0.026744
0.019049
0.019893
0.020326
0.027135
0.020163
0.023449
0.019182
0.019178
0.019190
0.026658
0.019870
0.019911
0.019946
0.019422
0.019935
0.025660
0.021758
0.020434
0.019541
0.025213
0.021100
0.024292
0.020185
0.019942
0.024256
0.019438
0.018592
0.019294
0.019381
0.024763
0.025498
0.018429
0.027382
0.020053
0.019444
0.019446
0.019953
0.020460
0.020696
0.019286
0.018856
0.019694
0.018695
0.024690
0.019751
0.020297
0.020014
0.021593
0.019220
0.019272
0.018459
0.019006
0.019536
0.019551
0.018151
0.026761
0.019679
0.018813
0.019128
0.019759
0.019233
0.018930
0.024382
0.023866
0.019377
0.021819
0.022977
0.019420
0.029226
0.018075
0.020653
0.027244
0.024756
0.019431
0.018120
0.019459
0.024791
0.020000
0.018533
0.019195
0.019450
0.019851
0.032756
0.020843
0.019624
0.019159
0.019273
0.025286
0.028429
0.019925
0.018530
0.019681
0.019900
0.019517
0.032795
0.019614
0.018422
0.020029
0.031248
0.018793
0.019289
0.020288
0.020108
0.018359
0.019792
0.020241
0.019763
0.020090
0.024950
0.019731
0.019212
0.034828
0.018638
0.019455
0.037589
0.019888
0.047363
0.019752
0.036733
0.047516
0.027016
0.020013
0.019515
0.018412
0.019564
0.019076
0.020101
0.025429
0.020625
0.021176
0.046622
0.036124
0.022283
0.021036
0.018949
0.018421
0.018405
0.023906
0.019253
0.018863
0.035374
0.021121
0.019026
0.020738
0.020265
0.019935
0.026076
0.020990
0.020574
0.019720
0.023351
0.018235
0.018414
0.024804
0.020181
0.018248
0.019855
0.019841
0.021119
0.020749
0.019520
0.019876
0.030773
0.018939
0.019934
0.020673
0.020325
0.034560
0.020657
0.020311
0.031121
0.020226
0.021019
0.020426
0.019961
0.034424
0.020628
0.020199
0.020083
0.021248
0.032860
0.018233
0.019621
0.021174
0.020722
0.020701
0.019800
0.019446
0.028664
0.020634
0.019820
0.020412
0.020272
0.020246
0.030771
0.021012
0.020107
0.020886
0.020589
0.020447
0.020549
0.020189
0.020043
0.020354
0.020148
0.019512
0.020337
0.025462
0.019140
0.019724
0.019908
0.019497
0.019569
0.019846
0.019829
0.019340
0.019745
0.018534
0.018706
0.022522
0.026993
0.019528
0.018672
0.019365
0.019063
0.043213
0.018800
0.019400
0.019794
0.018172
0.020069
0.030553
0.019240
0.019456
0.019731
0.018403
0.018986
0.018112
0.018793
0.019601
0.029853
0.036553
0.018271
0.019201
0.020087
0.019797
0.019242
0.020708
0.019349
0.019990
0.024121
0.018849
0.019155
0.019723
0.037206
0.019634
0.018478
0.019518
0.018294
0.019068
0.018768
0.037451
0.022143
0.018991
0.018619
0.019838
0.021046
0.019684
0.019751
0.019522
0.020075
0.020068
0.024722
0.019357
0.018901
0.019671
0.024854
0.019433
0.019177
0.018405
0.019147
0.020604
0.019929
0.019788
0.025852
0.020769
0.018901
0.018404
0.020519
0.019372
0.020296
0.018365
0.018299
0.018463
0.019399
0.019091
0.019194
0.019176
0.019960
0.017875
0.018378
0.019459
0.020062
0.023882
0.019971
0.019227
0.018221
0.018274
0.026830
0.019712
0.019140
0.031004
0.018145
0.017554
0.017866
0.018961
0.019849
0.027020
0.019848
0.020799
0.019749
0.024679
0.017973
0.019794
0.019269
0.019869
0.018816
0.018920
0.020161
0.018295
0.018201
0.019100
0.019512
0.034008
0.021071
0.018132
0.019525
0.019919
0.020244
0.019937
0.019573
0.020043
0.020090
0.019206
0.019062
0.028358
0.020123
0.026474
0.038058
0.018756
0.018475
0.018823
0.018083
0.019649
0.019188
0.019414
0.019477
0.017798
0.018291
0.019429
0.028208
0.028857
0.019083
0.044791
0.019874
0.018853
0.018263
0.019368
0.019439
0.020189
0.018251
0.018285
0.018164
0.017894
0.018521
0.040521
0.020370
0.020717
0.020241
0.022063
0.032106
0.019645
0.020323
0.025625
0.019697
0.018290
0.018704
0.019100
0.018519
0.037715
0.020337
0.018537
0.019376
0.018937
0.018595
0.019139
0.028197
0.019272
0.017906
0.019968
0.018980
0.018992
0.019911
0.019038
0.018752
0.019096
0.018597
0.019488
0.019558
0.019455
0.025496
0.020048
0.025358
0.019887
0.019584
0.020073
0.019501
0.019661
0.019930
0.019412
0.019460
0.038380
0.018483
0.019066
0.019994
0.034640
0.029585
0.019776
0.019415
0.025609
0.018597
0.026597
0.018970
0.018706
0.020651
0.019018
0.019013
0.018469
0.020873
0.020273
0.020799
0.019595
0.018147
0.023886
0.019166
0.018498
0.018489
0.018609
0.018929
0.020174
0.020226
0.020205
0.019250
0.025655
0.021338
0.027535
0.019479
0.018625
0.018966
0.019405
0.018274
0.018833
0.018707
0.018868
0.018813
0.020569
0.019917
0.019344
0.019903
0.019060
0.033476
0.019020
0.018806
0.020161
0.019331
0.019023
0.021579
0.019749
0.019138
0.019532
0.019270
0.019622
0.019603
0.019970
0.019116
0.018309
0.019613
0.018354
0.030426
0.018945
0.022058
0.019479
0.019120
0.018260
0.019612
0.018384
0.019070
0.019470
0.019549
0.019269
0.018599
0.020696
0.027598
0.019625
0.023938
0.018575
0.018272
0.022547
0.018175
0.036661
0.021140
0.020441
0.019781
0.035806
0.019975
0.019263
0.025219
0.021868
0.019487
0.018393
0.022371
0.017906
0.018834
0.019180
0.027207
0.020250
0.029231
0.019594
0.019468
0.023789
0.019579
0.027588
0.018764
0.034932
0.019808
0.019049
0.019717
0.018755
0.032744
0.022257
0.024777
0.020549
0.019545
0.018828
0.029659
0.025546
0.019604
0.019952
0.019072
0.030009
0.019033
0.018875
0.020023
0.024329
0.019935
0.019203
0.018425
0.018976
0.022309
0.018927
0.019921
0.025705
0.040595
0.019577
0.018616
0.018161
0.019391
0.019872
0.018139
0.024191
0.020661
0.019987
0.019314
0.019749
0.019024
0.021364
0.033450
0.019200
0.018840
0.021563
0.031120
0.019691
0.019469
0.018933
0.019847
0.021028
0.020238
0.019332
0.018718
0.017973
0.019821
0.019349
0.021149
0.019206
0.023799
0.019496
0.019247
0.020218
0.037863
0.033774
0.024353
0.019298
0.019726
0.021068
0.019671
0.019280
0.019854
0.019103
0.021038
0.019050
0.033340
0.019635
0.021795
0.020705
0.020773
0.020091
0.019297
0.019119
0.025337
0.019178
0.022711
0.019550
0.018828
0.021566
0.020886
0.019655
0.019142
0.042569
0.019112
0.020500
0.019610
0.034252
0.019289
0.019499
0.019502
0.019476
0.019414
0.037286
0.020899
0.019524
0.019759
0.025998
0.018150
0.019445
0.020009
0.028488
0.019946
0.018158
0.019032
0.019781
0.019824
0.018960
0.018760
0.019993
0.021830
0.025419
0.022253
0.030564
0.019412
0.019119
0.019297
0.018774
0.019475
0.019770
0.020218
0.028838
0.020532
0.034273
0.019975
0.023720
0.018363
0.019718
0.019833
0.019743
0.027836
0.018767
0.019421
0.019420
0.020016
0.018062
0.018414
0.019282
0.025310
0.020151
0.019305
0.032837
0.041832
0.020933
0.022828
0.019773
0.018281
0.018270
0.020124
0.018684
0.029411
0.018522
0.019025
0.018673
0.019418
0.042142
0.019699
0.021825
0.028652
0.020058
0.019941
0.019184
0.019806
0.031148
0.018431
0.019899
0.020177
0.019842
0.020667
0.018955
0.019582
0.020532
0.019639
0.018517
0.024334
0.018749
0.018928
0.019624
0.028814
0.019379
0.046425
0.019973
0.019401
0.019387
0.019986
0.034326
0.018640
0.019731
0.020952
0.024577
0.022859
0.019384
0.020535
0.019609
0.018494
0.019314
0.018397
0.034228
0.020200
0.020212
0.022930
0.018144
0.020773
0.020544
0.019666
0.019164
0.021184
0.027235
0.020473
0.029950
0.021859
0.025387
0.029074
0.019553
0.021615
0.034556
0.029534
0.021187
0.022726
0.019070
0.019085
0.020079
0.019571
0.025098
0.029240
0.018956
0.019325
0.019791
0.026739
0.028442
0.019829
0.018703
0.018631
0.022096
0.020100
0.021215
0.059136
0.023517
0.019708
0.020148
0.018587
0.018991
0.027127
0.023857
0.036034
0.030169
0.036444
0.027036
0.018536
0.024974
0.018308
0.018553
0.019560
0.028432
0.019763
0.019399
0.019652
0.019642
0.019317
0.031910
0.030772
0.047031
0.020131
0.026907
0.019256
0.019432
0.028498
0.018913
0.018224
0.023549
0.027467
0.037622
0.019651
0.020252
0.019033
0.019192
0.019762
0.027053
0.020381
0.019694
0.018184
0.019665
0.019585
0.019403
0.018604
0.018794
0.024555
0.018419
0.019525
0.018322
0.019312
0.020045
0.019255
0.018967
0.019723
0.019448
0.030506
0.019112
0.019450
0.019249
0.019885
0.019146
0.020911
0.030680
0.018654
0.027147
0.019687
0.018838
0.020464
0.025390
0.019937
0.019499
0.019191
0.018234
0.024263
0.019658
0.019685
0.021614
0.026049
0.018936
0.018726
0.017922
0.039638
0.020474
0.019795
0.018390
0.019734
0.018976
0.025345
0.019792
0.019047
0.020431
0.019773
0.020114
0.027868
0.020422
0.037067
0.022675
0.019631
0.019925
0.018616
0.026688
0.025430
0.019499
0.028109
0.025801
0.040697
0.019066
0.018576
0.025869
0.019713
0.022394
0.024177
0.019730
0.038467
0.019312
0.018930
0.019335
0.019474
0.028368
0.019368
0.019559
0.020096
0.024655
0.032312
0.019588
0.019526
0.030188
0.020000
0.031313
0.018809
0.019779
0.019914
0.019772
0.019282
0.019896
0.023312
0.024599
0.019797
0.019571
0.019835
0.019513
0.018557
0.019128
0.019679
0.024041
0.020202
0.029930
0.033287
0.030751
0.019262
0.019328
0.024971
0.021461
0.027682
0.019176
0.034258
0.029842
0.031732
0.019698
0.037584
0.019240
0.018317
0.020527
0.020005
0.041716
0.024542
0.018959
0.021424
0.019087
0.019089
0.019214
0.018688
0.021400
0.018554
0.018844
0.019699
0.020466
0.019014
0.019165
0.019098
0.019521
0.019467
0.020347
0.020037
0.030589
0.020954
0.018751
0.017787
0.037994
0.018658
0.018075
0.025674
0.019420
0.019614
0.018934
0.030230
0.019958
0.022729
0.018090
0.021768
0.018882
0.028743
0.031743
0.022422
0.019212
0.020245
0.019981
0.019280
0.021445
0.019920
0.041630
0.018543
0.018608
0.023462
0.019692
0.018527
0.019220
0.019394
0.019275
0.019857
0.018079
0.018266
0.019435
0.022615
0.024459
0.019966
0.022962
0.019484
0.019859
0.019464
0.019960
0.025851
0.018429
0.025134
0.020334
0.018628
0.017760
0.024313
0.017955
0.020200
0.018487
0.019689
0.019680
0.022611
0.019112
0.019093
0.019696
0.021656
0.020617
0.019029
0.019117
0.019849
0.018057
0.018867
0.024636
0.029392
0.029263
0.018115
0.031237
0.044979
0.018311
0.018895
0.018646
0.020156
0.019202
0.019355
0.018492
0.024975
0.020036
0.018574
0.024530
0.028893
0.018306
0.026132
0.025835
0.018639
0.020483
0.023430
0.021540
0.019651
0.018745
0.019392
0.021117
0.019102
0.017949
0.019499
0.029565
0.019059
0.019142
0.029176
0.020465
0.026524
0.020382
0.023747
0.028881
0.027250
