0.011269
0.022105
0.019939
0.020550
0.019377
0.019288
0.019579
0.018811
0.019095
0.020063
0.018974
0.019798
0.019857
0.019800
0.019087
0.019457
0.019625
0.019119
0.018241
0.022879
0.019853
0.026948
0.026095
0.019439
0.020421
0.019391
0.020259
0.017925
0.020027
0.018378
0.018608
0.019136
0.017663
0.019890
0.019130
0.017861
0.019238
0.018158
0.019093
0.019284
0.019270
0.018450
0.018842
0.022004
0.028979
0.029915
0.018350
0.019181
0.018088
0.017982
0.019117
0.024590
0.019944
0.036812
0.019595
0.019713
0.019621
0.018548
0.023703
0.022856
0.019696
0.030428
0.024139
0.019112
0.019908
0.027565
0.019430
0.019143
0.025276
0.022954
0.019466
0.023532
0.019149
0.025995
0.017862
0.020034
0.021393
0.020478
0.034156
0.033419
0.019906
0.020033
0.020627
0.020315
0.019677
0.020443
0.019259
0.026425
0.019628
0.019659
0.021025
0.018476
0.018742
0.029760
0.019254
0.028916
0.038499
0.018271
0.019674
0.023692
0.019757
0.019280
0.018789
0.026744
0.021588
0.026535
0.018895
0.017594
0.018948
0.018815
0.018578
0.019997
0.029798
0.019040
0.020527
0.020172
0.018834
0.023595
0.018779
0.018786
0.019000
0.029389
0.018012
0.019583
0.019255
0.020570
0.033713
0.019967
0.029067
0.021764
0.025884
0.028317
0.026914
0.020401
0.019424
0.018581
0.028162
0.019745
0.025644
0.022998
0.021887
0.025252
0.021018
0.019169
0.021898
0.026374
0.019401
0.021082
0.021621
0.033119
0.020633
0.018229
0.020806
0.022100
0.019430
0.020514
0.021754
0.018376
0.024610
0.033362
0.019661
0.022194
0.021301
0.026818
0.027893
0.033454
0.018315
0.020256
0.018971
0.026086
0.030648
0.019603
0.020323
0.021051
0.019819
0.022101
0.025211
0.019721
0.021245
0.031731
0.019475
0.019552
0.019341
0.019002
0.023350
0.021371
0.032489
0.019523
0.018050
0.019446
0.019321
0.020331
0.019281
0.023297
0.019080
0.024805
0.024799
0.019544
0.027659
0.027508
0.028781
0.022079
0.035823
0.019542
0.019837
0.022468
0.019332
0.020789
0.019550
0.026931
0.022973
0.019639
0.019666
0.021324
0.018772
0.027486
0.019862
0.018895
0.019383
0.020137
0.028867
0.033308
0.018959
0.021189
0.019703
0.026268
0.024794
0.027800
0.019854
0.021175
0.023476
0.019274
0.019164
0.023003
0.018503
0.018602
0.019391
0.019665
0.026568
0.026953
0.020754
0.017967
0.018632
0.017886
0.019869
0.026251
0.018336
0.029146
0.024152
0.027093
0.019615
0.020172
0.020006
0.019389
0.025375
0.017752
0.024869
0.024134
0.019153
0.019187
0.019296
0.022137
0.024953
0.020540
0.019501
0.020307
0.019357
0.019244
0.018906
0.020358
0.021968
0.020322
0.018776
0.018974
0.022104
0.025597
0.040455
0.027522
0.027594
0.017870
0.029118
0.027429
0.021655
0.026324
0.019040
0.043216
0.028730
0.022024
0.019186
0.020088
0.036855
0.039884
0.019795
0.020108
0.019038
0.017774
0.018567
0.019171
0.019042
0.017762
0.018724
0.018947
0.018699
0.020063
0.019074
0.018987
0.018761
0.017826
0.018957
0.019584
0.019299
0.018843
0.019469
0.017669
0.026513
0.018636
0.034221
0.018846
0.018077
0.018293
0.018845
0.018215
0.018302
0.018562
0.020126
0.025731
0.029084
0.018861
0.019421
0.019410
0.019718
0.019645
0.017825
0.019809
0.019812
0.018649
0.018129
0.018192
0.034535
0.018625
0.018835
0.018259
0.018826
0.020683
0.018964
0.019245
0.020726
0.019087
0.018320
0.019837
0.018968
0.018738
0.018684
0.018984
0.021886
0.019084
0.018188
0.019423
0.020032
0.020038
0.018586
0.020467
0.019602
0.019274
0.018390
0.019083
0.019892
0.019634
0.019360
0.018875
0.018124
0.018527
0.018675
0.017777
0.019531
0.019960
0.017646
0.018408
0.023668
0.019644
0.018440
0.026224
0.019659
0.019500
0.019123
0.020460
0.018273
0.018444
0.019273
0.018330
0.019044
0.019001
0.019099
0.018603
0.029997
0.020034
0.019613
0.019086
0.019042
0.017618
0.029837
0.019947
0.018077
0.017934
0.019111
0.019560
0.018589
0.021974
0.019444
0.018052
0.018121
0.018690
0.017909
0.018478
0.018582
0.018367
0.019454
0.018340
0.018435
0.018480
0.018721
0.018597
0.017905
0.019385
0.027178
0.019090
0.026103
0.017825
0.018463
0.019353
0.017559
0.021958
0.019327
0.019904
0.022141
0.018806
0.018671
0.019098
0.019151
0.019028
0.023852
0.018132
0.032418
0.018262
0.017683
0.022209
0.018655
0.021115
0.019166
0.018695
0.019430
0.024368
0.019846
0.019227
0.019378
0.019047
0.019177
0.018589
0.026677
0.018920
0.020016
0.020020
0.018407
0.019819
0.019574
0.019019
0.018501
0.017983
0.018737
0.018443
0.019137
0.021331
0.018738
0.019527
0.021903
0.018437
0.018269
0.028319
0.019766
0.018688
0.019427
0.020598
0.018933
0.023142
0.019139
0.018589
0.018721
0.019269
0.018301
0.020006
0.018114
0.019212
0.026836
0.018799
0.019074
0.025116
0.019014
0.019599
0.017744
0.018128
0.028618
0.022946
0.018652
0.019103
0.021105
0.018265
0.020345
0.018270
0.018384
0.018867
0.018288
0.019265
0.019675
0.018139
0.035081
0.022061
0.026302
0.019136
0.017830
0.018384
0.019278
0.019480
0.029703
0.018886
0.020031
0.019897
0.020244
0.017442
0.019436
0.021592
0.018320
0.027183
0.027759
0.019322
0.024887
0.018251
0.018282
0.018456
0.019245
0.023918
0.030270
0.018914
0.019176
0.019084
0.017825
0.017871
0.019149
0.018208
0.017945
0.028857
0.037822
0.019939
0.027434
0.018162
0.018888
0.019557
0.018160
0.021114
0.018017
0.018831
0.023919
0.019463
0.018701
0.018363
0.019852
0.023357
0.018787
0.018711
0.028413
0.022595
0.019695
0.024438
0.020065
0.020016
0.022028
0.018601
0.018263
0.017885
0.017876
0.019021
0.040003
0.018949
0.019302
0.018977
0.018437
0.018065
0.018704
0.023719
0.027796
0.019699
0.018876
0.018575
0.019021
0.017772
0.027165
0.018945
0.018972
0.018284
0.018085
0.019978
0.019114
0.018061
0.017778
0.018428
0.018086
0.026287
0.020283
0.018672
0.018955
0.021650
0.019087
0.019088
0.019160
0.035211
0.021847
0.018045
0.018879
0.017902
0.018835
0.019386
0.018710
0.034813
0.018422
0.018241
0.020179
0.022809
0.018430
0.018925
0.022732
0.018120
0.019028
0.019107
0.018479
0.019242
0.018425
0.018641
0.018357
0.018099
0.019068
0.026259
0.017873
0.018300
0.018691
0.017919
0.019583
0.018764
0.018681
0.017882
0.018374
0.020809
0.018084
0.019621
0.021152
0.019158
0.019644
0.019186
0.019419
0.019861
0.020110
0.026047
0.020100
0.017861
0.019032
0.019349
0.018708
0.019669
0.018440
0.019014
0.028368
0.019360
0.025367
0.026236
0.018922
0.018420
0.018861
0.018303
0.019036
0.018875
0.019116
0.017843
0.018856
0.019553
0.018039
0.019273
0.019087
0.027745
0.019568
0.025243
0.019081
0.017926
0.017559
0.017975
0.019118
0.018173
0.018271
0.019346
0.019118
0.019936
0.019633
0.018285
0.018572
0.018913
0.019400
0.020832
0.023925
0.019931
0.020347
0.019263
0.019265
0.019226
0.019197
0.029774
0.019002
0.030166
0.019639
0.018956
0.018905
0.018664
0.018000
0.018383
0.019263
0.018166
0.026521
0.019165
0.019081
0.018723
0.018940
0.017798
0.018517
0.018979
0.018321
0.018274
0.025778
0.018586
0.018672
0.020158
0.018131
0.019393
0.017930
0.020256
0.019031
0.018952
0.019165
0.018930
0.021665
0.019583
0.019362
0.019961
0.019251
0.022630
0.024052
0.019192
0.019556
0.023011
0.020027
0.028586
0.021124
0.019661
0.019523
0.021163
0.017912
0.018138
0.025309
0.030028
0.020195
0.018427
0.018400
0.020459
0.018621
0.019695
0.028624
0.025121
0.019962
0.019857
0.017784
0.022055
0.018631
0.018156
0.021600
0.018637
0.018502
0.022312
0.019315
0.018288
0.019376
0.019111
0.017948
0.017798
0.019525
0.028283
0.026579
0.018274
0.023249
0.018626
0.018800
0.018392
0.026648
0.018217
0.026296
0.026994
0.039703
0.018669
0.019099
0.027509
0.019555
0.025895
0.024637
0.019601
0.018440
0.018841
0.020703
0.018670
0.023090
0.020096
0.021895
0.017876
0.025353
0.018917
0.024497
0.018727
0.025024
0.027473
0.029702
0.019110
0.017986
0.019169
0.039854
0.018691
0.018940
0.029364
0.018010
0.017732
0.017962
0.018107
0.018098
0.023534
0.019106
0.018684
0.022802
0.018563
0.021528
0.018172
0.026914
0.017790
0.019619
0.019556
0.018137
0.029464
0.020327
0.019386
0.019073
0.026114
0.021139
0.019541
0.017843
0.019431
0.019576
0.018502
0.025449
0.019812
0.018478
0.039611
0.018623
0.020241
0.021584
0.018735
0.018251
0.017761
0.019505
0.018036
0.018492
0.018301
0.017954
0.018333
0.018149
0.019709
0.018764
0.018951
0.019491
0.018495
0.019133
0.018871
0.024293
0.018408
0.021293
0.023854
0.017945
0.024235
0.019603
0.018935
0.018716
0.030438
0.018986
0.018313
0.021269
0.019022
0.035117
0.019164
0.019394
0.019124
0.018347
0.022491
0.018556
0.019904
0.018860
0.017961
0.029992
0.018652
0.018395
0.019154
0.018496
0.017908
0.025221
0.019528
0.018684
0.018673
0.019469
0.018620
0.017851
0.019544
0.029744
0.018857
0.018123
0.018974
0.019307
0.019514
0.017925
0.028134
0.023489
0.020757
0.019280
0.029018
0.019549
0.019539
0.018280
0.018688
0.017726
0.025485
0.020036
0.019759
0.018068
0.019212
0.027166
0.025790
0.019543
0.017994
0.019570
0.017978
0.018784
0.023740
0.018474
0.019426
0.018493
0.019306
0.017816
0.017865
0.018934
0.018256
0.019917
0.019116
0.017967
0.025398
0.017748
0.023349
0.018735
0.019931
0.019157
0.019587
0.026029
0.027115
0.019256
0.018328
0.024675
0.023099
0.019386
0.018278
0.021113
0.019219
0.019464
0.018262
0.018793
0.018277
0.018275
0.018748
0.019615
0.018387
0.018736
0.018898
0.019240
0.026457
0.018189
0.021758
0.018977
0.019897
0.018633
0.017947
0.019214
0.018566
0.026993
0.021770
0.040543
0.018707
0.019227
0.018775
0.019171
0.018809
0.026181
0.030113
0.019160
0.023222
0.024553
0.019043
0.019475
0.021015
0.019836
0.025806
0.018528
0.018874
0.021503
0.018440
0.018455
0.019141
0.019364
0.019362
0.018654
0.018114
0.024909
0.019546
0.017741
0.027266
0.039902
0.019468
0.019215
0.019391
0.018324
0.018293
0.024389
0.018618
0.020331
0.017575
0.023589
0.019556
0.018279
0.020382
0.018983
0.023788
0.023724
0.022437
0.020560
0.020752
0.019017
0.024987
0.028737
0.019744
0.026646
0.018539
0.019026
0.019261
0.018036
0.022917
0.019571
0.018258
0.023210
0.019634
0.020132
0.019751
0.019012
0.019295
0.019585
0.018088
0.019002
0.019876
0.017930
0.019713
0.018592
0.018045
0.021021
0.019473
0.018459
0.024094
0.024616
0.019924
0.018148
0.018923
0.019091
0.019391
0.018484
0.028515
0.018603
0.017643
0.018488
0.018737
0.018913
0.017817
0.019322
0.019040
0.018589
0.018195
0.018863
0.018821
0.018405
0.019621
0.021496
0.019761
0.020466
0.025572
0.039092
0.017859
0.020160
0.018565
0.019722
0.019846
0.018809
0.022610
0.022933
0.019719
0.018002
0.019041
0.017942
0.019288
0.019517
0.018663
0.019753
0.019808
0.019723
0.019841
0.019365
0.018324
0.018538
0.019084
0.019763
0.020192
0.019262
0.017604
0.019187
0.029025
0.020310
0.027542
0.019002
0.026263
0.024673
0.030040
0.021087
0.023481
0.019556
0.019225
0.022285
0.026540
0.026358
0.019650
0.018813
0.019155
0.020002
0.020785
0.019891
0.020160
0.018313
0.018942
0.018780
0.032052
0.019487
0.018828
0.019274
0.021392
0.019082
0.018876
0.018531
0.025184
0.021317
0.019258
0.021756
0.025007
0.017878
0.018708
0.019058
0.019689
0.033160
0.019285
0.019141
0.029731
0.028535
0.019105
0.018422
0.020090
0.019249
0.018379
0.020214
0.020237
0.022260
0.027468
0.018840
0.018789
0.019915
0.019041
0.018050
0.018674
0.019580
0.026497
0.019135
0.020034
0.032015
0.022127
0.023757
0.027967
0.020304
0.018156
0.032536
0.019218
0.018550
0.018548
0.019063
0.019760
0.024431
0.026536
0.018922
0.018749
0.019201
0.019023
0.018116
0.019181
0.019616
0.018076
0.018055
0.017931
0.019210
0.018435
0.018770
0.018879
0.036029
0.029765
0.026737
0.018157
0.019537
0.019817
0.025271
0.019697
0.023697
0.018733
0.019463
0.023038
0.019597
0.022530
0.028925
0.037007
0.019409
0.028239
0.018958
0.020281
0.019176
0.032991
0.019025
0.027714
0.024015
0.024209
0.025859
0.019491
0.021538
0.026783
0.018145
0.018094
0.023360
0.017967
0.017903
0.018809
0.018043
0.017862
0.023929
0.018890
0.017903
0.018807
0.019133
0.018191
0.018323
0.028665
0.020101
0.018345
0.019450
0.018621
0.019302
0.018912
0.018331
0.018114
0.019356
0.020252
0.019192
0.020278
0.019700
0.018910
0.019168
0.018328
0.018535
0.018522
0.021292
0.019178
0.024632
0.019579
0.017843
0.018244
0.019554
0.019958
0.018766
0.019549
0.021174
0.018369
0.019353
0.019487
0.018085
0.018679
0.020446
0.018679
0.018638
0.019221
0.018194
0.018172
0.019260
0.019128
0.019044
0.019026
0.018685
0.019590
0.017777
0.018982
0.018638
0.018584
0.020018
0.020171
0.018973
0.018294
0.018438
0.018290
0.019407
0.026160
0.019244
0.026115
0.018922
0.018075
0.019272
0.019469
0.019581
0.028237
0.019432
0.024059
0.032395
0.020367
0.018892
0.018603
0.019644
0.019653
0.019202
0.019896
0.018463
0.017762
0.017998
0.025765
0.018505
0.025871
0.026682
0.020941
0.018361
0.018477
0.018613
0.017851
0.027026
0.022916
0.018465
0.028709
0.017787
0.018843
0.019147
0.019240
0.018676
0.022024
0.018480
0.022854
0.020048
0.018743
0.017859
0.017905
0.019424
0.018774
0.018106
0.018092
0.018166
0.018295
0.018678
0.018224
0.019589
0.020085
0.018711
0.018451
0.019529
0.018561
0.029404
0.018492
0.020512
0.018905
0.019376
0.018811
0.018764
0.021617
0.028747
0.018297
0.018786
0.019404
0.018851
0.029987
0.018994
0.018012
0.033181
0.018929
0.017951
0.018071
0.018073
0.020817
0.019105
0.018483
0.021590
0.019728
0.031578
0.018662
0.032198
0.018700
0.019229
0.027239
0.018504
0.019352
0.027481
0.019410
0.017798
0.017884
0.020405
0.018405
0.018834
0.019647
0.019487
0.019763
0.019620
0.020216
0.020096
0.020692
0.018002
0.019892
0.019829
0.018141
0.017844
0.020773
0.019784
0.028602
0.018606
0.018524
0.019079
0.018830
0.018212
0.025661
0.019029
0.019047
0.018244
0.017813
0.019861
0.018609
0.019593
0.018451
0.019234
0.027480
0.018260
0.019733
0.019657
0.018392
0.019573
0.019393
0.019232
0.020219
0.019126
0.018019
0.019265
0.018467
0.018957
0.019385
0.020182
0.019221
0.023063
0.019736
0.018257
0.028110
0.017750
0.020932
0.020541
0.018668
0.018507
0.027800
0.019037
0.018722
0.018441
0.025370
0.022320
0.017868
0.018746
0.018695
0.025730
0.018948
0.018987
0.018434
0.019591
0.019007
0.020894
0.025683
0.019278
0.021265
0.020159
0.045056
0.019147
0.018145
0.028676
0.023341
0.019740
0.023691
0.018409
0.018180
0.018467
0.019333
0.018126
0.018172
0.021217
0.018064
0.019775
0.020863
0.017990
0.021453
0.021156
0.019562
0.019173
0.019039
0.019899
0.028423
0.019663
0.025368
0.020090
0.021293
0.020148
0.017717
0.018474
0.023631
0.026453
0.027223
0.021960
0.034185
0.021991
0.023041
0.019151
0.019397
0.017741
0.020460
0.025484
0.020124
0.027870
0.020837
0.019025
0.019298
0.025045
0.019302
0.026971
0.019465
0.020904
0.019021
0.022627
0.025473
0.035688
0.019018
0.028747
0.018307
0.018812
0.018202
0.017860
0.019995
0.019409
