168.000000,168.000000,29.000000,32.000000
170.053182,171.043423,28.638098,32.041130
170.688327,175.315497,29.598368,31.860247
171.221287,177.184097,29.302834,32.565536
168.801546,175.637691,29.735043,31.866892
167.208303,170.939890,27.821705,31.662518
167.473927,167.272861,28.814064,31.642586
166.637787,160.375910,28.123337,31.903301
164.935428,155.555004,28.353022,31.785347
162.967712,150.156338,27.800613,32.226784
162.069705,142.988014,27.773447,32.060104
163.452032,135.513866,27.840000,32.552162
163.480139,134.680468,27.544346,33.062099
161.930932,134.544655,28.007597,32.956924
162.978952,131.583258,28.509350,33.551060
166.425140,128.666264,27.941132,33.145714
170.040264,127.755894,27.927956,34.008293
174.511618,128.039825,27.605015,33.863510
181.034648,128.355717,28.171412,34.719963
187.725044,130.254751,27.227081,35.257526
194.766208,132.735699,27.566095,35.834541
212.763759,139.837765,27.234934,35.774010
220.900318,146.992151,27.326210,36.530926
225.230200,154.367731,27.814640,36.441677
231.893900,158.994242,28.287502,36.057430
237.787243,160.235361,27.803596,35.479275
234.158670,163.187145,28.881802,35.790550
224.367501,169.257196,29.421156,34.135632
215.569249,169.897253,29.381842,35.535786
208.524069,165.245337,29.540577,35.469090
200.494451,161.821974,30.116598,36.053211
189.121430,163.353956,30.032835,36.427265
176.094365,165.684937,30.488348,36.800278
168.619405,166.732861,30.221548,36.399498
163.035170,166.588842,31.384708,36.817631
158.538098,168.368654,31.292807,37.598064
157.637207,169.610319,30.792755,37.142155
156.272566,167.239445,31.218723,37.589607
156.886057,166.436373,31.619915,37.399059
158.630047,167.886145,31.343193,37.187428
158.497653,172.345510,31.652582,37.292896
162.162174,174.579573,31.202171,37.744541
165.139169,180.938570,31.887175,33.155178
167.537506,182.759909,32.423782,33.398350
170.814405,183.031651,32.388477,37.108009
169.598866,190.528952,32.603905,34.060780
172.143229,196.495418,32.272381,30.668436
174.503654,192.447388,32.622467,33.199234
167.370333,188.008877,34.172390,36.979958
161.871735,186.569700,34.195877,37.467136
162.272141,182.570181,35.710297,37.602970
158.959261,185.812866,37.335461,39.032440
153.443708,193.588772,36.465534,38.590157
146.055002,201.311085,36.508038,38.022545
140.960846,203.919035,37.321991,37.059025
137.331289,204.575603,37.635319,37.030769
132.905340,203.524658,37.974461,36.839294
126.645559,201.781431,38.862690,36.958683
121.660885,200.845541,39.700829,37.037830
112.872190,199.713280,41.073368,35.817886
109.666246,193.366785,41.491283,35.644680
106.369804,187.639153,42.161819,35.630997
102.597828,187.066998,41.850166,35.213356
100.899754,186.425398,43.123070,36.163944
97.908897,188.928921,43.487518,35.996086
93.461626,193.083586,45.110104,35.208927
92.800539,196.630566,46.466137,35.934563
89.328981,202.887611,47.434383,35.594223
90.627670,201.110277,50.393967,36.703228
79.824640,207.348774,48.457165,36.012474
81.044382,206.717289,48.477962,35.914024
79.463886,208.393007,50.313530,36.821423
71.239342,209.347208,50.571503,36.995419
66.912222,210.932188,52.348621,37.154835
64.390942,212.644663,52.808479,36.889462
59.183458,212.916704,51.328838,35.908962
54.008068,214.277922,51.138344,35.873371
58.604000,211.033464,51.279320,35.615200
69.644981,209.388885,49.730225,35.567017
77.335251,211.442753,50.337097,39.961250
86.182322,215.729343,47.727016,44.707314
99.254255,221.461987,51.149220,46.815987
166.647415,210.489513,64.480911,45.099556
112.017908,228.508720,49.521511,54.297897
121.557106,242.966505,55.294647,43.989658
191.289524,228.512468,46.254158,40.979031
144.552206,254.509909,61.057362,37.300648
146.669804,254.214037,56.282066,39.002148
148.579830,250.176397,56.033577,41.033115
147.236736,242.225187,51.070854,44.808689
140.374439,237.595491,50.984169,47.081142
131.940245,231.553766,55.720020,50.407589
142.909401,219.864830,133.602386,42.076416
218.389822,208.305527,60.358799,42.236679
214.662752,207.854090,58.356731,42.875149
126.600586,226.409874,49.590538,43.243805
132.096066,210.819550,110.210541,36.691147
127.548931,205.057436,92.656342,55.801861
127.855358,203.042877,87.992584,54.972702
130.711952,203.134071,64.410347,52.522949
133.413172,202.277153,40.840336,50.455597
133.689215,199.120710,45.226711,50.229389
130.454456,199.781464,40.758469,48.126083
73.758805,134.661845,30.537016,28.656488
65.978281,139.763974,35.766750,19.384634
80.639747,146.592374,23.746416,15.102774
82.359918,145.767304,17.622763,23.589415
79.135824,147.746711,19.338261,22.087091
69.973177,148.438044,27.806789,14.568133
78.754797,150.781371,26.998417,17.476900
79.358335,145.995465,34.360371,25.641310
79.451387,151.963553,33.473461,26.361933
78.743093,164.300918,38.326252,21.331598
94.680920,179.303130,24.458397,15.352916
105.984919,186.956742,16.116871,11.918531
109.347172,187.546618,18.197136,15.441409
111.260927,185.822078,18.071507,14.859742
98.395123,180.453171,28.958021,14.537063
97.365983,169.972877,30.352179,21.694887
93.986927,159.189202,34.398804,26.935621
91.814913,157.879615,35.881809,25.916491
95.096229,157.839286,30.811838,26.300463
95.444407,158.680638,30.219652,25.413122
106.394800,158.106247,22.317265,25.395218
114.813141,169.937557,19.023918,17.119743
113.592600,175.284201,19.616184,17.176273
108.218690,176.727773,26.298307,17.933699
111.198469,170.067721,31.945950,24.512110
110.153128,166.041674,34.579296,25.771725
104.969790,161.626552,31.444736,23.932047
101.686947,160.596772,33.926834,19.087095
114.156384,165.950672,18.276718,13.022591
104.588845,158.810483,16.633329,12.349103
99.328861,153.017634,14.795284,15.990481
86.029217,150.369326,17.173706,16.711575
69.597007,149.786410,19.661352,13.868014
59.030878,141.993204,23.043495,17.733463
45.735346,127.436066,21.886528,24.094353
25.207277,125.173120,28.427864,24.646694
8.747553,127.721419,30.975739,20.030001
0.832934,135.109333,21.761938,13.711068
0.000000,141.670341,10.000000,21.844734
0.000000,117.589685,14.483613,49.180706
34.587540,81.317043,14.197037,12.646939
34.081090,85.888493,11.138782,10.338832
39.449036,93.683927,10.000000,10.258516
24.239856,105.509919,11.302155,12.080034
12.189033,111.441511,11.398030,10.274422
9.484518,111.806053,10.000000,10.000000
9.504282,119.310951,10.432802,11.642311
3.387335,136.146566,10.272032,13.280942
0.000000,143.399520,26.044478,25.834787
7.046109,173.308350,13.404668,10.000000
11.088339,195.313769,11.319575,10.000000
0.000000,195.924466,12.794300,21.620174
0.000000,221.520335,19.257583,22.935928
3.030017,226.659327,54.255226,42.334122
111.610327,234.985673,26.547060,31.926121
98.571830,234.366577,51.073685,30.342474
90.427291,224.409114,53.705734,28.369797
143.280767,166.206065,62.129185,44.566711
65.940002,199.821110,113.866364,28.336102
61.262424,190.626744,54.114174,30.063152
125.514846,140.445306,53.696152,40.276127
206.078195,173.639422,32.404110,33.875656
199.667320,170.699099,31.543900,36.777893
206.938686,162.483166,31.570885,36.211926
212.815759,161.400092,30.190731,35.757805
209.316659,168.574775,32.361004,37.338676
205.797243,166.984124,42.746502,44.610615
204.552547,157.123666,64.058540,55.027912
226.135894,175.935492,50.157806,46.820671
239.859987,191.685923,39.732601,39.839920
258.107974,200.509286,36.364998,38.217838
272.043748,205.665681,33.896511,36.976276
279.340360,211.913220,34.936634,37.452114
282.481979,223.153739,34.213837,36.734184
281.260398,230.573926,36.074066,36.438152
287.416757,230.175870,36.081966,36.262966
294.912393,224.189912,38.218517,36.742039
293.045097,212.120755,49.406906,43.899364
203.407663,181.596360,60.144016,39.562916
204.061296,178.684312,62.868778,39.471485
207.006477,172.347056,64.071831,39.718307
209.425952,169.097411,57.695312,39.046684
148.423931,206.737099,53.619385,30.563816
208.994560,158.601588,57.588875,40.487091
203.781772,155.850346,62.246811,42.849880
200.387229,155.926932,76.757271,42.281212
200.904697,154.298997,103.380936,46.319920
198.024372,152.400517,108.640335,48.864376
195.614887,153.844445,108.908188,50.584766
195.597854,158.157828,91.985863,47.883690
197.363563,160.412835,79.872108,46.510242
198.961734,161.055333,77.573135,45.669277
204.712009,160.692988,71.829788,45.419205
203.881675,166.454022,65.703529,44.626568
158.875431,200.721808,52.622253,39.557610
207.782211,171.352370,53.196114,45.534218
143.202650,208.717156,57.448940,33.731373
212.055692,168.357796,59.321072,40.946980
216.266162,168.991191,136.043350,71.053177
208.535215,163.069783,61.157528,40.145931
270.824346,170.252825,40.870739,37.770721
267.666980,166.543505,40.505905,36.869186
268.982328,160.912167,39.146023,37.443096
269.526784,155.500838,39.041012,38.069801
267.754880,152.848056,37.577190,37.811707
267.154811,150.703130,36.425995,38.120998
268.467647,147.451646,36.188583,39.198536
267.498357,145.171031,35.319851,40.637390
262.472162,146.768531,34.815235,39.922493
259.056194,142.897027,35.200150,39.297367
256.487033,138.126332,35.285736,40.770931
256.249280,136.475747,36.382534,41.622562
258.432908,135.549851,38.260334,39.995625
261.463447,132.443242,39.595879,39.232555
265.658729,133.613057,40.515541,38.997570
258.085447,133.712987,53.176678,39.194958
229.672840,129.991488,78.787628,39.103546
143.979721,160.646428,55.618225,34.558865
150.573841,158.024314,53.353233,36.147072
155.168697,157.965892,55.593987,38.206726
159.708364,158.783232,55.663029,40.485237
167.604160,161.351451,54.506737,41.319092
178.493110,165.275903,52.878922,39.323811
177.699546,168.518735,54.039856,38.060665
183.605184,167.439065,54.853199,36.515339
194.544559,164.753340,53.610512,38.189232
199.920339,171.878514,53.134113,41.437908
203.321723,181.190978,53.598114,42.828133
209.208192,191.281333,54.249218,41.153587
215.439798,200.054013,56.334454,40.017010
224.297723,205.861567,54.019070,38.493744
225.132564,211.605407,56.354439,36.465141
229.352521,214.023421,54.316135,36.047798
228.634191,214.423709,56.134785,35.238037
231.581638,213.356047,53.295158,35.789513
227.057792,211.981898,55.951248,36.227142
227.334365,208.394486,57.274734,37.502262
229.949945,206.011374,55.009548,38.381020
229.067201,203.624131,56.354076,39.378422
229.603960,202.459901,54.756298,39.398365
227.248384,201.672230,55.616360,39.585018
221.663595,203.168608,55.332600,40.727043
217.851789,202.001567,56.021763,40.553101
209.539625,201.834254,57.367603,42.366837
201.651542,201.530020,57.440018,42.191368
194.874380,204.494399,58.787006,41.997505
191.031124,204.182196,56.646400,43.353371
184.121595,206.914891,56.790363,44.090282
175.462091,209.911273,58.139202,45.604660
168.573730,213.775901,57.719193,46.717751
162.348367,218.902636,58.585049,48.260880
158.317937,223.427701,57.535892,47.690426
155.941999,225.349692,59.562397,48.913704
153.767461,225.781680,58.656345,50.122543
152.774883,228.035392,59.807121,50.557716
148.994346,231.411832,58.448975,49.723843
144.094053,230.776116,59.472248,50.217686
140.430732,228.817744,58.951202,48.889557
138.388301,228.200732,60.774559,50.372116
132.978185,229.371703,59.215183,49.126579
127.958066,225.612738,60.590290,47.806282
129.598737,218.474667,60.872181,47.557400
130.667837,212.316970,61.631748,47.532005
132.518920,204.137185,61.980362,48.566334
135.315555,199.826218,62.134468,48.138859
135.947811,198.295481,61.781029,50.586777
136.951013,198.899764,61.841671,51.287025
144.195972,202.874339,59.228218,50.841385
149.721130,209.591946,60.975998,51.065960
150.713191,215.145938,61.828087,51.042480
153.908893,219.425118,61.734535,50.553730
156.828357,223.229485,61.348824,50.535938
154.155143,228.870635,61.335175,50.518379
151.655654,236.445718,60.047287,49.362537
147.232963,246.271327,60.279022,47.963943
135.543624,256.453284,60.967514,45.169487
124.548273,260.227778,60.415554,43.644485
118.059329,262.930222,59.450081,42.278477
109.913829,270.943583,60.188332,39.982651
197.913959,236.689069,37.494804,46.849529
193.636005,246.632470,33.703163,38.612629
194.902732,253.816687,31.356140,34.719780
194.103132,259.131387,39.748539,36.940098
189.536944,268.071718,31.755503,31.032442
178.999652,267.912356,49.681206,35.638809
98.573852,309.836016,55.181824,37.124252
94.028703,307.050666,62.035595,37.437965
191.615919,273.187587,41.861073,61.297562
95.108917,302.114447,77.914154,39.064232
97.947914,297.102034,64.595383,39.629677
100.599899,295.329964,64.027618,38.617817
102.217155,296.091853,65.712830,38.283951
98.362102,297.827248,66.048698,39.139103
95.274238,297.944897,66.167618,38.801830
200.176794,260.156893,31.005663,26.711321
197.530364,256.989896,28.223038,25.528896
197.609559,255.521628,28.056364,25.108482
196.637557,256.214957,28.137558,26.602974
196.735143,255.672381,27.306599,26.007660
196.429482,254.324927,27.804014,26.836113
196.078288,254.729876,27.354120,27.740021
197.185685,253.674691,27.322264,26.599522
198.716760,253.880139,27.019527,25.498272
198.604858,250.636079,26.752686,26.286015
198.349904,248.064027,27.152868,26.026791
198.767718,244.041601,27.119440,25.883051
198.404897,241.424393,26.380497,26.367924
198.203808,239.156217,27.050955,26.322741
195.669174,239.350957,26.771027,26.651157
195.141940,237.452410,27.073694,27.242332
195.529971,234.672509,26.924860,26.847332
197.760803,232.295189,27.420181,28.498014
197.466074,228.681741,26.899179,27.356913
197.766633,224.495954,27.378582,27.589464
200.520630,220.487453,27.489408,28.330709
202.812993,216.329009,27.290730,28.473450
202.547728,210.346876,27.900454,29.272234
203.370906,203.448570,27.787636,30.793623
204.383723,195.203726,28.509638,30.611895
204.281731,186.685448,28.928984,31.437298
203.741784,180.597016,29.554579,32.426495
204.599159,176.063201,28.641617,33.416763
204.389859,171.425957,28.971365,33.331264
180.830156,156.294087,42.002918,32.975437
108.340747,206.274230,60.264187,42.461716
99.278722,207.587695,70.306129,41.654945
103.173704,208.734143,67.787743,40.676105
105.415346,208.034936,68.054214,40.085720
108.436002,206.745093,66.076714,39.297699
110.000516,204.663605,66.783440,38.043636
111.357770,203.187451,66.261894,38.002476
110.737401,201.576638,65.549767,38.483471
109.254388,200.583758,64.965271,37.976036
110.987379,198.887337,63.882484,38.227703
109.831193,198.324647,64.092300,38.045803
108.784368,198.887898,65.028130,38.382786
106.985464,199.337928,65.188087,38.622604
106.315420,199.167853,63.995964,38.521530
104.626346,199.463341,63.350475,37.811977
103.436553,199.645423,62.483356,37.752777
100.882736,199.054082,63.621998,37.424763
97.262029,198.750634,64.495674,38.201733
96.911399,199.720076,63.960255,37.753662
99.208740,197.819875,63.891880,37.267735
98.430749,197.391436,64.444580,37.385002
97.058320,197.459874,64.152985,37.722523
133.499526,148.393061,35.956974,75.126091
96.964670,192.920609,66.935806,36.985912
95.510572,189.898747,66.849495,37.922520
95.092397,187.981528,70.224052,38.097931
94.522722,187.623288,71.275452,37.614826
92.436284,187.482674,71.968834,38.079098
91.161439,185.586320,71.797180,40.805004
89.445135,184.882083,71.825615,41.611031
87.092176,181.509198,71.801521,44.141743
81.506395,178.248608,71.364197,45.043751
79.838777,173.714316,70.261108,46.995911
78.287000,169.576985,70.012245,49.653263
77.052976,166.471896,70.272316,51.709297
74.374547,168.134995,69.357018,52.365368
72.539724,168.516875,69.623375,52.869400
73.474794,169.608405,69.927246,53.582947
75.837591,174.448233,69.144829,54.814514
75.143644,176.088374,70.867714,53.674919
76.181798,175.339127,71.417961,54.600842
85.025571,178.559483,69.970833,55.555302
92.961713,182.560914,69.858742,56.220501
98.771429,187.628434,70.389214,56.677441
100.488340,192.268601,71.330879,56.625317
101.292184,193.883662,72.317551,57.423729
102.142316,195.408215,72.898018,57.690479
100.399305,194.620303,75.086494,59.153908
98.739068,195.136370,74.568039,59.185524
94.837980,192.494740,74.107918,57.751774
91.995466,187.897736,74.965919,58.246075
85.474512,184.413899,76.391220,57.711124
78.936819,180.698434,78.780754,58.475491
75.269475,176.855420,78.883018,57.679981
68.760244,174.059895,80.728447,59.656010
63.415449,176.330542,77.844582,59.925323
61.137769,175.945908,79.610786,59.996624
56.886949,175.424998,80.697540,60.660851
55.779188,174.989640,81.117561,60.889660
55.804433,174.725711,81.146690,61.307899
55.092599,174.080394,80.640274,61.998985
55.597764,174.989966,80.161285,61.537354
56.301771,176.329255,79.861244,61.903912
59.430387,180.832507,79.526649,63.242104
60.896299,185.453530,79.952950,63.242245
63.858995,191.219134,79.343506,62.697426
67.890397,197.535453,79.305664,62.840027
74.912420,205.061726,78.495872,62.214146
76.375371,215.255704,80.955406,59.078114
67.939821,220.143485,83.753326,57.460846
68.182783,220.589991,84.081001,53.610832
78.285882,218.885644,85.127762,50.164211
80.936063,222.595704,82.117012,50.891399
71.562364,229.434809,83.985229,49.063896
71.468751,232.474709,81.971497,48.006741
72.314439,232.139004,79.605164,46.559223
66.911306,229.025662,79.481041,45.425098
65.523065,225.375085,79.476944,44.631985
62.392793,220.669331,80.516510,44.929996
57.136392,217.799712,80.584549,45.031784
56.774515,215.410073,78.972519,44.064388
54.333505,212.832675,79.746536,44.539864
50.360292,211.096806,79.182861,44.565647
47.959001,211.269744,77.945221,42.845169
45.708845,209.535762,77.834206,42.384117
40.258878,205.913953,79.385872,42.939960
102.848905,159.423645,63.409035,13.387464
149.806476,125.372392,22.923168,24.023890
147.490433,120.757231,22.504366,23.028009
142.104762,116.631820,23.433941,22.114454
137.359897,111.528632,24.422916,24.092102
133.574690,109.710296,25.492460,24.829420
132.646838,109.950772,25.653547,23.579784
130.342966,110.910490,26.247116,24.303118
130.545802,113.009741,26.656797,22.766146
132.229792,115.146378,26.046286,22.546535
138.737256,117.142182,25.621721,23.172001
143.463792,119.932496,25.670235,24.034046
145.690382,121.281560,25.533018,23.827526
150.441034,122.936301,25.705727,24.121834
154.366408,125.806698,25.805113,24.438795
158.589438,127.304118,25.002150,24.490326
159.232219,130.826871,25.265163,24.372417
158.591347,133.259667,23.913324,23.542393
156.644149,133.704727,23.615566,24.253325
153.936091,129.769565,24.939566,23.678244
148.551649,124.483566,23.092705,22.412107
141.867678,116.326533,23.085196,22.823906
135.518255,107.677820,24.332451,23.216852
132.218685,100.922177,23.375744,21.170338
129.360432,97.208139,23.752138,21.490465
86.132488,92.800344,62.383183,25.004595
126.796492,92.420180,28.322111,24.256241
129.732972,89.801140,27.921045,25.376127
91.906888,87.277375,64.363533,29.311794
129.085647,91.332028,30.318333,24.278568
97.828308,86.305026,62.465374,32.668633
102.772058,87.826741,63.201241,34.574100
110.881360,90.542596,78.623016,52.691494
251.301776,157.057820,43.791035,54.998569
240.225343,154.888114,72.234474,64.222702
250.844198,164.538159,58.963104,56.217716
251.249290,166.686518,60.542660,56.830482
251.708927,167.446118,60.743320,53.729191
181.665426,138.403262,130.471100,87.916985
135.887720,110.413676,97.117882,71.448341
251.167348,167.539668,60.020905,57.436470
255.165113,168.343611,61.318527,58.896851
259.584028,170.152163,60.050644,59.930107
261.231639,171.442963,58.986713,57.845974
159.026617,108.196326,156.229980,116.973694
155.133867,104.359488,100.114601,72.027557
266.946384,166.091782,60.669621,59.525555
169.972217,101.652266,38.650196,32.876877
180.349497,99.358618,31.647650,29.505861
183.484657,98.574329,32.571896,29.364248
187.882911,97.912754,34.403439,28.397589
194.265115,97.157139,32.931587,28.768698
197.867490,96.736027,33.966293,29.078756
200.430950,97.528657,34.763691,29.442776
201.033040,97.978556,36.138855,28.138756
203.526586,98.807621,36.482864,28.205099
205.045036,100.817158,35.545925,27.247122
206.159629,100.679322,35.150524,25.934566
207.972513,97.151673,36.116234,26.872540
211.042552,95.853963,34.453693,26.067387
211.227659,97.572675,35.898224,27.015400
209.785160,101.514690,36.844013,26.431097
210.638303,104.413089,38.342789,26.819695
215.898681,106.058705,38.024166,27.398716
217.814935,110.273914,39.084404,27.417257
222.202032,115.614788,37.996780,26.746969
225.277877,118.462708,38.419155,26.650433
230.946136,121.775583,36.736599,27.490473
230.901338,127.600595,38.004173,26.649973
232.810869,131.906853,38.725685,27.186932
234.397384,137.281205,36.966946,27.221828
232.690597,143.190927,36.887600,26.571085
233.309883,143.366153,35.408474,26.943596
232.265008,143.771676,37.653664,25.753094
232.879985,143.846856,35.031620,24.284542
230.175111,148.995868,33.230827,22.889090
228.501095,149.393727,25.681261,22.124805
224.577941,147.209492,31.061436,20.841129
229.486643,144.808529,25.567106,23.138563
220.653398,146.010953,33.333519,22.881756
221.690187,144.525066,33.343788,24.057112
216.548873,141.234302,38.761501,22.631071
220.103790,139.741402,35.536831,24.665302
217.623874,141.347841,38.568775,25.188448
222.836766,145.792423,31.340853,25.693037
222.920587,147.528958,32.108986,26.510616
221.600501,146.274800,33.961758,25.628536
216.960758,144.937712,38.055256,26.550575
220.862009,146.888414,36.148964,27.292131
217.645605,149.800289,36.381775,25.941572
217.897579,150.637786,35.002186,24.907906
212.827377,146.813057,41.619076,26.677008
213.565517,144.349399,40.388538,25.082670
212.903783,140.242615,42.790649,24.352726
215.685687,134.180325,40.747456,25.165630
214.111398,126.962707,40.518669,23.401587
219.062694,118.780589,38.111408,25.367554
215.528003,116.317633,46.160755,27.221703
221.878732,111.048849,37.307625,25.068659
217.201204,107.882729,45.515785,26.290836
220.056177,100.318621,76.882240,65.364166
316.650712,168.872287,55.212212,65.822845
317.313938,163.971865,54.970142,65.148651
317.102067,159.757392,54.862572,67.478233
317.283349,159.269828,54.385902,68.104942
315.115100,159.227545,53.906391,67.230827
312.508487,157.928942,52.960804,69.020111
309.359373,156.726729,53.098785,67.031197
306.297925,155.062251,53.095825,68.689499
302.656244,156.163062,53.603798,69.004814
298.525344,155.941779,53.142574,68.610863
292.564212,156.138926,53.401844,67.300125
286.707311,154.495608,53.314774,68.473206
283.746890,155.772818,52.103535,68.999016
279.546400,155.664988,53.149200,69.750473
276.116363,156.134227,54.285275,68.058060
273.947395,156.102412,55.357800,70.255630
271.053317,160.220931,57.808491,69.681465
269.186265,165.071955,58.698814,69.774643
268.512285,167.836257,57.147667,67.655708
266.323757,170.078120,57.211399,68.597824
263.153354,171.110926,56.402515,68.130966
262.536195,170.945006,55.523857,69.236305
258.993047,171.735331,57.539536,69.018845
257.433803,172.295554,56.954014,69.417198
257.291425,170.871459,58.628784,69.339241
255.795886,171.122592,58.494282,69.943787
255.273500,172.680056,57.745049,68.751801
254.888708,170.576651,58.759384,65.890648
255.289260,167.358931,58.944637,64.628609
256.066953,166.663056,57.662537,62.189304
253.446073,164.780493,58.003418,64.703056
253.596019,165.178763,57.308140,63.164177
252.354062,164.770911,57.412842,64.185387
253.533107,166.884093,56.757999,64.546394
252.976036,166.775931,57.461071,60.525200
253.126947,167.436116,57.190712,60.555172
254.281877,168.486090,57.033379,59.710411
253.386682,168.949458,56.424904,65.192459
253.393873,167.394984,57.480072,67.101273
254.100444,169.397952,56.722660,64.365326
256.130666,169.079661,58.712570,64.738358
257.976840,168.225739,57.050892,63.182011
160.231840,84.932246,156.057877,150.336258
253.951450,166.485629,61.291264,71.379944
166.522119,79.879863,73.474083,72.022903
170.216127,80.260276,45.503365,37.809105
178.930446,79.946509,36.918110,37.090569
182.120550,79.884864,35.442368,34.402855
184.345098,80.574939,34.034897,34.442108
185.202247,83.102139,34.667355,33.855572
183.637519,82.870276,34.763943,34.896782
180.327537,81.619361,37.505550,36.756783
180.432470,79.861361,34.845505,35.105804
178.538948,76.808818,34.386608,34.848648
174.320514,74.292445,33.685596,34.252930
172.856590,71.788903,34.018536,33.945469
171.261203,67.200248,33.416325,34.092735
170.463224,63.971619,34.140289,34.684879
168.720016,61.850806,33.632580,34.086937
165.731174,59.447894,34.173100,32.600128
164.489538,57.957862,35.471298,33.448311
161.960380,57.757663,35.296917,32.250824
161.802909,55.007262,35.331509,32.339577
162.224727,53.060849,35.102421,31.742229
161.156568,53.392679,34.563477,30.319429
160.016691,52.995347,35.538910,31.534092
162.415941,56.035687,35.612679,31.221325
165.624931,60.476521,34.574505,31.116558
165.137889,65.069520,34.223423,32.165379
161.307029,68.298442,36.516308,33.146301
164.018480,68.518803,34.896935,31.932690
165.980913,74.088416,33.846565,32.111443
162.394294,80.113567,34.149120,31.436796
161.123004,82.897622,35.036976,31.705311
160.979442,85.428565,35.166248,31.459801
161.899084,85.170753,33.624176,30.659948
162.421115,80.602092,36.058216,32.700287
166.145074,74.682311,35.794197,32.365471
168.233678,70.202975,34.898483,32.237595
169.920162,68.318721,33.945271,32.033218
172.686250,64.631463,34.787315,32.547932
177.720827,61.762782,34.845177,32.655975
181.922836,59.095357,36.050503,32.906490
185.499689,57.882184,37.085457,33.221096
189.944044,56.167685,37.110779,32.438271
193.751665,54.130952,37.689384,31.760471
196.192457,51.377587,37.833344,31.486439
198.190031,50.289994,37.362137,29.880848
198.207998,48.909135,37.918579,29.003452
198.023160,49.277624,38.382370,27.546289
199.672662,48.663613,36.690575,26.086338
198.204584,47.270071,38.589561,30.418512
200.041885,48.051863,37.702755,28.703438
201.356529,48.071677,37.203899,30.177544
200.229616,49.893894,36.918983,31.916212
198.928443,51.536561,36.652065,32.689686
202.203294,56.244814,34.726097,27.916475
204.691066,54.465356,34.424137,31.047871
206.741302,57.695997,34.270306,31.074198
208.170436,57.936434,35.278690,31.406359
214.749315,54.303956,34.396599,32.460835
218.717761,55.933459,34.538258,33.210266
221.974590,60.517300,34.365940,34.294338
224.640441,64.848920,34.453747,34.093182
226.291036,69.419434,35.339828,34.470463
228.882511,71.457906,35.648426,32.686062
229.708970,73.510678,36.269783,34.394512
230.676723,76.277755,36.233128,33.971214
233.532167,76.020184,35.880821,32.961834
235.766200,72.597459,35.799870,33.944920
236.803251,73.544381,36.111740,34.134830
238.441978,72.710915,36.018139,34.512028
243.551271,71.196433,36.086327,34.473228
248.401010,70.219861,36.721962,32.955135
252.136098,69.743979,35.972290,33.480171
260.583063,69.864314,34.799034,33.031906
268.580362,70.590756,34.208260,33.522488
274.473157,72.949715,35.614853,35.108295
283.753927,74.351981,33.900635,33.919121
292.060152,75.989350,33.993477,32.970234
300.471055,76.180157,32.869987,33.426617
310.676116,72.754134,32.224133,32.906105
318.171808,71.208510,33.512199,34.253365
322.718950,72.038728,35.093208,35.702122
327.156951,70.142392,35.442822,34.871838
332.589166,68.248982,32.939201,33.557766
333.055715,65.199481,33.241486,34.725586
333.015585,63.237683,31.543592,33.119473
333.934072,58.672965,32.238113,34.323402
333.699221,60.274640,31.795385,33.576138
333.226964,61.303397,31.501846,34.495216
333.950644,61.873074,30.853895,34.446148
334.796136,67.181750,32.722176,34.161758
335.837449,71.413480,33.255821,33.957470
335.827442,77.035561,34.462132,35.577900
337.319606,84.875367,36.129948,33.696644
338.790523,94.404583,35.877674,30.039076
340.878625,99.842635,35.439720,31.226677
341.647664,104.454835,35.740540,33.013554
341.354410,108.785399,35.219673,31.501335
343.376499,110.747224,35.740391,31.473606
344.495538,112.420849,35.797859,31.186430
345.557912,114.000657,35.790817,31.398441
346.371429,115.428346,36.141582,31.593950
347.690536,117.061019,36.357021,31.925972
350.147561,120.053049,36.979988,31.726915
351.574998,124.133608,36.468498,31.772066
353.161069,126.935615,35.994202,31.549276
350.666223,128.050679,36.433235,32.399792
351.551538,127.082200,36.109550,30.047565
352.347747,123.936868,36.174572,30.359240
353.111337,124.482793,36.615639,29.071316
354.070281,121.499321,36.685085,29.172415
353.845069,119.634103,36.935970,29.799961
355.491233,118.356671,36.272823,28.794979
355.813177,118.938942,37.122971,29.144186
358.482128,119.780055,37.096699,30.029358
358.424814,119.940913,37.843620,30.708435
358.864372,116.671422,38.390942,31.493435
360.486864,114.053572,38.119118,33.474052
360.960243,110.647744,38.234539,34.419300
359.844276,107.371579,38.397152,34.924267
359.239925,104.988127,38.024616,35.988884
357.877853,104.760648,38.059795,35.534557
356.112737,102.440085,38.502792,37.112663
355.308715,101.374236,38.557781,37.472649
354.194822,99.999305,38.403931,37.743355
354.014762,100.525645,37.888302,37.318756
353.368446,98.706042,38.593670,38.242325
351.465202,98.551930,39.347820,38.951382
350.285943,98.339026,39.630363,39.393791
348.280992,99.648101,39.941429,39.705589
345.541341,100.075808,41.515854,39.632004
341.426700,101.358233,43.404819,40.823853
337.599901,101.452214,45.976372,40.806896
335.309818,101.200701,47.528965,40.013672
331.739128,101.659878,47.779369,39.365170
329.858913,102.023518,47.986485,40.363613
329.658676,102.482043,47.338375,38.712723
327.554389,104.518334,47.985226,38.281422
325.757150,105.461489,47.253487,39.216049
324.745710,106.000609,46.970291,39.298668
322.675247,107.367558,46.586102,39.762005
321.388826,109.657872,46.548210,39.556606
320.131423,110.568238,47.466854,40.633076
318.107446,112.374242,47.003044,40.585247
315.125657,114.666186,46.854881,39.857101
312.437679,115.070493,47.044941,39.263988
308.504348,115.429595,47.046474,38.141121
301.638570,116.021964,47.852936,38.354485
293.576559,117.481927,47.777740,37.714298
283.223300,119.328194,48.641926,37.030354
276.884639,119.883399,46.238880,35.861351
270.859231,120.016686,50.173622,36.442265
265.055084,120.430678,50.515759,36.232857
261.403573,117.894881,50.779549,36.402931
257.154048,118.512952,52.944950,36.200359
254.567409,117.142638,53.786243,37.678474
253.244571,111.883239,45.057011,39.085930
250.873966,112.113969,52.401386,42.146198
248.343893,110.460236,51.566345,41.874027
245.580480,109.231660,58.521973,47.591404
239.703390,118.556212,65.213959,37.421364
231.217039,95.615748,74.484924,55.804413
229.176904,92.395348,76.008766,55.020695
173.610486,38.446566,227.224518,40.624329
72.216627,233.471843,76.189308,41.735397
71.787664,232.874411,73.377037,61.022514
223.379850,101.913541,35.840126,34.993114
219.742195,100.983351,34.830509,30.831139
215.053070,99.624170,32.549015,27.227022
213.331642,96.031655,26.973667,29.111027
205.319704,95.219674,28.898369,28.370777
203.150019,95.066988,30.135229,29.348925
198.124285,92.065558,31.031439,31.073952
192.708127,95.183142,23.764099,22.290627
187.175902,96.874755,23.400084,19.943245
183.676511,95.227447,48.152618,28.124098
177.901319,93.946184,56.326141,28.371531
175.719345,94.338256,45.196148,38.730194
171.584867,96.439212,65.422363,40.074104
164.456102,97.068377,70.441093,38.148232
144.334547,96.831057,81.875031,37.432411
130.497205,97.153336,93.867920,38.602703
135.553811,96.780625,86.109688,40.933331
132.808233,96.477618,88.684464,40.899605
155.767236,91.149735,64.911751,40.593334
143.901216,88.447648,66.428017,50.220013
156.796451,97.396065,35.109715,43.098537
146.591440,95.535578,47.779793,45.140022
160.646804,108.995411,33.206738,30.539785
168.179200,113.414460,27.789850,26.881756
172.476139,112.630790,30.000599,29.886274
162.736938,112.862878,38.003185,30.918407
163.859889,111.184609,37.759998,33.176373
166.601638,104.358636,41.772839,37.274258
167.371778,103.672358,41.843735,39.264107
168.053209,104.896596,41.460777,36.464405
175.240529,100.567435,46.580673,41.729187
187.996124,99.695763,40.942150,41.140057
188.348840,99.889392,44.292213,41.129311
182.436107,100.909018,51.953251,41.228226
201.334447,100.641980,107.585068,38.198444
264.729371,114.635508,99.448540,89.515800
324.780183,210.445460,83.728996,89.345665
277.870920,105.660157,68.908302,33.062664
286.162473,109.190066,67.908066,31.976128
297.440084,107.224181,55.689957,32.135941
300.348119,105.243600,54.324478,33.653316
312.281791,105.398848,42.373730,32.165222
317.636825,104.831517,40.298397,33.145267
320.079692,101.505919,40.610294,35.208511
321.256404,101.988683,41.244114,34.711124
321.977416,102.173789,41.080608,33.543732
322.995475,102.809308,39.609905,32.214787
325.374160,104.899624,37.442760,30.046515
327.010557,105.395861,34.303802,29.211845
327.166685,105.611288,30.032196,28.328539
327.852731,104.946166,30.426353,29.075851
327.510058,104.860544,31.096762,29.947794
328.545785,103.619940,28.334541,29.611162
330.489245,104.077370,22.695013,26.829296
330.793907,103.977738,21.682056,25.948345
331.335950,104.035381,20.992744,25.767927
331.345157,102.413763,21.842922,26.892542
330.824260,99.724849,22.385700,27.389458
331.150349,100.154690,21.627382,25.507948
331.528142,99.018656,21.930962,26.316719
332.167371,98.917637,21.864586,25.445158
333.179331,97.900875,22.351980,25.930944
333.120535,97.899729,21.937689,26.156885
333.446171,97.598806,21.763727,26.144594
334.115529,96.490479,22.544434,26.513866
333.887976,96.548405,23.539579,27.146458
335.012575,95.516466,23.280907,27.263460
334.741180,95.399432,23.816433,26.858650
335.571150,94.677896,23.381025,27.662912
336.034799,94.004795,24.313225,27.075544
335.279654,94.610699,24.339201,27.218746
336.830244,94.219003,23.942930,28.022615
336.986592,94.358131,24.161837,28.309805
336.781700,92.886116,25.430462,29.239370
337.096517,93.588782,25.718567,30.094093
337.870220,94.779470,25.750675,30.258127
337.081993,96.025069,25.699993,30.741707
338.336918,96.579027,25.491396,30.641146
337.898383,96.139525,25.851271,31.763908
338.045836,96.675339,26.027311,31.652472
339.627023,96.419531,25.890450,31.923044
340.052072,97.730633,26.113777,31.655972
340.663358,97.452908,25.901260,32.171261
340.974407,98.840268,26.298252,31.730068
341.174315,99.405671,25.337614,31.620045
340.702337,100.492970,25.722946,31.225994
340.219993,100.528320,25.599911,30.206732
340.155978,99.571322,25.449926,30.050873
340.287714,99.667934,24.719717,29.922468
339.266053,99.026671,24.383677,29.544075
339.070668,99.602803,24.475252,29.301708
339.027704,98.836061,23.788765,28.830568
338.991621,98.219620,23.611891,29.150898
338.435937,99.292269,23.301003,28.478014
338.330395,99.897832,23.614138,27.780575
337.382359,99.524355,22.770105,27.656633
336.489165,99.225506,22.729147,27.817320
334.880641,99.588228,22.734493,27.234362
333.178653,99.162673,23.011684,27.192535
332.376361,98.993101,23.016148,27.567720
331.670571,99.062535,23.958124,27.493870
330.767206,98.153437,24.516220,27.406311
329.934584,96.085246,24.691122,27.508018
328.887366,95.272447,24.724768,27.425409
328.533470,94.328022,24.448719,27.407293
326.813569,92.585160,24.892229,27.884464
325.535650,91.065976,25.181389,28.768734
323.548417,90.712511,24.671556,28.734728
320.930701,90.148684,24.957708,27.738815
319.043793,88.769802,24.659441,27.454161
315.980866,88.420761,24.847399,26.489141
314.319630,88.858311,23.880648,26.246532
312.263593,88.401419,25.011147,25.150490
309.745247,87.773422,25.093142,24.626478
307.872679,86.891898,25.704924,24.830986
307.347092,86.472562,25.633348,24.448101
306.281975,85.646319,25.895220,23.865433
305.859971,84.552807,25.045799,24.458044
308.140377,85.198733,23.937611,23.140289
309.639557,86.280180,23.246584,22.021944
310.578886,86.920198,22.612165,22.839594
310.808793,86.898622,23.985214,22.403704
311.927699,85.748484,23.864882,21.778671
312.742706,83.591289,24.089802,23.805449
311.765871,84.340190,24.812607,23.620674
312.279098,83.706715,24.295696,23.504436
311.408180,82.365207,24.226116,24.417097
307.794949,80.360165,24.915445,24.242321
305.299421,79.974499,25.166756,24.119886
302.426034,78.025498,25.089470,24.229198
296.997856,76.972424,26.231609,23.624958
293.676289,74.266454,26.551706,24.588289
292.119971,72.904804,27.686552,24.011885
289.603141,74.853619,28.025860,24.262173
285.217103,77.448988,28.320839,23.576883
280.139627,77.316694,28.157730,23.433008
274.692164,73.874631,28.075346,25.053082
271.454658,69.596354,27.632923,24.640732
267.537156,65.832762,27.225649,24.150337
263.140731,59.770134,27.456982,25.280775
259.765185,56.681598,27.920797,24.366743
260.509416,50.085999,27.643120,24.735439
259.948328,45.848160,27.733770,24.165159
259.655050,42.905338,27.742188,23.514875
258.176564,38.592441,28.002863,24.182432
257.777689,35.540581,27.913084,23.530842
257.342497,31.470241,28.578253,23.699492
256.212608,30.534549,27.563961,23.156172
255.729795,30.963112,27.433311,23.441290
254.526767,30.605998,26.631214,23.434860
254.857042,28.629258,26.063675,22.799763
253.907865,26.153908,26.879776,24.313406
254.450179,26.997531,26.966780,23.390137
252.655208,26.426480,26.921726,23.289219
251.457668,27.725398,27.068790,23.326607
250.720999,28.259792,27.169790,24.834051
251.295559,29.322969,27.521799,24.442957
251.731794,31.984161,27.445061,23.731276
252.719963,33.120921,27.292454,24.176811
253.358791,34.590466,27.326366,23.933674
255.027908,35.188832,27.121326,24.778721
256.041679,37.106854,27.633686,24.730579
257.918703,38.934782,28.400864,24.585543
258.975424,40.511179,27.961004,23.764521
261.048946,40.736482,27.483685,23.741495
261.863318,40.281200,27.570013,23.966002
263.636996,40.630946,27.082930,24.557220
264.640069,42.270650,27.489777,25.017361
267.034163,43.546765,27.711508,25.164700
268.014371,44.462045,27.857628,24.146151
269.152057,45.156606,27.989315,24.526987
270.864519,46.710992,27.453018,24.387974
271.018873,47.893723,27.944435,23.357807
273.060618,48.049691,27.639631,24.307667
273.898052,49.874605,29.666500,24.997072
276.123605,52.421403,29.298889,24.237507
279.002612,53.649558,29.517729,22.852211
281.893237,55.772975,29.898664,24.999496
284.862476,58.084013,29.190502,25.168619
287.341687,60.426422,29.425867,24.589117
288.534360,61.302117,29.223808,24.653980
291.911656,65.455428,28.385294,21.948814
295.300731,65.891015,29.154613,27.511951
298.960451,60.532714,27.786194,27.815681
298.067426,67.703858,35.614937,39.386875
298.261960,68.445062,38.736443,28.424395
304.651124,67.068666,34.281723,31.078691
309.226558,68.518368,33.655407,24.062267
310.584077,68.594267,36.468323,23.830622
311.515718,67.093089,37.731216,25.444107
317.701578,67.972020,36.036667,24.488308
320.422704,69.480035,38.353020,23.014378
321.995176,71.143682,37.585915,27.335505
298.413606,72.445073,61.082565,57.900723
201.812807,62.957236,140.389130,67.611900
64.104175,169.543380,60.430141,66.065712
69.423582,171.656068,58.712898,62.172977
72.866868,173.039954,57.924133,64.077019
76.708776,172.111464,58.613335,64.175819
209.431392,67.156237,34.525280,37.612076
218.709526,70.585442,53.067585,28.621189
220.708122,72.817430,53.557240,26.855211
222.278709,73.778788,60.181339,53.308487
223.742605,74.033557,67.013618,55.287750
225.083566,72.959788,86.026062,54.734756
361.477939,163.330378,61.397045,91.793869
240.476488,73.379264,145.427917,89.845436
378.391523,170.997321,77.360909,92.480171
323.605722,76.638520,69.493790,51.319401
318.188497,74.073842,74.391563,53.914913
327.887563,72.343367,66.319054,53.178017
344.187648,73.011689,51.093731,38.512455
369.084594,80.659504,25.657398,28.143461
369.445884,82.622403,26.871342,27.498943
372.580627,84.541205,23.068150,27.897041
370.651860,84.389069,25.375086,28.133121
370.016430,84.670976,26.519053,28.471270
370.400351,84.300901,26.231192,28.627115
370.434635,84.113153,26.028439,28.406878
371.222360,85.778058,26.363953,29.392284
370.989447,87.367756,26.255819,28.601179
371.108364,87.430022,26.870007,29.662895
370.577124,89.119227,25.692770,30.172897
369.932557,88.749551,26.107592,31.332020
369.096842,89.225246,26.034269,30.767332
369.018351,88.432794,26.907621,31.425615
369.437198,91.295987,26.684170,31.350719
369.915060,92.649494,26.578499,31.793669
369.841233,92.630628,27.121386,31.702890
369.853009,94.907828,26.767801,31.444344
370.407943,97.266538,27.148350,31.797388
370.556386,99.661364,27.117348,31.261353
370.085983,101.670199,27.248234,31.132278
369.758579,102.446011,26.711483,31.073803
370.308659,104.102682,26.599802,31.873972
371.337366,106.012708,27.218124,31.410608
371.937590,108.313071,26.967428,31.112938
372.231983,108.773178,27.030224,31.077063
373.693090,110.269948,27.157692,32.216259
374.619804,113.277528,27.194828,32.007847
374.966831,116.088995,27.369305,31.558619
375.606585,118.392985,27.113050,31.223907
377.265534,118.692469,26.994524,30.930313
377.983064,120.023589,26.781937,31.769676
377.878814,122.291608,26.412525,31.287106
378.183465,123.732479,26.970688,31.533445
378.083743,124.373193,26.687239,31.099354
378.256370,123.860855,26.773167,30.696844
377.102259,124.252996,26.361387,30.749292
377.063095,124.483044,26.934727,30.494473
376.864305,124.524271,26.887009,29.958117
377.126714,123.130033,26.771156,29.468470
376.343224,124.347676,26.225496,29.207272
375.590181,124.231920,26.704483,29.404177
375.945641,124.894055,26.811190,28.977749
375.873876,123.738336,26.522972,28.925524
375.885965,122.775221,26.668488,28.575373
375.644471,123.511999,26.603380,28.871607
376.644201,125.647714,26.615501,28.305529
376.544893,125.135581,27.422745,28.790596
376.524336,126.880834,28.249166,28.731012
376.879027,126.857140,29.563192,29.496845
376.485054,127.835332,30.144625,30.326351
376.080042,129.539961,30.080809,31.001871
376.708060,128.788531,30.734106,31.630325
378.072201,128.084529,30.842142,32.394287
378.855030,128.409501,30.955652,32.486637
379.567891,127.002055,30.443277,31.730408
380.005722,125.199984,30.790974,32.301529
381.251507,125.057471,30.958307,32.869148
380.889937,125.492509,30.709753,32.508045
381.070589,125.955781,30.738356,32.840916
381.442455,126.165042,30.431591,33.059967
381.697493,126.480288,28.102575,32.876358
381.236912,125.731629,28.804911,33.757710
381.470438,124.970368,28.511061,33.875843
382.725501,124.561309,27.999701,33.694023
383.871355,122.778884,28.402847,34.048134
385.114655,121.604758,28.454821,33.562294
386.712325,121.026730,27.519323,33.320492
388.209583,121.578162,27.579296,33.702415
389.874291,122.516946,27.435152,33.697254
391.681573,122.197467,26.957687,33.821777
393.097469,122.887847,26.848431,33.723747
394.445934,125.594245,27.005444,33.536659
396.465052,126.895760,26.460890,33.968830
397.218068,127.192805,26.747416,33.956940
399.721257,127.699223,26.113489,33.827785
400.951778,129.058326,26.434155,34.074989
402.087351,129.297034,26.630461,33.864250
403.864473,129.832150,26.717758,33.518887
405.331836,129.511386,26.397396,34.119415
405.572198,129.979523,26.784042,35.064976
406.146731,128.771441,26.241453,34.342041
407.204773,128.422776,26.083086,34.065922
408.207373,127.429061,26.400442,34.605461
409.336219,126.463753,26.666203,34.442020
410.497605,125.636756,26.692690,34.586266
411.344304,125.769267,26.260111,35.100250
412.736244,126.880021,26.522022,34.646000
413.494188,128.228085,26.683044,34.023815
414.759374,127.987986,26.374001,34.284012
416.042089,127.851556,26.256584,34.357700
416.533131,127.221217,26.057566,34.352173
417.279147,127.534369,26.489485,34.840675
418.273665,127.502349,26.009314,34.396782
419.965057,126.281373,26.410633,34.486897
420.693375,125.842274,26.300066,35.178631
422.281236,126.872494,26.704803,34.705700
422.828375,127.931603,26.518820,34.498173
423.559820,128.898579,26.425575,34.946346
423.929495,128.986266,26.264761,34.899666
424.676193,128.935220,26.559147,35.142002
425.554945,129.583413,26.599997,35.155369
425.767885,129.936358,26.658112,35.279266
425.714176,129.961146,26.415752,35.347412
426.757635,130.986312,26.402061,34.826302
426.059735,131.327033,26.588327,34.631920
426.079020,130.544543,26.861113,35.217621
425.078136,132.103116,26.878414,35.119442
424.050003,132.220399,26.730167,35.411793
424.501645,132.978030,26.548212,35.418518
423.209933,133.821677,26.510313,35.439537
423.399855,133.616135,26.238485,35.732517
420.764855,135.808865,26.615770,35.243984
421.388795,136.587231,26.173645,35.107662
421.724265,137.221225,26.356665,35.469513
420.880833,137.691390,26.882624,35.356422
419.655888,137.405709,26.236490,35.626225
419.965391,137.920724,26.497780,36.264042
419.533652,139.686339,26.951559,35.475304
419.265977,142.497823,26.819519,34.950268
419.534313,143.016251,26.922955,35.259647
420.245740,143.985881,26.467735,35.449005
419.347042,143.243142,26.219753,35.086674
418.430807,142.031056,26.700386,35.412838
417.254373,142.237004,25.919144,35.215923
417.742843,142.458758,25.791813,35.125031
416.998648,142.963443,25.516836,35.535675
416.515223,144.083754,26.163801,35.476952
416.268119,143.522929,25.756870,35.550766
415.431096,143.175072,25.848429,35.344669
414.919801,142.731013,25.678528,35.173019
414.324644,143.014951,25.671425,34.846279
414.071681,143.835229,25.499920,35.237003
413.048170,144.434371,25.694206,35.355049
413.463836,144.740554,25.579502,35.464012
412.402696,145.405459,24.944016,35.935501
412.389370,144.716681,24.863428,35.760826
411.415958,143.129161,24.525799,35.639084
409.615146,143.123809,24.429684,34.466240
408.466713,143.380450,24.020342,35.465591
407.307200,143.189627,24.484709,34.768394
403.777893,142.479413,25.486376,35.024136
402.998704,141.418441,25.017914,35.140770
402.478670,140.841235,24.353821,35.001373
400.715205,139.711333,24.826521,35.086388
399.988259,139.194396,24.648180,35.332039
398.294854,139.655883,24.553591,35.300926
396.670996,140.248566,24.358953,35.077763
397.378813,140.544827,24.600698,34.871334
396.902349,141.449055,24.431175,34.522427
396.680913,141.972140,24.522972,35.390961
395.695538,145.008244,24.691477,34.995022
395.993211,147.596669,24.138458,35.232510
397.650465,148.349961,24.530142,35.705845
398.024846,149.771243,24.722694,35.364914
399.759359,151.359181,24.457649,35.115993
401.117144,150.568839,24.924665,34.688438
402.106745,148.438040,24.937162,35.180779
405.289935,147.201043,24.232206,35.051060
407.908036,147.256396,24.414660,35.259491
409.426689,148.458270,24.531208,35.408813
411.065873,148.811524,24.198290,35.889973
411.593104,149.442176,24.659178,35.577919
412.006182,149.882148,24.448515,35.595390
411.273637,150.314004,24.701950,35.240955
410.267613,150.563563,24.731455,34.854401
409.674124,151.636943,24.417212,35.029953
409.166915,150.952336,24.754734,35.328976
408.345154,151.652062,24.046968,34.912327
408.376476,151.994532,24.429592,35.401978
408.191567,152.718131,24.840776,35.163231
408.334932,154.628436,24.661972,34.720352
409.185496,154.534749,24.879194,35.318111
409.095723,153.818928,25.039103,34.999813
408.517542,153.229583,25.066099,35.487267
408.110788,152.861390,24.664291,35.224567
407.712962,153.481566,24.668898,35.251320
407.241715,153.659844,24.814959,35.186848
406.901340,153.835341,24.794643,35.207878
407.572956,153.655093,24.832790,35.562057
407.682567,153.257727,25.004192,35.503960
406.541844,152.966080,24.670542,35.393375
406.510334,152.686133,24.990854,35.804710
406.169373,152.395139,24.802095,35.647091
405.508607,153.065541,25.439774,35.102489
405.144584,154.227538,25.011219,34.697090
404.105196,154.699242,25.374022,34.936970
404.978390,154.798115,25.222086,35.025265
403.874672,155.502263,25.144258,35.155239
403.209428,154.486686,25.348724,35.192146
402.539597,153.776831,25.338823,35.232002
402.151410,153.351775,25.088022,35.085960
401.046276,153.296181,25.128841,34.846012
399.706493,152.601249,24.769100,35.006660
399.290565,153.819390,24.808002,34.571934
398.664726,153.177903,25.005604,34.468586
398.191781,153.523766,24.794022,34.333469
397.975968,152.508389,24.986391,34.493572
398.629817,154.375169,24.318264,34.290257
399.041639,154.632624,24.927345,34.874084
398.420229,154.483371,24.996443,35.102020
399.894102,153.483159,24.257820,34.800518
400.418961,153.425538,24.518023,34.408970
400.677329,153.137322,24.510410,34.822788
402.545116,153.691754,24.071056,35.103985
402.408529,154.116652,24.074776,34.624596
403.485815,153.354672,24.252203,34.986599
403.730809,153.311715,24.221766,34.933781
405.135504,153.934043,24.053808,34.830467
405.121321,153.986390,24.327505,34.562122
406.837804,154.186669,23.796257,35.149265
408.004048,155.738429,23.884653,34.840103
408.576606,155.203786,24.232746,35.450619
409.440353,156.330571,23.681095,35.300396
408.804517,155.981263,24.236076,35.398106
409.566499,156.044598,24.236679,35.121349
408.732690,155.514380,23.814499,34.974678
408.055955,155.569875,24.120056,34.754589
406.921575,155.365144,23.652733,35.228001
406.051263,154.316186,23.647324,35.634357
404.739314,153.898570,23.743771,35.795288
403.177399,154.772887,23.000170,35.291145
402.485878,155.054116,24.018557,35.082005
402.204965,155.390052,24.040100,35.117577
401.446394,156.213137,23.532431,35.227463
401.258832,156.146344,23.696144,35.603130
400.517922,158.097674,23.085848,34.932724
398.666167,158.920945,22.972830,35.580692
396.365134,160.519353,22.882620,35.862682
393.128172,161.635733,23.141516,35.108879
389.533848,161.818152,23.305964,35.578667
386.884028,161.727647,22.879957,35.352024
384.878098,162.077132,22.718462,35.041481
382.629412,161.622159,22.905607,35.414486
379.085565,161.611972,22.689560,35.742599
377.441892,161.680012,22.931221,35.339916
376.763324,161.234465,23.008663,35.112343
373.712384,162.057986,22.796976,34.574554
372.044064,160.322779,22.794306,33.925507
370.753134,159.018014,23.153662,35.093525
368.654658,156.851039,23.001417,34.945602
367.703670,155.687407,22.761227,34.737114
365.920434,153.578812,23.149033,34.715534
365.269922,152.334925,23.051544,34.797424
363.662415,149.567883,22.820864,35.295254
361.986509,148.979766,22.833916,35.169060
360.736777,146.645016,23.024054,35.568645
359.428505,144.550393,23.259432,35.285236
357.448631,142.348098,22.922993,35.263100
356.955561,141.565896,22.609938,35.116810
354.857928,138.753937,23.218534,35.371632
353.928073,137.522448,22.776669,35.565125
351.260683,133.907201,22.816053,35.223522
349.325248,128.241914,22.640415,35.999134
348.082673,125.932063,22.713791,35.409241
346.798814,123.069937,22.961212,35.525688
345.052229,121.133450,22.864935,35.163143
344.217969,119.321883,22.663216,34.721596
342.735963,118.819049,22.718536,34.849426
341.187400,117.612733,22.881443,35.173817
340.529739,118.083392,22.417194,35.064331
340.536647,117.421672,22.578854,35.444183
339.615200,116.253525,22.834621,35.417805
339.795246,114.589597,22.775723,35.536144
340.349872,112.590472,22.772076,35.736938
341.559622,111.614093,22.727713,35.468491
340.713978,111.811141,22.629587,34.466881
339.345878,111.076092,21.844440,34.227749
339.064434,109.515443,21.395502,34.636585
339.949710,110.202828,21.700512,34.667149
340.225575,109.207888,21.676661,34.866791
341.677343,108.500560,21.637825,34.745773
343.648386,108.040082,21.780409,35.169170
345.951830,111.352650,21.833357,35.181087
349.637996,110.788930,21.935436,34.897518
345.937121,107.886533,21.625944,35.375256
345.980855,105.280310,22.292763,35.380638
347.075709,103.964127,22.335951,34.444859
348.925173,103.113898,22.297285,35.703712
344.124997,103.976434,22.334040,34.913975
340.737338,103.689013,21.879805,34.364182
343.356978,100.113990,22.080694,35.427177
346.827850,99.398804,22.484241,35.913334
345.966057,99.192069,22.305971,35.448814
345.084124,98.996150,22.450972,34.989182
345.606280,98.860291,22.609739,34.839695
344.178101,98.839421,22.662188,34.820660
343.078099,98.757684,22.272364,34.380589
342.588791,98.535353,22.420397,34.322411
341.596413,97.144860,22.552904,34.395817
340.137405,97.386138,22.977314,33.967644
339.223744,97.147769,23.004313,33.379669
338.669000,96.588351,23.243591,33.498474
337.472712,95.804404,23.779524,33.673195
336.501674,93.725335,24.414654,33.737812
335.631074,93.372397,24.377594,33.900826
335.912970,94.381970,24.647772,33.306988
335.974747,93.668830,24.584566,33.849602
335.797933,94.041951,24.144035,33.817791
336.165545,94.431365,24.379072,33.878609
336.173707,94.708663,24.145462,33.953712
335.548479,94.267838,23.526672,34.559620
334.519657,93.984706,23.611050,33.984070
335.237029,93.780894,23.538227,34.181519
335.074387,94.958979,23.580462,33.908356
334.894160,95.597636,23.263151,33.553070
335.190447,96.036628,23.282743,33.588264
335.866704,95.942971,23.253471,33.903843
335.164501,96.472508,23.382595,33.872433
336.370698,95.195306,23.165298,33.719654
336.686103,95.473315,22.917179,34.374451
335.903870,96.459372,22.915377,34.074272
337.502476,97.649388,22.247873,34.286709
337.263333,98.291760,22.658503,34.535137
337.255244,98.892958,22.664015,34.877113
338.823080,99.447957,22.714149,34.850185
339.822925,100.719256,22.144787,34.273743
341.322658,101.794327,22.507061,34.233921
342.547511,103.844052,22.425825,33.861248
343.187773,104.066052,22.588446,34.579281
344.388393,105.144467,22.884197,34.850246
344.299655,106.160487,22.368572,34.890503
344.589467,107.345267,22.562981,35.463112
344.159476,107.884986,22.306189,35.355858
344.638567,108.423430,22.291273,35.112587
344.579771,108.288378,22.220526,35.223602
344.469470,107.997834,22.257137,35.387302
344.902658,108.396359,22.426834,35.194530
344.483656,107.124007,22.133932,35.224846
344.479844,105.282805,22.183199,35.496086
345.567246,105.258092,22.297426,35.561291
346.112598,105.269374,22.271648,35.385712
345.929896,106.047951,21.857771,35.803867
345.943776,105.783772,22.539316,35.448437
346.861459,105.876235,22.347763,35.849678
347.150483,106.227814,22.240297,35.648823
346.279380,105.920090,22.714817,35.717228
347.763598,105.928637,22.172773,35.933609
348.528037,104.676203,22.583973,35.787735
349.799512,104.425189,22.219185,35.601868
348.833931,103.312058,22.549150,35.238026
348.016279,102.354651,22.569252,35.529243
348.169064,101.204219,23.054605,36.008041
347.223569,99.445313,22.363457,36.214146
346.313668,98.439425,22.652910,36.109848
344.823273,98.610924,22.961885,35.914936
344.736359,96.882205,23.143801,36.163681
344.897823,96.687209,23.270260,36.158669
345.463947,95.776694,22.781704,36.316109
345.684360,95.115538,22.967922,36.355919
344.805007,93.596146,22.859806,36.288837
344.990207,92.285067,23.075420,36.334290
346.486080,91.058575,22.791546,36.411968
346.560749,90.221848,22.913446,36.671055
345.648624,89.607339,22.888042,36.343983
346.097939,89.356757,23.016100,36.318230
346.371037,87.786433,23.108011,36.667725
346.446655,88.168093,23.056126,36.022842
347.627513,87.908471,23.375515,36.682728
346.745766,88.311520,23.157244,36.110668
346.131029,89.027930,22.957901,36.538277
345.359027,89.266698,22.960567,37.002010
344.010941,89.967446,23.293398,36.957127
343.095185,90.129639,23.071688,37.173176
341.464642,90.680169,23.468882,36.000950
340.537176,89.046031,23.631889,36.352798
338.105893,89.188384,23.614527,36.199135
336.411062,89.883273,24.542427,36.169312
333.935081,91.110224,25.329426,35.526001
329.032176,89.867297,26.060345,36.039551
324.230983,89.629702,27.630627,35.075882
319.051003,89.331473,28.913042,34.034950
312.509181,88.133437,30.383114,33.048531
304.531022,87.469121,32.094360,32.554134
296.275573,85.652833,33.516972,31.552097
290.891620,83.756107,33.235058,30.530699
285.212156,82.680050,33.845268,30.593061
281.355943,82.105448,32.710953,30.867479
277.493579,81.865819,32.320522,31.061474
275.524821,79.670991,31.625837,31.617802
273.491729,78.627492,31.167820,31.335522
273.540432,77.248520,28.654993,31.193426
272.969497,76.933922,27.867008,31.170385
274.307233,74.359620,26.186317,32.323978
274.896840,72.069084,25.790567,31.928900
273.964908,70.675052,25.049511,31.945982
273.072274,68.858014,25.117815,32.066021
270.676655,67.339231,24.796946,31.800013
268.439554,66.223431,23.452042,31.237743
265.981818,64.439257,24.329748,31.705154
265.369055,61.336337,23.120840,32.392120
266.220040,59.602685,23.430239,32.440174
264.144217,57.313586,23.755011,32.288528
263.572768,55.529521,23.766180,32.079575
263.343905,53.324832,23.226789,32.164520
263.695596,51.453568,22.869980,32.649464
263.179299,49.728688,22.145693,32.905834
262.959053,48.713961,22.415485,33.008469
261.613374,48.514264,22.563660,33.178371
260.929206,48.173180,22.649372,33.258228
260.505303,48.259278,22.912737,33.135944
260.215597,48.393725,22.796501,33.051834
260.168456,48.474015,23.506186,33.126041
261.211709,48.773646,23.811478,33.196671
261.520031,49.370614,24.112391,33.260410
262.849694,50.215796,24.292330,32.663979
264.595534,49.964444,24.408224,33.382519
264.165841,49.972220,24.942171,33.491356
264.552785,51.327298,24.537254,32.941845
265.903641,50.765696,24.840822,33.800186
265.057409,50.899264,25.101875,33.481918
265.256825,50.421740,25.283442,34.004578
265.154943,50.429894,25.494148,33.733006
265.422289,51.924264,25.325132,33.366917
266.040780,51.878173,25.397264,33.853432
267.302667,53.977883,25.910980,33.731266
268.041212,53.685044,25.949667,34.210880
268.238057,54.164441,26.107538,34.199200
270.336053,54.356211,25.687546,34.858414
270.437371,54.081092,26.410723,34.627296
270.261424,54.430833,26.547268,34.364536
270.616492,52.784932,26.947165,34.756344
271.031749,53.458396,27.168972,34.245720
270.860843,53.771207,26.842831,34.186810
271.177022,53.468615,26.721718,34.863464
270.800281,55.049800,27.325405,34.017029
270.334188,54.620551,27.303627,34.275978
271.842223,56.113887,26.796499,33.797668
270.732665,55.896678,27.471516,34.389420
271.668076,56.987811,27.176744,34.007248
272.237872,56.793242,27.034971,33.794868
272.173266,55.745564,27.208357,33.617077
272.201310,55.611241,27.044359,33.905849
272.195108,54.918120,27.076874,33.870842
272.158458,55.302127,26.772869,33.658478
274.171926,54.985522,26.876625,34.034042
275.305966,56.686438,27.122065,33.595894
277.120770,58.631367,26.636438,34.087688
278.348441,60.971040,27.075323,34.680973
280.210345,63.163176,27.571180,34.994225
280.829759,64.654616,27.847610,34.986076
282.897932,66.048934,27.917229,34.546257
283.768342,68.285411,27.960968,34.486649
284.423879,68.813916,28.163048,34.496395
285.140292,70.131419,28.786375,34.586288
286.498691,71.057482,29.120281,35.027405
288.797380,71.369565,28.754410,34.823437
289.868918,72.032435,29.325964,35.470932
291.459245,72.705008,29.277695,35.745430
293.953482,73.212529,28.827612,35.970501
295.518920,74.898316,29.031147,35.854847
296.491851,75.212102,29.481281,36.141048
299.167268,76.164895,28.966858,35.942524
301.102397,77.873152,28.803432,35.141960
303.266347,78.939206,28.709465,35.567608
306.109346,78.549460,28.780228,35.528435
309.650272,79.510943,28.434032,35.179840
311.597689,79.249928,28.595121,35.141857
313.411289,80.208976,28.690533,34.838676
314.600522,79.252249,29.166664,34.962471
316.123409,79.063342,29.012966,34.883713
317.161127,78.820454,28.864655,34.877605
319.381339,79.550751,28.751225,34.848347
321.018197,81.339585,28.868271,34.784763
322.566747,81.526055,28.856270,34.924122
325.081829,82.997805,28.758997,34.861053
325.430884,82.540593,29.061331,35.435345
326.217242,82.455592,28.857466,35.289246
327.027456,83.897231,29.138435,34.934410
328.309081,85.735863,29.234806,34.501041
331.526160,86.793097,28.567221,34.585396
332.625170,88.457673,28.496840,34.530109
334.950318,90.916413,28.629152,34.876850
336.153192,93.097384,28.735687,34.573502
336.263537,95.424607,29.122557,34.088367
337.675109,96.703011,29.182072,34.642246
339.177402,97.930321,29.100079,34.822193
341.216073,100.289130,28.773956,35.069328
343.704153,101.993829,28.782845,34.636768
344.818835,104.382926,29.852995,34.894096
346.247364,107.121329,29.383234,34.713890
348.619045,110.063370,29.244061,35.017872
349.789149,111.228307,29.403852,34.857159
352.791226,113.787158,28.605463,35.304947
354.020353,115.892421,28.996422,35.438248
356.406204,118.090199,28.889744,35.500439
357.164195,119.733701,28.926695,35.312374
357.366218,120.769404,28.887806,35.543762
359.424316,122.447406,28.870747,35.167114
360.362573,125.279542,28.067261,35.310856
362.404188,127.445462,28.548576,34.808865
362.735609,129.664767,28.566887,35.557098
363.028622,131.429097,29.233179,35.898739
363.351959,132.780539,29.060444,36.074455
363.567151,132.870686,29.694832,36.388744
364.458487,132.586596,29.715963,36.359665
365.483578,134.326113,29.242258,35.773849
366.430001,134.106038,29.733614,35.753094
366.973257,134.073386,29.459173,35.796715
368.081532,134.125613,30.113520,35.952286
368.412493,133.229409,29.926313,36.585133
370.368677,134.235409,29.684341,35.844646
369.930814,135.363866,29.884621,36.631130
369.512596,134.795020,30.597523,36.457191
370.069386,134.261756,30.453470,36.387199
369.857281,134.660521,30.180918,36.424980
367.795463,133.900374,32.676792,36.420372
367.727909,132.937138,32.954708,36.070385
371.033159,132.887898,30.576996,36.135647
371.475274,132.301835,31.472124,36.280293
372.538315,133.395322,30.276705,36.150280
373.301861,135.784007,29.524958,35.837570
372.589762,136.662701,30.060286,36.042110
372.351955,136.824088,30.446270,36.108467
370.987055,135.206742,31.366209,36.975666
370.059587,135.218648,32.749130,36.476696
368.260807,134.378394,34.589016,36.598671
365.826292,134.043757,36.877342,36.408096
369.520158,133.766368,33.688095,36.858398
369.989683,133.660680,33.199089,36.390362
373.170756,133.397258,29.433302,36.157135
370.894746,133.302994,30.110107,36.254475
369.979832,132.074475,29.511133,36.822369
368.912526,131.558171,29.451014,36.730602
369.686708,132.242858,28.439804,36.523064
368.563545,130.817908,29.396946,36.702400
367.893833,129.954367,28.757305,36.758812
366.087051,129.336779,29.471348,36.431839
364.443603,128.013730,29.640522,37.050976
365.137199,127.267592,28.523167,36.491890
364.995788,126.212775,28.869770,36.570839
363.532555,127.279303,29.903231,36.200691
363.292601,127.685586,29.762182,36.292011
363.005306,127.345444,29.670910,36.456806
364.077326,126.330098,29.253218,36.438595
362.310808,126.356175,30.020554,36.482967
363.447040,126.739522,29.398891,36.358410
362.764316,126.769582,30.099545,36.712627
362.672574,127.115666,29.779566,36.393902
363.452891,127.284388,29.255430,36.591812
363.967625,127.584756,28.781336,36.799198
364.234698,128.339726,28.975233,36.283092
364.169748,126.904254,29.490829,37.104996
363.740640,127.792350,29.418015,36.537270
364.407688,126.939307,29.478176,36.938866
363.277748,126.992150,29.577702,36.765614
363.833613,126.374753,29.092802,37.207302
364.691525,126.767878,29.298487,36.400558
366.107868,126.445012,29.207928,36.958477
366.034096,127.885298,29.292849,36.661247
366.965608,127.136008,28.910553,36.881264
367.485374,126.583695,29.160053,36.508259
367.101451,126.648137,28.822353,36.432552
366.347815,127.084721,29.149328,36.626827
365.418298,127.496787,29.379929,36.659538
366.058390,127.805014,29.027662,36.921211
365.769370,128.864377,29.694403,36.550381
367.208883,129.870946,29.780785,36.443707
368.622923,130.131741,29.998205,36.667431
369.446334,132.173844,30.691822,36.317997
371.898481,131.853085,30.884438,36.283779
374.239600,132.012128,31.387457,35.978863
375.539085,132.582547,32.024342,35.653133
376.155027,133.863658,32.231514,35.938568
377.726119,134.477917,32.715855,36.068356
379.608072,134.093966,32.334183,35.573761
380.758340,134.432725,32.442001,36.482395
382.049636,135.255721,32.504887,36.356941
383.182237,135.882556,32.268097,36.485199
384.034707,135.605736,32.429138,36.874882
384.524843,134.979081,33.149719,36.748249
386.720434,135.695792,32.453133,36.929832
388.193883,136.356246,32.409630,37.360909
389.622762,136.368327,32.606911,37.605026
391.298883,136.247559,32.537415,36.954487
391.878454,136.988391,32.471489,36.842117
392.767091,137.526156,32.169632,37.011978
393.676002,137.329142,32.095478,37.169983
394.600142,138.130015,31.904470,37.014374
394.290143,137.353514,32.500847,37.252922
395.830219,138.835740,32.049664,37.005222
397.300962,139.940409,32.162651,37.075851
397.340993,141.214644,32.016335,36.647560
398.147157,140.532685,32.057449,37.146000
397.588325,141.386245,32.172443,36.293449
397.600257,141.014542,32.356754,37.269810
397.153390,140.282384,32.546158,37.631268
396.490507,139.695941,32.734581,37.348740
397.758310,140.174987,32.337936,36.717598
397.976354,140.594447,32.619087,37.146927
397.314344,141.992505,32.346916,36.252728
397.665311,143.015490,32.607079,36.344971
397.481569,142.229613,32.715027,36.685768
396.420938,141.040675,33.326233,37.052490
395.789857,140.912867,33.793549,36.558838
395.440570,142.456723,33.820873,35.918804
396.687139,142.647914,33.792412,36.286804
396.200582,142.710112,34.323677,36.813118
398.147026,143.514445,33.849323,36.252441
398.931812,144.299006,34.418957,36.072006
398.492378,144.526147,34.661991,36.079395
399.676116,143.676089,34.343082,36.664322
399.909915,143.656020,34.280300,36.332771
400.710742,144.609456,33.539059,35.917767
402.579055,144.550118,33.188984,36.176151
402.138467,144.069440,33.559601,36.933712
402.784187,144.119096,33.432301,36.809010
401.578979,144.756909,32.974400,36.303997
401.264261,146.036452,32.722488,36.894569
402.434223,144.582494,32.752193,37.136135
402.819103,143.426871,33.425854,37.415550
404.381532,143.769553,33.098618,36.881477
406.606494,143.808993,32.588024,36.775711
407.844490,144.344966,32.371189,36.642410
409.377149,142.909358,32.647133,36.885483
412.096105,143.184327,32.528999,36.765690
416.235367,144.855036,31.821276,37.007645
420.056863,145.896928,32.072571,37.393391
424.857208,145.215899,32.347294,37.752914
429.829681,146.661498,32.287937,37.837257
437.170383,149.462735,32.915661,37.448849
444.018716,152.087521,32.214798,37.783566
451.993270,154.041377,27.180241,37.824539
462.122115,156.919947,17.877885,35.517700
408.154548,159.617007,36.505386,24.525673
386.257842,146.435555,34.063400,31.189419
395.696042,148.659234,35.460484,31.092007
406.054633,151.279227,36.647858,30.815735
418.363956,154.983948,36.209267,30.606274
430.775014,157.451944,35.023273,28.887537
445.921619,158.346095,32.878380,30.147148
450.566756,160.473550,29.118774,47.247173
372.126443,164.444260,41.091686,51.397991
381.941682,162.976386,44.428875,53.365997
394.310872,162.660290,44.658878,54.296299
407.588618,164.249976,44.560234,53.984375
419.922750,162.542334,45.933384,55.502014
432.687413,160.561513,45.325291,55.260700
443.796272,158.665997,35.292450,55.729877
455.678949,165.005419,21.106197,50.158119
384.732314,238.571097,76.955414,24.404846
