0.011404
0.018317
0.018964
0.027268
0.018171
0.018545
0.019210
0.019476
0.018363
0.018932
0.017681
0.025465
0.019679
0.018494
0.019051
0.019057
0.018216
0.020315
0.019574
0.034854
0.019996
0.018508
0.018467
0.019689
0.020209
0.019090
0.019286
0.025264
0.018816
0.018793
0.019302
0.019362
0.018062
0.018299
0.020222
0.018164
0.018134
0.018903
0.020052
0.026623
0.018351
0.019284
0.019661
0.017885
0.020547
0.019831
0.019964
0.021062
0.026077
0.020317
0.019892
0.019706
0.020453
0.018433
0.020018
0.027891
0.018023
0.019174
0.019737
0.019278
0.018902
0.025718
0.019478
0.024449
0.020512
0.019199
0.019815
0.019333
0.027635
0.019284
0.020150
0.020002
0.025183
0.019749
0.019744
0.019213
0.018219
0.018521
0.019687
0.023715
0.019345
0.018807
0.028965
0.019861
0.020072
0.019405
0.019519
0.018433
0.019152
0.019395
0.018895
0.019003
0.019607
0.018265
0.019859
0.019530
0.018473
0.019059
0.018835
0.017848
0.017580
0.019224
0.019139
0.018397
0.018518
0.018375
0.018170
0.018252
0.018114
0.018534
0.019546
0.018233
0.019791
0.018531
0.019398
0.018456
0.025932
0.019573
0.019901
0.018538
0.019729
0.019727
0.018483
0.018560
0.023248
0.019371
0.022831
0.017730
0.018372
0.019588
0.018415
0.019797
0.019791
0.020715
0.019941
0.019545
0.019705
0.019224
0.022191
0.019707
0.018976
0.018180
0.019125
0.019307
0.020257
0.019495
0.018089
0.019896
0.019074
0.019290
0.019181
0.020389
0.019881
0.019613
0.018008
0.018403
0.019208
0.019219
0.019390
0.018562
0.018957
0.019253
0.019171
0.019322
0.018911
0.019694
0.020289
0.017968
0.018543
0.018085
0.017982
0.018398
0.018981
0.028747
0.019658
0.019426
0.019231
0.019800
0.023736
0.019636
0.020618
0.018381
0.018530
0.019393
0.019291
0.019793
0.019435
0.019629
0.020567
0.019639
0.020202
0.020121
0.018330
0.019500
0.018613
0.018330
0.019751
0.018157
0.022157
0.018843
0.030131
0.018143
0.018021
0.018955
0.018464
0.018217
0.018249
0.018179
0.018330
0.019447
0.020098
0.018837
0.025658
0.018086
0.018626
0.020050
0.019471
0.018592
0.019331
0.018055
0.018485
0.018363
0.019871
0.019674
0.018424
0.019446
0.018114
0.019103
0.023060
0.020202
0.018323
0.018792
0.019059
0.019107
0.018174
0.019158
0.025904
0.019630
0.019756
0.018221
0.018328
0.018488
0.018149
0.018997
0.018017
0.018275
0.019078
0.018951
0.018296
0.022937
0.021112
0.019881
0.026358
0.026328
0.021099
0.052074
0.052421
0.049148
0.048740
0.050270
0.048548
0.050616
0.048693
0.049526
0.049398
0.048243
0.049492
0.030956
0.048571
0.047767
0.048999
0.047774
0.048643
0.047726
0.049219
0.048270
0.048323
0.048739
0.049110
0.056375
0.053013
0.048859
0.048933
0.049108
0.047865
0.049762
0.048465
0.047974
0.048905
0.048657
0.049013
0.051795
0.048858
0.047669
0.049224
0.049493
0.047940
0.051543
0.048920
0.047561
0.050026
0.049349
0.048463
0.050056
0.047932
0.048369
0.048235
0.048927
0.049217
0.053397
0.049291
0.048532
0.049872
0.050240
0.050373
0.049051
0.048311
0.047801
0.057928
0.051454
0.048949
0.049709
0.032908
0.023312
0.019599
0.019030
0.024760
0.028126
0.027193
0.019003
0.021414
0.020260
0.019913
0.022997
0.019883
0.019995
0.019730
0.026893
0.019144
0.021054
0.019510
0.027682
0.019782
0.018666
0.019906
0.019758
0.019998
0.020045
0.024919
0.019357
0.020254
0.018488
0.019840
0.019096
0.019718
0.026175
0.020437
0.019487
0.028658
0.022618
0.019485
0.019911
0.019650
0.019440
0.024419
0.018610
0.019846
0.023569
0.022317
0.020251
0.023571
0.019874
0.020530
0.018989
0.019102
0.021149
0.021646
0.021295
0.024373
0.018892
0.030148
0.019631
0.018564
0.019963
0.019319
0.021364
0.024031
0.018908
0.017947
0.019180
0.018636
0.024787
0.025851
0.023402
0.019237
0.019213
0.027730
0.020221
0.020359
0.025129
0.031015
0.018946
0.019608
0.020201
0.019617
0.019767
0.031050
0.019727
0.023051
0.024732
0.018693
0.019624
0.032371
0.020729
0.019089
0.019598
0.027822
0.019580
0.019394
0.019093
0.020399
0.019752
0.019595
0.019037
0.029144
0.019872
0.025328
0.018363
0.019094
0.020496
0.019245
0.019301
0.019411
0.019146
0.018260
0.019734
0.019008
0.018845
0.018309
0.018422
0.019059
0.017950
0.018422
0.018356
0.019634
0.026926
0.018234
0.018471
0.031822
0.024023
0.018026
0.018351
0.019591
0.018402
0.029036
0.018724
0.018852
0.019860
0.018175
0.019471
0.030967
0.018245
0.019539
0.019419
0.018732
0.018649
0.025087
0.019105
0.020782
0.019229
0.018342
0.019186
0.019285
0.029611
0.026383
0.037901
0.019281
0.019642
0.019081
0.021125
0.021951
0.019834
0.019282
0.028423
0.019797
0.018203
0.018365
0.032087
0.019374
0.018055
0.019430
0.017846
0.018716
0.019237
0.020392
0.020256
0.019052
0.018555
0.018769
0.019618
0.019046
0.019640
0.019657
0.018958
0.019687
0.027498
0.019820
0.019866
0.018716
0.018611
0.019273
0.019169
0.019130
0.019822
0.029979
0.019942
0.018826
0.028070
0.018645
0.018034
0.027021
0.018235
0.019769
0.018520
0.018644
0.019391
0.019239
0.021183
0.018476
0.019228
0.036294
0.019591
0.019120
0.019683
0.021208
0.019943
0.020512
0.020328
0.018088
0.022726
0.018286
0.029331
0.022587
0.019146
0.023698
0.026763
0.019724
0.019110
0.018497
0.020584
0.017926
0.018890
0.019914
0.021490
0.018949
0.026035
0.021547
0.019380
0.019440
0.018508
0.018054
0.019198
0.020230
0.019606
0.019522
0.020190
0.020471
0.019668
0.018232
0.019694
0.019544
0.019228
0.018178
0.018102
0.018803
0.019161
0.025106
0.019470
0.019792
0.019123
0.024871
0.019443
0.019677
0.019506
0.019800
0.019720
0.020042
0.018814
0.019431
0.018815
0.039124
0.020281
0.021179
0.019476
0.019002
0.018833
0.019395
0.019483
0.019218
0.019180
0.029932
0.020776
0.019346
0.018116
0.018764
0.048091
0.018549
0.025601
0.020027
0.019753
0.020637
0.020319
0.020401
0.019280
0.028691
0.019840
0.018670
0.019718
0.019526
0.019312
0.020346
0.019843
0.017998
0.019566
0.018907
0.018512
0.019427
0.019640
0.019872
0.020145
0.026891
0.018616
0.020152
0.018809
0.019753
0.019563
0.026949
0.022484
0.019291
0.019026
0.018359
0.019750
0.018943
0.029317
0.018430
0.019207
0.019653
0.019547
0.019477
0.020038
0.020384
0.020446
0.019325
0.023554
0.022661
0.019671
0.026091
0.018551
0.018651
0.018794
0.018666
0.018558
0.018023
0.018263
0.019341
0.019645
0.019456
0.024469
0.018701
0.022202
0.020204
0.019541
0.021512
0.019320
0.019677
0.019449
0.018429
0.019656
0.025019
0.025562
0.019398
0.019547
0.019150
0.019319
0.018059
0.018269
0.019306
0.018680
0.019333
0.019679
0.019864
0.037811
0.019969
0.019520
0.019837
0.019867
0.026148
0.019215
0.018714
0.026782
0.019454
0.019597
0.018594
0.019547
0.019178
0.018721
0.023235
0.018258
0.018121
0.020483
0.019860
0.020131
0.018846
0.018021
0.018237
0.018160
0.020534
0.019360
0.019860
0.019672
0.019430
0.018587
0.018712
0.019581
0.018973
0.019310
0.019934
0.018945
0.019142
0.019323
0.019627
0.018278
0.018685
0.037959
0.022470
0.019769
0.020470
0.031669
0.019378
0.019718
0.019159
0.023689
0.018324
0.019329
0.018375
0.027682
0.017994
0.018124
0.018547
0.024696
0.018462
0.030552
0.050326
0.037730
0.019917
0.019041
0.019586
0.018327
0.019649
0.019491
0.031319
0.028489
0.019679
0.018978
0.018300
0.019268
0.018737
0.019900
0.018134
0.020078
0.020362
0.019912
0.019759
0.018665
0.018338
0.018952
0.018295
0.019550
0.021706
0.027202
0.018199
0.018609
0.019884
0.018425
0.019193
0.018343
0.019365
0.020686
0.023093
0.019622
0.018037
0.019313
0.018371
0.019484
0.028932
0.027476
0.019696
0.019904
0.019291
0.020239
0.030224
0.019236
0.018340
0.019652
0.018251
0.028208
0.019720
0.020039
0.019632
0.039039
0.020228
0.019677
0.022430
0.018167
0.019888
0.020291
0.024828
0.024429
0.020785
0.020701
0.024200
0.019664
0.019528
0.018497
0.019767
0.019573
0.019332
0.020012
0.025287
0.025773
0.019845
0.018824
0.019096
0.020030
0.020082
0.019473
0.018696
0.023554
0.018709
0.019325
0.018283
0.018447
0.019857
0.020554
0.019647
0.022596
0.018622
0.020451
0.019638
0.019951
0.020204
0.018702
0.018433
0.018793
0.018490
0.018820
0.018904
0.019312
0.018508
0.019060
0.020113
0.022097
0.019217
0.018408
0.019028
0.028130
0.019034
0.019471
0.020130
0.020399
0.025021
0.026910
0.026758
0.019641
0.020359
0.018593
0.018628
0.018526
0.018530
0.019260
0.025103
0.027913
0.018421
0.020244
0.020183
0.038996
0.019764
0.019700
0.019903
0.020091
0.019650
0.019509
0.019476
0.020326
0.018529
0.018214
0.019568
0.019175
0.021868
0.018378
0.019555
0.019423
0.019501
0.020261
0.020495
0.020375
0.019749
0.019012
0.020344
0.018878
0.019863
0.019298
0.020650
0.020029
0.019495
0.018248
0.019997
0.018454
0.026862
0.018925
0.018563
0.021462
0.018095
0.019339
0.020155
0.020520
0.019961
0.019784
0.020196
0.038901
0.019157
0.019460
0.018927
0.024156
0.019073
0.017751
0.019715
0.019507
0.018762
0.019914
0.018320
0.017763
0.019682
0.027215
0.020069
0.022665
0.027308
0.019917
0.020074
0.022534
0.018378
0.020092
0.018777
0.019258
0.018294
0.025775
0.019505
0.018588
0.019326
0.019107
0.018923
0.018533
0.018633
0.020287
0.018986
0.018646
0.033281
0.020028
0.018179
0.019800
0.019197
0.026833
0.019732
0.019801
0.027632
0.024200
0.019724
0.018517
0.019167
0.018434
0.018553
0.026367
0.020338
0.019607
0.026051
0.019651
0.018413
0.018785
0.019104
0.018324
0.021862
0.019984
0.018714
0.019365
0.019994
0.022561
0.019214
0.019374
0.019955
0.019876
0.030197
0.026661
0.019626
0.019589
0.018319
0.019435
0.024170
0.019630
0.019897
0.019551
0.019798
0.019729
0.026980
0.019513
0.018595
0.019228
0.021364
0.022202
0.019593
0.019052
0.019634
0.019756
0.018656
0.018666
0.019781
0.019781
0.026315
0.018914
0.019889
0.019004
0.019159
0.020389
0.018866
0.019261
0.019844
0.019606
0.018183
0.025262
0.019599
0.019631
0.020972
0.020987
0.019714
0.019430
0.018435
0.038007
0.019924
0.018704
0.038391
0.019570
0.020009
0.022586
0.018123
0.018319
0.021642
0.023609
0.021411
0.018414
0.018919
0.023546
0.020399
0.023865
0.018588
0.020012
0.019092
0.019285
0.019996
0.019678
0.019897
0.024901
0.019500
0.018253
0.019121
0.018741
0.020189
0.019536
0.019029
0.019950
0.019521
0.023863
0.033813
0.018407
0.025961
0.026641
0.019981
0.019098
0.034263
0.019862
0.019708
0.019481
0.019539
0.019188
0.019702
0.018788
0.020714
0.021443
0.019627
0.019951
0.023556
0.028799
0.019629
0.018398
0.019400
0.019684
0.019514
0.019120
0.019665
0.019999
0.019193
0.018455
0.020669
0.019901
0.019298
0.019259
0.024827
0.026438
0.019713
0.021507
0.018424
0.018228
0.019609
0.018204
0.026195
0.019872
0.018900
0.022433
0.018966
0.019649
0.019001
0.022410
0.029912
0.019353
0.024125
0.019430
0.019126
0.024777
0.019403
0.019536
0.030050
0.021246
0.024668
0.018590
0.019354
0.019631
0.019987
0.025121
0.022090
0.019142
0.019686
0.023454
0.018725
0.018446
0.046755
0.019752
0.020250
0.024621
0.026431
0.019452
0.027962
0.020145
0.020235
0.019759
0.021392
0.019401
0.019864
0.023424
0.019112
0.027109
0.018356
0.029105
0.019462
0.018641
0.019261
0.020322
0.026649
0.020473
0.019816
0.026032
0.026138
0.018275
0.031901
0.020054
0.019908
0.024483
0.019588
0.020772
0.019687
0.018779
0.019558
0.018246
0.019547
0.027040
0.019256
0.022723
0.020015
0.025409
0.018132
0.020233
0.019730
0.019881
0.030531
0.018030
0.019894
0.019706
0.021255
0.023966
0.021248
0.019544
0.028288
0.019317
0.028583
0.020235
0.019350
0.019371
0.018298
0.019754
0.018393
0.019114
0.018549
0.019491
0.022929
0.018934
0.019536
0.018602
0.020150
0.019918
0.019347
0.018533
0.020421
0.019137
0.018210
0.019706
0.019712
0.019610
0.018421
0.019052
0.019239
0.020250
0.021980
0.019299
0.018449
0.020983
0.019983
0.019714
0.019396
0.018946
0.018760
0.019600
0.019654
0.018528
0.019436
0.018336
0.019579
0.018355
0.019707
0.018963
0.018269
0.019939
0.018437
0.021064
0.019592
0.020291
0.020007
0.026943
0.019461
0.018357
0.019765
0.019365
0.019596
0.019567
0.018143
0.018607
0.024689
0.019632
0.019574
0.019312
0.027105
0.018433
0.019793
0.020177
0.029939
0.026977
0.027344
0.036515
0.028052
0.019392
0.019094
0.019492
0.018630
0.018491
0.019859
0.018191
0.019818
0.019492
0.019348
0.020179
0.019501
0.028284
0.019484
0.019657
0.020041
0.019256
0.018594
0.020540
0.019344
0.019045
0.019776
0.019041
0.024612
0.019092
0.019567
0.022453
0.019753
0.019647
0.020423
0.019760
0.019975
0.019797
0.020054
0.019343
0.019021
0.018056
0.017854
0.021343
0.018434
0.018899
0.018138
0.018867
0.019891
0.020495
0.022353
0.019250
0.019705
0.019796
0.019987
0.018632
0.019572
0.018376
0.019818
0.019096
0.019997
0.021528
0.020155
0.019707
0.018166
0.019734
0.019605
0.019527
0.019490
0.019235
0.019650
0.019823
0.018978
0.018544
0.019694
0.019489
0.019597
0.019478
0.019309
0.019866
0.018559
0.018521
0.019608
0.018906
0.019846
0.019042
0.018761
0.019771
0.019662
0.018049
0.018449
0.020212
0.019987
0.019689
0.018137
0.019496
0.018244
0.018261
0.018393
0.018079
0.018244
0.018673
0.019033
0.020185
0.018927
0.019821
0.019886
0.018589
0.018209
0.018238
0.019331
0.018382
0.019568
0.018699
0.018922
0.019947
0.019571
0.018422
0.018579
0.019231
0.031790
0.019723
0.019826
0.019669
0.019757
0.019405
0.018880
0.019634
0.026358
0.018220
0.019500
0.019600
0.019450
0.019279
0.023195
0.018019
0.019787
0.020243
0.020300
0.020791
0.019290
0.019483
0.020380
0.019623
0.019561
0.018661
0.020079
0.019252
0.019240
0.019391
0.019510
0.019088
0.019348
0.019303
0.019377
0.018414
0.019255
0.019404
0.019324
0.018779
0.019655
0.019612
0.025251
0.039756
0.020276
0.019240
0.018990
0.019515
0.026599
0.018774
0.018155
0.018783
0.024168
0.023455
0.019647
0.020237
0.019602
0.019114
0.018072
0.023954
0.019067
0.019579
0.024349
0.023596
0.018447
0.019654
0.019633
0.021174
0.019019
0.019549
0.019597
0.035420
0.021665
0.019211
0.021493
0.025316
0.018662
0.019053
0.022698
0.019663
0.019868
0.020033
0.019522
0.019814
0.018948
0.019022
0.027416
0.018407
0.021974
0.019017
0.026125
0.019698
0.019411
0.020227
0.018270
0.022465
0.019586
0.018177
0.020256
0.019731
0.019344
0.023269
0.019681
0.022852
0.020471
0.035579
0.019062
0.019158
0.020032
0.019389
0.019638
0.019326
0.019621
0.019957
0.019418
0.018597
0.018455
0.027422
0.020336
0.019522
0.018407
0.019766
0.022646
0.021018
0.019866
0.018533
0.019408
0.021885
0.023159
0.021789
0.019391
0.019762
0.019491
0.019221
0.019211
0.019716
0.018181
0.019782
0.019096
0.019052
0.020010
0.018560
0.018883
0.030722
0.019827
0.019725
0.019684
0.020803
0.018339
0.019699
0.024744
0.019912
0.019558
0.023091
0.020080
0.024112
0.019147
0.024575
0.020630
0.018960
0.019153
0.019810
0.018375
0.024659
0.026374
0.026688
0.019980
0.019152
0.019946
0.025371
0.019632
0.019283
0.018894
0.018683
0.018416
0.019002
0.027985
0.018644
0.022292
0.019091
0.019584
0.019797
0.019706
0.022061
0.018848
0.018653
0.019418
0.019846
0.020471
0.028817
0.019606
0.028789
0.018425
0.020316
0.019394
0.022604
0.020272
0.043637
0.031956
0.019582
0.055099
0.025480
0.019064
0.031034
0.020100
0.018973
0.018824
0.038878
0.019963
0.028143
0.020090
0.018913
0.020114
0.020266
0.019690
0.020152
0.019053
0.019780
0.019507
0.033573
0.019351
0.022808
0.026704
0.018859
0.019654
0.019447
0.018360
0.021609
0.018779
0.018650
0.024488
0.019213
0.031089
0.021077
0.021822
0.024408
0.020059
0.019861
0.019922
0.045545
0.025383
0.020159
0.019805
0.019578
0.026684
0.019866
0.020778
0.019778
0.019701
0.020566
0.036065
0.046578
0.025957
0.019565
0.019612
0.026839
0.018728
0.018549
0.018463
0.018542
0.018353
0.024883
0.018251
0.019350
0.018719
0.020708
0.020672
0.020136
0.044524
0.019179
0.029662
0.019574
0.018231
0.018755
0.019014
0.018234
0.019178
0.018685
0.018490
0.019467
0.018573
0.018570
0.020066
0.018875
0.018244
0.019302
0.020339
0.019403
0.019254
0.019838
0.019533
0.019104
0.019919
0.019468
0.018662
0.027138
0.019983
0.020014
0.018238
0.018330
0.019115
0.028221
0.019372
0.018196
0.018973
0.019907
0.019372
0.020156
0.020098
0.018360
0.018962
0.019217
0.018954
0.018062
0.018311
0.019527
0.019978
0.018619
0.019758
0.018760
0.020057
0.018387
0.017860
0.018640
0.043553
0.019553
0.018226
0.018382
0.018949
0.019669
0.018295
0.027528
0.048125
0.020422
0.018652
0.018779
0.018766
0.029463
0.020903
0.018835
0.032840
0.044118
0.018010
0.019185
0.020237
0.019362
0.019556
0.018343
0.018772
0.019914
0.020452
0.027582
0.026582
0.033644
0.019913
0.018952
0.017868
0.019214
0.019028
0.044435
0.027949
0.018905
0.019499
0.033612
0.018485
0.018555
0.019944
0.019330
0.019945
0.020280
0.019795
0.020742
0.035407
0.027623
0.018984
0.018414
0.037244
0.018125
0.018073
0.037943
0.026173
0.019634
0.018254
0.018619
0.018588
0.020012
0.018872
0.048228
0.019907
0.020127
0.018393
0.019312
0.018344
0.022146
0.018455
0.018607
0.018252
0.028498
0.019627
0.022985
0.036920
0.018383
0.018819
0.018450
0.018778
0.019693
0.019888
0.019283
0.018756
0.019460
0.019546
0.018408
0.018177
0.027085
0.018833
0.018132
0.018626
0.018459
0.019914
0.018643
0.018311
0.019459
0.019872
0.019212
0.018732
0.047370
0.019378
0.021761
0.019842
0.019948
0.019172
0.019025
0.018819
0.018223
0.018214
0.018237
0.018103
0.042528
0.034735
0.018090
0.017992
0.029583
0.019479
0.018390
0.018314
0.018532
0.020586
0.019714
0.020032
0.019329
0.017910
0.019200
0.018342
0.019235
0.019028
0.024028
0.026157
0.019586
0.019867
0.019210
0.020019
0.019589
0.018972
0.019891
0.040046
0.019655
0.019662
0.019998
0.034825
0.048262
0.020287
0.028780
0.018076
0.037905
0.018626
0.019652
0.019002
0.018390
0.027952
0.018710
0.046192
0.028907
0.029209
0.019209
0.019232
0.021141
0.018898
0.033522
0.018465
0.019742
0.035652
0.037479
0.020782
0.019370
0.019746
0.018910
0.019547
0.047038
0.019984
0.019538
0.019582
0.017924
0.023118
0.030297
0.026910
0.028355
0.028883
0.019923
0.020120
0.019776
0.018292
0.020120
0.019640
0.019970
0.019465
0.020028
0.023368
0.018013
0.018952
0.019067
0.027605
0.047220
0.023048
0.018856
0.018568
0.041937
0.020484
0.019647
0.019450
0.018445
0.018383
0.044455
0.018923
0.042058
0.019680
0.018932
0.026208
0.025520
0.019118
0.020599
0.027636
0.019891
0.019530
0.019910
0.018026
0.018960
0.017931
0.018353
0.019584
0.018528
0.027867
0.024552
0.025973
0.019288
0.018622
0.018347
0.038466
0.019939
0.018719
0.018564
0.018546
0.019338
0.021430
0.019723
0.019201
0.017694
0.027587
0.019655
0.020335
0.019324
0.018586
0.019376
0.019668
0.019233
0.027464
0.018656
0.018072
0.018438
0.029949
0.018628
0.019056
0.018204
0.019016
0.018560
0.020102
0.020178
0.019668
0.018940
0.018213
0.020135
0.019819
0.019707
0.018750
0.018916
0.022688
0.018450
0.019495
0.036761
0.019212
0.018218
0.018326
0.019884
0.020385
0.019712
0.019543
0.020385
0.026606
0.019602
0.019358
0.019375
0.019759
0.019384
0.019533
0.044004
0.019643
0.019777
0.018266
0.019136
0.018285
0.019643
0.019255
0.020208
0.018428
0.019305
0.019499
0.017950
0.018599
0.020074
0.017894
0.046530
0.037129
0.046885
0.017926
0.020224
0.035529
0.020889
0.042829
0.019578
0.019042
0.019854
0.024852
0.036157
0.047019
0.027240
0.028466
0.019205
0.022067
0.021819
0.019209
0.018584
0.017891
0.030237
0.037856
0.038354
0.019386
0.019834
0.047525
0.019099
0.018818
0.039163
0.021992
0.019037
0.020109
0.018580
0.018350
0.019305
0.020215
0.018329
0.019829
0.018207
0.024115
0.019324
0.019870
0.020074
0.019673
0.039326
0.018294
0.018649
0.020472
0.019781
0.019419
0.019024
0.018098
0.019743
0.019240
0.048066
0.024261
0.018558
0.030509
0.028455
0.018321
0.019401
0.019642
0.017884
0.018935
0.019581
0.017996
0.038902
0.019156
0.017928
0.019168
0.019179
0.020244
0.018383
0.019534
0.019323
0.041486
0.019432
0.018777
0.020276
0.046817
0.047186
0.020367
0.019578
0.018314
0.019085
0.018704
0.018417
0.017830
0.018371
0.021316
0.017826
0.018850
0.019218
0.018344
0.018049
0.019622
0.018595
0.047313
0.020775
0.019218
0.019575
0.043318
0.021364
0.019617
0.018587
0.018843
0.019486
0.027957
0.018914
0.019467
0.019777
0.020199
0.019086
0.019602
0.019820
0.018876
0.018474
0.035587
0.019843
0.029516
0.018156
0.020684
0.019813
0.037127
0.018017
0.018569
0.018392
0.019889
0.019827
0.041009
0.018298
0.023773
0.024618
0.029583
0.018419
0.018090
0.026503
0.018899
0.018026
0.018688
0.020428
0.019206
0.043975
0.019689
0.029359
0.019546
0.019410
0.018986
0.018175
0.019933
0.019612
0.019014
0.046567
0.019875
0.019472
0.019687
0.018407
0.018108
0.025383
0.036615
0.019504
0.039051
0.030837
0.019456
0.027510
0.034785
0.020222
0.033119
0.018133
0.029902
0.019465
0.045110
0.019418
0.018819
0.019845
0.025631
0.025793
0.018298
0.019597
0.018040
0.019720
0.028006
0.019408
0.019920
0.019565
0.025309
0.020209
0.020189
0.018918
0.019850
0.019402
0.022241
0.022757
0.019343
0.019944
0.019346
0.019499
0.020882
0.019737
0.018854
0.024454
0.018857
0.018310
0.018483
0.019265
0.019583
0.019743
0.023977
0.018867
0.018582
0.018514
