0.011724
0.021628
0.020407
0.019785
0.019513
0.018604
0.030588
0.019566
0.018152
0.019913
0.024505
0.019629
0.019089
0.020598
0.018564
0.020992
0.018345
0.018505
0.019806
0.022538
0.019125
0.019079
0.019600
0.019398
0.019907
0.019790
0.018376
0.020208
0.018859
0.018956
0.020480
0.017888
0.018498
0.020012
0.019107
0.018928
0.020758
0.020208
0.020000
0.019048
0.019001
0.019405
0.019769
0.019268
0.018792
0.019919
0.019797
0.019430
0.019749
0.020375
0.020969
0.035724
0.020384
0.026193
0.019426
0.021194
0.028043
0.019601
0.019607
0.019917
0.020834
0.019297
0.020492
0.019425
0.019951
0.018534
0.019873
0.024269
0.018057
0.019125
0.019297
0.019179
0.019326
0.019441
0.019776
0.019026
0.025225
0.019498
0.018971
0.018290
0.025612
0.030745
0.019581
0.020502
0.018814
0.018921
0.018308
0.025278
0.018286
0.020093
0.019066
0.020581
0.018994
0.019090
0.019680
0.019501
0.019311
0.019855
0.028655
0.022215
0.024008
0.018362
0.025743
0.025523
0.019563
0.022696
0.019823
0.020043
0.021852
0.021626
0.018964
0.018283
0.018016
0.021078
0.023204
0.019392
0.025848
0.019644
0.019635
0.022220
0.018192
0.018668
0.019178
0.023651
0.018879
0.019207
0.019236
0.019190
0.023477
0.027032
0.022059
0.021978
0.024266
0.036159
0.022722
0.019585
0.018621
0.029853
0.018949
0.019223
0.020497
0.028941
0.035443
0.019942
0.024750
0.030581
0.020675
0.019251
0.019966
0.019146
0.019517
0.018561
0.019445
0.018854
0.017926
0.025921
0.019006
0.018750
0.018184
0.019224
0.027366
0.017773
0.019954
0.019270
0.018043
0.017688
0.019064
0.020522
0.018466
0.019367
0.019864
0.018950
0.026068
0.019274
0.019465
0.018515
0.019429
0.018785
0.025925
0.020867
0.019510
0.020252
0.018885
0.020573
0.019207
0.034275
0.022199
0.017614
0.034223
0.019569
0.017975
0.020261
0.019695
0.019235
0.018219
0.019406
0.018816
0.019274
0.025171
0.019504
0.031375
0.018376
0.020007
0.019508
0.018150
0.018546
0.019936
0.018413
0.019017
0.019241
0.030607
0.018745
0.022610
0.019591
0.019451
0.019434
0.019952
0.018401
0.019130
0.018900
0.017937
0.019610
0.019114
0.019751
0.017930
0.018110
0.018766
0.017816
0.018002
0.025274
0.027231
0.019301
0.029833
0.019689
0.021382
0.021851
0.025062
0.025828
0.021584
0.027041
0.020255
0.019486
0.018397
0.019830
0.020832
0.018126
0.019073
0.018532
0.019611
0.019814
0.017928
0.017749
0.019819
0.018851
0.018479
0.019009
0.018470
0.018670
0.017646
0.026730
0.018164
0.024182
0.019041
0.019068
0.019756
0.018876
0.018772
0.019041
0.021641
0.019644
0.019099
0.018803
0.023307
0.020717
0.019525
0.018309
0.021079
0.018026
0.025903
0.019704
0.019062
0.019397
0.018645
0.018750
0.019496
0.020879
0.017896
0.027875
0.026315
0.019958
0.019147
0.019110
0.019334
0.018219
0.018932
0.021548
0.017846
0.018547
0.022935
0.021994
0.019034
0.018961
0.018179
0.018131
0.018487
0.019514
0.019376
0.018496
0.020035
0.020462
0.022358
0.019409
0.018587
0.018743
0.018560
0.025158
0.019302
0.020236
0.018443
0.018554
0.017986
0.019034
0.018833
0.019133
0.019306
0.018617
0.018493
0.018283
0.019378
0.023105
0.028063
0.019067
0.020104
0.019059
0.019196
0.019667
0.018681
0.021544
0.019660
0.019868
0.019080
0.019489
0.021238
0.019064
0.021754
0.018878
0.018799
0.017922
0.019245
0.020790
0.017474
0.017769
0.018998
0.017816
0.019086
0.017706
0.019504
0.019125
0.019416
0.024679
0.018921
0.017890
0.018930
0.018404
0.029028
0.019759
0.019029
0.019139
0.018337
0.020183
0.019048
0.018666
0.019062
0.019131
0.018097
0.022496
0.019330
0.018466
0.018359
0.017791
0.020260
0.025085
0.019654
0.018387
0.019452
0.019838
0.019184
0.021583
0.018820
0.019024
0.024559
0.018976
0.019265
0.018710
0.019291
0.018804
0.019701
0.018086
0.019601
0.018049
0.030763
0.018702
0.018586
0.022085
0.024589
0.024830
0.019303
0.021380
0.019303
0.018814
0.019136
0.018571
0.019514
0.019067
0.022303
0.018840
0.017983
0.018968
0.019261
0.018908
0.018878
0.018841
0.018867
0.024549
0.018523
0.018856
0.018381
0.019375
0.020039
0.019368
0.018821
0.020497
0.026935
0.018702
0.018718
0.019285
0.020726
0.026156
0.018829
0.019957
0.019440
0.020507
0.020081
0.019148
0.018278
0.018857
0.018494
0.019310
0.019358
0.018076
0.018107
0.018644
0.026686
0.028834
0.019457
0.018640
0.018363
0.018713
0.021084
0.024377
0.019255
0.025574
0.019687
0.018178
0.020763
0.019762
0.018728
0.019824
0.019675
0.018616
0.019674
0.019901
0.019068
0.025255
0.029852
0.030525
0.019320
0.019642
0.020089
0.019817
0.019269
0.020098
0.018779
0.024354
0.019267
0.018330
0.019262
0.018382
0.019455
0.017867
0.018279
0.019774
0.018563
0.019927
0.018296
0.017862
0.018238
0.019133
0.019744
0.019490
0.018006
0.018650
0.017940
0.018978
0.018338
0.022710
0.018583
0.018413
0.019207
0.029303
0.020960
0.017882
0.019862
0.019149
0.023165
0.017757
0.018246
0.026631
0.033947
0.019026
0.018427
0.021009
0.031030
0.029876
0.019439
0.019533
0.018985
0.025910
0.019498
0.017840
0.018430
0.020377
0.018502
0.020099
0.018985
0.019187
0.018046
0.018778
0.018888
0.019658
0.018892
0.019913
0.020355
0.018488
0.019598
0.021973
0.019901
0.020154
0.019663
0.027164
0.019849
0.028612
0.020315
0.019023
0.020372
0.017879
0.018151
0.026067
0.018430
0.029027
0.020834
0.022505
0.021618
0.024984
0.019754
0.019715
0.019108
0.019884
0.019128
0.018999
0.019593
0.019844
0.020160
0.018893
0.019117
0.018286
0.018481
0.018072
0.017837
0.018702
0.019179
0.019462
0.018869
0.018090
0.018651
0.027982
0.018585
0.018358
0.017968
0.018555
0.020833
0.019319
0.018719
0.018827
0.019190
0.018408
0.019192
0.017687
0.018533
0.018725
0.029641
0.019492
0.018940
0.025842
0.019231
0.026404
0.019327
0.018900
0.018063
0.018302
0.019459
0.018936
0.018227
0.020093
0.026051
0.020801
0.023861
0.019334
0.019054
0.019381
0.024285
0.019828
0.020421
0.019117
0.018900
0.019184
0.019913
0.019254
0.019211
0.018271
0.018584
0.018075
0.019041
0.019203
0.017709
0.018586
0.017846
0.018182
0.018100
0.019419
0.018978
0.019216
0.019079
0.019044
0.020232
0.018903
0.019549
0.017998
0.017886
0.023485
0.022238
0.018753
0.018903
0.019427
0.018407
0.018312
0.018996
0.027348
0.018718
0.019073
0.018898
0.020146
0.018680
0.019952
0.019516
0.019369
0.027846
0.018063
0.023565
0.018622
0.019767
0.019618
0.018104
0.018357
0.018955
0.018730
0.019573
0.019205
0.017993
0.019729
0.019404
0.018883
0.019882
0.026213
0.018681
0.020149
0.019844
0.018697
0.019789
0.019309
0.019856
0.018469
0.019114
0.019354
0.018816
0.019268
0.019281
0.018431
0.019314
0.019519
0.017960
0.020073
0.018935
0.018522
0.018500
0.020030
0.018829
0.019178
0.019341
0.018220
0.019151
0.021021
0.019944
0.018924
0.018857
0.018401
0.018266
0.018597
0.021622
0.019543
0.019952
0.019149
0.019244
0.019178
0.019341
0.018318
0.018301
0.019262
0.018473
0.018542
0.019154
0.017941
0.030068
0.020495
0.038105
0.019563
0.018711
0.018147
0.019132
0.019029
0.019351
0.019631
0.018159
0.018472
0.018962
0.017445
0.018876
0.018537
0.019337
0.020926
0.019802
0.019537
0.018128
0.018155
0.017862
0.018613
0.019849
0.018434
0.018537
0.019666
0.021184
0.021239
0.021293
0.020397
0.021409
0.020973
0.021074
0.022002
0.021747
0.021525
0.021506
0.021215
0.020127
0.020895
0.023878
0.022222
0.019815
0.020328
0.026223
0.021485
0.020299
0.022564
0.022826
0.022482
0.020109
0.020911
0.019912
0.021068
0.021904
0.020350
0.025111
0.020983
0.021578
0.024493
0.029931
0.021035
0.019976
0.020280
0.021260
0.020943
0.021626
0.020604
0.035627
0.025974
0.033341
0.021260
0.021095
0.022205
0.020190
0.021845
0.035625
0.026927
0.029045
0.021446
0.020376
0.021609
0.020385
0.021875
0.020965
0.035916
0.021172
0.023541
0.022072
0.021654
0.023026
0.021555
0.021917
0.026828
0.027196
0.031961
0.026266
0.022901
0.021749
0.021498
0.021448
0.021352
0.020601
0.021658
0.020214
0.033164
0.023486
0.021158
0.022054
0.022998
0.045540
0.026538
0.029275
0.021346
0.020952
0.029351
0.021770
0.021253
0.021581
0.019732
0.025897
0.021287
0.019994
0.021358
0.020852
0.026429
0.020277
0.024372
0.021187
0.029725
0.022012
0.020088
0.021407
0.021576
0.021981
0.027599
0.021181
0.020009
0.021927
0.020806
0.021504
0.021706
0.020628
0.026670
0.020468
0.024430
0.021392
0.026935
0.020918
0.035956
0.022581
0.026240
0.021998
0.025164
0.020158
0.029060
0.040392
0.021712
0.022341
0.021263
0.022011
0.027453
0.029861
0.030579
0.023132
0.020366
0.020142
0.027097
0.021509
0.035467
0.021734
0.022388
0.022189
0.037320
0.022040
0.027300
0.022433
0.024907
0.028230
0.026090
0.021983
0.027997
0.022365
0.021427
0.031054
0.021913
0.031313
0.021157
0.023052
0.022227
0.021772
0.021376
0.020117
0.022157
0.022607
0.025600
0.021919
0.021506
0.021620
0.022504
0.021504
0.024494
0.021856
0.021264
0.021085
0.021651
0.021277
0.020902
0.022536
0.029280
0.022218
0.024824
0.026426
0.021767
0.022059
0.021012
0.020817
0.022199
0.022070
0.021538
0.028049
0.022045
0.025234
0.020545
0.024502
0.026871
0.021067
0.022129
0.021632
0.021696
0.040383
0.021939
0.022693
0.021348
0.032241
0.030554
0.022570
0.021451
0.020496
0.022057
0.021827
0.021639
0.021505
0.021763
0.022477
0.030504
0.022755
0.020218
0.021760
0.022456
0.022153
0.021180
0.022550
0.021691
0.021730
0.029027
0.042131
0.022225
0.027887
0.021680
0.021859
0.031750
0.038260
0.021051
0.021831
0.021642
0.021919
0.024527
0.022141
0.022227
0.021982
0.021677
0.020645
0.021336
0.021192
0.021536
0.020168
0.022278
0.021799
0.021000
0.027279
0.021866
0.022379
0.022174
0.021924
0.021082
0.020913
0.020437
0.022849
0.023802
0.027785
0.023140
0.022077
0.022561
0.021455
0.024566
0.021829
0.031436
0.022126
0.021601
0.021191
0.021960
0.021799
0.020740
0.021657
0.021750
0.022335
0.021278
0.022088
0.020802
0.022975
0.022065
0.021080
0.020697
0.021782
0.021149
0.021023
0.022447
0.022072
0.021807
0.032864
0.021967
0.021760
0.021773
0.020928
0.021587
0.032531
0.021701
0.021617
0.022111
0.021188
0.021194
0.021503
0.021592
0.021774
0.021241
0.021600
0.021724
0.021848
0.021406
0.022222
0.021377
0.021854
0.021048
0.020507
0.031828
0.020953
0.021292
0.021948
0.021397
0.022196
0.021282
0.020081
0.023450
0.023575
0.022444
0.021074
0.020570
0.021899
0.020705
0.021875
0.020248
0.022047
0.021830
0.021433
0.022351
0.022560
0.022952
0.022917
0.022263
0.022158
0.022791
0.021727
0.022250
0.021611
0.028706
0.045431
0.025081
0.022584
0.038393
0.022318
0.048009
0.027627
0.034161
0.027403
0.022823
0.021896
0.051457
0.021366
0.021926
0.022611
0.023030
0.023087
0.022482
0.031136
0.022699
0.021553
0.020834
0.020551
0.021727
0.022184
0.021134
0.022873
0.021253
0.020728
0.021895
0.021756
0.022490
0.020744
0.021846
0.022399
0.021112
0.031447
0.022223
0.021657
0.021751
0.026972
0.022767
0.020950
0.021904
0.022255
0.021296
0.022677
0.022894
0.022297
0.023188
0.023408
0.023398
0.021630
0.022337
0.024386
0.021591
0.022527
0.023474
0.024295
0.024494
0.023861
0.023248
0.023312
0.025980
0.023993
0.027364
0.024358
0.023662
0.023997
0.023054
0.022675
0.022473
0.023582
0.023207
0.021827
0.023562
0.022434
0.022175
0.022746
0.021192
0.022387
0.023032
0.020388
0.023767
0.023689
0.021062
0.023140
0.023391
0.021951
0.023510
0.021634
0.022912
0.021398
0.021523
0.021521
0.021492
0.021560
0.022190
0.020707
0.027100
0.026852
0.021389
0.021960
0.021225
0.021872
0.020742
0.020587
0.031907
0.021771
0.025792
0.021950
0.021822
0.021014
0.025360
0.020760
0.024693
0.022223
0.020571
0.020770
0.029072
0.022228
0.021725
0.021364
0.023793
0.025682
0.022091
0.022220
0.021987
0.023061
0.022543
0.021431
0.021991
0.025862
0.021932
0.022717
0.020753
0.020615
0.020819
0.024317
0.021661
0.023952
0.023019
0.022787
0.022373
0.031138
0.041635
0.022513
0.028163
0.030715
0.021897
0.021179
0.021321
0.021723
0.022953
0.021659
0.022696
0.021848
0.021979
0.026905
0.022198
0.031941
0.022369
0.022229
0.023690
0.022039
0.020841
0.021240
0.021616
0.020667
0.027117
0.020653
0.021293
0.022170
0.022883
0.022450
0.024938
0.019966
0.020898
0.030901
0.024604
0.023741
0.028331
0.022554
0.022142
0.021021
0.020056
0.022191
0.020729
0.020353
0.022720
0.023259
0.021512
0.024481
0.021058
0.022373
0.020361
0.020485
0.020247
0.027091
0.022291
0.021864
0.021787
0.020630
0.022185
0.039248
0.028582
0.041658
0.023171
0.021499
0.022745
0.027306
0.022065
0.020993
0.020679
0.021870
0.021911
0.021910
0.021095
0.029541
0.028999
0.021592
0.021603
0.023896
0.022438
0.050165
0.022230
0.022829
0.020368
0.030964
0.022514
0.047911
0.022255
0.022222
0.021241
0.023376
0.020842
0.020854
0.021595
0.022011
0.022179
0.021686
0.028228
0.022123
0.022390
0.032139
0.021617
0.022445
0.021590
0.022087
0.021340
0.022843
0.022681
0.020953
0.020918
0.031222
0.030245
0.021262
0.021566
0.021570
0.022088
0.021345
0.023706
0.023516
0.034121
0.020891
0.027721
0.023219
0.023978
0.037485
0.022868
0.023320
0.021813
0.030340
0.029399
0.027273
0.021796
0.034275
0.032705
0.031234
0.021246
0.022034
0.022628
0.022215
0.021297
0.020660
0.021855
0.023035
0.034076
0.022900
0.021621
0.023506
0.021353
0.022439
0.020937
0.020434
0.020745
0.021914
0.030871
0.021744
0.022428
0.022715
0.025644
0.021398
0.021295
0.022337
0.020894
0.020654
0.035279
0.022093
0.027533
0.020801
0.020927
0.022085
0.022242
0.021513
0.031043
0.026558
0.029270
0.021275
0.020603
0.022479
0.027866
0.027366
0.020082
0.021346
0.021610
0.020647
0.022533
0.021120
0.021499
0.021388
0.020532
0.022655
0.028090
0.029238
0.020351
0.021183
0.021057
0.021538
0.021318
0.021553
0.022299
0.022826
0.020730
0.021753
0.029873
0.021647
0.022508
0.023704
0.022936
0.020984
0.022648
0.035714
0.021664
0.022056
0.022632
0.021687
0.021406
0.039448
0.021351
0.029076
0.022217
0.024927
0.024396
0.025511
0.021509
0.020201
0.026352
0.020495
0.022188
0.026061
0.021086
0.021261
0.025024
0.020841
0.022507
0.022173
0.021746
0.021622
0.021017
0.044488
0.022519
0.022106
0.021715
0.021780
0.021913
0.020817
0.022494
0.021967
0.021888
0.022141
0.021331
0.020675
0.022751
0.023152
0.021837
0.027689
0.031468
0.021485
0.021110
0.021885
0.022552
0.021130
0.021819
0.032197
0.021015
0.021619
0.021709
0.021416
0.021870
0.020722
0.022028
0.020717
0.021702
0.021689
0.035115
0.021432
0.020330
0.026392
0.027837
0.020629
0.026803
0.023468
0.023190
0.027312
0.022073
0.020748
0.021608
0.021951
0.022562
0.022265
0.021814
0.021597
0.037455
0.026955
0.022677
0.022517
0.020745
0.021499
0.020387
0.021174
0.022429
0.022052
0.021998
0.021334
0.021442
0.021770
0.022204
0.021198
0.021444
0.028812
0.024612
0.020431
0.021415
0.021026
0.022207
0.025843
0.020228
0.022011
0.021699
0.021202
0.022351
0.020985
0.020950
0.025073
0.023240
0.021784
0.047980
0.021886
0.022053
0.021968
0.040845
0.021327
0.033594
0.021140
0.022479
0.021732
0.028240
0.027383
0.022046
0.021092
0.020976
0.021459
0.023670
0.021330
0.024228
0.031211
0.025374
0.021098
0.021510
0.028114
0.022187
0.021098
0.021002
0.022159
0.022071
0.020455
0.020671
0.022117
0.025792
0.021789
0.020433
0.020637
0.022435
0.022966
0.022788
0.022313
0.022478
0.021229
0.022752
0.021631
0.032799
0.021389
0.022224
0.021878
0.021451
0.022531
0.021213
0.021347
0.021952
0.021751
0.024418
0.023963
0.030623
0.023178
0.027085
0.022731
0.022617
0.023116
0.021330
0.022905
0.032207
0.021495
0.021745
0.021510
0.022473
0.022848
0.027130
0.021305
0.021278
0.022464
0.021831
0.030992
0.039628
0.023411
0.023108
0.021071
0.022676
0.020488
0.022261
0.022466
0.028417
0.028913
0.022507
0.025287
0.022158
0.022981
0.022107
0.022085
0.021265
0.021719
0.021709
0.021768
0.022405
0.021654
0.022961
0.022437
0.022067
0.022294
0.022207
0.021112
0.022239
0.022376
0.022254
0.022327
0.021288
0.026957
0.030488
0.022044
0.021274
0.021570
0.037621
0.022019
0.021866
0.020870
0.021593
0.021851
0.022501
0.022786
0.021243
0.021164
0.021180
0.021519
0.022119
0.022246
0.020252
0.021430
0.032593
0.025116
0.025495
0.022099
0.022307
0.021895
0.021581
0.022201
0.021501
0.021326
0.021910
0.022612
0.025531
0.021601
0.021558
0.022912
0.022244
0.034761
0.021501
0.021785
0.020865
0.021888
0.022391
0.020737
0.020999
0.022056
0.027983
0.037832
0.042315
0.034463
0.027565
0.021589
0.021599
0.022866
0.021744
0.022181
0.022072
0.021412
0.021405
0.021378
0.021395
0.025224
0.021880
0.021520
0.021818
0.022915
0.021836
0.033001
0.021382
0.021248
0.022005
0.020553
0.021787
0.022546
0.020531
0.022333
0.020585
0.021360
0.021375
0.020280
