0.017504
0.019670
0.018920
0.025902
0.019715
0.018294
0.031627
0.019429
0.018711
0.020535
0.019625
0.019235
0.020276
0.019683
0.020144
0.018555
0.021672
0.019395
0.018130
0.019277
0.019306
0.019988
0.019433
0.017955
0.017691
0.019539
0.021734
0.018910
0.018892
0.019586
0.018855
0.020102
0.028512
0.019712
0.019201
0.018102
0.022351
0.018833
0.018666
0.019170
0.018639
0.019304
0.021121
0.020282
0.020466
0.029070
0.019745
0.019312
0.020367
0.019855
0.019854
0.019684
0.019825
0.021487
0.023433
0.020231
0.027544
0.025927
0.021580
0.019262
0.019819
0.019675
0.022030
0.019333
0.018961
0.018366
0.029384
0.019042
0.020088
0.018793
0.019444
0.019068
0.018240
0.020110
0.027593
0.024492
0.044033
0.019776
0.019937
0.019450
0.032949
0.020089
0.023662
0.018418
0.030371
0.028365
0.019648
0.033315
0.043597
0.019942
0.019681
0.041894
0.019923
0.020182
0.018375
0.019225
0.028702
0.019139
0.018317
0.018975
0.018672
0.019743
0.019068
0.020110
0.019732
0.020515
0.019007
0.018782
0.019755
0.019405
0.018962
0.019284
0.020146
0.019801
0.018781
0.020160
0.020007
0.032448
0.037137
0.020155
0.019191
0.029223
0.019700
0.018874
0.019568
0.019817
0.018588
0.018662
0.017838
0.019877
0.020250
0.027440
0.025661
0.024205
0.019657
0.018020
0.019741
0.019535
0.025126
0.018606
0.033875
0.020378
0.020138
0.021906
0.019845
0.021080
0.020078
0.019218
0.020037
0.019758
0.020150
0.018185
0.018187
0.019243
0.019504
0.019981
0.018288
0.019527
0.018210
0.029009
0.046875
0.018926
0.038583
0.018211
0.033005
0.025429
0.018480
0.018620
0.018426
0.018958
0.019508
0.035843
0.029816
0.018971
0.019746
0.047190
0.019077
0.020132
0.019588
0.026316
0.019759
0.019398
0.019497
0.018535
0.018493
0.019635
0.019900
0.027135
0.036146
0.019762
0.018430
0.019022
0.018144
0.018339
0.019783
0.020069
0.018843
0.019404
0.020566
0.019781
0.030749
0.019418
0.041171
0.046659
0.019898
0.018612
0.019579
0.018656
0.018371
0.020976
0.020194
0.018383
0.019501
0.019467
0.019121
0.019259
0.018813
0.026257
0.019436
0.020933
0.020486
0.020171
0.019568
0.019963
0.019166
0.020419
0.020147
0.020583
0.019957
0.019712
0.019670
0.019742
0.037634
0.019843
0.019620
0.019918
0.019079
0.018718
0.020183
0.020061
0.019662
0.019830
0.018460
0.018099
0.019661
0.020564
0.018375
0.019144
0.018070
0.019690
0.020236
0.019121
0.018718
0.019567
0.018955
0.047257
0.019659
0.019559
0.018456
0.018121
0.018757
0.018877
0.020412
0.018433
0.019239
0.019485
0.018569
0.019459
0.018473
0.018419
0.018405
0.019655
0.018662
0.018625
0.047759
0.018987
0.019986
0.020080
0.026010
0.018493
0.019437
0.020058
0.019864
0.020057
0.020533
0.019302
0.018130
0.017940
0.019461
0.019781
0.026590
0.018473
0.019201
0.018324
0.018243
0.019246
0.019292
0.019453
0.019367
0.018828
0.031448
0.020638
0.019963
0.034641
0.019932
0.019896
0.019531
0.018750
0.018385
0.038442
0.019676
0.018390
0.029430
0.019656
0.018776
0.020528
0.019327
0.018584
0.018461
0.019370
0.023231
0.020191
0.030097
0.036891
0.019803
0.019277
0.019393
0.038410
0.019411
0.018724
0.018685
0.018634
0.035423
0.019724
0.018315
0.019369
0.018669
0.020407
0.019809
0.020056
0.019864
0.019426
0.018868
0.018565
0.019274
0.019030
0.019292
0.019571
0.028171
0.018356
0.019384
0.019005
0.020156
0.030883
0.020078
0.020482
0.018310
0.018351
0.018275
0.019235
0.019948
0.019093
0.020063
0.019601
0.019105
0.018656
0.038708
0.018746
0.020470
0.019586
0.018816
0.018370
0.019051
0.029751
0.019141
0.018347
0.018746
0.036326
0.020169
0.031279
0.019099
0.018305
0.019423
0.018812
0.018909
0.018737
0.019358
0.020551
0.020649
0.019633
0.018021
0.018410
0.020267
0.020848
0.019512
0.018344
0.018437
0.019822
0.047430
0.044455
0.029725
0.020981
0.034522
0.039139
0.019235
0.019203
0.018728
0.019939
0.019759
0.018838
0.019282
0.019914
0.019693
0.020108
0.020042
0.020117
0.035636
0.019672
0.020296
0.018641
0.020561
0.019957
0.018929
0.020763
0.019780
0.019949
0.019008
0.018517
0.020896
0.019776
0.018919
0.020150
0.023507
0.022224
0.018160
0.019726
0.019171
0.019424
0.023494
0.018191
0.018914
0.019728
0.040931
0.018183
0.019548
0.021265
0.019615
0.020114
0.019467
0.019969
0.019486
0.028190
0.019093
0.020077
0.019492
0.019853
0.018931
0.019307
0.020930
0.019286
0.018769
0.041405
0.019650
0.025345
0.019508
0.018725
0.024342
0.020173
0.021104
0.020929
0.020053
0.020034
0.020498
0.028073
0.019752
0.019575
0.018270
0.019607
0.020236
0.018767
0.018399
0.020585
0.020510
0.019180
0.020204
0.019051
0.018823
0.021656
0.020110
0.045141
0.020378
0.029285
0.020158
0.020075
0.018512
0.018971
0.019650
0.025395
0.019461
0.019877
0.027917
0.019397
0.018531
0.020415
0.018879
0.020299
0.027422
0.020256
0.020130
0.019223
0.020245
0.032778
0.039079
0.019587
0.020177
0.019574
0.019645
0.020119
0.047100
0.030951
0.047325
0.019864
0.047918
0.037745
0.021284
0.020282
0.019617
0.019422
0.020093
0.042545
0.019952
0.025387
0.020382
0.019989
0.019932
0.019712
0.018408
0.028395
0.018178
0.023402
0.020179
0.020497
0.023123
0.027968
0.035092
0.023921
0.036694
0.022357
0.019347
0.021677
0.018388
0.019807
0.024085
0.027453
0.035299
0.029970
0.018255
0.019640
0.019407
0.034353
0.021037
0.019952
0.019907
0.022307
0.024471
0.028443
0.021189
0.019030
0.019914
0.019643
0.018401
0.020295
0.020313
0.019910
0.019010
0.019977
0.021247
0.020232
0.019823
0.022631
0.019204
0.029058
0.018965
0.021756
0.024723
0.019921
0.028798
0.018906
0.018822
0.023800
0.019017
0.019277
0.019789
0.020089
0.028006
0.027673
0.020096
0.021007
0.020136
0.035168
0.031229
0.020537
0.024466
0.019359
0.020054
0.019757
0.020274
0.019955
0.033364
0.020260
0.019857
0.020171
0.019916
0.019584
0.027516
0.032940
0.019878
0.019910
0.019057
0.019951
0.020179
0.019231
0.030153
0.019392
0.019835
0.019724
0.019490
0.020062
0.018713
0.020193
0.019819
0.019429
0.020491
0.018756
0.020470
0.018992
0.021201
0.019761
0.027424
0.019418
0.020338
0.020004
0.020181
0.020473
0.019769
0.019321
0.020559
0.020040
0.019273
0.020438
0.019936
0.020429
0.020159
0.019512
0.019442
0.020640
0.020565
0.020736
0.020976
0.019859
0.019606
0.020204
0.019974
0.020376
0.020227
0.020008
0.019830
0.020172
0.019465
0.019328
0.019992
0.020644
0.019745
0.019744
0.020475
0.019681
0.025230
0.030016
0.019729
0.020986
0.020231
0.020284
0.020886
0.020564
0.020264
0.019037
0.019265
0.028025
0.020650
0.020853
0.020490
0.020803
0.020707
0.020256
0.020039
0.021046
0.019828
0.028369
0.020508
0.020999
0.020535
0.020446
0.019841
0.020832
0.021312
0.020540
0.019677
0.019299
0.019552
0.019850
0.020091
0.020860
0.020847
0.021160
0.021485
0.021222
0.021596
0.020685
0.019758
0.020847
0.020850
0.020540
0.020483
0.020603
0.020314
0.020196
0.020696
0.020666
0.019589
0.019464
0.020547
0.020304
0.020796
0.020842
0.021258
0.040008
0.019366
0.020350
0.019639
0.021477
0.018942
0.021135
0.020989
0.020644
0.020515
0.020187
0.020315
0.019653
0.021159
0.020153
0.020533
0.019386
0.020655
0.019446
0.019184
0.031925
0.020366
0.020067
0.020187
0.020286
0.020146
0.019725
0.019544
0.020226
0.019469
0.020069
0.020722
0.020466
0.020695
0.021137
0.020414
0.019204
0.020872
0.021679
0.020615
0.020547
0.020599
0.019638
0.020588
0.019439
0.020307
0.019593
0.029411
0.021230
0.020996
0.019906
0.019790
0.019882
0.021091
0.020795
0.020448
0.026775
0.020088
0.020780
0.020812
0.021100
0.020807
0.019917
0.020465
0.019337
0.021331
0.020105
0.019060
0.020589
0.021229
0.019241
0.020937
0.019761
0.019099
0.019528
0.019863
0.020198
0.018857
0.022171
0.035305
0.020400
0.024110
0.020518
0.020638
0.020954
0.020986
0.020386
0.020155
0.027631
0.021453
0.021277
0.020608
0.031032
0.021202
0.019584
0.021545
0.021219
0.020710
0.020468
0.021191
0.019734
0.021456
0.021544
0.021475
0.019892
0.021289
0.019973
0.019974
0.025757
0.019961
0.021374
0.020894
0.020029
0.019654
0.019923
0.023126
0.020945
0.021489
0.022734
0.020116
0.019821
0.020792
0.020707
0.020682
0.021644
0.038625
0.019580
0.019383
0.020154
0.020155
0.021343
0.021520
0.019815
0.020787
0.020990
0.021277
0.021271
0.020977
0.021302
0.020518
0.020271
0.020870
0.019654
0.020623
0.020927
0.020888
0.021234
0.020503
0.021257
0.021325
0.020611
0.028402
0.020939
0.021086
0.019293
0.021293
0.020432
0.021202
0.019543
0.020293
0.020788
0.019384
0.019937
0.021247
0.020816
0.021213
0.020857
0.021019
0.020037
0.020086
0.022209
0.027073
0.022026
0.019721
0.019788
0.024461
0.021160
0.021204
0.020755
0.021106
0.020313
0.025158
0.020537
0.020624
0.020398
0.020293
0.020438
0.021241
0.024979
0.020105
0.019269
0.020094
0.020325
0.020224
0.023779
0.020817
0.020893
0.020485
0.020783
0.020813
0.020228
0.021651
0.021612
0.020819
0.020418
0.019395
0.018143
0.019043
0.023578
0.020660
0.019381
0.018616
0.018305
0.020042
0.019984
0.028551
0.021149
0.021590
0.020554
0.020466
0.030863
0.020677
0.020198
0.019930
0.023057
0.025851
0.021070
0.020702
0.021122
0.021146
0.021266
0.019463
0.021493
0.021534
0.022754
0.028443
0.019443
0.021316
0.021737
0.021278
0.020847
0.020910
0.020626
0.020526
0.027137
0.018937
0.019227
0.020835
0.022638
0.020653
0.020546
0.028594
0.020786
0.020355
0.028546
0.020578
0.019395
0.019088
0.019201
0.025234
0.020659
0.020910
0.020189
0.019419
0.019820
0.031924
0.020303
0.019428
0.020119
0.019777
0.020309
0.020487
0.021064
0.020332
0.020452
0.019309
0.020286
0.019385
0.019488
0.019515
0.019590
0.020542
0.026584
0.020951
0.020696
0.020498
0.019993
0.034638
0.028626
0.020787
0.020648
0.020349
0.019679
0.021187
0.021333
0.020604
0.024537
0.020125
0.020755
0.020773
0.019815
0.020363
0.024366
0.028783
0.020859
0.021168
0.021038
0.019821
0.023298
0.021593
0.020130
0.021952
0.019508
0.020897
0.019718
0.021729
0.031186
0.020677
0.020708
0.021487
0.021052
0.020389
0.024100
0.020290
0.019885
0.020729
0.018995
0.028121
0.025354
0.028759
0.019218
0.021232
0.020470
0.024093
0.019342
0.020272
0.020369
0.019221
0.018515
0.028225
0.020185
0.020959
0.019953
0.025756
0.025726
0.019848
0.020286
0.020296
0.019984
0.019853
0.023015
0.020966
0.020418
0.019842
0.024926
0.026492
0.027287
0.019762
0.021312
0.020092
0.024463
0.019971
0.019214
0.021664
0.020313
0.020217
0.019402
0.019823
0.019273
0.019429
0.021692
0.019527
0.019519
0.019113
0.020136
0.020639
0.019870
0.019834
0.019285
0.019151
0.019365
0.020548
0.019383
0.020678
0.020454
0.019375
0.021106
0.029541
0.020368
0.020861
0.020665
0.027051
0.019288
0.030750
0.024914
0.019559
0.019342
0.029521
0.021036
0.022325
0.020694
0.021227
0.023960
0.021291
0.020338
0.019210
0.020497
0.019770
0.023757
0.024005
0.020321
0.020497
0.026760
0.020552
0.020693
0.026358
0.020435
0.020748
0.021105
0.020648
0.020092
0.019629
0.019877
0.022520
0.026277
0.020206
0.024312
0.025877
0.021382
0.019327
0.020814
0.029029
0.021809
0.020753
0.020699
0.020089
0.029296
0.020752
0.020438
0.046713
0.021208
0.020778
0.020313
0.020340
0.020227
0.019157
0.019577
0.020605
0.026576
0.020096
0.020480
0.021123
0.020571
0.025949
0.019723
0.020294
0.019919
0.020299
0.020546
0.021514
0.020275
0.020232
0.018797
0.020045
0.018682
0.033793
0.021197
0.030389
0.020812
0.020185
0.021086
0.020001
0.019330
0.024408
0.020641
0.024550
0.026347
0.027306
0.021006
0.022064
0.021193
0.020973
0.022260
0.021758
0.021836
0.022464
0.032668
0.029229
0.020607
0.031689
0.020880
0.021147
0.020773
0.029010
0.027179
0.021092
0.021411
0.021098
0.046882
0.021175
0.022099
0.021412
0.021088
0.020779
0.020400
0.020098
0.020807
0.033893
0.021742
0.021397
0.026482
0.029036
0.020991
0.021608
0.020773
0.029519
0.026643
0.021268
0.028261
0.021100
0.021382
0.025503
0.021075
0.020842
0.039852
0.021297
0.027647
0.020994
0.021542
0.020519
0.024005
0.021627
0.020930
0.041103
0.021489
0.023295
0.021151
0.021024
0.021175
0.025084
0.020983
0.032149
0.022380
0.021040
0.019702
0.027970
0.019504
0.022863
0.021059
0.020157
0.034522
0.019662
0.019580
0.025936
0.026744
0.020075
0.018281
0.018893
0.018986
0.026248
0.019837
0.019368
0.019383
0.019665
0.019543
0.019574
0.026703
0.035573
0.042894
0.019837
0.023939
0.024426
0.029779
0.019618
0.019520
0.019611
0.020638
0.019555
0.019854
0.019648
0.019747
0.023324
0.018443
0.018849
0.019492
0.019111
0.027931
0.020316
0.019879
0.019847
0.019403
0.019122
0.022593
0.019626
0.025938
0.018657
0.019179
0.019847
0.019639
0.020171
0.019067
0.026123
0.019520
0.020218
0.019491
0.029219
0.026810
0.019418
0.022066
0.023867
0.019234
0.020343
0.020281
0.019652
0.019602
0.019443
0.019048
0.019548
0.018349
0.019752
0.028016
0.021148
0.028408
0.037167
0.020324
0.033646
0.020515
0.019868
0.018218
0.020025
0.019259
0.019147
0.028522
0.019769
0.019314
0.018463
0.019945
0.018288
0.018638
0.019937
0.020391
0.027597
0.020018
0.020549
0.020098
0.020402
0.019828
0.025892
0.020278
0.031740
0.022128
0.019040
0.021709
0.019255
0.020047
0.020523
0.019690
0.018595
0.025270
0.020457
0.020644
0.019849
0.024909
0.019866
0.020566
0.031102
0.019050
0.020382
0.020054
0.021249
0.042652
0.040862
0.019779
0.019077
0.034991
0.019859
0.019479
0.018356
0.036918
0.024947
0.019238
0.018007
0.018279
0.019399
0.038723
0.019626
0.020462
0.029502
0.019905
0.018949
0.019729
0.018827
0.047857
0.046740
0.018602
0.019307
0.048068
0.020040
0.020242
0.019209
0.025939
0.018916
0.020227
0.030744
0.019887
0.019663
0.019581
0.019412
0.019594
0.039294
0.019251
0.018816
0.018225
0.038190
0.046856
0.038057
0.019505
0.019257
0.019641
0.019816
0.022555
0.020137
0.019647
0.018316
0.023482
0.019843
0.047328
0.018163
0.018856
0.018265
0.019776
0.019644
0.019515
0.020702
0.020704
0.022195
0.020071
0.020581
0.019256
0.028983
0.019626
0.019703
0.020198
0.019541
0.019731
0.020444
0.034153
0.020149
0.019145
0.018202
0.019259
0.024428
0.020362
0.020047
0.021893
0.019514
0.020835
0.022892
0.026254
0.020683
0.019801
0.019836
0.020335
0.024440
0.020455
0.018977
0.020436
0.019508
0.018713
0.046797
0.019689
0.021790
0.018758
0.024150
0.019240
0.020050
0.018945
0.018630
0.020802
0.020117
0.019751
0.019516
0.019639
0.019931
0.019916
0.019710
0.019911
0.020137
0.019771
0.020771
0.019838
0.021768
0.018282
0.019738
0.036899
0.034200
0.024693
0.020374
0.021196
0.020073
0.020227
0.018549
0.019688
0.019895
0.020756
0.020892
0.020420
0.018769
0.021026
0.027035
0.021488
0.021433
0.020240
0.019717
0.020225
0.019694
0.019083
0.020589
0.026220
0.020382
0.022969
0.020303
0.020243
0.019590
0.028340
0.019631
0.020310
0.019364
0.019811
0.019858
0.026483
0.019478
0.019206
0.020073
0.018647
0.018850
0.019814
0.020318
0.020231
0.020244
0.029197
0.018765
0.020111
0.020385
0.020284
0.020224
0.020263
0.019437
0.019592
0.034991
0.019365
0.024878
0.019716
0.019617
0.034297
0.018952
0.020244
0.019585
0.024611
0.025602
0.021097
0.019722
0.018728
0.019360
0.034863
0.018480
0.019915
0.029076
0.018393
0.019558
0.019359
0.024798
0.019069
0.020054
0.024542
0.020310
0.020465
0.044324
0.018381
0.018077
0.025262
0.018863
0.019772
0.026739
0.020411
0.022187
0.021247
0.019274
0.022383
0.029528
0.019516
0.019517
0.019116
0.018709
0.022551
0.019875
0.020269
0.020089
0.019215
0.020121
0.020736
0.019304
0.021367
0.019793
0.018755
0.021610
0.019376
0.021384
0.020228
0.048149
0.020765
0.019868
0.019314
0.046575
0.020947
0.021786
0.020691
0.020155
0.048547
0.019909
0.018529
0.020441
0.032699
0.019463
0.021291
0.038432
0.048440
0.020261
0.018857
0.021128
0.019835
0.020194
0.039551
0.019438
0.022059
0.020250
0.020839
0.021204
0.048298
0.027660
0.028767
0.031764
0.033153
0.020861
0.035902
0.039031
0.047842
0.020103
0.020555
0.018421
0.020411
0.020564
0.020189
0.019208
0.020157
0.019867
0.020537
0.020359
0.020232
0.018928
0.021307
0.020725
0.025262
0.020446
0.020317
0.019482
0.019644
0.022586
0.019677
0.020263
0.018628
0.039296
0.019284
0.019600
0.021338
0.026023
0.019121
0.022242
0.019414
0.020273
0.019950
0.020140
0.019530
0.019874
0.024454
0.019594
0.019195
0.019689
0.018389
0.018314
0.018202
0.018334
0.021934
0.019340
0.019671
0.024766
0.027153
0.019446
0.019816
0.018971
0.018837
0.019140
0.018900
0.018485
0.020075
0.040734
0.019509
0.020022
0.019151
0.031790
0.019624
0.019123
0.019564
0.018240
0.018633
0.020378
0.020169
0.031436
0.021401
0.020638
0.019863
0.020050
0.020516
0.024267
0.025694
0.021546
0.020596
0.020778
0.019938
0.020054
0.019875
0.028474
0.025201
0.030772
0.019148
0.019513
0.019809
0.029366
0.019798
0.020057
0.018314
0.019687
0.026438
0.019611
0.019630
0.024633
0.027402
0.036333
0.019838
0.020495
0.020262
0.020887
0.019893
0.019036
0.019682
0.018621
0.019574
0.018345
0.018855
0.022134
0.019405
0.019734
0.020251
0.020370
0.020248
0.031469
0.020117
0.020065
0.033995
0.018615
0.018632
0.019410
0.019684
0.018746
0.019060
0.024288
0.020974
0.018710
0.019700
0.018199
0.019792
0.019754
0.019637
0.019323
0.019888
0.020073
0.019871
0.018904
0.038151
0.018646
0.030710
0.019878
0.018910
0.018379
0.018758
0.020064
0.018756
0.019030
0.019524
0.018458
0.020466
0.019230
0.020211
0.023106
0.018717
0.019387
0.019298
0.018736
0.018522
0.020241
0.018048
0.018200
0.018893
0.018248
0.019777
0.018602
0.018265
0.020147
0.027194
0.019165
0.019605
0.018678
0.018432
0.019052
0.020509
0.019337
0.020364
0.020475
0.020189
0.019576
0.019270
0.018245
0.020003
0.033370
0.019030
0.018435
0.020289
0.020005
0.020159
0.020105
0.019666
0.018044
0.019952
0.030688
0.020017
0.018501
0.018350
0.018601
0.018704
0.020148
0.019416
0.018609
0.018422
0.018620
0.025557
0.020000
0.020627
0.019413
0.023917
0.019834
0.020258
0.019579
0.027344
0.018880
0.018153
0.019406
0.024024
0.018848
0.018614
0.020916
0.019844
0.032997
0.019340
0.018233
0.018913
0.019476
0.020057
0.019800
0.018341
0.018225
0.019369
0.019553
0.019597
0.019903
0.020723
0.019971
0.019148
0.019650
0.018240
0.020343
0.019267
0.018631
0.018369
0.028960
0.019287
0.020629
0.019563
0.020132
0.019786
0.019559
0.018465
0.018526
0.020171
0.019546
0.019719
0.019719
0.019103
0.019584
0.019566
0.019965
0.019276
0.019910
0.019687
0.019682
0.019669
0.026802
0.019782
0.019371
0.018966
0.018894
0.019659
0.019520
0.018129
0.020553
0.019220
0.019913
0.019663
0.020248
0.020733
0.019467
0.019574
0.018983
0.025358
0.018563
0.022971
0.019247
0.019192
0.028626
0.019449
0.020747
0.019231
0.019566
0.017828
0.019680
0.020001
0.027103
0.019124
0.018549
0.018426
0.020063
0.019250
0.018317
0.019078
0.018229
0.019840
0.018278
0.019596
0.019364
0.019912
0.018754
0.020096
0.020149
0.024350
0.018490
0.019559
0.018833
0.019872
0.019474
0.018994
0.031739
0.019145
0.019726
0.018567
0.020072
0.019401
0.018544
0.019554
0.019754
0.018705
0.022648
0.020152
0.020048
0.018581
0.018630
0.019894
0.018619
0.024144
0.019982
0.018944
0.022385
0.020445
0.018274
0.018838
0.022668
0.019999
0.019244
0.018002
0.018232
0.026239
0.019755
0.019115
0.018668
0.018892
0.026153
0.018760
0.019534
0.019913
0.021322
0.019827
0.019734
0.019685
0.018176
0.020279
0.025213
0.019583
0.019692
0.020231
0.019182
0.020746
0.018125
0.018442
0.020275
0.019714
0.024346
0.019036
0.025070
0.019309
0.019574
0.019304
0.018920
0.018430
0.019214
0.018813
0.018820
0.019573
0.019637
0.019747
0.019355
0.018236
0.018178
0.019626
0.020031
0.020223
0.018385
0.018037
0.018351
0.019495
0.019379
0.018292
0.020487
0.020036
0.019443
0.026209
0.026148
0.018832
0.019064
0.019657
0.018674
0.018420
0.019398
0.018877
0.018984
0.019938
0.019350
0.019453
0.019072
0.019575
0.018402
0.023640
0.024165
0.019709
0.018246
0.029281
0.027607
0.019827
0.022293
0.027893
0.019512
0.018318
0.018497
0.033169
0.018702
0.019496
0.046471
0.024218
0.018279
0.019897
0.026157
0.019427
0.019344
0.034325
0.019916
0.025110
0.019926
0.018440
0.018238
0.028817
0.020132
0.018212
0.018982
0.026962
0.020000
0.020187
0.019241
0.019460
0.019807
0.019170
0.019477
0.018413
0.019983
0.034598
0.019388
0.024810
0.019938
0.019923
0.019718
0.019957
0.019215
0.019519
0.019801
0.024755
0.018293
0.025496
0.022713
0.018934
0.019464
0.018932
0.023918
0.019862
0.020339
0.018895
0.019740
0.022872
0.019401
0.019380
0.020385
0.018758
0.018129
0.019473
0.028948
0.020293
0.020017
0.018284
