658.000000,352.000000,50.000000,63.000000
655.376801,353.351051,49.132050,65.323654
648.219416,355.092381,48.991894,64.765892
639.430292,357.505564,49.146496,63.136761
630.781090,358.314384,48.558548,62.548172
624.212290,359.693542,49.277935,62.658356
619.899246,360.673796,48.627167,62.220951
616.667944,360.259598,48.488850,61.769958
614.050451,360.332037,48.434895,61.399555
612.996248,360.146572,48.248867,61.712440
611.474400,362.250212,48.383415,61.698917
607.048044,365.380737,48.245861,61.487000
600.871315,365.913263,48.681442,61.515484
599.592176,365.788643,47.906467,61.542313
600.796682,365.346361,48.153309,61.418270
603.191378,365.333689,48.531521,60.971447
603.405605,362.805592,48.549965,61.370781
601.130054,360.415520,48.473595,61.916061
600.647223,358.332382,48.822498,62.580170
600.821558,356.298130,49.280712,62.243370
602.760984,354.893150,48.975895,61.824692
604.514046,354.248510,49.157974,61.603382
605.394106,354.316492,49.301815,61.827740
605.856901,354.425346,49.732456,62.140793
606.726868,355.174667,50.734497,63.094666
607.634970,355.101206,50.592426,63.368389
608.303144,355.117224,50.747196,63.948994
608.049528,355.557350,51.157841,64.272476
607.718151,356.947243,52.092934,64.798752
608.308508,358.083595,52.471088,65.911270
608.910307,358.956818,52.507389,66.042480
610.291597,361.211182,53.117153,67.457794
612.378870,362.170105,53.521038,67.753815
614.729443,363.829021,53.524391,68.924629
616.139952,366.281582,53.951023,69.449501
616.464090,366.455868,54.309368,69.831367
616.346542,368.396961,55.426697,71.396202
617.053045,367.576435,55.470356,71.314629
619.235798,367.678501,55.375786,71.585960
621.720640,367.224976,55.561680,71.995331
623.571007,366.700802,55.706680,71.489296
625.395018,366.688629,55.821384,71.676544
625.058113,365.686543,56.520950,71.444176
624.862003,366.704704,56.791313,70.861252
623.397463,367.773533,56.183620,69.843468
623.019894,368.722488,56.128090,68.595856
620.986696,369.486053,56.848629,68.367645
623.226660,368.592739,55.729786,68.666725
625.171047,367.078506,56.207191,69.017120
626.984587,363.951416,57.202732,69.271515
628.384308,361.015320,56.456329,68.963745
628.771727,357.728245,56.312717,69.275871
630.250793,353.825291,55.577271,68.098595
630.033354,349.536236,56.306095,67.357002
630.111097,345.411324,56.288242,66.879440
629.722132,340.495113,56.381512,66.677132
630.713438,335.345886,55.636906,67.094849
629.279594,330.978020,56.758255,66.402145
629.025970,326.372585,57.009369,66.403999
626.409641,322.697533,57.589592,65.565475
624.779423,320.730492,57.419182,63.793350
622.197325,318.723122,56.720646,62.352005
618.578049,315.460993,56.097626,62.263378
615.104240,312.379412,57.607437,61.383877
612.885857,309.973976,58.561844,59.997604
610.944475,307.226419,57.753017,59.941753
608.798874,303.114717,58.303345,60.481350
606.085796,298.087463,58.325386,61.599762
602.938889,292.308975,59.069885,62.878265
601.164255,287.270899,58.666515,63.241985
600.528423,281.602501,59.259346,64.405716
600.344742,277.441990,58.735016,64.332176
599.461248,273.885361,58.176380,64.853821
597.428846,272.422737,58.010288,64.997391
596.440369,270.294907,58.296478,66.231873
595.688488,270.041615,58.435432,66.290855
596.084562,270.685658,58.728245,66.834038
599.029877,271.487076,57.365295,66.729065
600.852564,272.257053,57.504101,66.034386
604.166115,273.218822,57.422073,65.487556
607.167423,273.644707,57.446922,65.679092
608.174767,272.540718,58.501297,66.067368
610.218954,270.902786,58.232502,66.417114
611.364031,269.317574,57.650661,66.506882
613.039314,269.291054,57.116104,64.940689
613.017677,268.857557,58.347824,63.773472
614.948528,266.674068,57.980843,64.056831
615.906275,265.196198,57.800884,64.187775
616.492064,263.177570,57.700199,64.444664
616.766727,262.137398,58.004784,64.406784
616.540627,261.822941,57.714432,64.021599
616.803276,261.096725,58.132950,63.620941
616.656986,261.291821,58.526146,63.351723
616.905525,260.141144,58.803543,63.925842
617.608620,258.212662,58.408646,64.476807
619.427786,257.799183,58.336475,64.633537
619.396231,257.801044,58.465565,64.300102
621.376884,257.168072,58.193527,64.576637
624.211426,256.452274,57.951996,65.320305
627.602558,256.727444,58.052513,65.888466
631.816406,256.078213,58.535156,67.837318
638.783007,257.408264,60.961361,69.172119
649.098812,260.037415,64.573128,71.954315
660.568684,263.314796,64.791985,73.407608
664.563622,265.182308,64.755905,72.679268
660.359772,263.190857,66.340302,74.308746
655.161270,263.913891,65.336212,73.044899
653.512230,265.019283,65.777206,73.521248
656.671745,265.966206,64.999222,74.034630
658.805950,267.383793,66.337288,74.346886
662.562504,265.904568,66.583580,74.851723
666.533684,266.402027,67.074966,74.206078
669.387756,266.781151,66.764557,74.068924
671.498497,267.593632,67.462387,75.154350
673.334572,265.839893,68.226639,76.755089
676.817940,264.842003,67.991379,77.221298
676.171379,262.568104,68.917618,76.519371
673.275524,257.443100,67.229561,76.775085
669.355770,254.086704,66.373878,74.369011
661.417179,249.895229,66.585991,71.349648
653.283106,244.038353,63.768505,69.511887
642.009388,237.032730,65.066673,69.067017
632.637547,227.011055,62.611382,69.255753
627.015387,221.743023,60.679768,65.501045
624.942965,219.532982,60.453335,62.997238
624.360453,217.247818,60.765545,62.280487
625.514063,215.478312,61.618725,61.582104
627.670891,212.865847,61.257797,61.821285
628.945152,211.245571,60.423721,61.497932
627.291410,211.401197,60.020237,61.683506
623.407829,210.642715,61.158310,61.897827
616.096064,212.490749,61.368450,61.798561
608.423368,217.224308,63.074436,64.969414
606.430071,222.518635,61.951778,65.422264
604.515442,226.031399,62.821899,67.677315
609.218189,229.716362,60.861534,71.945358
613.785603,232.885235,60.342186,72.226326
616.197145,236.058968,60.344082,72.828690
615.308784,237.945305,60.472397,73.044601
614.423952,238.117218,60.699886,73.625153
614.391329,239.262493,61.217403,74.245094
614.937517,240.733021,60.879055,74.137077
616.281162,241.190311,61.430260,74.520805
617.346519,242.300964,61.129349,74.740662
617.651350,242.460445,60.534885,75.229195
618.369928,244.030331,60.520733,74.491005
620.275740,244.571152,60.720127,74.183807
623.311449,242.791828,60.596889,73.520195
626.001572,241.405724,60.667572,73.502151
629.025106,240.902985,60.850758,74.608032
630.330170,240.241917,60.270172,73.732780
631.094105,241.062260,60.460381,73.602074
631.577377,239.495041,60.249268,73.352203
633.030256,237.677715,59.361607,73.232368
633.859663,237.425362,60.147404,73.148087
636.093050,236.738766,60.199245,72.241920
637.326460,235.299004,60.119358,73.045486
637.718628,235.506050,60.113983,72.312729
637.677015,235.439869,60.153721,72.047813
638.031477,236.463116,59.918156,71.464729
638.557917,236.554916,59.448223,70.375671
638.601740,236.364403,59.600750,70.321518
638.463985,236.558762,59.553932,69.755310
637.700403,236.949554,59.592175,69.595764
638.110096,236.800537,59.035851,69.307678
638.054783,235.744667,58.993217,69.103928
638.325825,234.689316,58.670891,68.933441
639.184717,233.268635,59.026714,69.393883
640.680750,232.295486,59.013531,69.601685
640.759081,229.926590,59.113766,70.711700
641.444717,231.182087,58.692017,69.918419
640.810240,231.613655,59.348454,68.822952
640.312054,233.701633,59.162636,68.618553
637.784590,233.898491,59.918461,68.567215
636.445377,233.896145,59.397758,68.903725
635.782887,234.801407,59.634544,68.866028
635.966923,234.235294,60.053215,68.288261
636.552816,233.728825,60.491474,68.012413
636.882807,233.038586,60.377880,67.895973
636.630337,232.270699,60.474678,67.770737
638.643299,230.833092,60.109184,67.863602
638.368393,230.255299,60.756409,67.523796
640.779385,229.596840,60.254005,67.574356
642.507130,229.921886,60.368034,66.809456
644.551601,229.430840,60.786354,66.986832
646.778801,228.746887,60.705368,67.169189
648.291170,229.250130,60.771999,67.416824
649.589195,229.074112,60.981003,67.973602
650.766647,228.445232,61.322144,68.228127
652.792440,227.467411,60.848011,68.803337
654.701036,227.828102,60.872036,69.245895
656.056089,228.760685,60.706089,69.672081
659.160030,231.329342,60.040565,68.367134
660.132893,233.520741,59.859642,68.130211
661.153059,234.072708,60.876865,66.802856
664.240326,235.117935,60.774902,66.850342
668.158516,235.932201,60.166580,66.639229
670.474079,236.137089,60.854820,66.478020
673.901676,237.730316,60.370506,66.068329
675.190821,239.588535,60.899395,65.373894
676.014999,242.041599,60.732056,64.391258
675.617390,242.039495,59.821220,63.608906
675.042198,243.382549,59.855057,63.077278
673.552402,243.458172,59.613670,61.919533
672.581131,243.803705,59.653992,62.522839
671.327354,244.323860,59.346817,62.375473
669.113455,244.741032,59.821125,62.967766
667.762377,244.408009,59.999538,64.501060
667.065552,243.656044,60.507263,67.065567
665.261160,242.894577,61.932209,70.909027
663.778250,244.228512,62.572102,74.564186
660.798649,244.933636,64.779564,80.475349
660.392349,250.109840,66.393036,84.660995
657.675308,255.954292,69.945251,88.845322
656.188457,262.713642,73.219948,93.151237
655.951504,270.404663,77.092384,95.339966
656.287552,279.297321,80.988251,97.537132
659.241013,287.205540,86.610809,97.428459
663.568005,294.690235,90.057381,96.899223
670.254539,298.796852,92.789963,97.561234
674.159901,298.828701,87.788902,94.437355
677.931519,296.907196,86.936432,95.856842
680.644337,293.599056,86.305443,93.830421
682.636772,288.631641,85.242691,93.770256
682.886490,286.112812,84.506592,94.687218
682.184032,286.441948,84.163155,94.034409
681.456047,286.716564,82.931534,92.802498
682.170593,288.458336,82.585663,92.434280
682.939583,288.702385,82.162216,93.281845
685.090454,287.112328,81.186890,92.682449
687.643871,282.634769,79.700752,91.685692
690.382465,274.155540,79.029778,92.151688
690.258976,266.364750,78.683250,93.468346
687.978485,258.983059,76.132202,91.809975
683.248737,253.114220,75.677177,90.500320
677.697456,246.937126,74.166824,87.284561
672.489674,240.669380,72.125786,85.010635
667.550888,236.780174,70.331879,82.810074
664.704269,233.539883,68.511536,81.505135
662.998486,232.871597,66.801826,79.263702
662.008060,232.539066,64.296227,78.086571
661.138298,233.557343,63.075974,77.397644
660.720104,235.657368,63.795845,78.282646
659.908182,239.702271,62.729961,78.416748
657.429745,244.631840,63.461067,77.982384
655.559423,246.177273,61.924549,75.836159
654.674728,246.020512,61.683289,74.289330
654.697746,243.829468,61.132095,73.862213
656.855919,241.029293,60.363022,73.233009
657.661303,238.381733,60.534725,72.913231
659.258301,234.996933,60.657135,72.998505
657.174593,232.082188,60.974636,73.495415
653.289328,230.881332,60.445179,73.281860
649.129850,230.603462,60.415714,72.467392
646.268217,231.109444,60.539677,71.990463
645.034342,230.611191,60.737835,72.604553
644.607328,232.569073,60.724277,73.122566
645.007130,234.183327,61.163170,75.055801
644.715721,238.212208,60.944626,76.289726
644.161434,241.806454,61.357124,76.577309
644.037912,244.950474,61.354565,77.464439
643.627037,247.652954,61.439774,78.255920
643.481926,248.619259,61.509659,77.865425
643.378284,248.162785,61.427696,77.986107
643.220348,247.038395,61.583809,77.243126
643.061832,245.791313,61.251549,76.948166
643.102488,244.275204,61.602337,76.572182
643.249805,241.891048,61.625206,76.344551
643.383051,240.170197,61.170605,75.911377
644.108709,238.384064,61.301868,75.668640
644.355848,237.557304,61.284458,74.933212
645.220835,237.213074,60.763012,74.415131
645.088032,238.327068,60.981743,74.206490
645.449017,237.807625,60.798622,74.871475
645.413319,239.741852,60.884270,74.412109
646.330030,242.283485,60.479435,74.545151
646.378704,243.928684,60.503242,74.590446
646.950418,249.284821,60.364391,73.748993
648.374727,253.311073,60.178036,73.509842
648.342234,255.236454,60.267193,73.284935
648.540663,257.606014,59.864567,74.299141
649.705872,257.483459,60.789642,75.022125
650.887749,258.245720,60.615067,75.510757
651.755634,258.556122,61.202843,75.381714
653.865757,259.698093,60.717094,75.333794
654.046337,259.536991,60.689705,75.214409
654.459570,259.530025,60.474384,75.144234
652.769032,261.314808,60.300560,72.699669
652.095392,259.547424,60.407146,73.173859
650.364305,260.058899,59.960934,71.679901
649.397459,260.403908,59.545780,69.920883
647.262823,260.156826,60.080769,67.741219
647.464304,256.762253,60.087139,68.051208
647.117081,251.690056,60.052765,69.379990
648.256327,247.408310,60.365734,70.006165
648.856359,245.369579,60.212635,69.220222
647.028870,245.273174,60.764771,67.406929
644.176832,244.937435,60.645390,65.794289
642.317110,244.116657,60.330532,66.220451
641.428329,243.931782,60.215546,66.405968
642.591171,244.322563,59.985229,66.987656
642.763895,247.009476,59.796886,67.016968
642.110107,247.962173,60.390228,67.968292
641.003811,251.652191,60.283394,66.991180
640.331289,253.714554,60.209553,66.781555
639.516907,254.358215,60.211182,67.812103
637.539783,256.416538,60.049370,67.498253
637.167042,256.758114,60.150352,68.199654
635.612970,258.022110,60.405315,68.274963
633.304544,257.057198,61.017681,69.832901
632.568979,257.589260,60.956310,71.358345
630.052416,257.886040,61.795620,72.551651
630.756908,256.380581,61.393166,74.669991
631.011658,257.689556,62.043060,76.856544
633.150024,257.773159,61.487305,77.558144
633.326452,258.605614,62.137653,76.986649
633.197832,260.512253,62.466915,76.841034
631.567776,260.472412,62.729347,77.746399
630.765646,260.230263,63.115314,78.604813
630.689861,260.421692,63.605141,79.273285
633.106337,260.342735,63.213139,80.691940
633.835949,261.349152,63.599892,80.637299
636.071289,262.600697,63.448456,81.352959
635.734486,263.475357,63.844933,82.128082
634.373642,264.545246,64.032013,81.509392
631.200207,266.089607,63.944679,81.858170
627.650974,267.873425,65.213310,82.725929
625.874401,269.484837,66.497444,84.910088
627.018173,270.920971,66.195648,86.052406
629.283768,273.420952,66.934357,87.240372
631.375572,274.522938,67.284866,88.301964
632.976044,276.529968,66.531219,87.864716
633.226517,277.412308,66.071838,87.381714
634.435909,277.869049,65.564980,86.310638
632.786640,277.729790,64.891441,86.003922
631.593594,278.321732,65.016304,87.219818
629.184429,281.238537,65.405769,87.275734
628.565414,282.527031,65.410522,88.169815
628.262886,283.999928,65.448380,88.566368
628.641293,285.077084,65.574898,88.672646
628.583424,286.592361,65.084251,88.808563
626.884155,286.529671,64.882629,88.765030
626.286705,285.998924,65.165176,88.723923
625.257957,285.259380,65.503311,88.521980
625.103779,285.585915,66.000816,88.493484
624.298153,286.477947,66.402168,89.148537
624.752270,285.725586,66.316780,89.328705
627.065952,285.527634,65.891808,88.382324
630.262932,284.059345,65.024185,87.885155
633.457935,282.564709,64.860466,87.079597
636.202740,280.123516,64.375130,87.141579
636.776245,277.610195,64.684875,87.754768
636.773090,275.487827,64.639915,87.770439
637.557892,273.631210,64.781891,87.349457
640.400517,272.919338,64.203636,86.056007
641.223576,272.510761,64.585716,85.445946
643.962147,271.711636,64.017326,85.533089
646.186146,270.637051,63.607811,85.069130
646.989620,268.777992,63.877937,84.667648
646.419655,267.517967,64.682724,83.917618
646.809727,266.202831,64.434044,83.271706
645.092113,265.732071,64.094398,83.349213
645.690357,265.314606,64.207573,82.827942
645.530640,264.880585,64.513947,83.217224
645.277248,264.748489,64.702858,82.929688
645.663158,265.027081,64.836555,82.705177
645.562080,265.417198,64.349838,83.147659
644.937317,265.397518,64.725861,83.201210
643.024250,265.899399,64.447502,82.884583
642.132099,265.431896,65.140526,82.627205
641.000046,264.608883,64.346497,82.544167
640.525604,263.997513,64.343292,82.451080
640.977566,263.148521,64.399055,82.376389
640.165527,262.552334,64.410614,82.639687
639.563211,262.796757,63.870464,83.290977
638.191557,262.221642,63.576267,82.681107
637.175076,261.697281,64.388313,82.517914
636.413275,261.114281,63.213306,82.609207
636.975124,259.717606,63.590157,82.552612
636.922117,257.446899,63.978794,82.582062
635.887238,253.963070,64.182678,82.828377
636.536089,251.362770,63.762905,82.858047
635.559488,248.390430,63.978832,82.783989
633.407333,245.995926,64.621094,82.964966
633.758060,244.473312,64.535820,83.154572
632.778015,242.687626,64.395203,83.092583
633.930611,243.130577,64.182755,82.734085
634.943909,243.281662,63.630798,81.835571
636.359875,243.426083,63.268166,81.562752
636.618694,244.749462,63.495491,80.650429
637.836340,245.566189,63.045734,80.524055
638.151581,247.377457,63.057037,80.343811
638.558865,248.895626,63.004280,80.147713
639.498680,251.664528,63.061447,79.688766
640.368538,254.878895,62.776962,79.772301
641.526081,256.853722,62.777214,79.938736
643.222603,259.107243,62.202774,79.529228
643.525852,259.120781,62.589409,79.407669
644.050776,259.065811,62.640789,80.304871
644.085045,258.196163,62.998825,80.900551
645.484283,258.492531,62.566833,81.489761
645.965584,259.131504,62.905197,81.425529
646.756788,260.044594,62.850681,81.083206
647.338367,261.412041,62.223076,80.825699
647.756393,262.672180,62.379456,80.622284
650.504622,262.869011,61.048923,81.165665
654.122004,262.892982,60.843426,80.212540
657.392231,262.124279,61.412254,78.974037
660.241079,262.754208,61.826923,77.222633
660.581532,263.192307,62.331139,75.579285
658.672657,262.607029,61.452690,75.087364
658.267073,264.073196,61.855930,74.372864
658.866686,264.847610,61.794216,73.578949
661.538982,264.854416,61.146156,73.218750
664.515488,265.295902,59.964600,74.275383
665.605114,265.667065,60.594185,75.439705
663.781239,265.499630,61.044548,74.763039
661.353127,265.581379,60.680954,74.806297
658.930254,265.415680,60.997341,74.928864
658.031538,264.456028,61.877720,74.080956
659.065754,262.759197,62.448662,73.905891
660.636591,260.762768,61.899761,74.584908
661.123611,259.790619,61.387299,75.469116
663.662645,259.465904,61.462582,74.995956
665.541739,258.989182,61.900532,75.367188
669.186127,258.243500,61.295044,75.479736
672.406700,258.918228,60.787491,75.386841
676.645611,257.734409,60.066536,75.985313
677.602106,253.363575,61.756207,77.208641
680.463497,245.093746,61.002083,79.558876
682.318174,236.892460,61.653660,81.554741
681.974884,230.726936,61.549347,81.481644
678.469904,224.196613,61.624157,82.225853
667.705944,223.675941,62.732521,81.732986
656.214001,224.216560,64.157021,85.020615
653.656631,229.075737,65.639496,83.943588
655.562378,233.996460,62.910461,81.077789
657.368822,237.644131,61.411404,78.587929
658.670645,237.230751,61.535206,79.786087
659.547438,236.480228,61.735661,80.377434
659.777042,236.934315,61.896965,80.411552
659.659725,236.547138,60.683479,80.822502
657.042536,239.560127,59.852215,78.730759
654.557261,240.611973,60.988079,78.251091
652.360464,242.406967,60.512379,77.858154
649.940674,244.423370,61.369629,77.827301
649.549255,245.509186,61.111877,78.094025
649.935453,245.910995,60.900120,77.826782
649.692577,247.479515,60.740364,78.528732
649.316696,247.745434,60.928589,77.803017
648.420010,250.085011,61.373848,78.509483
646.575172,251.832970,61.489639,78.272141
643.826647,254.387527,61.605831,79.346558
640.897909,256.539009,62.454304,80.814682
639.472395,258.981014,63.165928,82.476509
636.716152,261.873020,64.023811,82.801231
635.653126,264.748928,64.530571,84.320625
634.527367,266.960476,64.491592,84.294106
632.959723,266.969437,63.457691,84.559448
630.439119,268.020504,63.786282,83.338539
625.534040,267.927460,63.581333,82.689911
619.534622,267.336445,63.612427,81.723900
611.050014,266.880024,64.807411,81.531212
607.309063,267.324341,62.680885,80.441711
615.951920,266.392937,62.117249,78.774338
618.171143,265.951427,60.588745,79.667244
616.248302,266.410202,60.482552,78.560120
615.664148,267.536808,60.408215,78.761681
617.171852,267.894005,60.246536,79.737167
616.839369,267.470814,59.426456,79.402977
616.633205,266.492321,59.429512,78.515755
617.106417,264.559620,60.062679,79.301201
617.766375,263.243717,59.549496,79.587669
618.373161,261.355164,60.137619,80.327484
620.687222,260.449196,60.388100,80.341965
622.526592,260.171295,60.898903,81.708160
625.338018,258.740711,59.667866,81.568321
626.408741,259.787739,59.260429,83.958549
624.286152,260.907448,61.304863,86.391434
625.143507,263.137390,61.817753,85.610382
626.719179,264.483959,62.077053,85.807228
628.483259,265.278103,62.371555,86.335060
629.679300,266.607479,62.078716,86.069221
629.945023,267.050400,61.881042,85.927063
630.165689,266.966156,62.197002,85.855652
628.499634,266.627048,62.342743,86.364952
625.942562,267.027241,62.405647,85.483086
621.321533,266.177273,63.380127,85.573402
616.871223,266.149216,63.479538,85.177612
613.889219,264.477341,62.746037,85.666382
611.386217,263.286243,62.192287,85.607018
609.529644,262.332611,62.026161,84.810150
608.977110,262.918640,61.072666,84.456604
609.905693,266.067795,57.086685,80.726044
611.594948,264.829418,54.759995,83.220619
611.894981,267.371761,52.333023,80.986794
612.145411,268.911461,51.380596,79.785660
614.428106,269.518520,50.199574,79.260078
615.216627,269.182590,49.438694,78.819969
617.087032,267.588474,50.809517,79.315605
618.141945,268.128647,50.015793,78.339630
618.410904,266.935165,49.334839,78.762268
619.475557,266.623817,49.182674,77.971664
620.137451,264.744427,49.331329,78.514900
621.044603,265.160244,49.100887,77.807930
621.544292,264.378666,48.956551,77.989128
623.038551,262.469536,47.897720,79.215195
623.169203,262.748997,49.322880,78.203789
622.771109,263.315441,50.796070,78.589058
624.867886,264.051029,49.194191,77.344780
624.894899,265.944035,49.375607,77.151604
624.933281,266.439373,48.594711,76.868446
622.874598,267.251408,49.771404,77.331322
622.323015,268.283936,49.643734,78.052795
622.560314,268.519974,47.933388,78.239899
621.552563,267.534798,47.442085,79.174576
618.719345,266.532700,48.863983,78.708435
617.515200,264.921814,48.210293,80.589447
615.668705,264.573513,48.957024,78.579994
613.483107,264.212219,48.908390,78.808197
612.808569,263.144077,48.683674,78.233604
609.562366,262.649174,49.444878,77.438683
608.021406,262.972458,49.771122,77.092255
604.901119,258.764095,50.627327,80.069283
605.516834,260.986053,48.039330,77.834137
601.767878,256.426559,50.788494,80.324310
600.412949,256.094913,53.862915,78.623741
595.392372,247.333706,62.379593,86.685646
595.335335,245.089512,63.724808,87.250908
595.773663,243.670197,64.223427,87.141663
595.533722,242.320503,64.307983,86.559433
593.433891,240.607464,64.457474,86.853096
593.110371,238.843971,65.193230,87.041092
593.091415,237.617836,65.495361,87.118210
594.014481,235.901920,65.321930,87.792992
595.597790,234.138283,65.248146,88.037003
596.136070,232.394089,65.865860,88.116699
597.317532,231.106480,65.509163,88.495811
597.875607,229.942608,65.864265,88.359871
598.920284,228.318222,65.947182,88.078369
600.444756,226.751698,65.654190,87.262230
602.049957,224.138947,65.565582,86.627106
604.198898,221.596836,65.098999,86.932793
605.868172,218.717865,64.992294,86.800690
608.187057,216.908680,65.194092,86.732658
610.621964,216.159092,64.920746,85.576836
612.992733,215.499664,64.896584,85.598572
615.511051,214.380692,65.204216,86.217316
616.774593,213.356007,66.202797,88.070641
618.428078,212.649170,67.208511,90.065094
620.310814,211.391266,67.512070,91.644958
622.496174,211.271385,67.835777,91.795425
624.325123,209.900745,68.517845,92.657646
625.929031,207.859692,68.932343,93.837349
626.171692,206.740505,69.069855,93.875801
625.542839,202.689816,70.471512,95.018745
625.235512,198.227673,70.402267,96.049751
627.162163,192.555958,69.689072,97.198021
626.395081,188.519062,70.654297,96.900291
626.813465,183.972881,70.669579,97.573189
627.905182,180.359283,70.452942,98.004517
626.983997,178.664650,70.301170,97.993484
627.100712,177.051567,69.821281,97.923294
627.049240,178.544136,70.247955,96.114883
626.348454,182.458725,71.061638,94.116058
626.631969,186.411953,72.377785,96.220131
625.202583,191.748459,72.407791,97.562439
625.188980,199.136604,72.686798,100.747055
623.787464,207.705070,73.345848,102.322128
622.979729,217.339893,75.297287,103.120232
621.691036,226.388863,75.006966,103.643448
622.022251,231.340046,76.280907,105.119102
623.464592,235.310642,77.087143,106.284569
625.233864,237.647316,78.135330,107.000381
628.211098,238.673065,78.548233,107.381256
630.544201,239.362400,77.888924,107.766045
630.322346,238.191784,78.677055,107.382393
629.656620,237.568645,78.703239,107.967445
628.644749,236.511257,79.209831,108.827522
628.653408,234.414886,79.926155,110.179993
628.360088,231.115128,79.426552,110.134064
629.444546,230.080837,80.363564,109.533302
630.216885,227.166481,80.611794,110.652481
631.357349,225.183239,80.196098,111.613930
631.609745,223.334747,80.486320,111.659790
631.831886,220.742462,80.263229,112.337982
632.195656,219.739807,80.156937,111.729462
630.348850,215.974258,80.485497,112.699341
630.223709,214.009823,81.225494,112.597725
629.368080,210.857822,80.738602,112.191612
628.091885,207.183689,81.259590,113.075859
627.502613,201.488464,81.223869,114.496033
625.675842,195.338322,83.445038,116.372429
627.319286,187.558105,82.667671,117.287689
628.498192,178.116405,81.914902,118.761391
629.633850,172.302917,82.516846,118.509644
631.399689,163.585899,83.735077,117.891495
633.398571,155.783146,83.876503,118.427483
637.044891,150.283222,83.874939,116.094292
640.579048,145.659168,83.913834,116.922600
640.569534,144.685181,85.056549,117.194061
638.846752,146.366314,87.326912,121.081856
640.971306,147.534866,91.423264,129.629272
652.990997,140.585587,90.845978,129.457214
664.337975,133.625595,92.221237,128.570984
672.174915,130.348423,88.730583,126.703270
671.205410,131.961884,86.967201,124.131744
663.345604,136.212036,89.097275,128.998871
660.584854,142.585804,88.286316,127.639885
660.382523,147.198036,87.705933,125.283829
661.542732,149.839043,87.199844,123.379807
663.948898,147.656181,86.312866,122.490829
664.124878,144.614838,86.257294,121.814972
664.275311,140.755600,84.988411,119.412872
663.379688,138.462540,81.383537,115.532349
659.473427,139.751984,80.341904,110.610962
649.998360,148.441467,84.656052,116.653198
636.749680,157.822708,91.210632,131.152679
640.444492,158.634697,98.043175,135.911148
656.801121,152.390022,94.651146,130.431198
670.613121,146.512012,86.454636,123.644615
671.114574,145.474052,86.513252,122.310684
668.520943,148.787598,87.356888,124.099976
667.557392,151.856873,89.198418,123.186340
669.575508,152.724594,88.801834,122.501678
671.919502,151.405193,88.218094,123.344643
673.875366,150.071529,88.172333,122.749458
677.367844,147.070946,87.425110,122.413773
679.999275,143.685432,86.741226,122.238205
681.744556,140.733685,86.651604,120.186470
681.853336,136.873425,86.927605,120.491615
682.952080,133.903503,87.109451,120.821899
682.661476,131.183372,87.571396,122.098282
682.657734,131.355862,88.522911,121.427498
683.034260,130.533646,88.278221,122.461700
681.676220,132.462914,88.228004,123.095535
680.635723,136.641117,87.556801,123.853996
678.321224,141.683453,88.430367,124.221718
676.433105,144.976070,89.315125,123.731819
676.840855,147.101597,89.983452,123.268913
679.123703,149.243271,89.972809,124.451630
679.109386,152.047176,90.296120,124.727974
677.713264,155.156464,89.287277,124.881897
673.801163,160.447117,88.419708,126.008110
665.760574,165.640896,91.238434,126.133125
659.871468,170.246414,90.763718,124.231354
657.326981,172.676727,90.285919,123.530151
656.866714,175.103149,89.848907,124.250854
657.797710,176.702839,90.723305,122.374290
656.954750,178.345119,89.542953,121.120491
657.398094,178.177235,90.540909,120.612083
656.624664,177.544571,88.656738,119.706146
655.782398,176.188240,88.456078,119.675034
654.784206,173.909180,87.886116,120.265320
654.794937,173.005226,89.513885,120.279648
654.865120,172.985165,88.581589,119.760201
654.521053,174.494869,89.606392,119.022041
654.424816,174.564369,88.942177,119.936691
654.382252,177.561832,88.705284,120.289665
653.776077,180.099209,89.502960,119.424629
652.580425,183.563114,89.678261,119.951530
652.237625,186.451977,89.136627,118.019875
651.655735,188.940269,88.018669,118.339371
650.347588,188.558449,87.669571,121.020554
648.310921,191.419502,89.232834,119.291550
646.409016,192.658024,89.175377,120.770073
646.164192,193.020802,89.175766,120.451378
644.435009,193.591766,89.446144,122.429260
643.732265,195.741894,90.817635,121.028725
643.791149,196.401936,89.976784,119.144798
645.074467,197.136044,91.115593,121.696297
647.507816,197.689568,91.164970,124.787186
651.392677,198.115337,92.063034,122.131630
656.606194,196.560883,91.671585,127.181519
658.591141,195.718605,94.368073,128.595993
659.395248,192.915543,93.250397,129.682404
658.117138,190.917755,92.826820,133.807800
655.187302,190.869934,93.131012,132.216614
652.451130,191.103279,93.248985,133.443466
650.257648,188.219360,95.052330,137.787476
648.679356,186.046356,99.245842,142.497864
649.245087,185.089531,101.741821,147.886551
655.883129,188.699997,103.876991,149.391998
665.597504,191.294716,104.683289,152.365463
675.227699,195.519272,104.898178,150.441437
686.374706,198.004028,106.017921,150.816711
698.616352,195.010307,108.240135,150.676163
713.226021,188.299202,110.438644,151.713425
724.501465,181.954735,114.112183,150.057449
734.493244,174.468872,112.586571,150.383362
739.350315,164.958244,111.785454,147.188126
733.900715,153.515312,112.814781,151.856949
718.335560,142.448875,111.465843,151.851456
700.850002,130.333183,109.326790,150.568130
686.361111,120.546432,108.477364,147.841766
675.420670,112.546021,105.422089,148.144287
665.253082,107.140305,102.671692,143.697479
655.122150,105.345108,100.351341,136.244110
641.533356,98.411156,99.901550,132.012589
631.921528,89.870384,99.660973,134.283768
628.570221,80.991371,102.535217,137.714157
631.250538,74.877701,104.511925,141.434906
636.008270,70.854317,105.261719,144.304855
644.385597,70.006615,105.977890,147.597610
653.771793,72.497559,107.764397,150.668030
662.393257,75.521339,110.709213,155.822617
673.208103,79.459160,115.356438,160.200760
687.199364,85.206337,116.966507,164.245712
699.617069,91.182152,119.193352,165.158340
713.276653,89.821075,119.489662,163.820435
726.488785,83.785210,123.970062,161.095413
754.403259,78.247375,122.888306,164.396179
783.779144,76.107964,124.893250,166.168777
813.875332,70.169815,124.563850,164.757782
841.135883,60.716156,125.098351,164.045349
865.121639,51.205513,121.971504,159.550644
887.272484,40.663986,118.941605,157.162567
906.026402,34.359589,119.176567,153.294128
927.054729,27.411110,117.134010,149.250107
950.773113,21.978645,117.874489,148.621872
973.283810,16.895966,117.442085,148.862000
993.314468,11.005539,121.462982,149.510468
1007.733486,7.856781,122.188667,147.539856
1015.042843,5.668442,120.867928,146.041351
1017.813858,5.309235,119.085419,143.947388
1019.363419,5.016685,117.148895,141.847855
1021.281113,4.593124,116.366913,142.011383
1020.792675,3.816765,115.517860,141.626419
1016.590542,4.778267,111.836739,139.094528
1010.593052,5.673523,110.741570,136.029541
1007.878014,4.896942,110.130203,135.928955
1004.405617,2.345932,111.256088,136.838837
1001.244610,1.990623,110.349403,136.192886
997.961021,0.442856,110.519730,135.232574
996.103287,0.515434,111.421844,133.789871
993.590836,0.805573,110.520355,131.765564
990.151337,0.408951,110.451416,130.036407
985.693275,0.730453,110.189682,129.926971
979.882885,0.393494,109.505165,128.766296
972.963413,0.031326,109.139885,127.850983
967.530586,0.872124,110.671494,126.960709
963.626732,0.000000,110.241287,127.016628
957.780861,0.000000,108.887253,126.553240
951.181107,0.022195,109.210114,126.513977
944.245724,0.581040,108.015450,126.553940
936.754761,0.229218,107.510498,127.438431
929.607010,0.000000,107.102875,127.292218
922.289204,0.000000,107.769310,127.068579
915.386311,0.000000,107.380333,126.873767
909.541077,0.841604,106.090393,126.196419
903.308834,0.718431,105.744148,126.898941
897.493469,0.898290,105.560242,127.207130
891.528687,0.000000,105.534912,128.634348
885.183235,0.553830,104.666916,130.272293
879.954857,0.548634,103.864334,132.777252
876.157619,2.285680,103.262093,133.622070
872.808338,4.393315,103.464867,134.902832
868.936749,8.596967,103.154213,133.470322
864.912174,10.075360,102.554314,134.133224
861.186596,13.244283,102.165504,132.683685
858.618885,15.462292,101.809654,132.670029
856.225414,17.353581,101.509926,131.262695
854.626575,18.417683,101.633873,132.115936
852.402851,19.673627,101.996971,132.400375
849.883148,19.973859,102.897644,132.785446
848.310265,21.078236,103.170547,133.754730
846.048973,21.739583,103.416153,133.903229
844.728050,22.669415,104.355179,135.092758
843.233025,21.390302,104.891190,136.357956
841.761189,20.042172,105.175682,136.906876
838.228603,20.170033,104.327339,137.130951
831.559471,17.978589,105.024918,137.724228
826.766556,15.704305,104.204987,137.072418
821.524406,14.831822,104.183792,136.442200
818.491322,11.145650,104.312218,137.506134
817.286575,10.114087,103.966766,136.974655
816.131874,6.718625,105.748947,139.043777
815.724865,4.348302,105.408730,140.477905
814.015648,3.466985,105.774490,141.995972
814.269802,3.289265,107.130440,143.306732
814.341808,2.975858,107.348976,142.627151
814.871647,2.911198,108.605217,142.376282
815.491436,1.864102,108.442543,143.094742
814.764885,0.404736,108.514359,143.878036
812.340477,0.620335,108.939835,141.874451
812.101128,0.000000,110.330032,140.404530
812.122570,0.000000,110.271034,140.038950
812.557369,0.000000,111.180855,138.900853
813.877789,1.065257,111.733681,137.668289
815.152397,0.000000,112.740189,138.018160
814.886761,0.394189,113.395485,135.766708
815.538113,0.189699,113.509102,133.838837
814.868130,0.000000,113.845528,132.663293
813.565941,0.139401,114.737930,129.566437
810.869125,0.613431,116.086639,127.574066
809.467972,0.073388,116.330353,124.433632
807.097580,0.615433,116.930389,120.886528
806.179638,0.266133,118.323158,117.462753
807.155750,0.000000,118.120934,114.668931
808.246819,0.016239,117.645828,111.890602
808.848022,0.000000,117.902344,108.849999
810.668251,0.000000,118.054062,105.708183
812.134552,0.000000,118.275513,104.706749
813.338535,0.000000,118.013359,102.980862
814.563381,0.000000,119.148750,102.221792
816.096718,0.000000,119.308762,100.601264
816.153641,0.000000,118.700836,99.278148
816.879452,0.000000,119.100777,98.185388
815.671566,0.000000,119.100471,96.844769
814.318359,0.000000,119.197693,96.775744
813.349625,0.301717,119.703888,97.175179
813.655975,0.000000,119.135376,98.026628
813.348717,0.000000,119.161392,98.490536
815.030823,0.000000,118.175598,101.277075
814.932098,0.000000,118.157043,104.519439
809.034302,0.209671,118.625793,110.099915
793.567772,0.000000,121.237198,117.868198
754.191353,0.682710,130.866135,139.372162
709.455505,11.323358,136.075745,156.613815
664.409065,43.699877,148.116318,172.077698
626.429146,90.266710,153.305527,177.979797
590.307640,137.544893,164.214066,177.670380
567.564514,181.673960,167.347412,165.023819
553.421196,211.538500,161.782425,163.552429
545.670601,237.138750,161.515305,156.935730
542.322952,248.315172,158.343597,158.398438
541.550964,255.890978,159.676941,156.325134
542.510590,263.199930,157.696045,156.771439
541.428894,269.536882,158.389893,156.522949
540.280296,274.223680,157.823074,156.022766
538.158394,278.758676,158.851852,156.543655
537.514664,283.274545,158.195831,157.521072
536.551651,289.610987,157.909393,158.468857
534.767532,297.669969,157.354706,159.437195
532.484367,306.751604,157.374283,158.843079
530.945045,312.546205,159.035751,161.089142
529.354240,314.572412,164.664078,159.878830
534.170372,314.124048,164.266983,160.998215
544.593361,313.172365,159.222092,161.371063
548.827095,312.620333,159.619797,162.096344
553.992508,313.988382,157.431427,164.297318
557.409683,315.445825,157.853058,163.807907
557.183273,317.262415,160.061981,166.538132
562.538818,317.627420,158.261230,164.999161
572.102173,315.069200,153.077637,163.453918
579.462540,309.146272,152.448090,163.402679
585.694908,302.801790,151.306717,162.733185
592.940285,296.073908,150.710617,164.504990
602.668053,289.650263,148.442703,166.183517
612.001389,282.205080,147.725250,168.628082
623.480896,273.498827,146.057678,169.212952
639.550301,266.897745,141.618576,169.618851
655.446358,260.118723,138.133835,170.426285
670.160751,254.472124,133.741913,170.481079
679.057938,251.520502,131.679901,169.224960
682.579643,251.042642,129.635635,169.372513
678.329102,254.470659,131.079895,167.722534
674.144196,259.758570,131.269653,166.523422
677.871689,258.589403,132.659271,170.770325
686.281044,255.356317,132.185165,171.715622
687.815971,254.815813,132.812515,174.138794
671.472313,261.080499,137.273636,172.339218
657.724342,265.231157,136.736435,178.486267
651.802406,265.144144,141.111313,181.714676
655.459633,261.183405,141.651108,181.802048
664.650963,257.480074,139.063126,180.358002
672.947701,255.599840,136.143234,181.010742
673.813217,253.483469,136.300873,183.549026
677.664185,251.520151,135.736267,182.678787
682.377396,249.127794,134.963409,179.934753
696.212746,246.386247,134.736801,179.275940
714.161453,243.872881,134.886749,176.416077
735.317131,243.731188,133.408890,174.874329
753.846268,243.760629,132.898224,173.889175
766.320442,242.972780,132.975632,176.410919
780.028595,239.546320,133.439392,179.731186
793.644371,236.366129,133.923355,178.374283
804.321747,232.194895,132.157410,181.444351
812.517059,227.352037,130.744690,183.209839
818.945961,220.255914,130.939926,181.005051
824.290665,211.814134,130.011139,182.951965
827.060448,204.394975,129.550369,181.925964
829.321827,197.504885,127.968163,179.660248
831.726379,192.689943,126.736145,174.691376
833.362473,187.829248,125.834808,171.549789
832.738049,181.746988,125.692848,171.699234
833.819603,177.152803,124.541092,171.113678
834.201317,172.788042,124.130692,171.163818
835.225136,171.255449,123.531845,170.187805
837.894821,170.241266,122.424957,169.166183
838.173840,170.135484,122.331459,168.297607
839.862236,170.863420,122.177567,166.878296
839.108707,171.029901,122.145073,166.059433
838.352871,169.378954,121.807930,165.329895
837.105740,170.124643,120.834785,164.566116
832.385967,171.434618,119.908119,164.437073
822.550137,174.842943,121.025154,163.978882
809.419514,180.088213,123.351768,164.948364
795.532024,186.246408,125.422035,164.387161
781.634727,197.276850,127.645645,164.214890
766.590378,211.178522,131.269989,166.420700
751.571533,229.653627,136.303406,168.015900
739.538597,252.528909,142.063309,171.437881
725.425789,283.894777,148.706406,179.173798
711.689232,323.374162,154.381851,185.198669
702.807640,361.775995,159.572342,212.574509
699.428818,390.749162,163.727631,188.702576
696.971397,412.868181,158.748917,176.879333
694.060059,430.835848,155.693359,175.003448
686.892845,442.240480,151.801895,158.572540
682.469780,445.439752,151.630753,155.411118
678.758224,442.472223,156.725494,152.800461
677.641708,436.402818,157.903412,152.763672
676.728874,430.736170,156.356583,148.836594
675.688705,425.620020,155.924713,150.711533
674.425171,423.150194,150.747803,147.763794
669.941376,421.147684,148.215027,148.212784
667.706635,421.368631,151.399414,151.994400
661.473381,423.236429,150.805557,148.840042
655.136978,425.926271,154.725616,145.755035
654.049553,428.110956,155.069534,141.499802
651.000267,429.560617,156.618057,139.898087
676.473568,439.158190,126.613411,128.336853
693.486069,443.262037,119.642181,121.429878
697.525513,448.097311,114.938904,126.093498
704.515835,447.510847,117.042976,120.406197
712.917782,444.994089,109.705574,121.078018
713.031277,437.380262,109.969429,126.116402
711.557381,432.363497,112.241135,124.358185
709.697899,424.500711,113.816971,125.797623
705.717766,417.179392,119.427994,129.255203
700.818565,405.165735,122.615250,134.535812
705.756584,381.617426,128.741959,148.688461
736.172958,359.534570,146.149933,181.960739
778.344582,335.681650,181.830124,156.845413
884.172920,331.462290,195.837387,157.282425
1019.479530,343.306246,176.564255,174.615082
1131.544266,385.717630,147.581268,176.838821
1206.198368,457.470743,72.656120,138.038284
1235.617561,507.229540,43.506516,96.462402
1245.909651,525.176260,32.460758,84.246788
1243.462557,520.731481,35.920773,91.041405
1238.073179,511.908785,41.279575,87.155548
1229.263502,499.145368,49.070683,106.998543
1223.010654,489.230623,56.732597,109.279327
1216.604650,479.506902,62.935383,108.544701
1210.303684,464.137857,68.700340,115.670181
1203.747864,447.445001,74.346130,138.029465
1198.771603,430.545671,79.133003,159.755890
1194.150284,417.638948,83.169037,154.933105
1191.811260,407.728021,85.706276,162.948990
1187.151924,393.995531,90.701096,150.584747
1182.790005,385.509218,95.802925,148.860352
1178.915039,371.171457,100.015137,149.710617
1168.742985,357.319750,110.280693,156.327972
1159.806416,347.067560,119.755272,159.630569
1147.634750,337.142137,129.827118,172.047882
1141.058868,328.832559,136.120117,161.073898
1136.036819,320.187807,141.471893,164.633911
1129.397499,311.109232,147.489243,166.071579
1121.315559,303.283266,153.326584,170.624573
1117.945168,300.130167,154.412766,187.461288
1119.307175,301.385172,154.556366,174.630356
1127.311844,305.438257,150.561371,157.777237
1136.761688,307.618051,141.563293,153.557968
1138.600990,304.532678,137.671799,157.048355
1137.855789,296.415491,138.614166,155.238052
1136.022339,287.409151,140.426697,155.869263
1137.339890,279.031877,140.233734,164.269073
1139.170197,274.288629,137.397644,159.044144
1139.909882,271.691431,137.115295,152.514420
1139.421936,268.001596,137.503784,157.735153
1139.084610,262.554727,137.280304,155.250534
1135.556717,255.055338,138.141022,154.930466
1132.553345,243.748041,135.534729,154.513748
1128.199051,232.436228,135.172699,151.184067
1123.399170,216.202600,131.844360,148.010452
1118.217598,199.458383,129.541122,149.251144
1111.932831,183.504328,129.050537,151.358170
1106.280457,169.195696,128.272217,150.550507
1102.135521,159.569032,128.082474,145.029419
1098.992245,147.681413,127.712654,148.832733
1094.728081,142.395807,127.410538,146.289566
1091.198921,139.005159,130.138840,144.447510
1088.567795,133.771112,129.204437,145.521072
1085.587364,127.725405,129.641678,148.014526
1082.068024,126.555406,128.845398,147.599762
1080.391258,123.808985,129.405716,149.578323
1078.977280,121.503443,130.123566,151.140213
1077.702179,120.163034,130.341309,151.340195
1075.548332,118.520700,127.215469,150.474594
1070.346828,115.427957,125.705635,147.727097
1063.129223,113.356836,124.293434,145.899796
1053.201767,108.722284,126.786102,144.150406
1044.056381,103.690805,119.505219,141.832687
1037.219418,98.148706,117.893867,141.516861
1030.699158,92.857660,117.826294,141.199844
1024.500668,88.726892,117.685555,141.028946
1017.000183,83.584497,116.484070,142.048050
1010.293629,80.843584,113.174706,139.767487
1004.724392,79.646890,111.486458,135.962570
1002.513786,77.828340,109.446243,134.692749
1001.567619,78.302141,108.764786,132.407501
999.925003,78.530809,108.428619,132.070831
997.893116,79.475954,108.355858,131.328186
995.010494,79.522310,108.501167,131.792053
992.475544,79.562555,108.638268,132.863846
987.965103,79.165582,109.528412,137.066849
979.579056,79.487284,110.337738,139.317673
969.190975,80.581026,108.833565,139.621338
957.558376,84.156328,107.657051,137.973785
943.519115,91.301531,107.770729,136.367096
926.493233,98.741770,108.160995,133.725815
907.379051,106.172235,107.891251,133.094376
879.351837,116.241121,111.559631,136.365479
839.797791,129.743761,117.249451,141.858551
796.224030,153.750368,127.855896,145.807495
749.961655,184.245851,139.866425,155.508179
717.221214,231.000711,137.502945,154.886765
693.120018,277.669611,136.566055,139.411087
678.738686,303.655519,136.504501,135.328308
672.346924,317.348184,136.319397,135.189133
670.915253,317.284029,138.254456,133.167297
671.148857,315.924837,138.537796,141.166504
670.838989,316.212854,139.207520,138.900589
667.448326,321.807283,138.136673,135.438660
656.751228,331.105799,139.064438,136.768631
643.543785,343.778177,144.098831,138.270798
629.769325,357.185015,144.985153,135.784454
615.905304,371.351396,146.229919,134.574615
615.183311,381.417928,141.611465,123.233727
619.402527,377.353800,146.011841,126.896591
626.440125,369.107027,148.391724,131.544250
634.198395,357.994898,150.004028,132.554520
639.899788,350.273310,150.031601,136.501175
641.340317,346.228060,148.239044,141.227783
640.524384,347.927126,147.174011,140.441528
637.353455,352.779222,145.682251,140.515656
635.808342,355.064707,146.182205,139.059494
635.137360,352.867502,145.753235,137.055710
625.323517,349.779817,147.866211,141.666565
618.297791,348.330354,145.324829,137.285889
616.328331,345.916811,141.154251,135.318298
615.833488,342.635057,141.858536,137.516510
618.069130,340.710642,143.989792,138.427658
619.380821,339.729463,144.849442,139.853516
622.049515,339.004572,143.937469,139.797195
623.984032,339.087175,142.716263,139.646576
624.776833,339.235857,142.649704,140.028229
625.848160,338.594972,139.693756,137.103577
628.015030,337.146219,138.528595,135.058151
630.029785,332.867945,138.637024,135.719925
631.616211,329.782648,137.764526,135.743179
631.214485,328.352442,137.296249,133.225906
627.441772,330.084909,139.279114,132.788193
621.590874,332.511072,138.477005,130.286942
615.103500,335.141794,139.033051,128.179672
609.974770,338.117548,138.961838,127.985855
607.240273,339.260767,138.978867,127.618423
605.260323,340.473303,138.210983,127.234550
606.341156,340.635481,137.795105,127.393288
607.028931,338.071913,136.784973,127.961647
611.400970,335.667593,135.260193,127.130516
617.253075,330.401270,134.878128,129.594437
627.526764,320.573938,130.483398,132.624527
642.442310,311.331003,124.527428,124.383896
656.978569,309.538126,117.836380,114.723190
664.162815,309.274862,113.259636,113.637962
667.700172,312.208616,110.838425,107.445381
672.451580,311.680269,107.994118,106.449768
681.780285,308.903242,107.066444,104.729958
700.957169,300.705126,108.265045,104.757355
726.807236,291.792951,108.489899,97.274757
761.071033,286.633684,104.761742,91.735016
792.261494,282.522688,96.758751,89.827950
810.521381,280.057333,89.010765,87.723839
815.802883,276.809046,90.304482,91.211533
818.306648,270.188268,91.678238,95.589897
821.898823,263.265192,91.561974,98.960831
823.823097,256.584032,92.682693,101.357941
822.887291,252.883810,92.945236,103.899895
824.276001,250.001829,93.653107,105.398659
827.862026,246.772127,93.913551,108.155609
835.560787,242.969850,95.378700,110.066101
846.126503,240.195806,95.881302,111.140038
855.746643,239.512056,96.442841,112.994720
867.456635,237.511667,97.194000,116.600540
877.267094,237.256784,97.521873,120.832840
885.266972,236.838709,98.350792,127.492294
890.682770,236.408289,99.933990,132.086716
890.891544,238.016695,102.066063,139.544952
888.765526,239.371111,105.577072,145.337158
898.262733,236.665132,93.147964,151.021454
898.351757,246.067774,110.708443,148.781662
908.779324,255.766062,107.865334,148.370926
909.516819,264.094614,105.895775,148.693069
904.200645,270.293390,106.520920,145.951218
902.829475,272.553362,104.821732,143.273804
898.929665,267.329279,104.529312,145.591782
894.319931,266.136186,105.123718,146.866028
892.160553,265.039697,104.705841,144.024399
890.645069,264.996485,102.336967,141.495651
888.049694,263.656847,100.911934,140.180298
892.226421,260.979364,98.208504,138.511459
899.652321,253.574419,104.262711,137.015442
918.566940,242.049059,111.376831,139.394592
945.772720,232.681597,114.176392,139.061401
971.609627,228.807009,124.547806,137.726044
1000.009308,227.423845,130.832489,139.224792
1023.408752,227.348100,132.613312,139.177612
1037.710251,228.185938,127.635376,138.048325
1041.344788,228.260988,127.726105,134.440460
1045.607716,225.211199,125.539909,134.494934
1046.133945,219.730730,126.625511,136.532227
1047.228817,214.807810,126.719154,138.683121
1048.927094,209.587427,126.872589,138.498764
1052.267643,204.244547,127.270897,138.770767
1052.617142,196.256319,127.639099,137.771759
1050.343628,187.243021,127.267853,138.043961
1045.812862,177.111933,125.437355,138.418015
1041.088081,170.241297,122.224503,136.434555
1037.995529,164.829843,120.837769,134.030533
1036.124905,159.450449,120.001259,131.939529
1033.358986,152.912081,119.048111,130.734161
1029.845341,146.304239,117.407249,129.757950
1025.428699,140.696359,116.238396,128.206070
1018.404751,133.791994,112.591896,128.676910
1013.752106,130.397409,108.688873,126.930435
1012.843380,128.280706,107.716774,125.592857
1012.609005,128.538866,107.489479,122.151001
1012.364044,129.370764,108.957794,118.490379
1010.993114,127.986166,108.132881,118.461113
1007.290203,126.835451,107.515572,117.303497
1004.523224,124.619242,105.930878,116.059219
1003.668537,122.519567,106.437675,116.407433
1002.908413,120.718622,107.200111,117.503586
1000.548164,117.636072,107.377518,119.662155
997.639786,114.662779,106.860718,120.412575
993.810322,111.653608,106.913322,121.324593
991.451286,109.518297,106.551071,123.339172
988.848343,108.078371,106.367676,124.224274
983.741959,106.031153,107.822449,124.224167
978.795242,105.885214,107.338745,124.483025
973.875549,106.212404,107.392914,125.796478
969.743912,105.481272,106.721252,128.906631
966.110653,105.615419,108.150185,131.427094
964.663799,105.000559,108.042366,133.223709
963.455006,104.629640,109.338860,135.646637
964.442486,105.118120,109.464668,139.337036
966.380493,106.485086,110.156464,141.758621
965.983826,108.503641,111.827606,144.770645
965.100201,113.505991,112.689095,147.671341
961.408760,118.350160,113.877213,151.214996
956.652962,127.326090,115.900162,157.897293
954.400368,137.109651,113.727737,160.679779
955.001694,149.427088,114.674438,161.460922
952.798622,158.737978,115.900894,158.712250
950.119926,167.010591,114.626083,158.809052
942.585976,177.115373,113.184647,154.569824
933.637939,185.284960,111.587067,151.408325
923.641895,193.532167,110.863579,150.153473
908.286545,203.342569,112.257019,149.785599
889.874012,220.390222,113.707024,150.241867
864.995590,242.765680,121.436523,155.469589
831.102104,273.529756,132.095749,152.702911
798.962021,313.599428,137.712341,151.635529
772.292717,362.918611,142.349960,163.503998
751.290031,418.311678,139.911545,157.881195
726.605125,478.618734,148.785568,127.159172
719.439034,506.205240,147.923172,115.081863
716.455330,508.931654,147.430862,110.571602
719.090515,495.140566,148.047577,116.388153
725.937538,478.669756,148.674820,118.040344
733.168190,462.061430,147.899490,120.064491
740.325630,448.131342,145.823807,117.251389
747.977783,434.218542,144.692780,121.680931
752.766098,424.787912,142.392578,114.049881
757.058998,416.895017,140.458511,113.321510
759.636414,411.531675,139.429535,112.001320
759.377907,409.776140,140.560318,110.089417
758.930763,410.154768,140.305313,109.172676
756.197304,412.506891,143.169815,108.111313
753.397331,412.922624,143.429550,108.001221
748.623962,413.454016,144.352448,107.809044
746.378090,415.697180,143.466873,106.064781
744.333534,418.201788,141.582779,105.038597
741.748138,420.024782,142.472260,103.819733
739.738518,420.744268,140.834274,103.451805
735.949738,418.824793,141.894989,103.180771
732.505196,414.817835,141.289810,103.882614
729.543678,412.372343,140.477066,102.099403
727.827995,410.970186,138.262436,101.624664
726.394478,410.802015,138.121109,100.945625
724.777458,410.321241,137.022324,100.282845
723.424034,410.213472,136.360458,99.260956
722.811317,409.022459,135.540482,98.763893
723.961784,407.466677,134.725327,98.609344
724.678314,405.533838,133.399506,99.958298
728.263519,396.205770,131.703033,101.772636
734.334557,372.689367,135.268478,115.233299
755.048401,335.482027,154.862701,137.861603
814.072495,306.998140,162.870483,148.934784
905.303139,304.616045,170.962357,150.092163
1016.467293,325.349993,191.119034,168.185791
1132.072052,398.127153,145.740326,171.925171
1196.393555,526.432825,83.606445,130.602036
1236.900892,566.500250,43.099108,118.700645
1241.064389,578.843927,38.115314,101.289871
1228.645272,558.180681,49.875729,116.829285
1208.606101,530.360109,70.155853,129.254181
1192.536162,494.077753,87.071152,144.834579
1178.476844,463.257288,101.157684,157.025742
1169.280482,437.987779,109.201714,161.569824
1163.798213,410.446955,116.117546,163.177414
1153.352145,387.542017,126.647855,163.605270
1141.940988,362.971132,137.245438,168.019684
1130.855691,338.416857,148.292252,170.722717
1117.757127,315.686296,161.319702,171.576538
1103.698221,292.842478,171.785782,177.427994
1086.568681,272.091249,169.593689,175.330780
1061.241655,253.919275,173.214783,184.101852
1036.300622,235.855493,169.039413,177.162582
1004.371652,216.785387,171.149490,181.945312
987.325845,204.701280,158.970474,178.091797
967.960046,194.094957,154.017502,174.678284
948.183053,187.430170,150.538712,172.361252
930.876947,181.959719,144.449081,168.138763
917.663484,179.604914,137.219208,164.712021
907.167253,177.252016,132.747498,165.469635
897.656267,176.252069,129.728943,163.529282
893.893770,175.432092,125.225861,162.726608
887.670572,174.119989,125.287552,162.198593
883.251417,174.269190,125.268806,162.509506
885.349889,173.832239,122.464684,164.922287
887.031946,176.845697,126.069077,165.432297
890.122293,182.327905,128.878067,163.164108
895.450555,184.760355,128.940231,163.044937
900.264276,187.140787,130.462387,163.901932
904.163942,190.436556,130.925995,164.611176
905.877717,193.169039,131.980927,164.723541
911.061220,195.430628,131.047516,165.343979
917.133348,199.674509,134.053040,165.860062
928.408014,204.052065,137.539474,166.240265
937.152376,209.524561,138.059418,165.512863
944.174867,214.999498,135.598053,165.327942
946.296793,218.470629,134.109573,166.444458
946.496927,222.064539,133.586929,168.125717
948.067178,227.063097,133.614639,168.269165
950.626680,232.090441,134.848419,166.828735
956.037599,237.031771,137.591522,162.563080
962.643724,244.049158,137.132568,162.377182
967.970788,249.840624,137.271774,159.418823
973.209062,254.829767,135.900146,158.563950
977.074892,258.950235,134.903961,157.423355
977.861497,261.720613,134.606873,159.079742
977.503633,264.518564,135.026581,156.565140
975.469491,266.823473,134.573746,153.893494
975.493997,268.119821,134.724564,155.672806
977.554979,271.116258,133.438110,155.684875
978.322473,275.315691,132.668381,154.564758
978.012811,280.372850,134.484055,153.649414
982.427446,287.655847,134.127319,148.023911
986.942735,296.176569,135.464172,146.953964
992.160867,303.842859,136.392471,146.588425
997.158723,312.064264,138.761017,143.960983
1002.584596,322.341234,139.459015,144.177917
1006.150812,334.915483,140.164719,145.940796
1012.635637,349.227876,140.354309,141.371857
1017.213335,366.535211,141.913757,142.178452
1023.628091,387.117235,143.145523,142.573792
1031.455041,419.642580,151.478745,144.522186
1050.453065,465.947504,155.296112,139.915634
1075.791055,540.414873,143.202286,141.309326
987.271478,671.355093,251.329514,48.644907
898.858469,422.145183,239.908005,151.627167
542.863237,353.987895,351.651611,349.266205
88.054475,346.803119,279.865204,232.616226
199.714708,415.234614,108.307434,168.508728
225.859064,438.308185,77.698410,133.133316
227.616506,430.081057,75.192497,141.872086
229.404867,421.571330,72.145622,153.432098
230.735452,419.753581,70.039444,151.404449
231.893911,420.035533,66.142693,127.307281
232.542551,415.570216,61.235153,124.982361
233.835792,414.700637,58.729359,100.618095
95.684097,526.824782,62.415653,45.851311
98.165187,530.316892,57.375256,42.874172
99.101404,530.950341,56.894470,42.306126
100.898784,530.842706,56.922649,42.734745
103.294561,530.902213,56.947685,42.102242
105.848930,531.679196,57.816334,42.322048
107.381408,530.680289,57.047718,42.701302
110.371200,530.245894,57.093052,42.180199
112.206331,530.853648,57.237564,43.135818
114.639583,531.099084,57.051037,43.233967
116.068109,532.747134,56.879608,42.610580
119.033290,532.931868,56.193935,42.637428
121.430349,534.316720,56.617363,42.409702
125.311384,533.884648,56.703285,43.163860
128.209383,535.941060,56.993591,43.200848
131.173673,536.102580,56.263390,43.259384
133.262247,537.071038,55.988831,42.931950
135.041278,537.046019,55.849163,42.369255
136.287723,537.189248,55.313427,42.655643
137.450393,537.286254,55.318897,42.327461
137.999053,538.107480,55.204487,41.694668
138.059316,537.065242,55.417122,41.877106
139.611516,536.771840,54.816353,41.400005
139.813457,536.709889,54.889568,41.202938
140.749061,536.922271,54.641041,40.695412
140.947246,536.657002,54.298733,40.415020
141.463811,535.108821,55.457741,41.142105
142.271751,533.958739,55.175053,40.964638
143.040439,533.192248,54.908504,41.121216
143.648149,531.596829,54.328339,40.532711
144.114374,530.694745,54.774094,41.186977
144.028142,529.437304,53.213005,40.602646
145.247995,528.427312,55.088928,40.959942
145.258085,525.792741,55.139671,41.763584
145.587915,524.440505,55.521149,41.635918
146.548145,523.297761,55.026455,42.134327
146.842510,521.264743,55.378933,42.926132
147.315551,519.363173,55.122761,42.880379
148.005645,519.192904,55.330936,41.914200
148.812597,517.228400,55.169136,42.546486
149.739521,516.366444,54.933636,42.097683
148.775011,514.299876,55.113998,42.737350
148.953800,512.796033,54.775524,42.293713
148.359050,511.148141,54.475140,42.793171
146.510568,508.458115,54.981491,42.339436
145.690107,506.321992,54.352867,42.426167
143.964670,505.083598,54.506729,42.140884
141.866697,503.502280,54.573006,41.512749
139.779167,501.677945,54.767246,41.004192
137.042270,498.172509,55.314098,41.171864
136.209789,495.743979,54.825619,40.739616
133.444234,491.793212,55.249611,41.290123
130.876504,488.756009,54.908585,41.781704
129.438552,486.607715,55.085941,40.696960
127.802295,485.093236,54.827450,40.110607
125.171503,480.996917,55.027664,40.597679
123.003974,479.048520,55.167225,39.937069
120.545867,475.347554,55.239857,41.427380
118.162534,472.880874,55.868980,40.860207
115.334363,470.722794,55.826683,41.728031
113.752302,466.078055,56.301521,42.302483
111.708187,461.803288,56.504833,41.337109
97.781202,419.033446,69.345589,35.266060
105.244623,455.326535,56.477707,42.734447
102.295726,452.858958,56.336376,42.166061
98.268587,451.207168,56.807556,41.836922
93.658367,448.653031,57.260891,40.858829
89.554449,446.842124,57.321373,40.352669
84.242986,443.266471,57.569649,42.238686
78.763662,442.132203,59.020714,39.420948
75.796791,439.009959,57.624836,42.422531
69.781194,437.474240,58.239647,43.026791
64.455389,437.023814,58.723808,42.745636
58.209249,435.917609,58.577477,42.918053
49.627361,435.049834,61.497768,43.263405
36.133934,434.032632,61.139530,43.698963
17.087633,434.511863,63.050232,44.246605
0.443584,434.131589,57.877270,42.875042
0.000000,433.382384,37.260442,43.106789
0.000000,437.989344,17.349824,36.222885
6.373984,425.272151,58.955540,70.619003
53.324005,349.183814,75.770004,110.928642
13.652939,338.931376,89.426468,136.890701
0.000000,317.353595,74.161595,152.291382
0.000000,328.767077,46.946407,128.636169
0.000000,366.497535,27.558744,70.192711
0.000000,420.246817,60.635405,80.337914
0.239812,411.970881,32.364979,142.145706
57.028636,442.211139,111.147377,191.673553
337.249625,643.450210,102.649246,74.681557
366.582797,639.834601,59.977501,65.653923
368.080737,607.772841,47.172264,55.401543
356.733669,568.961108,67.016823,141.164780
336.804290,525.910144,79.437714,172.570419
316.197997,496.321399,88.789764,161.378769
306.028411,517.178794,94.410919,101.627602
299.576110,489.147628,98.489532,90.918816
302.765369,452.078605,91.987541,89.631813
285.080970,412.568110,106.060410,89.268372
288.801749,372.673549,96.663376,88.983398
279.117088,327.410186,99.508560,94.084709
269.278884,281.998523,100.998749,90.565384
259.381168,225.912658,103.869255,105.730553
247.290611,222.343566,103.213242,85.774345
240.694125,198.747992,101.589653,86.047523
231.290305,189.093120,96.158615,79.474731
226.740604,190.087123,98.938957,78.206940
221.921218,195.811801,94.330475,71.581161
219.882758,190.126990,90.313431,78.110970
215.147800,183.449794,90.948753,92.024200
211.175750,192.970656,90.965027,97.089195
213.059806,205.157607,87.835190,99.451683
216.858310,224.108035,88.438194,101.046585
225.673927,249.833114,88.220261,102.881950
240.636440,280.830768,89.125618,99.958969
260.545379,320.452521,92.158569,99.761787
287.360942,352.196673,90.232155,108.742722
317.962886,375.856612,95.166084,126.362968
357.494567,405.707225,102.149414,151.470825
394.784248,450.055125,109.037643,162.396851
442.885150,573.435267,121.914085,74.343964
507.846690,631.260770,96.982460,41.308315
566.072578,647.609774,87.479843,32.719620
622.966800,643.722882,76.872551,36.123318
665.746810,629.862660,70.846161,41.713879
704.154256,618.689605,63.287098,37.435768
731.673469,602.628991,60.250565,40.705631
756.235288,584.673699,55.897221,44.636555
777.468398,549.617782,62.078033,63.312859
794.646507,513.201560,61.982498,79.707741
797.367990,502.432414,55.219219,68.811707
798.960861,495.371657,61.966949,58.226952
797.144130,489.517190,66.513893,62.459263
795.419086,490.883696,68.419548,61.948235
790.483039,486.649291,69.016678,65.830589
782.146735,490.121531,72.932846,63.939331
775.366973,493.756598,77.082458,65.321754
774.361953,498.493857,76.194611,64.718391
771.038356,502.370459,77.451942,64.142952
770.940574,506.124122,76.355087,64.762672
771.437660,509.134581,74.698288,64.826408
775.611675,513.970660,71.332954,62.232620
779.920406,522.235759,69.781044,59.360077
784.062434,534.426850,68.923225,56.443256
787.493484,553.026421,66.810364,50.718571
782.012801,572.069705,74.783020,55.405380
787.514785,598.625644,61.661072,46.122513
782.655442,641.423930,60.038448,45.602051
785.712461,685.063939,56.363529,34.225018
822.714767,621.100982,38.815491,46.918434
801.709686,661.376904,68.972336,56.208813
855.789649,619.592902,108.897583,96.228203
757.751952,412.119449,176.124252,109.056290
685.192558,319.748622,75.723022,88.663208
707.828790,330.964000,40.686398,71.836548
734.994960,342.616231,38.138176,61.402477
765.375560,349.080394,39.445305,78.222626
791.680335,371.493945,43.426331,75.509171
828.381355,393.935107,57.264648,88.827103
858.316448,393.664748,67.960075,123.456841
897.531625,475.503177,44.843868,73.068314
933.340308,521.016909,66.047760,75.549667
954.280137,381.839354,38.719006,75.334648
989.855127,333.630603,38.602749,151.000381
1020.263845,384.618915,38.430637,145.942154
1054.020763,422.457171,38.562767,142.512009
1078.550023,451.254649,37.923618,150.056793
1095.979602,471.091006,44.313118,151.014206
1106.663366,488.816440,45.133671,143.530533
1117.678865,497.095134,44.965343,99.196014
1128.719392,501.059066,39.984875,99.071800
1140.286420,506.845221,45.714314,106.250252
1144.716028,507.990611,40.621609,125.412476
1137.642381,497.907092,38.063091,147.025314
1124.598432,488.264987,40.953480,135.864975
1107.772565,484.015155,43.257160,110.490189
1091.336074,473.636203,43.461288,90.033707
1074.115045,461.617144,43.995541,73.641464
1054.956285,456.128531,42.531551,63.310158
1029.482221,449.297839,51.530613,77.427963
936.661254,559.214400,76.200516,70.958672
926.632453,516.705134,129.457001,129.045654
915.116649,520.684153,127.589684,168.835907
837.527511,526.633983,110.519791,132.450470
818.538661,518.071620,90.011955,130.470276
747.831813,560.838496,111.823296,136.088684
767.193897,560.508937,110.374458,108.550781
745.734466,559.565555,110.803360,104.699692
782.947383,409.198657,74.664391,119.004623
777.448097,415.934787,74.649750,108.816635
772.172588,428.451835,76.912834,112.381233
768.463901,434.312381,70.578194,120.367172
739.788375,519.908309,48.532944,71.301964
744.091861,519.315387,44.527290,59.872787
764.281099,434.549655,42.077160,137.448456
752.226280,508.797816,93.332153,143.815414
771.980163,560.772799,79.172226,78.926727
809.059020,580.626216,66.548050,70.390854
813.249419,579.764068,48.235886,55.435890
773.563411,497.038241,96.015709,136.493668
756.228194,536.872840,106.045578,108.381844
755.429408,548.873580,103.770470,107.245354
788.614105,525.171721,95.392776,121.427055
783.620029,555.201407,89.414070,106.733223
785.284721,519.933741,96.244537,154.328705
782.670570,509.521830,91.124512,174.020203
763.733932,582.998904,108.733810,105.688919
766.295295,576.537043,105.360291,116.581757
767.169250,591.085029,96.246719,106.406075
786.692909,490.159167,85.164429,173.773483
831.471629,460.494422,72.528984,116.875984
831.079284,473.273787,100.936569,119.299675
837.272338,480.690226,93.982529,112.294067
840.417106,485.249484,90.483765,115.973404
839.381629,491.542128,104.715546,110.738274
837.507800,498.945678,94.879036,107.286095
834.873500,502.921504,104.401665,108.541229
837.503097,503.683417,105.671280,109.953194
837.849174,503.115924,94.830750,110.681686
836.000922,499.481540,110.881622,114.276932
831.059840,492.582248,100.408073,117.932571
825.400832,492.594561,92.698502,107.423874
821.594070,488.640887,95.917221,105.677414
822.627441,487.049594,86.322678,102.114792
823.800914,485.550204,84.255516,98.470322
821.450626,483.800483,78.302223,93.272285
809.679073,482.362899,83.238701,96.299492
811.185890,472.983130,80.773010,86.242226
814.970332,465.450103,72.967033,79.172234
815.289558,461.381736,73.755249,74.045296
808.255782,458.017024,81.732559,72.127411
813.448085,459.496070,80.111961,71.122627
818.530811,459.883559,78.277809,75.886955
814.783908,460.546775,79.783760,73.624092
814.373859,462.677665,78.046547,79.219337
814.428699,466.118125,76.515205,80.310677
811.904743,468.076697,79.752266,81.755928
811.339092,470.685916,75.814018,80.647903
811.039851,471.671405,76.085655,79.833817
811.146526,468.764933,78.245079,80.660187
810.831119,469.975810,80.266670,84.558716
811.076038,467.185668,79.713936,78.296227
814.328391,467.568213,77.306946,80.662483
816.364078,464.015159,77.930977,76.352333
818.440780,457.584720,77.857803,79.249893
818.959697,451.015490,76.530357,80.812332
819.791717,449.062102,77.739120,83.225090
820.738654,444.698317,77.495239,79.670219
822.560581,441.418086,76.478737,83.555420
824.399375,440.618419,75.957397,84.447845
825.448146,435.766082,78.336082,83.111015
828.381160,428.308024,82.125481,91.021820
823.092662,423.636954,92.399162,121.558846
826.141963,416.250686,98.365685,119.453026
832.138019,405.277385,99.003395,118.267242
837.826461,394.833178,93.147141,121.966751
844.469032,383.228679,82.954468,120.427338
850.455680,370.859034,188.183685,131.211273
840.849021,360.298510,203.689545,158.800156
951.599876,349.382831,247.397308,147.771774
759.522483,430.349166,351.272308,92.832024
761.539718,434.238994,81.117355,145.046021
752.361820,445.252040,84.459175,110.818329
753.958877,439.831778,77.763718,110.499092
753.654998,442.575587,70.850235,100.031097
745.770736,450.830466,77.367142,103.940102
744.420192,448.270106,90.695549,110.315491
747.206550,418.031691,82.196106,120.451530
745.646396,428.671786,78.454659,106.881668
754.119609,428.681929,63.911827,99.051994
746.666381,426.728011,76.439407,107.931267
753.315238,412.768115,64.409698,117.521255
753.091743,409.888354,61.723633,119.636002
750.466680,414.502139,62.565067,113.329483
750.491760,388.890860,71.541641,101.990822
747.946113,341.642978,77.872589,137.449570
756.406966,309.777266,64.625504,111.239555
766.525680,317.830535,51.678696,108.603172
765.277778,298.928157,52.001007,120.505829
766.010186,289.757396,43.512508,131.732880
763.566318,302.661105,41.942513,119.911728
740.236312,238.890948,66.584274,181.993484
750.336967,272.407313,78.329254,142.496338
752.026420,189.599536,81.287018,74.955460
750.457469,275.796077,58.678490,125.065857
744.226268,256.270465,73.403954,135.594803
742.945819,276.744807,68.236031,148.084778
738.710838,283.310183,61.769043,125.049149
742.746156,282.052928,59.632580,127.885284
741.100932,290.742877,57.668877,130.659653
744.890615,297.343707,53.306339,142.306503
741.067500,300.944201,55.994286,151.545639
748.017234,259.331225,55.342377,136.591019
743.205320,295.470553,57.373707,159.292099
745.310184,264.971362,64.288734,166.654160
741.379550,290.037585,86.619423,182.898117
753.330554,140.607898,69.645638,132.798630
738.135801,326.974276,50.617329,96.482254
755.640775,200.220492,50.928577,66.147163
839.649101,166.719918,42.585724,39.372631
860.867485,166.688792,27.785200,31.477531
867.221431,167.257234,27.445580,32.041225
875.011384,166.323827,27.317303,31.786701
879.957459,167.577505,26.783293,30.953203
885.489577,170.526898,25.975801,31.802006
891.400679,177.947117,25.893969,30.470495
897.634504,185.517600,24.767963,29.932327
904.193178,194.059081,24.768869,30.628143
910.965069,202.375914,24.363180,31.139345
918.810968,209.553296,24.713650,30.335194
926.075942,215.571659,24.320206,31.826574
935.102261,223.071335,24.754095,31.048475
944.435597,229.526729,24.408178,31.376610
954.160568,235.692467,23.841080,30.668455
963.601478,241.321713,23.704254,30.844791
973.373658,246.442099,23.848309,29.903460
982.463609,252.562897,23.572628,31.161695
991.769173,258.445531,23.260023,30.571552
1001.756014,263.465702,22.650858,31.182058
1013.884695,269.838489,22.056566,30.911261
1025.036969,274.303599,21.684849,31.279808
1032.740835,279.906295,22.375628,32.291000
1039.770470,285.008498,23.048246,32.863403
1044.226534,293.969047,23.368876,31.280470
1045.661876,302.462185,24.534019,31.839682
1050.311157,313.684817,23.611145,32.594337
1055.433950,329.857144,23.540714,31.885197
1063.174608,353.791540,24.678783,31.817034
1075.130983,387.707683,27.915005,34.389488
1030.047061,391.946040,83.271355,78.075829
1002.209037,520.720420,58.125381,74.711273
1033.391242,602.509078,67.111069,74.198593
1074.991016,623.316638,90.134758,89.270576
1142.433353,653.843291,103.326195,65.578964
1015.867530,552.094764,195.664047,167.905236
793.494705,197.854999,151.690430,168.601883
845.038329,204.592159,125.239777,94.161011
855.199485,294.472339,148.662704,201.170792
834.162818,701.894796,82.067886,18.105204
836.029235,699.618245,41.395630,20.214291
837.518865,697.946299,38.001118,21.591705
841.242168,696.743909,32.275215,22.148159
850.000598,706.943838,23.346199,12.607431
877.851877,706.665637,22.519909,13.334363
906.713321,692.382285,21.548393,26.894819
900.841440,675.226577,59.528545,44.773423
893.049808,662.398512,76.144524,57.601488
908.879943,557.967379,97.016510,72.547462
1041.960578,393.796988,68.270035,109.261429
892.077644,539.171809,138.955597,100.950386
863.790275,522.528506,167.181335,110.421013
896.625549,520.220633,182.758041,79.045364
863.795516,540.747077,176.289932,110.504257
900.506934,486.362716,210.738800,42.985687
842.235511,556.792930,157.374786,95.521133
880.782325,529.717170,136.439606,124.349350
947.865134,456.366332,155.256836,105.128540
741.517799,511.023375,92.378021,130.126099
812.755218,576.492034,150.797592,103.961304
745.415733,521.556113,109.654907,140.949173
758.806346,703.874375,102.891808,16.125625
753.017761,710.000000,75.964050,10.000000
824.618352,647.593288,28.179966,64.476593
731.728294,701.629519,98.267006,18.370481
693.824680,619.250714,170.947037,86.196190
758.918750,451.518823,150.489120,160.241913
849.318294,399.711686,122.126923,83.196701
749.204887,418.792993,113.227150,198.225555
793.185832,390.328038,167.064697,93.860237
919.016372,262.543267,102.046501,69.426636
795.131683,398.011971,112.160027,83.669220
779.844501,410.162873,183.044876,245.074570
816.990505,386.706510,124.794861,73.808525
735.477443,460.156350,169.169525,174.618744
809.162917,393.397603,113.976494,67.350044
764.240001,449.925942,187.022705,163.337555
785.747272,398.496919,151.473923,91.376572
780.100154,418.818524,180.156464,57.928795
776.870677,431.920060,168.377594,134.477859
794.614604,423.659085,115.750702,73.766411
735.689113,490.994279,173.067261,96.691544
752.797008,432.782079,134.040741,109.820595
777.858127,433.610333,141.169418,88.804588
769.524150,442.447022,199.650360,162.785873
668.119502,604.417546,164.158325,102.685280
726.505763,442.669957,135.878967,107.140205
759.086181,443.992005,94.251518,189.809158
762.235820,438.394925,133.236786,109.311913
774.270793,461.017255,115.250336,88.020988
674.482318,605.366902,184.559982,74.279213
769.060172,463.477487,123.025063,99.628113
692.655528,610.495980,148.952972,67.035278
723.080562,511.491998,146.458252,124.976440
797.532531,478.279202,118.953178,117.282890
722.731231,575.583104,122.225853,94.413368
759.973823,491.258279,113.434456,109.438385
765.598102,510.624894,101.734482,158.687393
735.076522,509.262986,126.627739,162.088638
767.806594,625.123405,92.019096,56.909245
830.386012,520.010156,64.945831,148.254898
813.191455,515.318463,96.826523,122.385414
780.535690,594.468232,86.301628,116.674438
808.053905,515.907037,98.160583,175.216232
787.962974,553.206388,75.951637,110.275673
795.682365,502.563165,88.480751,106.184525
767.831599,590.649396,70.868164,102.598976
759.886661,607.642705,61.848312,89.866661
731.825500,631.994168,73.652000,64.071358
858.106179,584.871411,38.531376,109.264534
845.039222,586.533818,54.113686,117.804802
828.106826,586.895574,73.686516,110.276451
708.925472,541.370431,185.526794,156.240982
708.279491,489.410653,132.573273,171.986710
605.662257,270.178334,100.503174,84.508278
631.821700,282.248170,74.185692,65.566422
596.059127,274.565461,66.241417,54.975235
551.379230,264.804938,71.312286,49.794437
517.762916,252.927279,73.181297,56.694164
473.039012,244.286046,86.444901,65.399483
529.921386,411.788022,87.494270,34.397606
505.383022,399.466355,85.180496,109.146011
487.049705,377.274755,81.623039,95.288338
471.628387,363.226136,78.207344,98.960892
458.729472,348.477567,74.727219,93.411827
454.801070,338.835549,74.713142,83.746216
463.091094,331.867955,71.700325,78.257484
473.848590,329.482408,70.580719,87.294296
480.753440,328.478490,69.076988,89.643593
484.480274,330.592584,68.513062,87.173737
485.795932,332.870465,68.619751,83.898582
488.260890,331.519330,73.072647,80.482445
504.839149,328.199594,73.897148,83.390228
527.024345,321.017201,72.347374,83.644997
544.992709,310.753873,64.890717,86.832756
559.811570,302.814031,62.762424,87.418953
570.599971,300.293740,61.841904,86.145416
579.053991,299.171079,61.342251,83.967461
589.735626,296.488477,58.338539,81.863701
597.441016,294.000932,59.360161,83.505386
607.118171,291.816495,58.908104,84.078514
617.705018,292.995381,58.810520,80.755775
628.777133,293.757947,58.125977,79.339958
636.241889,294.967408,57.147270,78.791611
641.033010,295.850759,57.003994,78.525002
644.903322,297.192060,57.072636,78.086601
648.731893,299.638486,56.472469,77.516197
651.689845,300.995290,56.823929,78.144203
655.247545,301.669904,57.006901,78.628593
659.867551,302.559323,57.451977,79.087242
664.221422,302.413617,56.895329,78.803520
669.170368,302.213948,56.662445,78.322609
672.296680,302.027265,56.439117,77.495018
677.816085,301.777753,58.422401,77.395866
692.108068,303.237874,58.718838,78.012703
706.675178,309.466592,56.384056,83.347046
709.823863,322.775414,55.763870,83.277405
711.956485,343.114884,56.191223,83.449203
713.623887,367.322862,55.891514,81.752640
712.735015,392.180120,60.030006,78.963661
707.592284,406.736165,58.892799,68.010902
693.794235,405.117188,60.990700,77.249069
680.597602,400.088159,55.212730,76.095154
678.244462,391.037026,53.751102,76.350861
689.810621,359.491582,59.319744,82.321480
712.421066,302.074529,66.361092,98.684792
737.358291,231.087701,87.864571,157.830688
739.856326,161.518380,131.962982,186.298126
774.658756,54.111138,136.898102,213.225281
828.102691,0.516175,123.969093,164.774582
874.079654,1.118764,142.018402,95.164436
932.760886,3.534173,109.611565,115.857422
953.476978,1.667798,112.672424,85.160362
984.865592,0.000000,65.657707,111.106935
999.418533,0.168686,61.625465,153.717285
986.909087,0.320611,78.331001,144.216324
988.653835,3.630711,95.467789,65.929192
977.170436,1.960007,92.638077,191.339752
973.818073,0.193902,73.261139,52.409439
944.911655,67.913636,68.380432,81.463470
915.046848,166.065930,68.066895,100.997383
888.159675,276.175229,65.581383,91.182289
871.905952,356.266625,56.445305,81.982346
871.102124,407.847046,57.729870,79.371368
862.441806,442.485829,66.017517,70.653740
828.463519,447.645707,75.427704,67.007416
784.614417,433.090912,74.908165,68.824341
754.333791,417.671288,60.879269,66.430801
735.750083,404.475480,52.771538,62.626953
727.734483,390.879418,52.496616,65.550217
726.118867,373.480965,51.597599,65.200607
727.116166,350.216572,52.847996,66.931099
733.997634,320.287682,53.461769,70.551086
746.029388,288.409703,58.728401,71.671516
753.901645,258.921910,59.325409,76.213234
727.873157,236.206959,77.186920,76.798500
681.030544,231.662472,82.335739,72.697899
617.368095,238.457089,81.786247,85.450584
564.698772,249.927571,70.093674,83.057930
510.713279,240.883572,77.943291,82.834251
461.527595,232.748066,71.067772,78.253853
416.515952,230.642560,68.541924,71.628838
386.078174,228.157803,64.106476,65.813316
367.302528,227.297514,54.510490,57.398975
353.656051,229.985070,51.720467,55.415009
329.660751,240.862217,55.876610,60.239204
317.377578,264.010037,56.113945,65.184471
323.290855,300.407128,64.326698,78.942261
365.326637,358.046277,68.563698,87.016045
410.956893,426.381325,61.543144,79.717834
433.013097,474.340226,61.200329,75.583420
433.150768,503.044476,60.593597,69.116478
428.095414,516.845269,63.741474,65.565918
423.050559,516.005265,64.002907,65.936813
421.268108,504.038941,59.618347,65.805435
424.637449,475.480217,55.638821,68.925873
431.649366,438.546879,55.726192,72.963585
450.912999,394.286179,57.383709,74.741547
483.621555,345.579743,60.362717,75.326630
526.695030,288.133900,62.631599,75.151070
569.710372,237.692944,65.900871,80.694267
607.017844,188.468064,60.694954,73.772324
635.061248,149.364781,51.264977,63.643211
652.791539,114.207819,51.015667,59.276562
652.704341,90.653937,49.250702,55.301029
642.835862,80.151982,48.018421,54.255745
630.474387,83.442824,47.312691,53.897572
623.217094,92.712618,45.110985,53.387157
621.040468,103.780791,48.819569,58.819294
631.530408,117.208479,49.542934,61.977863
644.045156,135.194741,50.922680,65.368042
655.800824,157.363961,49.837551,67.935577
662.864539,183.410538,47.236763,73.977158
660.241897,211.857518,48.553520,74.139229
652.345107,230.379044,47.424126,66.666946
645.272474,244.195721,46.107235,64.135277
656.839471,255.408280,47.222294,62.644241
675.405837,260.279061,47.133842,61.368958
690.969697,265.004227,43.903431,59.882492
699.726503,264.601014,42.606709,60.590683
700.515151,260.446040,42.165031,59.156841
699.032626,253.163975,42.881882,59.895103
701.330478,248.761908,44.008804,58.346577
709.865075,246.660614,49.707829,58.376709
729.406173,247.544884,51.842094,59.061600
752.496272,250.449536,61.581390,64.686043
789.142020,258.779950,67.723915,68.972878
831.164565,264.321648,67.291679,64.209915
866.768920,254.319836,59.951134,66.527382
886.935403,236.676568,51.031620,66.883774
896.238540,218.434609,53.756920,66.403519
908.720115,201.533947,54.792030,64.959633
925.349855,184.187596,54.465351,65.507408
940.964473,170.078068,52.442535,65.115410
951.725612,155.747078,51.677856,64.508072
961.395395,143.013302,51.276066,65.279854
970.350995,133.558491,51.883663,66.470726
981.149350,125.692914,52.598476,64.501808
993.353528,119.186656,52.228909,63.849133
1004.112668,114.281163,51.864407,63.374168
1014.668222,111.389908,51.152714,62.318604
1023.844400,107.264987,49.581242,63.419277
1031.043662,103.868376,49.275063,63.584995
1035.636077,99.041039,48.957024,63.759232
1039.667787,94.174588,48.951435,63.775429
1042.968646,90.091046,49.319016,63.367836
1046.110631,84.361687,49.032543,64.362686
1050.268077,79.701592,49.947113,64.215073
1055.741094,73.687172,50.395214,65.553207
1060.627494,68.472188,50.844582,67.017113
1065.366416,63.035573,51.050880,66.446617
1066.896224,58.847168,50.751366,65.401703
1066.904857,52.191880,51.161011,65.395386
1067.296045,46.250771,51.235203,64.708664
1066.789062,38.850991,51.236046,64.949112
1065.839393,33.482872,50.377571,64.240677
1061.859910,29.275101,50.680439,65.828247
1060.549747,25.579747,50.820633,65.563103
1063.432363,23.390172,49.738934,64.565758
1063.855047,21.743098,49.883373,63.887005
1062.760404,19.587834,50.622982,64.623222
1060.598468,16.737809,50.181107,64.864807
1058.380250,14.309491,49.630604,64.178352
1055.943656,9.376748,50.047585,64.994705
1051.872007,6.555642,49.419643,64.799545
1046.766238,3.725102,50.201431,65.432060
1041.437253,1.675103,49.642574,65.843185
1038.859981,1.245194,48.998413,64.649017
1039.419803,0.989188,48.324539,62.483204
1041.084192,0.355267,47.230442,61.460335
1040.433444,0.357224,48.097549,61.052643
1038.376870,0.362286,49.071415,60.538002
1034.398166,0.527672,49.309525,61.690781
1029.847614,0.465962,49.389633,63.641167
1026.797145,0.049981,50.280609,65.818039
1025.014203,0.310463,50.855556,64.279861
1022.328532,0.845238,49.979156,58.965591
1002.774335,1.368840,51.546688,51.203514
960.610931,1.149586,58.415230,45.180138
907.283088,1.313532,56.351997,49.811626
831.454658,9.238770,69.147881,65.032135
752.151901,34.275761,80.010521,66.793816
703.060107,63.506007,67.872070,58.079174
681.482982,86.948628,50.941757,49.909386
672.477094,100.619820,45.066143,44.788345
661.605178,106.950757,45.476952,47.025932
651.894946,117.776108,44.892822,46.494537
642.792920,125.248925,42.940975,45.853729
638.207368,130.766375,41.687107,45.844860
635.381965,132.073147,40.377037,44.978065
633.429662,130.018006,40.732891,46.406616
631.158225,128.882399,41.512215,47.386921
630.270240,128.212721,41.091682,47.788807
629.321143,130.074629,40.790199,47.772770
629.599492,132.689278,41.244991,49.462372
629.007791,135.037554,41.492222,49.071606
628.306012,136.579890,41.014202,49.292202
627.926706,138.492325,41.805180,49.763763
627.399061,140.954384,41.984524,49.127121
625.915212,141.182595,42.591366,50.762405
626.083061,143.715617,41.684776,51.533825
628.389402,147.553933,39.755322,51.046555
629.255504,157.654934,39.898911,42.334480
638.517747,164.059182,38.425617,37.325424
644.265725,171.969731,39.196217,32.300270
649.074483,161.547623,39.230740,46.566711
656.219339,169.509251,38.533070,40.904381
664.010942,179.743680,37.526768,33.322990
667.631795,184.394871,37.142162,29.459282
671.647741,183.046886,37.449230,31.812616
670.017371,182.392878,39.812294,33.274334
670.730623,163.455927,39.873875,51.759365
668.855394,158.064415,42.574085,57.515549
669.795623,158.810935,43.032066,59.527622
669.871211,158.507777,43.147202,58.422070
671.168933,160.758170,45.179169,59.799763
675.198346,161.816674,44.565838,59.516983
681.207505,161.908129,45.296146,60.363979
685.894159,162.347289,44.578205,59.495182
688.699159,161.230216,44.793888,58.862324
686.895629,158.695157,44.816887,58.110008
682.790778,155.601128,44.795509,57.528900
674.226167,153.835572,45.993671,57.708923
666.232328,152.273774,45.621975,57.650650
656.359380,151.682684,46.619976,58.702122
648.199977,151.310854,46.698715,58.379253
639.768119,150.558062,46.938957,57.113079
631.052554,150.948483,46.802979,56.340782
623.015931,150.490740,46.339222,56.078625
614.869254,151.214579,45.993584,56.224056
606.951654,149.933568,46.667973,58.436424
595.961206,150.405123,48.571781,58.671200
586.689140,150.397974,48.478310,58.601421
582.094711,151.838736,47.476006,57.806416
575.903066,152.663218,46.200710,58.447308
572.140975,154.015757,45.446938,57.201763
568.915658,154.697325,44.726444,56.994236
565.209079,153.889904,44.180893,56.870049
561.292077,153.008261,44.233829,57.647251
557.535394,151.399086,43.803730,58.232468
552.149076,150.369858,45.355618,57.331253
548.112600,147.368617,44.517467,57.752087
541.618964,146.461222,44.854927,59.999523
529.619266,145.601445,48.103073,58.916771
514.935376,143.503497,47.059566,61.771481
496.653951,144.243598,46.783291,58.281147
470.223213,144.946381,46.551826,55.211121
442.709386,148.650822,46.676571,50.822777
418.358108,159.063056,37.294594,43.652576
407.757015,174.642430,31.144377,34.897392
405.961676,188.862389,29.979288,33.506989
399.878005,235.962513,43.304741,40.612740
323.792794,299.077012,41.806778,51.690628
329.271894,332.763784,35.403816,31.259039
330.817354,323.967284,33.139511,42.327686
383.989433,254.820973,35.318150,29.775913
326.118511,293.861592,37.543770,49.184696
332.722726,336.785635,32.620403,29.112307
379.874227,285.993914,30.688709,31.529427
411.898551,291.050200,31.182739,27.403275
428.468260,312.894669,25.785204,23.036541
380.361701,350.516513,38.972038,28.791586
325.471147,305.028481,38.430332,55.185673
331.824491,332.958384,32.234554,29.064606
334.090770,333.666434,28.480972,28.356178
336.283753,336.120650,25.177145,23.759209
336.658078,335.222528,24.539837,27.183069
335.588006,336.076528,25.651051,27.632204
335.656723,335.896207,26.230658,26.577700
335.773417,334.158007,26.305559,27.976402
336.106191,335.157433,25.602673,27.440365
336.151578,335.635211,25.916439,28.570059
332.936034,334.158714,28.046167,27.616667
333.818886,333.766077,26.919607,27.695139
334.298577,333.716500,26.421209,28.302334
333.120356,333.329007,27.908541,30.324574
332.429363,332.677716,29.063217,29.612568
332.478172,331.290900,29.382240,30.832031
332.369458,331.780353,28.657879,30.308065
331.460285,330.657886,29.347410,30.213964
333.424040,330.790307,27.477137,28.595089
334.151786,331.496258,26.507637,27.097233
334.609942,331.376009,27.416384,30.234718
333.479393,330.471682,29.557898,30.409843
334.838543,331.766824,27.533751,27.547480
335.875131,331.926298,26.056309,28.649477
334.863077,331.876106,26.801775,28.676237
334.251183,331.677609,27.523886,29.530506
329.919867,317.367569,31.504953,40.388203
330.188675,328.348794,31.686865,28.938112
331.207390,328.832739,30.329168,28.395561
330.450359,327.802899,30.824661,28.432354
328.253984,301.921690,33.572300,52.372719
331.482103,330.707883,32.288639,24.758265
326.043380,298.573548,35.901054,56.785244
331.797326,333.529003,31.869617,21.547949
332.447386,331.484636,28.636759,24.455149
333.890978,331.849793,28.083941,24.633694
331.754046,330.094392,29.681856,26.208994
332.135613,327.826902,29.067984,27.777361
334.572344,334.047472,26.438692,22.637323
334.096366,334.515423,26.969421,22.617527
332.541218,334.876750,27.572729,22.631424
332.720653,335.097656,28.012589,23.259848
331.348344,334.958998,28.738712,23.609978
326.913104,311.403460,33.834969,47.671951
333.870451,337.899627,28.152361,20.400106
333.780101,337.296153,25.873657,23.322456
333.686898,337.296690,26.397869,23.669678
333.921666,337.028739,26.140156,25.888639
332.905739,336.551359,27.223051,24.687807
331.829655,336.439664,27.314108,24.740282
333.495776,336.694823,26.394234,25.062271
334.211566,336.709063,24.643211,22.296860
333.759947,336.774629,24.222475,22.558191
333.414600,336.561134,25.629234,23.966078
333.204931,336.587091,25.504177,26.302401
332.960973,336.517351,25.403439,22.276781
333.061035,336.966290,25.908545,22.560093
333.333967,336.246396,24.364519,22.049534
332.439584,336.699160,25.975567,21.842148
332.799128,335.907929,26.919291,23.015095
333.300323,336.047094,25.602554,22.819010
332.646782,336.110028,26.536673,22.964382
334.657938,335.729311,24.840670,22.642761
334.609968,336.261251,25.224520,22.801996
335.194634,336.601546,25.232557,22.855042
334.935112,336.399383,25.599478,24.613585
335.046178,336.109429,24.877476,25.091686
335.840172,336.833918,24.360128,23.398376
335.465609,335.809792,25.424486,23.513721
335.101491,336.179954,25.423199,23.088026
335.406747,335.906028,25.680477,23.841589
336.244482,335.761760,25.332056,23.632650
337.342582,335.960389,25.156410,23.032185
337.200500,336.024117,25.181999,23.137943
336.564979,336.264121,25.556023,22.825081
336.328408,336.252033,25.235266,22.607489
336.514994,335.589136,25.151155,23.755457
336.958455,336.836162,24.282673,22.592299
337.014891,336.870913,24.560083,23.275200
337.027104,336.426669,24.664335,23.942360
335.964554,337.061258,26.232359,24.082911
335.728892,336.776434,25.812288,25.564323
337.052413,336.723835,24.688866,22.948986
336.571130,336.981875,25.970997,23.390526
336.184290,336.658325,25.288172,23.855825
337.195691,336.650397,24.871105,23.072166
336.667391,337.117205,24.287149,22.413910
335.901414,335.686169,26.699253,23.373837
335.157135,335.996954,26.211309,22.440132
336.602784,335.928377,26.241306,22.868380
335.888889,334.999020,26.380196,23.370396
335.304990,334.889860,26.349438,23.205324
337.068589,335.402804,26.477644,23.257996
335.855945,334.724333,26.264832,23.265320
335.270484,334.666606,27.195641,23.332663
335.280721,334.328481,27.186466,23.586412
336.448731,333.711659,26.867231,23.601269
334.543949,333.900049,27.587889,23.321550
335.484627,333.914707,27.004919,23.573317
335.262007,333.096663,27.931986,24.755264
335.854755,334.241570,26.439270,23.386395
333.854515,334.427098,27.619040,23.476215
334.271447,333.862331,28.405704,24.117445
334.806304,333.083955,27.931740,24.847765
333.022239,332.502321,29.387444,24.250658
334.123966,331.691419,29.254944,25.352091
335.381337,333.613232,27.976665,23.410976
334.072178,319.032967,30.256376,38.839199
331.348228,332.311804,33.804695,25.743591
332.205931,331.091970,31.673777,26.789415
330.861974,326.423044,32.805950,31.541574
333.633390,333.906726,30.149212,23.434469
329.779212,307.793065,34.919472,50.896847
335.560869,336.425909,30.776705,20.487436
335.317589,334.533897,28.399343,23.983847
329.523986,299.133156,35.055367,59.971592
331.997466,335.017776,35.742256,23.796133
333.175026,331.887097,31.982809,27.553616
336.005944,336.821364,28.691702,23.888176
329.261749,291.688906,35.854538,70.020668
221.689761,333.583565,38.103992,34.524929
215.144347,334.498301,43.991131,34.672737
216.106630,335.234673,42.802635,34.350994
215.884988,336.592442,42.610329,34.489536
216.310832,336.986954,44.010517,34.247417
215.751165,336.922869,44.091187,34.541435
216.140065,337.490595,44.284271,34.710274
215.993121,337.778025,44.095936,34.495750
216.308246,337.713358,44.287525,34.570152
216.729701,337.675723,44.361088,34.819466
216.915910,337.560282,43.949959,34.539436
217.242719,338.340235,43.834702,35.034233
216.821784,338.456215,44.405972,34.426693
216.826408,338.399273,44.223766,34.377766
217.461463,338.733178,44.464520,35.139370
216.761724,339.198393,44.314682,34.835403
217.330270,339.359467,44.446236,34.897930
216.781707,339.681609,44.782406,34.906815
217.184985,339.845980,44.354481,34.672844
217.046012,339.809424,44.056210,34.545486
216.928138,340.296139,44.630230,34.543827
216.849469,340.235508,44.022308,34.951939
217.492318,340.709754,44.653526,34.814148
217.345031,340.703036,44.135799,34.743874
217.960944,341.053330,44.622097,34.590343
217.706157,341.134961,43.936619,34.269627
218.174436,341.136965,43.866959,34.415413
217.765340,341.307715,43.801590,34.221420
217.833101,341.533907,44.108620,34.748695
218.315866,341.407788,43.487602,34.493549
218.602723,341.183072,43.801109,34.585392
218.271117,341.496153,44.220348,34.813202
218.654222,341.893279,44.129707,34.917786
219.098148,341.841294,44.008762,34.797512
219.179376,342.287310,43.897469,34.486061
218.937011,342.243859,43.592907,34.326595
219.006917,342.715540,43.568756,34.359764
219.024581,342.577912,43.672482,34.157085
219.067130,342.460347,43.805141,34.191349
219.124639,342.218586,43.795059,34.295597
219.101934,343.063982,43.833603,34.417366
218.901336,343.039710,43.539562,33.939255
219.806579,342.865017,43.448513,33.896488
219.069593,343.242690,43.453033,33.729904
219.253160,343.645749,43.683052,33.825321
219.285939,343.532769,43.549652,34.039593
219.020395,343.659470,43.711784,33.939648
219.488996,343.896397,44.513855,33.914783
219.494483,344.107066,43.731945,33.834099
219.460880,343.673611,43.479969,33.803745
219.746921,343.636528,44.254368,34.112514
219.861615,344.059725,44.021805,34.210976
220.174917,343.825707,43.893143,33.981747
219.594861,343.966666,44.270462,34.013046
219.692693,344.639767,44.428726,34.231709
220.344865,344.973795,43.610313,34.210167
220.242734,345.201500,43.605988,33.891109
219.587753,345.089039,43.811001,33.618259
220.492194,345.235957,44.236767,33.955879
220.051029,345.918059,43.795673,33.628555
220.365997,345.531886,43.535076,34.044029
219.965476,345.820603,43.540874,33.888226
220.583534,345.951018,43.669186,34.111191
220.297971,345.423092,43.599365,33.597965
220.551154,346.028380,44.110897,34.125778
220.131194,346.031064,43.724545,33.922215
221.532342,346.440020,43.430702,33.804726
220.864370,346.527510,44.021347,33.834442
220.853471,346.195666,44.347420,33.894569
220.496534,346.251873,44.034119,34.267963
220.852762,346.012469,44.326851,34.714455
220.365907,346.362378,44.383598,34.525471
220.781078,346.436615,44.094395,34.579952
221.030731,346.495673,44.354870,34.729080
221.020644,347.052405,44.402782,34.669891
221.241073,346.470360,44.510128,35.106564
222.321828,346.985877,44.976257,34.776749
221.554599,347.428034,44.894245,34.836967
222.150634,347.298764,44.604229,34.404133
222.766641,347.030810,44.682701,34.601875
222.136232,347.826260,44.460533,34.119022
223.080930,348.390105,44.700653,34.880753
224.597057,348.338639,44.669300,34.168911
225.219323,348.968810,44.268532,34.630692
226.415721,349.567887,43.775394,34.471615
226.093528,349.974427,44.009060,34.774700
227.038440,350.115778,44.062428,34.972969
226.526103,350.459710,44.192249,34.447613
227.344722,350.208266,44.155521,34.574234
228.764964,351.115775,43.798405,34.829498
228.343431,351.171570,43.845772,33.926601
228.876380,351.133063,43.793118,34.065155
