564.000000,303.000000,32.000000,30.000000
564.427506,303.024340,31.601637,30.347103
563.960680,302.253186,31.632076,30.442251
563.724251,303.145109,31.831192,30.059696
564.106933,302.345577,31.224413,30.491814
564.134073,302.680205,31.582973,30.550097
563.982194,302.594334,31.651213,30.491600
563.869528,302.536024,31.649632,30.411396
563.779134,302.414345,31.563604,30.385208
563.974333,302.756919,31.417469,30.424395
564.089900,303.073203,31.500162,30.497744
564.317571,302.416649,31.275503,30.592468
564.352619,302.838218,31.618935,30.510134
564.193838,302.681896,31.685184,30.582390
564.093865,302.552649,31.738722,30.599215
564.034856,302.424138,31.329702,30.323141
564.071644,302.627084,31.475395,30.315123
564.165042,302.889256,31.436869,30.214455
564.175313,303.116809,31.579382,30.126398
564.363675,302.359718,31.224173,30.357971
563.953805,302.207337,31.436766,30.082457
563.581996,302.912678,31.553553,30.033958
564.019261,302.580871,31.407400,30.125841
563.668209,302.254580,31.503792,30.146816
563.763927,302.428960,31.501825,29.989569
563.430758,303.083392,31.542431,30.045084
563.841909,302.717304,31.413883,30.160255
563.482336,302.354738,31.493198,30.195736
563.553853,302.492708,31.507116,30.061275
563.974086,302.120786,31.400812,30.143347
563.546881,302.759961,31.695393,30.180792
563.618812,302.849771,31.673159,30.114269
563.675240,302.898385,31.704575,30.128187
563.741456,302.966360,31.841078,30.271168
563.593904,302.638295,31.783276,30.404928
564.123699,302.301523,31.566048,30.413769
564.121167,302.534464,31.710653,30.210857
564.204513,302.645225,31.680971,30.050966
563.575455,302.648145,31.816406,30.278799
564.106148,302.304523,31.575729,30.275644
564.128215,302.470145,31.673059,30.095995
564.198820,302.559209,31.658695,30.086233
563.551471,302.606996,31.835413,30.258970
564.204094,302.253949,31.428619,30.219442
564.238015,302.420873,31.558928,30.031805
563.920793,303.154441,31.617887,30.155687
564.094898,302.313054,31.335609,30.336187
564.096599,302.565487,31.509623,30.021156
563.876221,302.139693,31.344177,30.134584
563.471418,302.933805,31.652897,30.065252
563.577756,302.935970,31.546621,30.108147
563.631929,302.953834,31.532635,30.098269
563.748041,302.046636,31.164745,30.334021
563.941657,302.899532,31.685366,29.986641
564.094950,302.860275,31.531414,30.106476
564.179993,302.878631,31.514053,30.115465
564.214932,302.918576,31.555258,30.067617
564.274001,302.888465,31.537310,30.107500
563.598081,303.027909,31.839331,30.008512
563.851367,302.108379,31.423441,30.316444
563.923637,302.248689,31.531219,30.051176
563.616282,302.951412,31.514248,30.008781
564.113351,302.473204,31.340712,30.192768
563.792574,302.202540,31.319988,29.992685
564.150127,302.810409,31.574287,30.060717
564.281234,302.834866,31.544283,30.021095
564.063052,302.480074,31.318583,29.985897
563.638436,303.156546,31.581388,29.960407
564.177505,302.643949,31.447296,30.110449
563.909381,302.322170,31.445597,29.949974
563.504172,303.008053,31.605379,29.817085
563.959358,302.506022,31.533936,30.018900
563.700572,302.217543,31.440195,29.883045
564.070505,302.824995,31.642315,29.888218
563.768753,302.425541,31.494278,29.851036
563.340473,302.782768,31.588661,30.058533
563.374466,302.629931,31.639145,30.006250
563.418952,302.443543,31.659945,29.998655
563.494801,302.225833,31.639503,30.036036
563.568522,302.045156,31.714457,30.015446
563.674582,301.851463,31.725040,30.012939
563.694822,302.980626,31.654408,30.029318
563.747464,302.789336,31.622183,29.958467
563.454516,302.320023,31.462305,29.933746
563.742650,302.695087,31.799322,30.078697
563.852607,302.553679,31.674578,29.961077
563.905155,302.356947,31.672630,29.959797
563.958529,302.160944,31.670132,29.956387
564.014483,301.972854,31.662271,29.945223
563.700093,302.394764,31.526648,30.053413
564.167510,302.895685,31.546328,30.109753
564.363641,302.783509,31.438536,30.021238
564.161717,302.253308,31.278906,30.125265
563.782104,302.751590,31.447222,30.098383
563.569742,302.269897,31.387066,30.080978
563.997038,302.718896,31.542637,30.148054
564.188499,302.655266,31.554367,29.972000
564.043415,302.115755,31.345467,30.086407
563.688182,302.623500,31.502176,30.051752
564.244010,302.046102,31.365496,30.196844
563.900730,302.611838,31.508949,30.058062
563.731454,302.118810,31.359037,30.095984
564.137854,302.606045,31.568790,30.144493
564.316520,302.528454,31.494265,29.997093
564.118201,302.014504,31.316240,30.078642
563.708160,302.458853,31.375900,30.109470
564.227473,301.759500,31.259027,30.390989
564.081874,302.977793,31.535624,30.232967
564.370953,301.963037,31.100487,30.503185
564.323473,301.894157,31.422878,30.182266
564.011380,302.378841,31.343374,30.159981
563.659805,302.852241,31.343903,30.161486
564.157166,302.201229,31.246262,30.384743
564.186993,302.087804,31.421013,30.194647
564.302027,301.882197,31.422543,30.191782
563.494696,302.986968,31.635883,30.296816
563.790786,302.029678,31.139467,30.469055
563.760844,301.970309,31.414789,30.152628
564.151078,302.424873,31.444120,30.188614
564.273664,302.225536,31.414404,30.152840
564.030430,303.043059,31.596703,30.162371
564.443579,302.207484,31.017414,30.407358
564.000979,303.151475,31.590784,30.163710
564.412363,302.316496,31.012646,30.408024
564.182403,302.117882,31.075945,30.182266
563.772258,302.950309,31.582560,30.156572
564.180816,302.112247,30.918993,30.444834
563.693404,303.076962,31.581057,30.156242
564.101808,302.239419,30.916319,30.443144
563.600093,303.206972,31.628366,30.111187
564.033890,302.342753,31.025299,30.397806
563.814818,302.136233,31.032305,30.118509
563.909377,302.237864,31.263994,30.197704
563.589532,303.077283,31.580580,30.129568
564.006067,302.208795,30.875134,30.420546
564.287980,303.131604,31.685347,30.185446
563.859307,302.290931,31.329512,30.488802
564.012265,302.528148,31.469183,30.194056
564.234837,302.617968,31.469109,30.193508
564.450907,302.708410,31.540661,30.178928
563.968284,302.818491,31.608736,30.275097
564.293509,302.945845,31.507280,30.172703
563.811743,302.102097,31.388203,30.491989
564.027851,302.339563,31.463295,30.224468
564.281051,302.444322,31.484224,30.164366
563.796843,302.561552,31.595890,30.365772
564.120074,302.783709,31.487482,30.116283
564.096117,302.460753,31.188503,30.095476
563.922670,302.127395,31.188503,30.095476
563.617877,302.906097,31.629725,30.189835
564.070575,302.083300,30.990229,30.495312
563.546350,303.053442,31.563459,30.213581
563.930202,302.279800,31.029182,30.454102
564.363412,302.084778,31.183348,30.312164
563.953872,302.943713,31.542025,30.233530
564.341022,302.174052,30.911903,30.414331
563.782306,303.087725,31.554819,30.230526
564.182419,302.327903,30.910095,30.398027
563.827455,302.133213,31.068510,30.177773
564.172029,302.952430,31.337202,30.160280
564.030383,302.639637,31.064814,30.176231
563.753522,302.335245,31.079275,30.176876
564.103903,303.153475,31.349476,30.160366
563.974662,302.840278,31.199511,30.262468
563.776633,302.579702,31.188951,30.215275
564.315475,302.266863,31.058458,30.205975
563.838374,303.004858,31.577662,30.299015
564.235068,302.214672,30.961916,30.442146
563.708927,303.071338,31.573509,30.299997
564.101545,302.282489,30.972523,30.444468
563.769063,302.064268,31.080481,30.178455
564.136913,302.808869,31.387871,30.207289
564.012084,302.474710,31.084063,30.174238
563.730302,302.123167,31.091734,30.176319
564.106366,302.862781,31.383612,30.208170
563.968115,302.528444,31.087284,30.134396
563.680823,302.156659,31.089464,30.136114
564.057597,302.877207,31.380930,30.206448
563.917093,302.539740,31.062008,30.136127
563.940072,302.583470,31.198011,30.234091
563.808191,302.107939,31.306774,30.511265
563.991913,302.332074,31.597687,30.416952
563.975799,301.998946,31.518953,30.617525
563.853864,302.930733,31.689169,30.266830
564.407677,302.031031,31.066910,30.695324
564.468424,302.346969,31.603436,30.411409
564.437686,301.964005,31.575174,30.645599
564.333458,302.889345,31.719131,30.261883
564.133492,301.936113,31.290007,30.778042
563.907445,302.925235,31.673544,30.197382
564.436492,301.959375,31.121492,30.632488
564.518243,302.184808,31.659224,30.367064
564.481547,302.968328,31.683054,30.177954
564.265007,301.969824,31.278625,30.725529
564.053211,302.946224,31.641060,30.193733
564.602346,301.972684,31.055332,30.531271
564.306190,302.815405,31.458633,30.237110
563.857279,302.834429,31.557339,30.318874
564.177556,302.919757,31.484426,30.165003
564.726212,301.943092,30.975433,30.435471
564.471071,302.700132,31.371136,30.137150
564.472024,302.250228,31.710127,30.466661
564.491535,303.103889,31.922829,30.138933
564.630537,302.617984,31.960926,30.587931
564.399854,302.860497,31.989965,30.394333
564.571465,302.503381,31.960646,30.630629
564.329008,302.772851,32.037846,30.450911
564.126854,302.950731,32.035263,30.453213
564.029015,302.220781,31.755478,30.774075
564.376564,302.565493,31.984421,30.396542
564.653725,302.215251,31.815094,30.584497
563.937027,302.005865,32.162476,30.500355
563.846152,302.216131,31.935656,30.422688
563.982912,303.032108,31.841763,30.170143
564.619673,302.147614,31.469349,30.595533
564.516579,303.049775,31.830734,30.177000
564.370373,302.155724,31.682579,30.669861
564.345725,303.119428,31.889681,30.221823
564.530822,302.772174,31.882097,30.552805
564.376893,302.090785,31.752806,30.683100
564.069155,302.401099,32.014095,30.523790
563.885574,302.634468,32.043625,30.516281
564.315012,302.844283,32.086163,30.434587
564.180432,302.039808,31.923605,30.716969
563.895248,302.414129,32.102524,30.416904
564.443142,302.626353,31.983086,30.369287
564.679485,302.339185,31.869118,30.563086
564.424598,302.623256,31.960375,30.419748
564.658957,302.346432,31.741945,30.511818
563.817715,302.129046,32.113380,30.490076
564.304353,302.300268,31.963804,30.366535
564.405008,303.084810,31.995235,30.230801
564.529007,302.762097,31.970001,30.504171
564.381938,302.085132,31.895884,30.748392
564.033020,302.462346,32.087067,30.368841
563.780724,302.650311,32.094696,30.388433
564.229969,302.766556,32.073738,30.438644
563.972740,302.970757,32.106216,30.397446
563.900511,302.211031,31.868473,30.755245
564.236740,302.494507,32.098679,30.459152
563.820393,302.882367,31.966866,30.492559
564.321137,302.271370,31.515028,30.773285
564.140840,302.307099,31.774229,30.564741
564.094011,302.238997,31.795330,30.553591
564.057526,302.165036,31.794861,30.556082
563.819778,303.240736,32.063629,30.366489
564.343816,302.562853,31.556540,30.765499
564.186275,302.592852,31.771034,30.568493
564.130491,302.524183,31.773914,30.571644
564.075774,302.457072,31.774279,30.570719
564.021787,302.386303,31.773489,30.572243
563.967928,302.316079,31.772701,30.572783
563.936462,302.170867,31.770050,30.638201
563.705017,303.211635,32.040298,30.452417
564.232659,302.531610,31.535566,30.810528
564.042690,302.588376,31.799629,30.550131
563.931667,302.627158,31.878334,30.444857
563.885815,302.568020,31.978035,30.481468
564.103493,303.006495,32.074203,30.379360
563.807143,302.407721,31.837206,30.729633
563.970516,302.972728,32.214104,30.393259
563.762928,302.381279,31.843681,30.726059
563.946806,302.947532,32.187366,30.392031
563.731476,302.324320,31.820374,30.753323
563.933701,302.895638,32.144669,30.400267
563.697287,302.276896,31.799320,30.752359
563.846855,302.859828,32.165543,30.415262
564.401779,302.246767,31.556793,30.741299
564.207537,302.328635,31.916439,30.538134
563.666143,302.811059,32.233814,30.461790
564.188040,302.142401,31.563816,30.681553
563.701412,303.217432,32.246147,30.251019
564.178061,302.421475,31.721546,30.614859
563.952835,302.402293,32.008026,30.556879
564.123419,302.830997,32.115894,30.408213
563.734048,302.253938,31.893110,30.738157
563.877384,302.769347,32.049873,30.430727
564.095007,303.130771,32.052631,30.430979
563.724127,302.593793,31.845448,30.721853
563.820026,303.131827,32.074150,30.398256
564.242507,302.485634,31.691317,30.800842
563.525677,303.111535,32.136467,30.411772
563.981709,302.504183,31.692329,30.752087
564.013798,303.076485,32.064217,30.370209
563.631830,302.512971,31.865841,30.710295
563.769138,303.066236,32.075203,30.380011
564.188499,302.439835,31.698380,30.762054
563.467724,303.019875,32.190697,30.437592
563.946136,302.422649,31.725754,30.789024
564.015854,303.010205,32.132431,30.411215
563.649592,302.479287,31.933863,30.760786
563.823092,303.053454,32.136349,30.409357
564.274859,302.448530,31.754969,30.782383
563.595818,303.053250,32.233536,30.474218
564.097038,302.478460,31.754669,30.785007
564.185558,303.061082,32.131767,30.410795
563.823930,302.538259,31.934416,30.750158
564.003727,303.104419,32.129784,30.409891
563.641182,302.581076,31.932938,30.750950
563.816353,303.148371,32.134460,30.408825
564.465364,302.509986,31.695875,30.862581
563.866051,303.154106,32.299835,30.461197
563.661654,302.612782,32.048214,30.728310
564.081934,303.150662,32.031322,30.523230
563.744323,302.637270,31.957186,30.727505
564.308708,302.201273,31.674789,30.811398
563.692833,302.751788,32.224136,30.518000
564.368333,302.185147,31.670057,30.834082
563.732803,302.902305,32.350754,30.372423
564.453158,302.392101,31.759165,30.722740
563.857019,303.048601,32.352825,30.377575
563.680946,302.585209,32.127472,30.644295
564.109705,303.220276,32.113491,30.392487
563.803013,302.766398,32.152306,30.640818
564.438294,302.380202,31.772093,30.734667
563.999218,302.990505,32.230354,30.485634
563.886501,302.609079,32.039360,30.659679
564.348221,303.187865,32.107834,30.400759
564.157661,302.749142,32.117722,30.639885
563.972134,302.429427,32.118217,30.644152
563.693338,302.981824,32.313335,30.431814
564.402946,302.399034,31.892441,30.810865
563.951738,302.912533,32.357815,30.531288
564.094563,302.805226,32.284004,30.770880
564.200260,302.818251,32.283989,30.769932
564.305801,302.829988,32.278137,30.770063
564.428150,302.844931,32.216484,30.798161
563.734812,302.933246,32.455746,30.764597
563.944557,302.946704,32.196274,30.793619
564.024893,302.974660,32.184269,30.778173
564.088306,303.013804,32.228737,30.706797
564.185720,303.014069,32.197987,30.706726
564.265429,303.007092,32.191784,30.688940
564.347727,302.984818,32.099285,30.718903
564.384235,302.975726,32.097923,30.720758
564.419573,302.966665,32.131725,30.695148
564.471815,302.945048,32.143284,30.693995
563.753382,302.956218,32.362759,30.650415
563.926500,302.919961,32.151867,30.665754
563.997459,302.890839,32.149536,30.671631
564.055346,302.855142,32.168331,30.638060
563.868116,302.482484,31.956318,30.600431
564.251842,302.922665,31.988169,30.429848
564.374561,302.812578,31.961357,30.545162
564.076041,302.396080,31.986116,30.626541
563.632956,302.852114,32.220600,30.383984
564.320571,302.254078,31.686861,30.750496
563.744316,302.782781,32.224854,30.457327
564.435294,302.218246,31.686693,30.762161
563.876297,302.782127,32.209595,30.432281
564.437263,303.171358,31.998919,30.482540
564.208012,302.624135,32.023750,30.809057
564.403215,302.672603,32.005962,30.720865
564.302180,302.263475,31.832453,30.796032
563.985258,302.772814,31.989185,30.618359
564.678794,302.317541,31.502398,30.809391
564.699232,302.459913,31.760777,30.605885
563.831432,302.393555,32.041542,30.723755
564.300817,302.843166,31.933567,30.328880
564.365022,302.697802,31.906843,30.484081
564.433262,302.480629,32.029045,30.331161
564.557457,302.190725,32.051117,30.328587
563.796703,303.108614,32.380257,29.924816
564.100914,302.605595,32.050018,30.339989
564.239523,302.311358,32.055439,30.343332
564.311653,303.224592,32.137833,29.965229
564.499939,302.839689,32.016815,30.258366
563.649984,302.577687,32.255558,30.252752
564.212616,302.718809,32.000992,30.190922
564.312120,302.371451,31.882320,30.288301
564.322455,302.142852,31.921816,30.229692
564.293383,303.045719,32.152386,29.859016
564.036480,303.146206,32.060905,30.087776
564.183912,302.864902,31.805424,30.202051
563.727745,303.161346,32.020569,30.101639
563.721666,302.855231,32.095364,30.322954
563.732346,302.558769,31.947540,30.343231
563.680269,302.296440,32.004848,30.308380
563.597410,303.218192,32.243168,30.003954
563.730496,302.807665,31.959768,30.278545
563.672028,302.596366,32.008423,30.214190
563.639833,302.337116,32.007320,30.231285
563.504753,303.312302,32.310593,29.933243
563.619695,302.894634,31.935507,30.289146
563.547310,302.654942,31.936462,30.288948
563.474957,302.415837,31.936270,30.285345
564.155072,302.215205,31.838995,30.296869
563.934698,303.213975,32.245533,29.965590
564.027067,302.813694,31.939899,30.287209
563.953260,302.572580,31.952427,30.287609
563.837530,302.338758,32.216999,30.406361
564.220058,302.731328,32.315208,30.236288
563.906197,302.949219,32.343857,30.357010
563.620543,302.297361,31.962116,30.450397
563.563673,302.074090,32.046543,30.427443
563.826759,302.306532,32.345963,30.338459
564.240744,302.495484,32.345158,30.339384
563.958725,302.760925,32.322083,30.307297
563.664288,303.009272,32.322624,30.307842
564.220533,302.157587,31.823139,30.629742
563.684174,302.476215,32.295105,30.450798
563.860680,302.321692,32.342880,30.563816
563.663761,301.741824,32.292229,30.730906
563.365726,302.551237,32.592751,30.269489
563.283323,301.833962,32.277225,30.674284
563.785175,302.573957,32.464317,30.303623
563.321598,302.525469,32.404640,30.390697
563.573082,302.455647,32.320129,30.404594
563.754683,302.436741,32.344807,30.331627
564.065968,302.236433,32.304604,30.585361
563.979101,301.597064,32.243427,30.830011
563.783779,302.338745,32.510139,30.347763
563.801785,301.603388,32.229118,30.813320
563.644638,302.318345,32.498444,30.043180
564.049324,301.998728,32.359604,30.297970
563.578295,301.780547,32.473766,30.277636
563.932478,302.812597,32.308125,30.080296
563.947241,301.984116,32.154667,30.513214
563.384918,301.877732,32.464447,30.338179
563.809143,301.651268,32.327011,30.371429
563.967861,302.762280,32.507027,30.501518
563.979971,302.256160,32.175114,30.700724
563.826235,301.849873,32.173229,30.700218
563.604067,302.576954,32.451519,30.451103
563.588707,302.045538,32.175690,30.701542
563.367691,302.772245,32.450409,30.453815
563.350784,302.244914,32.174133,30.697672
563.930485,301.869128,32.195625,30.791819
563.718773,302.642089,32.452393,30.450884
563.704218,302.112896,32.171871,30.697762
563.481241,302.838054,32.448528,30.450861
563.464247,302.307393,32.173466,30.707434
563.310152,301.905388,32.174389,30.706284
563.806877,302.634204,32.350281,30.536646
563.739494,302.146095,32.180435,30.705093
563.506109,302.877949,32.432774,30.428734
563.467329,302.348989,32.188801,30.691320
563.313978,301.946362,32.199436,30.666571
563.822603,302.656471,32.339718,30.488190
563.744123,302.152078,32.200352,30.666731
563.526442,302.860618,32.449848,30.416704
563.503662,302.319386,32.197647,30.669014
563.356100,301.903438,32.194782,30.670832
563.864016,302.614394,32.334652,30.491899
563.402090,302.765192,32.272770,30.324871
563.673853,302.730147,32.252682,30.452166
563.936148,302.757483,32.251209,30.455309
563.436687,302.889142,32.265556,30.322989
563.850130,301.840311,31.897640,30.832912
563.936464,302.057648,32.249187,30.453812
563.467716,302.120187,32.566933,30.435408
563.461428,302.787230,32.566143,30.400425
563.494186,302.144458,32.426270,30.840555
563.687559,302.460004,32.577152,30.504400
563.731649,301.874187,32.400043,30.822243
563.900309,302.180796,32.661633,30.530087
563.936802,302.895572,32.573708,30.398798
563.976732,302.258973,32.404415,30.820127
563.538548,302.561792,32.664207,30.448299
563.623728,301.949944,32.404415,30.820127
563.800180,302.260296,32.586971,30.497856
563.844419,301.678845,32.408482,30.813757
563.407768,301.983172,32.666641,30.442774
563.447306,302.656815,32.575039,30.394730
563.491852,302.023656,32.410767,30.811270
563.676054,302.356555,32.499699,30.466928
563.665552,301.838943,32.424450,30.719940
563.502573,302.695167,32.718517,30.351732
563.611874,302.121087,32.368294,30.710310
563.427246,302.973269,32.645401,30.332638
563.489716,302.383915,32.382309,30.686073
563.422548,301.967456,32.377270,30.697992
563.223169,302.806962,32.664532,30.293837
563.296135,302.194160,32.376724,30.697617
563.861387,301.700241,32.368259,30.895554
563.320442,302.051181,32.703629,30.407999
563.282253,302.724310,32.744591,30.338840
563.404060,302.111811,32.374634,30.719936
563.207977,302.940565,32.670898,30.361179
563.289522,302.343053,32.386227,30.736486
563.914818,301.826997,32.321121,30.957548
563.361580,302.161551,32.673950,30.501528
563.328468,302.815221,32.581985,30.431555
563.371254,302.205480,32.407883,30.794775
563.326988,301.777349,32.407883,30.794775
563.161568,302.577857,32.580780,30.430849
563.870783,301.900163,32.343761,30.968672
563.317108,302.238803,32.686493,30.540934
563.394552,301.684179,32.427937,30.778431
563.226665,302.478406,32.596764,30.427816
563.266277,301.866743,32.420082,30.778645
563.792150,302.674451,32.551365,30.382010
563.794985,302.037162,32.437298,30.782274
563.627468,302.829495,32.607857,30.435827
563.659048,302.219028,32.438908,30.782280
563.584349,301.747833,32.437168,30.850067
563.723864,301.950098,32.648357,30.731670
563.341129,302.130924,32.662712,30.627953
563.594503,302.215261,32.625782,30.735783
563.828091,302.354365,32.626823,30.735239
563.430334,302.545568,32.698139,30.589527
563.690882,302.604640,32.699566,30.741129
563.335331,302.715206,32.681908,30.662346
563.737490,301.644908,32.298092,31.164957
563.794149,301.897285,32.684788,30.811340
563.431631,301.999888,32.690815,30.685114
563.684446,302.020534,32.689060,30.780375
563.331516,302.117812,32.687538,30.656649
563.593510,302.119205,32.681679,30.792961
563.849884,302.189601,32.690414,30.792643
563.471813,302.305676,32.649483,30.735556
563.800228,302.311952,32.496651,30.941816
563.318052,302.496513,32.667423,30.744324
563.654821,302.506990,32.496571,30.939205
563.906307,302.615517,32.498207,30.937149
563.569672,301.734043,32.344040,31.231941
563.749102,301.988113,32.495266,30.962799
564.004766,302.107068,32.495396,30.965887
563.499870,302.324051,32.677246,30.755966
563.855120,302.366312,32.451031,30.952740
563.407913,302.574977,32.594879,30.804712
563.722481,302.641278,32.451492,30.957174
564.148823,301.769361,32.190041,31.330511
563.555376,302.177285,32.613583,30.803450
563.864767,302.250180,32.464069,30.958014
563.391741,302.483584,32.512341,30.672983
563.492004,301.935112,32.086990,30.953079
563.111624,302.701707,32.435886,30.528898
563.874269,301.977248,31.948149,31.055407
563.685493,301.611381,32.182480,30.990923
563.356213,302.375379,32.448662,30.528723
563.437536,301.719911,32.120060,31.008421
563.847353,302.397135,32.367214,30.649670
563.888296,301.802984,32.116291,31.010136
563.562677,302.574073,32.407406,30.549517
563.633831,301.929009,32.115089,31.019728
563.307764,302.689813,32.418392,30.569899
563.384382,302.050457,32.131794,31.029610
564.004290,301.576364,31.953106,31.043730
563.593950,302.391059,32.432919,30.533632
563.551287,301.835700,32.272198,30.921358
563.263428,302.643144,32.484497,30.458372
563.269201,302.058553,32.212559,30.879675
563.675085,302.839059,32.474552,30.472898
563.661608,302.305698,32.241421,30.897789
563.531721,301.984180,32.241337,30.898232
563.212799,302.817064,32.545822,30.455608
563.861050,302.231522,32.237877,30.905273
563.683020,301.952089,32.319523,30.857708
563.397110,302.771702,32.552338,30.422661
563.369108,302.251889,32.327000,30.850500
563.225519,301.946100,32.331051,30.853100
563.611946,302.726872,32.674103,30.527761
563.641159,302.258095,32.332489,30.838333
563.499565,301.944603,32.332489,30.838333
563.234665,302.769031,32.396484,30.400614
563.453035,302.790859,32.183758,30.608467
563.834564,301.908193,31.758209,30.920218
563.731377,302.192200,32.158875,30.574829
563.828289,302.295166,32.160530,30.582733
563.924877,302.402890,32.159874,30.581091
563.284718,302.579321,32.307503,30.472996
563.453892,302.635159,32.159782,30.580145
563.554329,302.729307,32.154465,30.595890
563.915105,301.824995,31.731161,30.906223
563.795782,302.103292,32.165730,30.587879
563.896147,302.156570,32.156162,30.647705
563.991728,302.239761,32.156162,30.647705
563.359564,302.385730,32.302021,30.520914
563.555140,302.380636,32.103680,30.653797
563.690371,302.404000,32.460201,30.331678
564.003643,302.266144,32.461815,30.332352
563.529028,302.238571,32.641544,30.315063
563.444908,302.758226,32.827286,30.124096
563.623585,301.959249,32.457375,30.687534
563.448879,302.663908,32.795769,30.152317
563.613499,301.879949,32.450981,30.690481
563.435394,302.587667,32.795410,30.150578
563.599813,301.803412,32.449741,30.690233
563.421289,302.511106,32.793621,30.150333
563.583155,301.732604,32.432919,30.698977
563.396097,302.448018,32.776836,30.159216
563.549570,301.673957,32.432919,30.698977
563.368362,302.392808,32.773773,30.154676
563.361038,302.842188,32.739426,30.126400
563.511658,302.062643,32.407898,30.684727
563.324251,302.805334,32.772854,30.117146
563.493807,302.051841,32.417614,30.656130
563.308588,302.783075,32.744183,30.125439
563.467600,302.031785,32.408016,30.685301
563.276550,302.773202,32.785995,30.152052
563.462229,302.035639,32.411022,30.663525
563.271172,302.766167,32.788956,30.150574
563.457508,302.028589,32.412544,30.662243
563.267969,302.758717,32.787685,30.150307
563.454052,302.020991,32.411293,30.662210
563.264442,302.751817,32.790802,30.154036
563.452169,302.014691,32.412098,30.668447
563.261421,302.747909,32.791000,30.156206
563.400845,301.940729,32.346535,30.726192
563.208387,302.590425,32.762211,30.111280
563.326052,301.832430,32.441723,30.588970
563.148586,302.428415,32.777168,30.172253
563.255377,301.719193,32.546818,30.600189
563.154087,302.330108,32.791283,30.157671
563.174843,302.719416,32.791199,30.156643
563.288231,301.995829,32.517090,30.609020
563.173264,302.613319,32.795822,30.169922
563.324572,301.883632,32.510540,30.608088
563.248404,302.511146,32.771214,30.121050
563.402210,301.766349,32.466255,30.645494
563.290373,302.420693,32.656696,30.256117
563.391281,301.752231,32.371460,30.709101
563.234507,302.440570,32.655636,30.245707
563.334854,301.767842,32.376923,30.703939
563.110466,302.552478,32.689423,30.156824
563.593388,302.406256,32.244240,30.220814
563.851036,302.286622,32.197678,30.230101
563.656898,302.842091,32.482117,30.016853
564.039053,302.629580,32.194538,30.217112
563.953487,302.041819,32.194389,30.392803
563.441856,302.114618,32.410797,30.121227
563.800032,301.951238,32.151844,30.206320
563.601282,302.531559,32.514553,29.996849
563.985994,302.364702,32.278362,30.160152
563.495358,302.382026,32.449409,30.042986
563.808153,302.198955,32.308895,30.201014
564.063129,302.091182,32.291481,30.175821
563.614874,302.035538,32.390629,30.110306
563.945461,301.844926,32.245293,30.220762
563.502325,302.995983,32.296818,30.261818
564.036629,301.976213,31.775818,30.670254
564.141090,302.004258,32.117386,30.448927
563.729185,302.004370,32.162037,30.452869
564.029215,301.927872,32.113964,30.445831
563.614532,301.929770,32.161438,30.451633
563.914654,301.839206,32.118065,30.440577
564.192205,301.739289,32.118580,30.444609
563.679079,302.987343,32.314816,30.259216
564.200423,301.970341,31.774141,30.658257
563.629572,302.055395,32.179333,30.465763
563.933235,301.983090,31.932938,30.480124
563.786896,302.564738,32.013504,30.488550
564.018786,302.512733,31.968592,30.536285
563.481323,302.556736,32.206665,30.518425
563.738438,302.408915,32.065407,30.772594
563.585228,301.853861,32.047119,31.032146
563.392765,302.638696,32.186775,30.574354
563.667578,302.505188,32.168598,30.774658
563.582634,301.893429,32.105377,31.073540
563.421926,302.632972,32.226582,30.664568
563.370840,301.973095,32.045353,31.059578
563.863905,301.557089,32.000690,31.058292
563.655424,302.299294,32.125278,30.606888
563.869141,302.229342,32.055878,30.710323
564.042736,302.213384,32.126091,30.691504
563.939619,301.634218,32.018894,30.895824
563.716278,302.378850,32.236160,30.550650
564.005804,302.228276,32.098087,30.770102
563.916179,301.722176,31.974955,30.868332
563.645861,302.404295,32.352184,30.617115
563.604647,301.742896,32.124355,30.911638
563.352495,302.399527,32.233303,30.664051
563.907324,301.758504,32.059711,31.036123
563.625702,302.515253,32.255463,30.629772
563.483858,301.860129,32.074902,31.013155
563.208694,302.605009,32.254608,30.634357
563.731201,301.946481,32.092285,31.026777
563.471449,302.711057,32.254322,30.613638
563.323906,302.080686,32.057678,30.938223
563.757385,301.559916,32.062714,30.935648
563.485380,302.205490,32.247196,30.598999
563.364058,301.542138,32.049381,30.910246
563.767933,302.204519,32.259331,30.648701
563.655979,301.564449,32.044441,30.909843
563.385771,302.239753,32.262272,30.470842
563.602640,301.992617,32.128506,30.599514
563.752346,301.809948,32.128685,30.599709
563.902014,301.628639,32.129215,30.599152
563.963675,302.760699,32.323338,30.228708
563.466328,302.425209,32.265236,30.621338
563.371435,301.769457,32.071980,30.808498
563.777622,302.374661,32.286476,30.512960
564.002213,302.148197,32.156448,30.590401
563.414604,301.994155,32.309708,30.660173
563.272690,302.536941,32.269882,30.528032
563.468969,302.317855,32.153095,30.575274
563.606123,302.121700,32.155186,30.574791
563.743895,301.928075,32.150883,30.569693
563.828581,301.781855,32.209873,30.544857
564.038391,301.864767,32.291092,30.636677
563.770987,302.706114,32.600849,30.552341
563.866680,302.304173,32.180000,30.909782
563.751949,302.080952,32.180000,30.909782
563.638094,301.857323,32.179867,30.910629
563.317472,302.826169,32.606663,30.561941
563.418863,302.423869,32.179760,30.908686
563.306803,302.194942,32.179760,30.908686
563.930372,301.890324,32.068027,31.061241
563.554548,302.932942,32.603901,30.561193
563.655603,302.529992,32.176525,30.907484
563.541149,302.300490,32.176872,30.906191
563.426712,302.069180,32.177475,30.908300
563.312576,301.838925,32.177475,30.908300
563.865202,302.811281,32.427128,30.608929
563.876759,302.433992,32.176460,30.913692
563.759062,302.208845,32.181019,30.911030
563.645092,301.983914,32.178810,30.910391
563.322639,302.955838,32.602997,30.557821
563.419504,302.552299,32.184414,30.908724
563.307674,302.324480,32.182335,30.908871
563.932659,302.027187,32.062477,31.049538
563.759861,301.869776,32.182335,30.908871
563.440983,302.840186,32.598808,30.559328
563.537708,302.437736,32.179497,30.908281
563.425241,302.211517,32.178890,30.906479
563.312471,301.984398,32.178890,30.906479
563.868246,302.958020,32.419712,30.598852
563.879766,302.572691,32.169315,30.908619
563.761589,302.343602,32.174896,30.907660
563.647682,302.117689,32.177063,30.909397
563.535412,301.892958,32.175453,30.908833
563.216562,302.862505,32.607128,30.563457
563.303553,302.475984,32.204876,30.887205
563.866999,302.182684,32.120098,31.034840
563.595591,302.235023,32.298092,30.708786
562.859112,302.589020,32.623131,30.451248
564.648438,308.391441,30.828690,25.013550
568.306797,312.374691,32.309441,22.076866
578.793432,313.899445,33.667759,22.771545
581.531015,314.363086,32.239330,23.596949
582.344873,315.878585,35.521908,24.940340
589.776096,316.237827,36.288216,25.891075
595.909679,318.923788,38.185600,26.646534
599.444239,320.566919,36.581844,25.134960
596.132687,316.854462,39.462578,27.059769
591.118830,314.604808,36.617809,27.838236
595.860302,315.823815,38.058449,28.099012
595.013927,318.037621,35.352028,24.896559
607.862499,323.339711,32.027916,24.086584
611.191267,325.722034,28.808733,23.562616
608.339278,323.430223,31.449837,22.900274
602.380336,322.268084,37.193954,28.256290
599.697934,320.530560,39.981792,33.941818
591.566421,309.898491,37.014076,32.136894
589.511039,303.281172,47.170723,36.211666
583.390727,291.614107,47.771973,26.787495
570.439136,250.824677,55.338989,48.871346
551.427314,252.159962,57.918037,37.808212
525.411345,250.744823,56.483925,24.248062
502.649116,250.509228,45.758369,21.781509
476.306848,250.192867,28.903194,23.401611
425.260213,302.898335,24.332239,17.942015
419.019138,293.550646,35.757969,54.995083
405.155005,247.823700,53.539825,64.567673
382.586876,296.270491,62.236324,59.729509
382.788017,303.179511,42.924435,52.820489
357.491903,303.869153,62.019775,51.913372
251.093822,290.622823,62.178585,62.311367
173.116720,203.795291,127.054649,149.547821
171.835344,151.937320,141.214508,202.487640
170.718569,130.339298,142.978638,225.660702
168.241838,128.874864,144.429291,226.115875
167.252108,128.267076,146.335144,226.429779
166.248095,127.822511,144.820587,227.493896
164.170137,127.795290,147.190552,227.317932
161.737085,127.374193,149.246414,228.625807
160.658388,127.073815,149.616760,227.806885
160.716875,127.701882,149.262238,228.082001
159.534876,128.719781,149.573380,226.792969
159.255732,128.055215,148.855240,227.085541
158.408304,126.801591,148.541428,227.416031
158.864191,128.296449,146.642288,227.564377
157.049929,128.811608,148.151733,227.188392
156.235163,128.340962,148.026321,227.300583
153.769915,129.136342,149.974091,225.649277
155.965914,129.101742,147.179871,225.330170
157.255976,129.332814,145.997452,226.304855
157.043978,129.708294,145.829834,226.055847
156.958384,129.646016,145.335068,225.334335
157.429735,130.294918,142.584564,224.614777
158.078348,129.838162,143.325180,223.925323
157.724703,130.044529,143.199402,224.420486
159.639307,130.451619,139.552383,224.204391
160.044237,130.868008,137.902924,225.131992
161.583620,130.017126,136.446045,225.982874
160.236856,130.447505,137.451340,225.552495
162.221224,129.565137,135.964844,226.197174
160.503130,130.318922,136.501984,225.192474
162.368837,129.665823,136.914429,225.828873
160.639498,128.707189,137.552612,226.802536
161.038240,129.865133,138.202759,225.526627
160.007662,130.130460,138.628845,225.006775
160.459421,129.451536,139.440109,225.724365
159.663744,130.797140,138.634003,224.787918
159.586008,129.005415,138.506393,225.862579
158.766481,130.195661,141.328918,225.372650
158.023752,131.281553,143.306931,222.888000
157.124598,130.269605,143.382950,223.872711
156.815348,130.411710,143.523788,224.408020
156.066866,129.687513,143.906250,224.958282
156.198862,129.205953,144.209274,225.238785
156.126223,128.291593,144.640198,226.171875
155.575006,127.925649,145.017227,226.931290
154.849627,128.176305,145.042572,226.877182
155.510187,127.119512,143.757828,227.923630
155.448938,127.110494,143.489944,227.073502
154.845011,127.803297,143.664352,227.842499
155.650988,127.855840,144.022430,226.736435
155.668222,127.356893,143.288437,227.451492
156.153971,127.567724,144.098190,225.826401
156.958811,128.322630,143.502853,227.483276
157.025118,128.100545,144.467224,226.212845
158.430780,127.800138,143.598343,226.557556
159.009241,128.046888,143.144119,227.209991
158.715746,127.244878,143.700104,226.903000
160.185480,127.524953,144.110428,228.475047
159.954897,126.768145,144.731323,228.625809
160.857073,127.285823,144.796112,227.716614
160.674875,127.267726,144.220627,227.510559
160.336962,126.903407,144.793732,227.569031
160.415682,127.134242,145.166443,227.192078
161.715593,128.005877,145.248688,226.512955
161.764391,126.275454,143.763885,229.104477
160.903589,126.748011,144.111343,228.064575
160.771135,127.275424,144.422150,228.574997
161.151583,126.827464,143.892700,228.627899
160.388819,126.817912,142.712784,228.074066
160.840151,127.376902,144.700989,228.623098
160.619394,128.012311,144.524704,227.190781
160.118753,128.729230,144.749435,226.096603
160.405901,129.078809,144.736298,225.304733
160.831202,129.149465,144.695572,225.143402
159.784815,128.440099,145.967545,225.867188
159.483408,128.526830,146.495834,226.024353
159.238604,128.114728,147.007050,226.799545
160.058634,128.152387,147.244980,227.015854
160.118464,127.891050,146.452103,228.108950
160.932993,128.498999,145.795334,227.075241
160.233904,128.530425,145.335358,227.433716
160.319483,129.123824,145.399551,226.635651
160.603823,129.168097,144.716919,226.656906
160.292841,129.099189,144.901993,226.559372
159.863260,128.862502,145.180832,226.653778
159.638048,128.732978,145.741486,226.846115
158.835505,128.748442,145.290237,227.251558
159.282953,127.784164,144.888504,228.007141
158.399691,127.776878,144.678711,228.049362
157.983049,128.183326,146.057281,227.281754
157.709078,127.346191,144.816284,228.410919
157.402170,128.270919,145.059677,226.974060
157.298105,128.568748,145.047775,226.586716
158.192553,129.027587,143.988129,225.886627
157.660028,129.202560,144.659927,225.428406
157.941805,129.544952,145.642456,225.157806
158.659822,128.682968,142.828735,226.531128
158.689226,129.490493,144.516571,224.985962
158.707956,128.600402,144.749680,226.166168
156.489168,127.632385,144.396423,227.304779
156.693453,128.370406,142.594849,226.425232
157.152300,128.684211,144.810028,226.137955
155.120363,129.190574,142.078247,225.708176
155.073786,130.491287,145.666580,224.102722
154.806498,129.135917,143.243332,225.817368
153.757524,131.301742,142.513763,223.724365
151.854731,132.139320,144.600601,222.695877
151.321795,133.956947,143.755096,221.984756
150.074358,133.268340,143.902924,221.373749
147.591707,133.746879,142.220459,221.612167
147.069849,132.508460,143.244217,222.959122
144.842928,134.797462,140.891052,220.831009
144.584391,133.677734,143.947861,220.999969
141.677904,135.606719,142.007477,220.393281
141.196367,133.978157,144.832916,221.564102
137.785822,136.260978,142.227982,218.117477
136.498163,135.767822,146.889908,218.948151
133.733622,136.822281,145.469894,218.190613
130.690302,138.083465,153.921829,216.912628
127.100626,137.888771,160.528366,217.637527
124.369173,138.068969,159.123230,217.109772
123.388926,137.374344,161.092148,217.509644
120.683863,136.954117,162.886063,218.440979
118.360819,136.641014,166.543747,219.358986
115.627443,137.455738,164.859802,218.544262
114.094034,137.697779,160.949875,218.302221
111.444681,137.420407,159.065231,218.579593
109.343981,138.894835,158.853973,216.729919
107.153284,139.649191,155.436234,215.344681
105.768045,140.717795,158.343246,215.282205
104.521555,140.694194,158.758469,215.305806
106.764803,140.526548,156.008911,215.473452
107.804598,139.991576,155.706543,215.601074
111.354219,139.577948,152.916992,216.422052
115.017618,139.243953,151.859299,216.756047
118.292627,137.834066,151.857193,218.010941
124.680864,138.286794,150.302460,217.137527
131.087572,136.401823,148.602692,218.497070
136.925623,136.129797,149.650040,219.626328
144.578600,136.158643,149.985199,219.841357
151.639299,136.699935,152.588348,219.300065
163.249643,137.051910,153.590927,218.649521
173.106348,135.397514,162.872147,219.523499
179.505159,136.914955,164.499634,217.196014
188.574686,133.656951,162.954880,221.094711
198.539850,131.380828,165.337662,223.331833
202.880320,127.442817,184.587265,228.079498
197.193872,127.179992,196.564896,228.820008
199.095972,122.420959,197.369827,230.496399
200.330362,118.789863,219.733932,236.206223
197.644983,118.487625,202.446609,235.570099
196.547838,114.888206,247.493561,241.111794
196.974794,113.142231,221.403198,241.362289
188.599001,112.257900,224.168091,243.742100
188.193972,109.580313,246.266846,244.427353
191.834414,110.590574,216.053345,239.642303
186.376467,110.723669,243.520386,245.276331
187.020502,111.377871,215.107803,241.239777
182.831575,113.881061,255.914368,242.118939
187.475222,113.311021,241.527466,241.964706
187.744539,113.950700,230.067810,239.597336
182.789522,115.835657,200.888245,239.292511
175.598940,118.250597,182.445679,237.749403
167.853945,118.112794,176.021729,237.427597
161.084826,120.374406,169.967255,235.625594
152.364100,120.713250,166.775955,234.333099
145.580347,116.069008,168.659683,239.930992
138.332705,114.612637,165.950317,241.387363
130.952005,115.559652,164.348495,239.910690
121.563288,118.799078,166.023087,237.200922
116.411829,118.930209,163.405350,237.069791
109.009195,119.110590,166.133530,236.889410
103.598246,120.218106,166.902878,235.781894
99.030878,120.719267,166.418472,235.280733
96.608667,121.963790,164.793106,234.036210
93.737864,122.753578,164.791733,233.246422
88.243982,122.353878,167.784134,233.646122
85.452982,123.144720,168.795395,232.855280
81.598192,123.123378,172.314423,232.876622
79.225870,124.110151,174.526901,231.889849
78.588976,124.906806,174.531464,231.093194
78.998545,125.369846,174.517441,230.630154
77.699640,124.515344,176.416031,230.102280
76.388430,123.221765,176.690491,232.778235
77.830828,122.522862,176.393219,233.477138
75.367434,120.146655,179.422363,235.853345
79.840136,120.023233,177.614410,235.131439
82.181299,119.642801,179.118729,236.357199
86.019747,121.321057,181.625305,234.678943
92.089746,120.447409,179.888626,235.552591
101.330744,120.502185,175.990616,235.438644
108.403696,118.874660,175.055893,237.125340
116.764750,117.974607,174.436447,238.025393
123.041063,117.909095,174.687653,238.090905
129.382204,117.522823,172.443848,238.477177
134.133402,117.039732,175.657028,238.402344
139.480173,115.980726,171.578720,239.909210
141.791132,117.512373,175.041275,238.487627
147.667704,117.268073,172.901047,238.731927
146.428087,117.718997,177.864044,237.654602
149.706308,118.954074,185.198349,237.045926
149.526331,121.147371,191.742996,234.852629
150.298868,120.069871,187.421677,235.643005
148.685816,120.859010,183.947220,235.140990
148.853960,121.916886,177.336517,234.083114
149.209955,120.245499,171.953018,235.754501
148.843538,117.623238,170.038879,237.985535
149.167116,117.544205,172.992493,238.455795
147.453135,115.657890,172.475449,239.641083
147.603029,118.877632,172.972168,237.122368
144.169687,117.813328,172.944809,237.993774
146.805552,119.313267,168.918320,236.499512
143.103838,116.779385,170.855743,239.220615
144.358744,116.854261,177.843735,239.145739
141.315248,117.216376,176.997742,238.783624
142.157549,114.878604,170.220917,241.121396
141.014444,115.322313,166.666061,240.677687
143.812899,115.908433,160.613953,240.091567
142.771791,115.686760,161.263733,240.313240
143.014429,115.627407,160.840530,240.372593
142.319445,116.013579,162.395294,239.986421
142.038164,115.113616,162.849335,240.886384
141.877871,116.427894,164.288696,239.572106
143.285524,116.342953,164.251587,239.657047
145.305185,116.350447,164.318283,239.649553
145.790255,114.768630,165.461853,241.231370
147.166529,115.043525,165.231766,240.956475
147.110468,114.940532,166.955460,241.059468
149.852694,116.067648,165.877319,239.932352
150.972338,115.024318,167.110321,240.975682
152.779627,115.097837,167.675613,240.902163
156.247606,114.400527,165.295990,241.599473
157.206926,117.039840,166.251556,238.960160
161.132807,116.731552,163.057022,239.268448
160.469378,116.732117,165.909576,239.267883
163.523119,116.990601,163.127960,239.009399
164.133303,119.931946,164.018433,236.068054
164.653551,119.368378,164.863800,236.631622
166.423258,120.072151,163.908981,235.736099
167.343622,120.460823,163.177139,234.959732
169.105623,119.841911,161.209412,235.176193
169.796076,120.619362,162.153702,235.380638
171.041910,119.343815,161.382919,235.929047
171.705179,120.511944,162.143539,235.488056
171.516687,119.728865,161.744766,236.258865
173.509394,119.727972,160.580032,235.929230
173.681665,120.121351,160.811417,235.878649
175.080645,120.905608,159.171417,235.094392
175.172243,121.578163,159.493042,234.421837
177.683596,121.123890,156.359253,234.876110
177.580324,119.982920,159.574524,235.985687
177.628908,122.737841,160.947388,233.262159
175.711573,120.603448,162.665482,234.690430
177.373407,122.257340,162.515274,233.742660
175.517595,119.779427,169.518890,236.220573
174.846941,122.721935,162.423920,233.278065
175.310122,120.576964,175.327209,235.423036
172.500711,121.834037,177.142014,234.165963
170.684023,121.933841,185.104675,234.066159
168.629999,119.949304,190.509109,236.050696
168.319895,118.981076,182.951462,237.018924
164.877611,120.006247,186.932220,235.491043
163.532404,118.883246,183.830276,237.116754
162.138262,119.667957,183.556549,235.972260
159.408777,118.536998,182.850723,237.041306
157.185740,116.855640,184.793869,238.333466
153.084238,115.594272,183.002609,239.589355
152.134256,118.782863,183.893906,237.217137
147.610849,120.379575,193.084396,235.087067
146.142687,119.927168,192.313934,235.190613
145.023661,118.836912,192.817612,235.475861
142.371996,120.238660,184.363617,235.347046
139.702326,121.039419,183.973343,234.960581
136.358850,121.557338,181.580338,234.442662
136.672091,121.601163,181.155396,233.987335
133.922144,121.702100,183.546768,233.370056
131.552935,121.275777,183.998077,234.420578
130.267595,120.575254,183.165558,235.424746
128.419146,120.585997,185.647736,235.414003
127.053476,121.067756,187.464645,234.932244
127.079142,120.412723,188.096298,234.052124
125.352365,120.153927,191.243820,235.846073
125.649508,120.179922,190.354492,235.187881
125.501986,120.284712,187.618530,235.038849
124.794054,121.376394,188.148651,234.623606
125.795168,122.001307,187.237732,233.998693
125.929804,122.097814,184.753738,232.278580
126.366007,123.511602,185.572861,231.163773
126.232347,123.328191,185.795868,232.671809
128.480394,123.086276,182.865326,231.841553
126.634691,123.649813,183.778290,231.893066
129.324503,123.029361,178.593369,232.970639
128.198511,121.893892,177.579544,233.016724
128.868685,124.067727,174.651794,231.932273
128.852007,122.679387,173.943268,232.868500
131.496187,123.189068,170.306885,232.810932
131.076059,123.149084,169.544968,232.522797
132.348612,123.361456,170.449814,231.917389
130.962221,122.779875,170.960571,232.845383
132.208948,123.216811,169.795975,232.292679
131.807520,122.721648,171.004654,232.658798
132.374834,121.716162,170.346039,233.662384
132.008570,121.100508,169.344864,233.435318
133.462786,122.298308,168.782990,233.701692
133.581377,121.454459,169.978973,233.116501
133.852098,122.002555,169.689850,233.997445
135.720011,120.665523,169.451340,234.251526
135.634562,121.071155,169.466904,234.928845
136.286760,119.718149,171.783234,234.595428
137.434793,121.346735,171.648544,234.653265
137.944078,120.475491,173.355865,234.854919
138.479288,121.163144,173.488449,234.179382
138.679407,121.541692,173.289261,233.990952
137.620371,121.138226,172.415024,234.497833
139.676218,120.677556,168.545090,234.933884
139.390779,119.436215,167.211914,236.563785
139.595850,121.917181,167.162918,234.082819
137.398874,121.525638,166.765915,234.474362
138.004992,121.335298,165.655121,234.664702
137.047686,120.704217,165.828644,235.295783
136.227663,122.540150,165.986938,233.459850
136.528467,121.953386,165.089737,234.046614
135.180651,122.836686,166.114471,233.163314
135.944811,122.590508,165.601532,233.409492
134.606485,123.053540,166.522446,232.946460
135.964930,123.521650,166.234207,232.478350
133.296610,122.698379,167.090683,233.301621
135.906565,124.909957,164.479660,231.090043
132.760813,124.100685,168.117599,231.899315
135.650660,124.229763,164.996902,231.275497
133.264963,125.236248,166.493027,230.763752
135.571070,125.616636,163.965469,229.998276
134.211481,124.703642,166.550797,231.296358
136.345903,125.558967,165.713348,230.441033
134.204607,125.548740,169.878754,229.283630
132.608652,125.036647,172.597275,230.273758
131.835649,124.425716,175.226288,231.574284
130.297220,123.733160,181.349838,232.266840
130.187128,123.683268,196.802200,232.316732
129.150911,124.750722,222.528076,231.249278
129.708422,125.491305,230.925629,229.452560
129.829401,124.189425,201.803177,231.744797
127.866625,123.753611,221.963348,232.144012
129.835352,121.529147,229.754044,234.470853
130.112261,122.024499,213.739288,233.631027
128.745173,121.079522,217.677689,234.772324
129.808825,120.291002,212.747528,235.708998
130.006289,121.342171,208.628723,234.657829
130.237307,122.938130,211.317810,233.061870
129.257708,121.938334,201.884674,234.061666
128.221155,122.268117,206.089127,232.616943
126.176973,121.608312,210.307861,234.347076
125.507723,122.458203,216.834717,233.287918
125.870234,121.747159,218.569656,233.019211
126.773821,120.157140,226.597076,233.520782
127.475733,122.746419,228.699478,232.610901
130.117846,121.713948,227.046356,230.985657
127.771173,122.518766,233.746780,233.178268
131.627161,121.606710,229.648697,232.547180
134.102716,121.791188,223.003006,231.057861
134.272928,121.610410,197.772934,233.051987
133.304987,121.970876,216.598099,233.079834
133.242830,120.571538,230.333252,233.890717
136.616899,122.303563,202.293854,232.500153
134.116999,121.335523,233.171219,231.772049
138.302179,123.164411,232.311600,230.037491
136.919580,122.850782,232.351456,231.186111
136.079233,120.801641,222.444992,233.242523
136.038530,122.253728,307.313385,233.746272
134.291018,124.066470,267.444275,231.933530
137.604761,123.844926,171.671402,232.155074
131.168825,124.249390,176.319885,231.750610
132.469133,122.846955,173.843658,231.474976
131.641214,124.169960,175.715622,231.830040
130.224192,124.577282,176.274948,231.422718
128.993090,125.093451,180.216522,230.906549
127.194727,124.522754,201.690933,231.477246
126.662920,125.953088,202.876129,229.667603
125.697939,126.965417,186.686829,229.034583
122.063868,127.546376,183.144302,228.453624
121.920984,128.022166,177.852371,227.977834
118.378115,127.772954,177.877197,228.227046
120.460283,128.089373,175.308990,227.904449
119.598269,128.612673,175.258423,226.338196
118.758486,128.227099,175.666077,226.515533
117.700953,129.162074,173.671036,226.837926
120.974276,130.051534,169.797913,225.948466
118.243670,130.187113,171.850372,225.812887
119.870363,128.493299,171.487244,225.899368
119.164255,127.183790,182.461105,228.767349
121.930826,125.836576,190.144882,228.002487
121.061731,124.454961,255.853287,229.384857
126.292917,124.270566,233.690231,231.729434
126.833620,122.243186,267.035095,233.756814
126.350603,124.235156,260.696442,231.764844
125.395914,123.710550,205.844833,232.289450
125.215471,123.946919,287.924713,232.053081
122.241518,124.201937,247.562927,231.798063
124.200953,124.119912,213.053238,231.880088
120.650408,124.327221,260.308746,230.271378
123.614016,123.475033,277.244690,231.534348
119.374376,123.410428,295.086517,229.170883
117.883959,126.510411,260.634125,229.489589
122.214251,125.603747,324.772369,230.396253
115.208895,127.136476,349.796509,228.863524
116.845919,125.895928,326.435791,229.761734
114.220903,127.594834,358.219025,228.405166
115.897127,125.134178,325.569214,226.691345
113.754747,127.706070,359.920502,227.736771
115.859407,123.939369,329.349121,227.789581
114.719454,127.228844,361.259399,227.986389
116.970964,123.495453,332.195587,228.684616
115.638033,125.123360,358.608521,229.037567
117.473726,122.999375,323.510986,232.620621
114.801073,126.736733,361.092010,229.263267
118.542620,122.808598,327.566437,232.092072
115.571489,126.405415,352.989044,229.594585
118.089235,124.747210,319.933899,231.252790
116.394197,124.609155,352.252197,231.390845
117.509996,124.400960,303.501190,231.599040
118.357119,123.785563,313.539978,232.214437
118.492952,124.446500,343.121704,230.975937
118.416704,123.898160,311.825226,230.150864
118.584352,123.482717,344.958801,232.517283
117.446138,124.727732,324.538330,231.272268
119.195772,124.146306,350.156738,231.853694
118.888308,122.566111,307.504333,232.252731
121.959620,125.622416,221.054214,230.377584
122.223139,125.662946,235.406326,229.695328
124.449251,124.835416,195.819336,230.983078
121.765635,125.149610,209.917282,230.850390
120.255632,124.857375,274.632355,230.381760
124.189951,126.157447,181.880417,229.780029
120.830370,124.593794,285.854095,230.080551
126.719896,127.680106,262.107147,228.319894
126.190653,126.728107,185.648422,229.271893
122.669420,125.257745,317.509003,228.473602
124.436586,128.318681,298.677307,227.681319
125.345385,128.052201,295.152435,227.947799
126.902727,128.483063,296.209869,227.462662
126.447847,128.397667,277.258301,227.602333
127.734316,128.359928,269.004822,227.572586
128.701021,127.725460,259.268555,226.994720
129.996134,127.929363,233.451523,228.070637
129.885607,128.174666,244.994110,224.976273
130.621187,126.795897,202.406494,227.744186
129.798349,128.901579,185.706955,227.078232
126.873972,127.638075,187.350021,228.132706
126.031878,126.287191,181.757599,229.712809
126.001154,128.685390,176.094376,227.314610
126.034426,128.193044,172.621582,227.768967
127.407167,129.367437,173.027344,226.632563
126.438395,127.957438,174.425583,226.782455
125.112207,128.078212,175.453629,227.921788
126.333834,127.825452,174.393799,227.773865
125.142542,127.836767,176.228165,228.163233
126.688463,127.892863,174.012177,228.107137
128.298525,127.453527,173.114441,228.546473
127.843172,126.670336,174.263489,229.329664
129.011248,126.631936,172.336456,229.368064
127.711740,125.777798,175.536301,230.222202
129.665651,125.727377,172.856384,228.747787
128.390253,125.766013,171.670486,230.141342
126.726900,124.101309,172.323120,231.898691
125.018396,124.303050,180.692764,231.126495
125.774431,123.015285,179.178619,232.097107
125.228350,122.990047,186.642242,232.801147
124.689867,123.489185,197.140839,231.374283
123.524660,124.166652,200.237976,231.673035
123.486666,123.663974,190.845093,231.347458
122.751192,122.033611,192.681763,231.909821
121.857172,123.496028,194.765579,232.503972
122.728464,121.387563,197.103195,234.612437
122.371721,122.199694,202.476715,233.800306
123.096323,123.271394,187.767014,232.091599
122.163210,124.339570,200.964417,231.660430
122.138620,124.182038,200.380295,231.642487
122.102411,124.461396,193.051834,231.194733
123.015055,123.719559,179.450058,232.142883
121.017786,124.382615,180.372635,229.805542
121.524668,125.533463,187.663315,230.293213
123.803362,124.221421,219.716766,229.979065
126.200914,126.547646,168.323395,229.452354
123.079966,126.126904,176.903366,229.873096
126.183710,125.744154,172.951309,229.808212
128.849543,126.303747,173.445206,229.696253
131.659319,126.768352,178.798492,229.231648
130.946642,125.379362,179.096344,230.620638
135.436655,125.669959,173.847153,230.037369
136.098932,126.131125,189.710587,229.863449
136.107042,125.934371,192.205841,229.379883
133.989115,125.549338,180.590256,229.575851
132.467386,125.300109,205.129807,229.691132
133.088991,124.496665,184.924561,231.503335
133.346079,123.623111,183.757797,231.774612
132.518312,123.327937,181.879272,232.672063
134.254915,124.216757,175.033386,231.783243
134.688089,124.921702,180.171494,231.078298
133.718721,123.788038,174.344116,231.862656
135.672930,124.002828,174.584320,231.997172
134.957277,123.713900,171.220581,230.778397
134.393251,124.343760,169.428711,230.220581
136.598101,125.228389,165.533112,230.771611
135.818117,125.181692,166.062134,229.306107
135.506227,125.072950,163.854919,230.927050
135.532305,125.165068,163.657318,230.834932
136.120302,124.812110,163.363586,231.187890
133.737146,125.284954,165.371292,230.715046
136.042612,125.958509,162.922531,230.041491
134.722879,125.438888,162.446396,230.561112
136.667879,125.591751,160.568726,230.408249
135.263460,125.390159,161.088806,230.609841
136.288050,125.883381,158.850113,230.116619
135.278673,126.008455,159.685333,229.991545
136.310472,125.468148,158.270844,230.531852
138.201647,125.212292,156.639313,230.753464
136.976671,126.079136,157.584564,229.920864
137.134447,126.553934,157.618134,229.314224
137.307062,125.813784,157.549393,230.186216
136.733149,127.054597,157.571121,228.945403
136.952990,125.714135,156.828949,230.285865
136.809320,127.360325,157.048904,228.639675
137.860468,126.125895,157.232559,229.874105
137.749414,126.022031,157.483597,229.977969
137.105501,126.568511,158.824768,229.431489
136.480646,125.378318,160.413284,230.281906
135.678400,126.825752,161.646744,229.018204
136.278994,125.640670,162.346680,230.359330
136.507418,127.038261,161.789246,228.961739
137.600397,125.583614,161.326309,230.416386
137.003336,126.857298,161.623581,229.142702
139.453737,125.223372,166.944275,230.776628
138.314547,125.775543,169.776184,229.152939
137.812792,124.514122,168.551361,230.793396
138.748041,125.632751,171.690750,230.367249
138.230654,124.628334,170.332886,231.371666
138.438372,124.241932,167.654144,231.758068
140.404215,125.406595,167.746201,230.123138
136.781824,125.041941,169.105789,230.146210
139.039362,124.491922,164.811783,230.812286
137.259401,124.976786,166.656433,231.023214
136.920527,125.571652,165.870010,230.428348
137.510134,125.234198,166.878479,229.391403
136.657793,125.869643,168.503448,230.130357
137.668497,125.631912,168.128647,230.062790
135.617785,125.637626,170.469635,229.493134
138.377031,125.105872,168.655914,230.470764
135.851419,126.169547,172.148056,229.161591
136.651758,125.898574,173.071548,230.101426
136.900782,125.506767,175.418289,230.493233
134.327127,124.263058,178.597885,230.723206
133.531374,125.181347,182.823853,230.818653
134.742624,124.031355,182.950912,231.968645
133.231211,125.335914,184.252548,230.664086
131.897341,125.748088,186.471558,230.251912
130.185472,126.539045,190.306427,228.524979
129.032633,126.509969,192.928268,229.427734
127.298006,126.500974,194.955383,229.499026
125.329348,126.274672,194.641357,229.725328
122.874910,126.693489,197.563538,229.306511
122.551111,125.419300,197.841629,230.580700
121.997713,126.001917,198.674622,228.894958
121.488779,125.801241,199.076157,228.640549
121.157183,125.474932,197.351532,228.724808
120.548479,126.220079,199.816742,229.779921
122.458231,124.923280,200.485519,230.508652
123.183977,125.079904,203.195160,229.602875
123.582651,125.166459,198.805405,229.473099
123.385424,123.898560,190.043121,232.101440
122.105890,124.973687,186.618790,230.609512
121.302591,122.449685,193.251022,232.416916
120.563982,121.906983,194.196869,232.207031
120.178881,122.307427,192.564362,231.235123
122.708033,121.486596,192.431473,233.021683
121.341936,122.805954,191.068329,233.194046
122.033587,122.626404,194.681610,231.827560
122.092012,121.785088,189.674377,233.833679
126.874643,122.409088,186.055283,231.274643
125.199755,123.606293,195.754181,230.951645
126.648806,122.968933,179.225952,233.031067
129.762133,124.434273,179.038239,228.778122
131.499933,125.107979,178.149979,230.139206
131.269114,125.062042,176.669357,228.114075
132.148935,125.631470,177.878830,228.888000
131.499125,125.954834,177.843063,227.213989
132.574625,126.373512,177.148605,229.296066
131.129885,126.935906,183.911926,227.005081
130.348177,127.223740,183.513245,228.081207
129.149279,127.327263,184.488922,228.487747
128.847086,127.148956,182.195358,228.137329
128.987047,128.026169,187.025421,227.840485
127.479761,127.592178,184.136673,227.712982
126.847849,128.112045,185.379990,227.887955
129.240061,127.799133,175.968735,227.598495
127.569307,128.436531,186.203430,225.725983
129.634531,127.569870,178.830429,228.430130
129.117090,129.412529,186.490555,225.854736
130.642153,128.448311,175.315186,227.291595
131.618494,128.392151,180.626846,226.415512
130.603991,127.626297,175.926910,228.060562
131.194765,128.463959,182.244629,226.273605
132.712076,127.331871,173.660812,228.509888
134.362627,129.699211,186.841339,226.300789
133.582094,129.930935,201.672546,226.024597
134.963060,130.515141,199.099579,225.484859
135.164270,131.351168,202.886856,224.648832
136.788378,130.431405,207.407196,225.568595
138.928484,131.281308,208.998688,224.718692
140.214701,130.774382,204.294540,225.225618
139.703112,131.152328,206.169159,224.847672
139.747324,130.593940,208.280930,225.406060
139.312853,130.199009,208.301605,225.800991
140.702906,128.966562,207.485367,227.033438
141.382669,128.873425,208.527817,227.126575
140.963984,128.581786,208.079666,227.418214
140.242838,128.080367,196.354843,227.919633
140.629747,127.745453,194.326752,228.254547
138.925135,127.080551,181.133194,228.528687
134.445658,128.334808,181.130539,227.662872
133.625292,127.461998,190.278351,228.538002
133.291658,127.633099,188.073547,228.366901
132.785021,127.221617,194.053253,228.144943
132.725183,127.314360,197.653641,228.685640
133.603220,127.138083,200.906967,228.456161
134.382799,128.155578,206.612579,227.490387
132.444864,128.268966,209.411789,227.731034
129.914026,128.453025,208.372391,227.546975
130.380991,127.403225,205.287460,228.545380
130.650881,127.731388,200.889771,227.353531
131.045115,127.421764,200.347031,228.282593
131.271029,127.423427,201.260315,228.576573
132.561113,127.561956,202.072357,228.438044
133.135744,127.534533,200.285889,228.465467
135.426607,127.581361,196.352600,228.418639
135.328897,128.360505,192.812912,226.935181
134.001764,126.120934,196.873672,229.879066
134.350763,126.910450,195.840836,228.428329
134.652330,127.487591,195.938385,228.512409
135.322321,127.039808,194.641983,228.420059
134.978754,127.335692,194.980850,228.664308
138.183657,126.791297,193.355469,228.089890
137.843943,126.389808,191.671371,229.610192
138.096888,124.740329,191.101517,231.259671
137.836329,126.374445,190.118607,229.625555
139.229044,125.480252,186.834518,230.519748
139.225870,124.772940,185.827560,230.142502
141.227793,125.622549,185.674057,230.377451
140.957964,125.616824,189.245331,229.854477
141.456774,126.059230,187.655304,229.178040
141.405039,126.361438,185.314438,228.337296
140.464289,126.120380,178.787430,229.879620
142.567270,126.772813,171.845200,228.184189
143.035181,128.280908,167.713943,226.723114
143.718149,127.264551,165.386948,226.812408
143.396334,126.548807,165.446167,229.451193
142.798983,126.444058,167.251282,228.155502
143.457384,125.711705,165.091888,230.288295
142.556498,125.983691,160.538193,230.016309
143.851397,128.085695,153.068573,227.179855
142.903269,127.936456,152.981125,227.724548
143.269739,127.611375,153.125015,228.350418
143.010775,127.501008,153.612427,228.496628
143.140375,127.528970,153.310684,228.471030
142.364672,126.980717,153.978302,229.010773
141.999613,127.484906,154.588974,228.515094
142.578035,126.991591,154.795532,228.605789
142.713717,126.884108,155.518127,229.115892
142.723848,127.922385,154.038513,228.077615
141.817659,127.078563,155.280640,228.921437
142.625757,127.431745,154.507523,228.568255
142.322664,126.761969,154.918823,228.814423
141.888369,127.978843,154.706909,228.021157
144.221811,127.355899,153.205551,228.446793
142.899187,126.069835,154.217865,229.685852
143.655008,127.325412,153.683578,228.630020
144.872385,126.451351,153.489670,229.548649
143.890902,126.712354,153.860352,228.981415
145.211786,126.557523,152.184097,229.436157
143.444345,127.191793,153.695541,228.207535
144.651361,128.130323,152.580582,227.772675
145.789583,127.871801,153.360840,228.128199
143.624689,127.640567,155.791885,228.359433
142.964350,126.650400,157.407120,227.357895
141.424974,127.401887,159.496674,228.397217
139.596239,127.237260,162.419525,228.251434
139.278002,126.636011,163.707184,229.363989
136.270227,126.966542,165.724319,228.508163
135.741983,127.411740,166.597641,228.266022
133.643961,126.882458,168.256638,227.478638
131.697268,126.766370,170.701111,228.209839
129.385180,126.273961,174.444794,228.677689
129.529955,126.290433,175.485077,229.709567
127.334826,126.123007,180.054779,228.715195
126.473841,126.014563,183.262405,228.792313
127.084764,125.185728,184.597565,230.144928
126.999170,123.588202,184.680374,232.387222
126.540163,122.932204,177.592773,232.987671
126.245989,125.520979,172.169342,230.479021
126.391367,126.857345,171.931320,229.142655
124.906687,126.961563,173.873581,229.028214
126.641222,126.590980,171.999786,229.409020
126.794733,127.168247,171.400162,228.616547
127.394281,126.303928,169.626297,229.552032
128.838030,124.655025,168.476532,230.626511
132.862215,125.014866,163.953308,228.889496
131.615580,124.452511,166.577621,230.590012
133.900614,124.496128,163.740402,231.503872
135.355928,125.536615,161.316528,230.463385
134.828348,125.023923,161.419540,230.976077
137.034609,124.216513,159.186340,231.357132
132.078760,125.006789,165.575272,229.314667
137.835657,125.508139,157.949600,230.356644
134.608164,124.720480,161.952560,229.650650
138.051798,125.018301,158.432724,229.865799
134.082262,125.189368,163.322052,230.810632
138.397112,125.979747,159.017181,230.020253
137.489481,125.486402,161.557541,229.384933
135.219576,125.191152,161.868774,229.708405
136.198885,126.437070,160.799561,228.465897
137.177050,126.575124,161.205963,228.248077
132.196680,126.153524,166.125320,228.293060
135.858805,126.335622,166.317551,229.664378
134.106218,125.925677,165.958954,228.487320
136.842440,125.897364,164.617065,230.102636
134.970392,125.701108,167.809036,229.424103
135.579058,125.922506,168.700226,230.077494
134.172319,125.317271,167.387665,229.803345
136.148874,125.594340,165.185776,228.099854
134.950731,125.043696,181.580292,229.922333
131.885805,123.444834,172.306458,231.805298
134.885881,124.427149,165.286285,230.672455
135.783426,124.531787,168.061264,231.468213
134.356760,123.080888,168.745834,231.585831
138.520273,123.598260,166.307968,232.401740
135.437891,121.997517,169.388870,234.002483
136.420038,120.803599,173.994339,234.038818
132.082888,121.528757,178.952209,233.535278
135.965509,121.157961,188.927322,233.982376
132.997118,122.680865,170.450653,233.319135
135.071573,121.318605,180.107529,234.211319
130.526720,121.046586,179.975616,233.426987
134.185160,121.444314,182.219772,234.555686
132.184664,120.037144,169.047241,235.058502
137.432413,122.252011,221.227280,233.747989
138.295160,121.738493,224.720535,234.261507
140.578630,121.199729,220.980743,233.552170
139.979982,120.762550,187.687073,235.237450
132.516748,123.451900,167.822403,232.548100
137.629358,123.259084,169.891556,231.621964
131.182993,120.007665,223.241074,235.017929
134.443308,122.168325,209.206650,233.831675
133.968569,122.583583,174.201904,233.416417
141.529772,126.129102,195.640045,229.156555
136.853518,125.231008,173.258057,230.768992
138.692415,122.200328,201.137512,233.223175
136.150148,124.582453,168.293945,231.417547
138.855738,122.139089,179.662186,232.324295
135.737162,124.599279,167.306015,231.400721
140.190874,124.544932,164.511078,231.152908
142.762850,125.153750,163.842224,230.846250
137.717669,125.275392,163.066315,230.724608
141.381945,124.944512,173.019073,231.055488
137.166964,124.158459,166.902283,231.841541
138.993860,125.500281,162.175919,229.682861
140.329325,126.721998,180.332932,229.076462
135.666292,124.715796,169.136169,231.157104
139.627573,124.935927,160.715561,230.225571
139.888971,126.528952,176.235428,228.643951
135.925104,123.823080,169.191910,230.385101
138.285631,124.735884,162.298553,231.264116
139.978579,125.867171,168.888428,230.132829
140.461756,124.654495,162.570206,230.598526
140.169573,125.018699,161.595062,230.636108
140.683252,125.640762,165.012283,230.359238
140.875292,125.024460,159.674774,230.975540
141.425714,123.947655,166.555740,231.985535
141.058863,124.154335,168.120987,231.845665
139.423105,123.683796,176.072800,231.315552
139.747835,124.063618,188.085205,231.936382
137.366526,124.399233,220.450485,230.341934
142.616991,122.373880,227.064056,233.626120
147.092752,121.892659,209.506943,231.177063
144.337091,121.878240,228.956863,232.398285
146.745806,124.413564,222.161530,231.062866
147.580179,121.617429,185.718735,234.088974
140.726831,123.976476,175.622208,231.931671
136.768702,123.036786,175.225845,232.264908
141.209002,122.242627,167.666229,233.203323
137.303728,122.723966,166.879608,233.276034
140.637056,123.389357,159.157898,231.858032
139.688662,123.669302,157.998779,232.330698
139.537706,123.918216,159.227325,231.821396
139.357088,124.998073,159.625671,231.001927
139.222788,124.241369,158.653000,230.834671
138.444201,124.413519,160.499298,231.586481
138.405153,124.069911,158.245300,231.243118
138.499537,124.781909,158.876053,231.218091
139.287485,124.832658,158.176254,230.032852
139.383318,125.050287,161.590729,230.837219
139.102289,124.846048,159.693802,231.153952
139.467737,124.565961,162.719620,231.330948
139.173433,123.939885,163.685303,232.060115
137.456911,124.402216,162.450745,231.597784
137.171473,124.530393,162.020218,231.469607
137.502512,124.785086,161.371994,231.214914
138.089670,125.551074,166.187424,230.448926
136.195108,123.868868,168.360336,232.131132
136.056673,123.642388,166.058105,231.702927
135.958941,123.392937,165.665375,232.607063
137.027308,123.292256,163.542252,232.707744
136.695154,123.633547,159.735794,232.366453
136.951120,124.461259,167.198105,231.026459
136.893702,123.425576,162.568130,232.574424
135.549448,124.087994,164.333359,231.912006
135.642221,123.047064,160.049423,232.952936
137.109079,123.752315,161.893356,232.169632
134.390306,122.916850,163.996613,233.083150
136.330126,123.790807,164.850983,232.209193
134.061152,123.350070,170.058487,232.649930
133.226931,123.036508,167.798096,232.131241
133.590769,122.697694,169.385788,233.001678
132.376856,122.412858,169.846756,232.360840
132.579416,122.237497,172.192917,231.749222
132.340601,122.243715,174.697952,232.115509
131.330782,121.443063,179.273438,233.562637
130.985514,121.675867,182.236313,234.324133
131.851229,122.107953,185.483887,233.381470
132.650835,123.244298,186.178497,232.755702
135.074404,123.173685,186.086731,232.826315
131.971712,124.199109,189.911377,231.800891
132.723261,124.261992,187.108597,231.738008
131.955324,124.599967,190.870422,230.610519
130.433084,126.356208,196.394028,229.606827
129.974375,126.208717,197.451462,229.754837
130.818911,124.584449,198.847107,231.312943
129.875475,125.739105,198.157928,229.977264
130.465410,125.772224,190.244171,230.202896
129.682795,124.111800,191.109573,231.888200
128.883928,123.332206,196.519806,232.667794
129.649485,123.888065,191.595871,232.111935
128.882402,125.533716,193.217438,230.466284
129.941172,123.957440,197.584518,232.042560
130.395342,124.872504,186.021027,231.127496
130.118425,123.167827,184.853912,231.166977
129.477648,122.324924,190.431366,233.675076
132.062540,122.631456,188.834213,232.467407
132.363413,122.741945,187.342941,233.258055
134.007631,122.348550,184.039734,233.651450
132.321558,122.410054,188.189224,233.589946
134.048792,123.367022,190.706314,231.835556
134.432436,123.993349,192.716003,231.511978
135.366350,123.779009,192.652985,232.220991
135.395044,123.481736,195.287613,232.518264
138.110804,121.850892,200.660904,234.149108
138.803698,120.101639,207.062592,234.992096
138.127512,121.316384,217.688522,234.076767
140.115870,120.817482,216.234390,234.349838
140.407290,120.918480,220.642639,233.083267
140.875475,120.653725,222.116913,234.361069
141.331430,120.144837,223.924850,235.855163
141.843500,119.273583,230.139114,235.270523
141.934443,119.980095,228.796951,235.010941
142.179445,119.999985,225.487732,235.159760
141.596415,118.015740,220.355087,236.242996
140.621347,119.205284,220.961594,235.232559
140.902857,119.419685,224.889175,235.670334
141.261499,121.000183,223.949722,234.999817
142.578974,118.389938,209.529861,234.049408
140.405794,120.182152,203.252563,235.817848
138.772776,120.195393,200.264816,233.313950
138.449305,121.789005,207.585464,232.829849
139.507998,120.911182,207.906677,233.431320
140.226221,120.500309,212.204849,233.336685
140.070704,120.974995,220.637955,233.144272
141.331415,119.981747,228.764847,234.881012
141.254641,122.059803,232.332458,233.823044
141.265139,121.460072,245.801941,233.221359
138.516848,120.485561,232.570374,234.462250
138.347055,119.592640,251.876633,234.437180
136.271990,121.614323,234.513824,234.224625
137.845247,119.280643,245.789307,235.918839
138.823458,119.709972,232.749634,234.442627
138.275072,119.800747,247.903290,233.014130
137.286501,121.771153,235.105774,234.228847
137.102045,119.600122,254.575760,235.474960
136.529650,121.061892,244.130463,234.434479
136.895174,119.678103,237.606689,233.430939
137.653772,120.997973,227.707169,231.773499
137.586977,120.952776,239.217957,234.754517
136.915003,120.233507,245.188126,234.390686
137.860086,120.333101,228.235458,231.948944
138.803621,120.584299,211.786011,233.101944
138.745943,120.574091,219.651245,233.504196
137.205309,119.788790,226.956024,233.939178
138.079142,120.040781,227.934067,235.159927
139.232073,119.524073,230.977814,232.967270
137.756937,119.529718,218.118881,235.845749
139.429705,120.040354,229.667999,234.817154
140.248667,120.685740,185.288864,234.970963
136.136652,123.318277,196.889603,231.365799
136.025690,123.019327,203.237747,231.816238
136.843760,123.152552,173.318893,229.876083
136.357279,121.965548,174.904648,231.641876
136.327898,123.433908,181.860504,230.215347
137.676287,122.867128,204.961456,230.660431
136.478754,123.775057,221.084427,231.075897
137.586596,120.592035,208.790131,234.989059
136.634676,121.633608,228.190796,233.525665
139.341524,119.735994,209.884277,233.679657
138.332010,121.052431,229.688339,232.746124
139.057039,120.002321,221.209839,235.757111
137.983309,120.013086,234.023926,235.717026
140.187250,121.655283,221.281204,232.827164
138.303934,120.010530,231.836655,234.715424
139.164988,120.731043,225.813400,232.506332
138.040529,120.303827,238.998108,234.604904
137.930597,121.568590,226.630814,233.863708
138.810526,119.514483,235.256577,233.216064
138.790148,121.962542,234.964325,233.605713
138.040888,121.669329,235.871536,233.617065
137.194147,121.877367,235.465530,233.750916
136.424456,121.543901,231.136017,233.794434
137.963213,120.440546,232.404449,233.426926
137.052919,121.562777,242.746399,231.366913
136.719797,122.792292,229.778000,232.781418
137.751871,121.071749,232.566513,233.175751
136.671144,122.320269,227.958923,231.383789
137.799364,120.924959,234.214325,233.703949
136.903048,122.687365,219.254028,231.546570
137.239199,123.017382,230.109924,231.857971
136.861727,122.607019,216.175537,231.227402
136.718821,122.430902,231.588181,233.569098
136.872965,122.592000,223.729111,232.258133
137.537409,122.656819,232.460403,232.459427
137.806581,123.977010,225.651672,230.335770
137.558413,123.198354,232.223816,232.523819
137.126276,124.106275,231.006546,230.582245
136.647806,123.178693,232.628159,231.167389
137.984842,123.812085,233.097885,230.355316
138.166903,124.839910,222.243652,229.793930
138.679033,122.593061,231.788361,232.799225
137.601862,122.826634,226.114700,232.151413
137.751764,123.167897,251.193192,230.613297
137.496355,124.501966,218.227692,231.086639
138.213511,122.371160,244.989426,231.773422
137.366877,124.855786,213.843704,230.223236
138.653658,124.119054,238.090942,230.637253
137.773180,124.776593,214.782318,231.223407
136.925432,123.973616,241.702667,231.305679
138.000307,123.938262,213.195129,230.658249
137.204309,122.675528,239.469742,231.171143
138.435274,124.858130,214.724243,230.696198
137.921190,122.442809,238.728851,232.614853
138.518076,124.722716,204.959641,231.277284
138.515184,122.835151,234.325775,232.460373
139.012995,122.629546,212.345413,232.494263
137.681025,122.774780,223.142288,233.225220
138.997744,122.592575,208.440002,230.881744
138.093454,122.299102,222.061813,231.909119
138.969248,122.222328,217.263962,232.829147
138.868608,121.984596,205.720978,232.746140
138.947756,123.255653,205.265808,230.830490
139.755968,123.836807,203.094818,230.592133
140.339067,123.627769,206.474152,230.951492
139.450602,123.623130,197.754501,232.018021
139.822184,124.589180,197.474594,229.074203
138.060595,125.547287,201.700165,229.848419
138.519190,124.950958,185.664200,230.159119
137.639360,124.442627,186.930084,231.557373
136.280970,124.642044,188.232803,229.944183
135.420160,124.763923,188.744949,231.236077
135.015139,124.355099,185.934021,230.567642
134.917467,123.421802,188.525360,232.081329
134.742502,126.025555,187.137131,229.974445
135.683237,123.986708,183.612228,231.086197
135.961405,123.775930,183.604599,231.304138
137.555140,123.683973,178.719009,231.750626
138.461229,124.086950,178.284882,229.988495
138.190523,124.372648,179.222290,230.952316
138.600885,124.585707,179.854752,229.768387
138.704966,125.067274,179.777756,228.834976
140.023722,125.060179,178.415573,229.814621
140.180536,124.679106,178.774185,231.129562
140.429735,124.340055,179.538605,230.186264
140.016634,124.741735,179.976807,228.953766
139.131426,124.692381,182.351837,229.930832
140.947786,124.323996,180.013672,230.310303
140.657305,124.822523,179.955963,228.969254
139.505381,124.827932,183.362350,229.878784
139.790804,125.153448,181.818848,230.295746
139.851488,125.271398,179.656891,230.263458
140.670130,124.828329,182.285599,229.843567
139.604189,124.885290,182.195740,230.413605
140.861925,124.510672,181.922577,230.849121
139.994616,125.577833,182.590118,229.652176
140.100252,125.390715,183.076355,230.198288
139.939943,125.241232,182.555054,230.606873
140.919237,125.070135,184.386505,230.384369
139.264025,124.231619,187.956085,231.737793
140.487421,125.274275,185.532974,229.593643
139.200594,124.622862,187.538269,231.377138
140.402834,125.448516,183.438232,229.416626
140.297525,125.211577,186.128220,230.629639
141.206171,123.659286,182.069839,230.771210
139.561365,124.071547,185.506668,230.560089
138.951876,125.294211,182.979431,230.662125
141.943140,124.249030,183.739578,231.164352
137.994463,124.903083,184.058807,231.096917
