604.000000,278.000000,17.000000,19.000000
602.958282,279.279047,16.996452,18.362423
603.475525,279.309208,16.825287,18.281479
603.409429,279.126968,16.539122,17.556534
602.874216,280.362485,16.368343,18.308058
602.557066,279.243497,16.311520,18.111174
602.169483,279.101261,16.665115,17.892776
603.006972,278.390890,16.176386,17.649097
603.223026,278.570799,16.720764,17.659534
604.020388,279.489818,16.635700,17.530794
604.787324,279.733344,16.795713,17.539560
605.392136,279.943369,16.338654,17.172771
604.975270,279.675274,16.300764,17.529655
604.266625,279.271967,16.798620,18.207142
604.657440,279.813979,16.720825,17.737703
605.091998,279.166079,16.347338,17.462658
605.509151,279.564854,16.627281,17.657051
604.667753,279.503634,17.083408,18.074244
604.329637,279.672760,16.916029,17.752510
605.279703,279.107115,16.845356,18.064838
604.996925,280.176544,16.850861,18.315575
605.693527,281.231599,16.593185,18.428076
605.313628,282.998483,16.887423,18.435072
605.456006,281.270455,16.645353,18.301931
605.021107,282.425372,16.783691,18.214945
605.287937,281.567377,16.471657,17.917202
604.368389,281.994639,15.977265,17.986185
604.473083,282.504390,16.744486,18.347292
604.671193,280.777650,16.255819,18.533613
605.037039,282.801096,16.403767,18.069431
605.066459,283.047170,16.905451,18.121359
605.570720,281.620144,16.197542,18.181984
605.599317,281.646608,16.611311,17.751514
605.684329,281.212798,16.476671,17.719828
605.353493,281.969169,16.587967,18.092447
605.794015,281.601874,16.609098,17.795496
605.505143,282.081581,16.540022,17.587791
604.812698,281.845925,16.650276,17.695005
605.364384,280.058527,16.587173,17.223057
605.228954,280.169531,16.684120,17.560978
604.283539,280.912324,16.514572,17.429953
605.023751,280.485537,16.186674,16.920353
604.904650,281.104948,16.338268,17.188313
605.074462,280.229730,16.233637,17.086279
605.429646,279.276553,16.135824,16.826883
605.174596,278.362908,16.100744,17.410002
605.451152,277.446898,15.835199,16.933840
605.694482,278.064712,16.206106,16.902826
606.944953,276.678254,16.226191,16.786673
610.226603,272.003885,15.931964,17.064053
609.961829,272.171694,16.462465,17.271053
609.325170,271.878304,16.907522,17.447165
608.714824,271.409664,16.623392,17.178841
608.214400,270.947328,16.717493,16.460745
608.495448,270.016615,16.702547,16.732906
607.480864,269.194132,16.955662,17.344349
607.263126,265.675525,16.758965,17.580996
607.503667,265.100675,16.925085,17.585966
608.731082,264.658279,17.894709,18.599930
608.029744,264.181421,17.646452,17.215084
609.137656,265.001588,17.506624,17.787184
610.253479,264.277043,17.608261,17.551306
610.019107,262.028934,17.744371,17.981676
610.935309,262.501011,17.564371,17.875259
611.047050,262.950442,18.317650,17.924425
610.360761,263.668209,18.328520,18.170471
610.636103,263.071503,18.404812,17.172348
612.135767,263.103088,17.595638,16.240959
611.369281,261.621428,18.320673,17.574108
611.199097,261.737173,16.950874,15.828855
611.358117,260.907843,16.181608,15.230212
611.207780,259.391009,16.980970,16.698565
611.048119,258.581450,16.580872,16.163408
611.050954,256.844664,17.178694,15.488986
611.138824,256.439936,15.344606,14.200084
610.114573,256.501407,16.851620,15.872132
609.228414,257.396274,16.362974,21.007792
610.640994,257.251752,15.684337,23.096518
611.611465,255.473487,15.905306,16.567781
611.722675,254.691435,13.706284,12.871716
610.818145,253.967869,15.516886,13.515418
610.953846,254.132540,14.444374,12.249233
608.453123,252.315080,15.800244,20.774847
596.147334,253.330227,26.433039,33.035347
608.379267,250.768492,16.427410,17.300472
609.337749,251.175335,13.955765,14.494843
606.814420,251.538931,15.834990,17.078106
606.983880,250.487180,14.951713,16.322912
606.152740,251.444517,14.305025,17.912205
606.278308,251.539621,13.853594,14.659627
605.491102,250.975525,14.845197,15.876701
606.884511,252.006216,14.593939,13.876447
606.812531,251.056402,14.129417,14.134297
606.190793,249.524570,14.386198,16.971102
605.081769,248.962630,13.731177,20.160097
591.621676,263.868561,20.423414,21.184273
592.406211,262.385682,19.301603,22.363874
594.720654,255.122293,19.015980,30.735098
590.480634,262.234016,20.425264,23.489784
590.528428,265.568170,19.037088,20.789083
603.824098,250.841032,12.390703,29.220013
590.565992,267.957199,17.996338,20.989334
600.072960,252.756781,12.532658,33.512684
590.488807,257.677568,22.815413,29.515713
604.289485,250.352011,13.585990,25.391209
603.800374,250.187341,13.426227,24.171362
589.979937,261.263854,22.727852,24.206217
606.163906,249.799593,15.012211,16.164883
605.663034,248.269216,13.724046,14.834256
604.989113,248.962193,14.093715,13.379661
603.001926,247.630176,15.270085,14.748757
603.926087,247.288305,14.540743,13.802853
604.374533,246.003701,15.059653,15.180143
604.014597,245.703239,15.053367,14.417481
603.160557,245.531591,14.508388,14.328381
603.252348,243.491603,14.984565,15.147431
587.661055,258.150396,16.454014,16.171986
604.701074,243.026658,13.895910,14.395987
603.980744,241.456625,15.119764,15.377147
604.165776,239.198370,14.545814,17.245449
596.704733,242.657738,21.375645,27.050026
601.425314,240.910329,14.770054,26.964163
600.555251,239.977624,15.391466,28.179235
599.759852,241.376475,13.421855,27.341433
603.928897,240.059000,14.343943,24.189373
605.355385,239.383706,15.805305,15.805906
606.127012,239.588413,15.703244,17.578506
607.071899,240.945764,15.082115,14.623602
606.841532,240.765114,15.391773,14.804885
603.606820,240.177222,16.003729,17.852335
592.734084,242.628906,25.417353,24.874001
607.497218,236.776341,16.849566,17.219900
606.977285,238.778019,15.913013,16.652336
602.308699,239.659617,19.585316,20.449129
607.338821,238.283965,16.215492,17.076784
608.036266,237.089261,15.635536,18.283804
603.606102,236.986447,18.924461,22.279058
595.463264,239.012870,22.688919,30.291628
598.894857,237.448251,23.923939,26.381048
605.746091,234.422162,15.377645,25.542593
594.256784,246.074126,19.930340,22.454264
593.947476,242.660231,21.724974,24.422253
598.246838,236.590858,18.535660,29.757418
601.522194,234.470330,21.638290,19.398191
592.806697,236.636788,23.654924,28.719114
595.529754,232.739455,26.611216,28.869013
607.946549,231.586082,16.947210,17.459023
605.769861,231.161151,16.989086,20.545610
596.247795,235.681028,22.255142,29.830555
594.051024,243.272180,21.160921,23.832731
602.322309,233.651488,16.177534,31.587648
595.271177,241.975269,20.529278,26.594940
592.745229,246.052216,19.665663,21.148041
592.287498,244.014446,20.884758,23.790894
592.589561,245.163462,20.122986,22.638638
592.512630,244.628201,20.547823,23.395254
591.480436,240.527982,22.468113,26.677511
592.235324,245.724568,19.062761,22.436193
591.669615,243.853319,20.228642,23.601589
592.187454,242.170850,20.539658,26.039824
592.342496,245.591469,19.229742,22.176018
592.555933,243.341794,19.810635,23.147642
592.254871,242.411061,21.082428,24.659330
591.623016,240.190752,22.621193,26.872501
606.663749,227.012424,15.515832,17.247408
605.833418,226.541908,17.348331,17.939690
604.867420,229.322427,15.501755,21.871725
600.795020,230.956022,19.690622,21.944401
592.811908,234.910740,20.307558,30.587845
594.181535,238.765406,19.196707,26.044697
590.721803,236.108382,23.549498,29.691027
601.601079,228.138934,16.270224,28.702417
601.709340,228.557775,14.212820,32.382107
603.792062,227.844477,15.516904,19.205425
605.197678,229.673564,15.402602,14.902567
605.442147,229.430470,14.833976,14.175018
606.198486,228.404635,14.765008,14.207896
604.463029,228.251136,16.336790,18.476702
604.826603,229.237574,16.393082,17.047932
596.781320,231.754442,20.442900,30.338070
604.424346,229.901681,16.819033,16.776350
605.897350,230.534533,15.695190,15.461085
605.019618,228.905015,15.588176,15.185966
604.188581,230.019426,16.477772,16.154552
603.050654,230.126317,16.826517,22.635900
604.601296,230.987112,15.596503,16.368908
604.996244,231.837616,15.093410,15.638496
603.700486,232.200624,14.641715,15.456517
602.676764,231.453634,15.859501,18.192844
601.881532,230.321695,17.022596,17.781651
600.557712,230.584636,16.191828,15.700098
600.202852,231.652263,15.768726,15.859049
597.950077,231.597331,18.064217,20.849039
588.163214,232.508911,24.751568,32.452400
599.299292,230.986592,16.003139,16.082663
598.982062,231.177558,15.783214,17.118982
598.294894,231.533354,16.627680,19.162182
596.580699,230.000749,16.930384,18.007086
597.209889,230.571709,16.949415,18.051262
596.508302,228.775500,16.883413,18.790216
583.088718,235.392311,25.441521,27.315498
581.742943,233.965903,25.016983,30.750437
581.436366,233.922285,24.741449,31.937176
581.358749,234.143651,24.884003,31.889860
580.808927,232.989059,25.129385,32.146782
578.212381,233.411732,26.525768,32.707733
578.253177,232.492149,26.041300,32.654610
577.547567,232.369986,25.982441,31.761944
575.157120,233.366789,27.027588,31.890041
574.873610,233.608528,26.551790,31.445457
574.296439,232.685171,25.914797,29.769176
572.983270,232.785364,26.155455,30.530521
573.043541,233.553839,25.370483,30.093624
571.822114,233.659396,25.755720,30.275484
570.895125,232.571233,26.059908,31.208082
570.724789,232.558158,26.267876,30.262812
570.292645,233.332077,26.735800,30.610451
570.085162,231.489870,26.749323,30.803120
570.643629,233.151789,26.891346,29.952183
570.623955,232.734739,26.723907,30.505856
570.529452,233.317983,26.987848,31.087706
569.913173,232.303879,26.510050,30.294060
570.172443,233.180855,26.621498,30.695107
570.031118,231.601182,26.527637,29.741934
569.565518,231.644371,27.274252,31.293236
569.464757,230.804104,27.330114,30.809128
569.956308,231.825997,27.757000,31.444876
570.189244,230.743317,26.846273,30.327766
570.535659,232.084146,26.888369,30.682224
570.254997,231.174899,27.241425,29.941011
570.633794,229.274129,27.026541,30.399443
570.323152,229.768360,27.758207,31.232208
570.080168,231.582370,27.083576,30.927706
569.862576,230.237208,26.603203,29.399858
570.158183,229.121522,26.027704,28.808081
570.036547,230.479607,26.151974,29.947472
570.348445,230.194325,26.422586,30.478605
569.145730,230.104709,27.074308,30.304903
569.680695,229.864333,26.964600,29.826075
570.375641,229.747206,27.236984,30.813259
570.381359,229.593683,27.053749,30.386402
569.507813,230.837687,27.107130,30.810810
568.967813,230.243908,26.597914,31.246857
569.192432,230.764107,26.807899,31.827248
569.742991,231.833588,26.841028,31.095589
569.041959,230.423368,27.412680,32.174435
568.899841,231.186174,27.761887,33.352909
570.499365,234.068225,26.193760,29.969881
570.864050,233.815319,24.817173,30.107452
570.501402,235.923335,26.304462,31.255541
570.743258,233.243555,26.656780,32.384159
570.958786,235.352847,26.777054,31.385347
572.811700,232.375569,26.700666,30.627180
573.249292,233.376211,27.033932,32.220806
574.171799,232.766579,26.516083,32.252846
574.174685,232.105885,26.387707,32.513107
574.136406,232.832146,26.640991,31.910210
574.401220,234.735644,26.226460,31.055285
574.734146,234.094332,25.542542,31.202610
574.408077,233.739602,25.675346,31.268530
575.349568,234.919420,25.500906,30.527973
575.053915,234.576071,25.523777,30.757931
574.930542,235.180614,26.000931,31.457626
575.514070,233.845709,25.921858,32.173717
575.911972,236.971750,25.841827,31.318317
576.500812,240.403628,25.652460,31.125811
576.568027,237.048298,25.562189,32.054550
577.221287,237.532574,25.611839,32.288437
577.568835,236.203020,25.356516,32.101292
577.075719,237.365330,25.862219,32.082031
576.887784,236.899787,25.310186,30.450663
577.114834,236.222785,24.868645,31.189875
576.550703,236.663403,25.549763,31.615662
576.161105,237.330979,25.484903,31.489782
575.887919,237.414572,25.455179,32.076336
575.921992,237.544029,25.151331,32.165047
575.529220,237.600401,25.764833,33.174023
573.811382,237.189848,26.212578,32.507763
572.838899,236.884819,25.777418,32.609978
570.941671,235.931664,26.543690,32.960594
570.042491,237.071314,26.328333,33.032017
569.354500,235.199966,27.071518,33.837395
567.193892,236.149012,27.684956,34.683964
567.271370,235.296848,27.147095,34.464890
567.479273,235.556118,27.328671,34.923096
566.831031,235.285856,27.484102,35.316906
565.353059,236.047197,27.616758,34.793751
565.727720,236.119671,26.879261,33.565521
565.427727,235.882505,27.253342,34.426479
565.509416,235.740755,27.398939,34.532475
566.002677,235.137785,27.056047,34.666531
565.433902,235.860674,27.464197,34.092243
566.473320,235.717495,26.086395,33.954117
567.038676,235.414207,25.654886,33.581795
567.367601,235.520355,25.220242,33.182961
567.197495,236.071953,26.271437,33.051048
567.994781,236.176874,25.725451,32.796345
568.476892,236.621887,25.044737,32.699471
568.811120,236.133739,25.341627,32.955811
569.519051,235.545832,25.659302,32.355228
570.888826,235.618839,25.570110,32.910141
571.502518,234.810965,25.736237,32.269619
572.730740,234.574183,25.370659,32.078510
573.839145,233.071614,25.018229,31.922850
574.837611,233.441484,25.395350,32.017658
576.228887,232.250801,26.011435,32.229286
577.226619,231.515347,25.264185,33.000824
578.411982,229.586948,25.694408,31.848877
579.775913,228.664036,24.689949,32.132309
580.701276,228.968781,24.670004,31.863424
581.794000,227.333704,25.213331,32.493305
583.335687,226.374607,25.617842,32.848450
584.312996,225.488245,24.600296,32.009159
585.278172,225.277617,25.164665,31.766092
586.474773,224.275155,24.988380,31.632483
587.652926,224.104697,25.066324,31.606348
588.183499,225.230100,23.891943,30.781309
589.640944,224.087013,24.207933,29.762703
590.226711,224.644845,25.426979,30.502478
591.172154,224.697290,24.741690,30.335209
591.743672,224.910021,24.406591,29.650990
592.889448,223.812514,25.046787,29.947321
593.681252,223.715051,24.129942,30.361547
592.897038,223.923825,24.180717,30.468321
592.666924,223.114620,24.443129,30.576660
592.196559,220.899576,24.584131,30.759068
592.028103,220.644397,24.342247,31.290743
592.273417,221.760480,24.318491,30.540800
591.860257,221.079538,24.067572,30.195194
592.931886,220.311512,22.962019,29.192825
592.798267,220.498630,24.733696,30.892076
592.174092,220.680658,24.108480,30.472599
591.669550,219.477222,24.314541,30.257980
591.668486,218.328268,24.398014,30.492626
591.756289,218.956892,24.843271,31.118038
591.782755,218.210157,24.642010,30.873486
591.769590,218.002069,25.090870,31.121084
591.831884,217.296517,24.778873,31.130301
591.320210,217.842521,24.669472,31.426538
591.112779,216.865117,24.455290,31.116117
591.101738,217.733893,25.045761,31.502314
591.039760,217.798720,24.406305,30.828318
590.484926,218.589419,24.730175,31.320360
590.305414,217.430780,24.002697,31.412937
590.025647,217.435891,24.644812,31.373480
589.901466,217.054344,24.565628,31.262733
589.618675,215.101058,24.103973,31.381983
589.681165,215.591413,24.208395,31.452665
589.182319,216.581034,25.138338,31.298817
589.968154,215.897085,24.634951,31.183453
590.052798,215.972727,24.364313,30.439472
589.732387,214.970806,24.429865,31.166687
589.248353,214.143826,24.878294,31.480421
589.248911,213.938580,24.383938,31.441711
589.126532,214.901631,25.191517,31.722395
588.737426,215.065333,24.768862,31.751451
588.323375,215.214481,24.889399,32.301987
588.651861,215.044323,24.424793,31.312088
588.859785,215.941978,24.329288,31.701746
587.815470,217.652466,24.695812,32.060158
587.767946,215.178656,25.342861,32.596874
588.432602,216.324287,25.461853,32.929359
588.570051,216.527622,24.739826,32.394302
589.982175,216.609993,24.751059,32.497017
590.630188,216.736343,24.385361,32.631828
590.078547,217.591591,24.817867,33.124748
590.564844,218.150339,24.867107,32.481525
591.093450,217.030203,24.610693,33.081127
590.712551,217.348234,24.189796,32.505886
590.902534,217.515675,25.008806,33.062546
591.261012,217.755878,25.818781,33.796005
591.250576,219.442192,25.444527,32.692604
591.483142,220.125559,25.465036,33.590977
590.794743,220.161432,25.312080,33.482533
591.561679,220.607286,25.271952,33.417194
591.321797,219.835234,25.756033,35.115734
590.666265,219.383821,25.879841,35.112476
590.532593,220.742815,26.060928,34.884220
589.894476,219.670534,26.667912,35.986271
588.879727,220.740402,27.077658,35.785301
589.250571,220.952223,26.297976,34.803875
588.751068,221.029839,26.902802,36.181526
588.588443,222.108509,25.613718,34.511139
586.853262,221.123295,26.740849,36.306885
585.678543,222.182388,27.113556,35.434853
584.797475,221.464933,27.615805,36.264645
583.386748,221.978262,27.323351,35.881664
581.434752,224.385935,27.043812,35.398884
580.646354,221.148451,27.439409,36.164928
579.302873,223.332563,27.181410,35.262051
577.675932,221.499525,27.421528,36.020275
575.902504,222.328341,27.222641,34.431446
573.147694,222.554705,27.454155,35.312183
570.856364,223.291460,27.799921,36.359303
570.057015,223.932604,27.212919,36.040333
568.061122,223.789793,27.491953,36.333111
566.771958,224.152245,27.621183,36.154228
565.522177,222.276596,27.421619,35.743935
562.966081,221.408064,27.574949,37.590420
561.908362,218.603815,28.151690,38.609028
559.936790,219.864016,27.970764,38.026661
558.574669,218.185349,28.688828,39.320641
556.830710,218.108295,28.912630,38.434143
555.609011,218.253098,28.144588,38.215797
554.172472,219.020746,28.400265,38.531208
553.319262,219.336172,28.187405,38.360760
551.831717,218.972902,27.806828,38.646152
550.794964,219.930025,27.759865,37.723927
548.809692,219.904451,28.205429,36.687366
548.586330,220.154219,27.716988,35.160885
546.325011,219.770374,28.855196,36.777985
545.869237,219.150393,28.497778,37.639225
543.486846,218.873075,28.846087,37.681576
542.764990,219.643789,28.943577,37.944225
541.118467,218.585655,29.897297,38.161247
539.832971,219.136580,29.500349,38.135754
538.994491,219.201174,29.750185,37.309803
538.383481,219.801195,29.392797,37.189472
537.346477,218.492315,29.821314,37.346905
536.871490,218.572578,29.960329,37.615059
535.992183,219.779524,30.326807,36.090084
536.242530,219.470686,29.783281,34.306240
535.469314,217.625580,30.405474,37.372765
535.729161,217.450155,29.710653,35.375011
534.766043,218.261961,30.400394,36.525478
535.108064,216.890877,29.630522,38.228676
535.599636,216.549700,29.297371,38.027393
534.644207,216.959414,30.031425,39.293201
534.877364,216.501040,29.274843,39.116032
535.048515,218.642044,28.763306,37.914452
536.177111,217.425430,27.808971,38.349953
536.782388,216.628668,27.402296,37.704266
536.755777,216.465643,27.975994,38.086849
536.474200,215.428656,27.340540,36.660000
537.180096,215.685753,26.779396,36.451454
537.867977,215.213703,26.557457,36.219299
538.246277,214.416765,26.617386,36.776752
538.580518,215.348585,26.273581,35.771786
538.827004,214.606836,26.528028,36.849140
539.110144,213.749586,26.479435,36.812878
539.697606,214.551859,26.329229,36.560215
539.759583,214.052570,26.518021,37.665390
539.946216,215.978798,26.390360,37.204887
540.436457,214.997953,25.725063,37.278851
541.201390,213.400635,25.129156,40.398094
541.167311,213.910500,25.076557,39.290291
541.455123,213.696451,25.299105,40.751057
541.892010,214.639885,24.658043,40.217964
542.726988,214.712996,24.158665,39.836147
542.647623,215.858452,24.943279,39.410164
542.758782,215.874634,24.725019,40.008781
543.585829,216.532824,23.932285,39.601917
543.133695,217.732159,24.433584,39.778976
543.573705,220.029593,24.282019,38.680355
543.692433,220.345650,23.678061,38.676674
543.076302,219.437529,24.258179,39.288326
543.929590,219.698328,23.563519,40.097675
544.064514,219.870489,23.861679,40.188534
545.373353,221.781088,23.092329,39.420818
545.356074,220.476206,23.851450,40.654758
544.924283,221.969578,23.534750,39.878098
544.757178,220.397278,23.429125,41.148674
545.895425,221.070980,23.717924,39.275726
545.778074,221.966179,24.017857,38.375954
545.864974,222.010225,23.343065,38.655582
544.914307,221.825274,23.728638,39.348255
544.684774,220.871565,24.242573,40.385876
544.566123,220.856031,24.101686,39.473675
544.653072,221.633432,23.404686,39.126179
544.095250,221.029655,24.059011,39.892601
543.380436,221.458460,24.658180,39.173817
543.412062,220.931564,24.639347,40.029457
543.462645,221.919800,24.303638,38.910057
543.419160,220.571049,24.171537,40.026672
542.749902,219.339407,24.641508,40.426327
543.359198,219.027288,24.245991,40.954037
542.712465,219.132484,25.061687,40.852806
542.681267,220.119381,24.632202,40.177719
542.410988,221.016903,24.607681,39.982910
542.357269,219.733273,25.302872,40.778152
541.853608,221.778023,24.844557,39.461433
541.915923,221.694063,24.673525,40.634937
541.772137,220.409498,24.882378,40.674648
541.828402,221.409382,25.215649,40.139725
541.861465,221.963255,25.319748,40.372845
541.058941,221.118584,25.710579,40.534508
541.475048,221.434168,24.896156,40.118626
541.326048,220.505260,25.502140,40.050400
540.891298,220.891848,25.744595,40.333958
540.892842,221.843075,25.445990,40.040512
540.508621,222.448965,25.580002,39.908901
540.655239,222.752499,25.756508,40.326736
538.487318,223.348761,27.046116,39.462765
537.565048,223.680271,27.587387,39.111267
536.990561,224.211792,27.842365,39.873055
536.810281,224.463877,27.314528,38.644962
535.143324,224.140894,27.931995,39.239017
534.402636,222.543530,28.072155,40.023880
533.129539,221.049328,28.850008,40.979630
531.756201,220.909405,29.025318,41.614441
530.962469,222.399343,29.168354,40.800930
530.327147,222.850367,28.446644,41.588383
529.120882,223.760143,28.523373,40.213745
528.982537,223.812239,28.731382,41.523159
527.829338,224.595680,28.962311,40.526894
527.793651,224.497156,28.316446,40.140614
527.165660,224.597729,28.905512,41.292801
525.758366,224.448273,29.511848,40.599266
525.345488,224.264223,28.881626,40.587223
524.377541,223.879608,29.300949,41.789680
523.741207,223.765537,28.616310,41.816299
523.731431,224.046026,28.537169,41.432629
524.271930,222.020363,28.620371,42.311714
524.034164,222.161835,28.791672,41.696663
524.780218,221.000462,28.971821,42.341324
525.563269,220.915220,28.398106,42.458858
525.695572,221.840933,27.741653,41.223095
525.486886,220.870646,28.347715,42.332035
525.725615,220.628973,28.325657,42.367733
526.049459,220.657898,28.000296,41.832191
526.148438,219.692495,28.255384,42.196941
526.241113,220.560316,28.508558,41.395443
527.488070,219.806768,28.402279,41.534649
527.300601,220.111019,28.798166,40.744919
528.496829,220.872728,28.459620,40.529408
529.569088,218.219053,28.769218,40.600796
532.125422,217.293816,27.966213,40.737495
532.633835,218.571413,27.894089,39.517262
534.123253,216.395264,28.292892,40.295311
534.779876,217.114048,27.940371,38.804138
537.314083,215.441303,27.122551,39.507629
537.820737,215.769255,27.297369,39.522076
539.075737,218.305050,26.497635,37.341827
541.031117,217.480143,26.112783,37.171940
542.704639,215.912619,26.144020,39.167217
543.480804,216.480774,26.474442,39.128242
545.587969,212.649471,26.030819,39.881516
545.992858,212.852869,25.868990,38.608845
547.508443,211.300085,26.377722,40.744930
548.022011,214.452126,25.863571,36.810890
549.566479,212.823954,25.569466,39.599293
550.109257,213.225779,25.529305,36.193851
550.950494,213.935102,25.313612,36.899151
552.051935,213.501919,24.949718,36.034607
551.560472,213.896887,25.330105,36.168179
552.205573,212.717421,25.714586,35.794765
553.447552,212.805719,24.918846,35.533466
553.784565,210.775202,24.846291,36.618046
553.427776,209.628828,25.077599,37.135586
554.871633,208.658955,24.649252,36.142365
554.842843,208.213650,25.297560,35.075241
555.252440,207.130045,24.868395,35.149097
554.324638,205.762123,25.540222,35.973045
554.277066,205.059534,25.565130,35.270206
553.952167,205.037733,25.675577,35.299343
554.753559,205.305252,25.696236,35.246269
554.831259,206.677929,25.638309,35.480164
554.959315,206.950169,25.454752,34.211517
554.691973,207.137615,25.252941,34.788864
554.668072,205.607067,25.734550,34.621353
554.645235,205.778730,25.229290,35.687145
554.080597,205.376308,25.476273,35.536453
554.696403,205.281948,25.577852,35.540359
554.428143,204.022003,25.326042,35.844414
554.823611,205.740313,24.649073,35.985615
555.395808,206.479786,24.599329,35.803375
555.357191,206.529690,24.674046,34.942795
554.779058,206.745970,24.987934,35.018566
554.383941,207.305609,24.728426,35.144634
553.346597,207.465908,25.283125,35.677551
553.844604,208.165567,25.367998,36.019978
552.969435,209.161140,24.603947,35.570641
552.533590,209.218500,26.007542,36.075352
551.303788,209.825615,25.449812,36.310127
551.148185,210.756855,24.712008,35.545410
550.229396,211.366522,24.741999,35.668774
549.906240,211.759279,24.975103,35.383183
549.175467,212.906200,25.114140,35.932831
549.190127,212.857594,25.516764,35.528656
549.122903,212.770437,25.844816,35.784161
547.991490,213.556904,24.797827,34.305939
548.411407,211.650940,26.477875,37.435631
547.566912,212.745790,26.067532,37.303898
547.556612,212.263636,26.013653,38.621403
547.825594,213.431782,25.807232,38.114258
548.126871,212.465677,26.353466,37.808949
547.808099,214.561584,26.683867,38.322411
547.223984,214.506271,27.003708,39.094826
547.430224,214.854483,26.402308,38.733471
546.073706,215.508764,27.021137,39.377789
545.947620,216.174177,26.759132,39.017040
546.199899,215.684101,27.170805,39.347946
546.318015,215.285864,26.975481,40.589092
546.624488,214.499414,27.026094,40.006107
546.533111,215.672487,26.972811,40.649799
546.438815,215.297922,27.403025,41.438663
546.223736,215.070166,27.107796,40.543407
545.950468,215.429758,27.599720,40.606205
546.026109,214.952099,27.129896,39.018555
545.890598,215.040787,27.484840,39.375008
545.484854,214.247389,27.993656,39.463696
545.573952,212.944052,27.702164,40.879665
545.950422,211.348413,27.426640,41.024555
545.756106,211.525719,27.178141,40.406670
546.140471,210.976181,26.908405,40.889732
545.696242,212.260538,26.921480,41.008945
545.414752,211.284273,26.777216,41.312489
546.450008,212.424292,26.875526,41.047909
546.783413,212.495914,26.937599,41.536713
545.910149,212.982204,27.971878,41.148987
545.776881,212.824591,27.514399,40.955318
545.375863,213.738050,27.614164,40.397915
545.048361,213.579033,27.954929,41.194374
545.818843,213.761627,27.106226,41.397682
546.531532,214.158957,26.804306,40.954723
546.639588,214.172583,26.325315,40.264690
547.498989,214.063520,25.806496,41.000225
547.445907,215.795401,26.003496,39.980099
548.580133,215.246914,25.280254,39.912674
548.939256,215.150980,24.744902,40.873402
550.275835,216.350174,24.732647,40.448799
551.799315,216.782162,23.366808,40.416122
552.448284,218.010345,23.710609,39.311409
552.430698,216.988300,24.463509,39.808319
553.415531,218.732128,23.413261,39.044678
553.277251,218.466251,23.925051,40.318481
554.413301,217.694719,23.141201,41.318897
554.700952,219.939274,23.536695,40.151031
555.355949,221.760630,23.224854,38.667408
554.930415,219.427933,23.393274,40.816322
555.005864,218.153452,23.120581,41.979115
554.449976,219.585699,23.713345,39.335705
555.193582,218.605604,23.789839,39.575222
554.470573,219.036919,24.129730,39.565697
553.356262,217.928082,24.123093,40.386505
552.850786,217.212406,24.350109,40.730118
553.667340,219.827055,23.419867,39.094524
553.478628,220.291441,23.774555,39.626522
553.482887,217.818609,24.128616,42.026867
552.950682,219.547331,23.393253,40.061764
552.837234,217.742899,23.780489,41.604969
551.958991,218.103792,23.940874,41.392094
551.493944,217.868837,23.636913,40.298405
551.310783,218.330578,23.865021,39.866486
550.917670,218.814869,23.556704,39.850296
550.059567,220.287621,23.573965,39.971718
550.198004,219.095039,24.199741,41.307487
550.005083,220.229240,24.221004,40.948280
549.714105,219.129877,24.586409,42.168247
548.952133,218.777761,24.279556,43.225399
549.661187,221.818308,23.764540,40.608555
548.791854,219.755066,24.408297,41.691017
548.696224,221.000662,24.761940,41.087627
548.549295,220.704700,24.592022,41.744736
549.402478,222.161257,23.897161,41.095997
548.564397,223.173185,24.495199,40.588253
548.526749,224.273508,24.424469,40.334690
548.372179,222.295692,25.023891,42.687019
547.979716,224.212936,24.570810,40.827415
547.727467,222.776575,24.924370,42.667774
548.053057,224.323921,24.470181,41.128685
547.462119,225.207417,24.826982,40.820526
547.777964,223.189028,24.755596,41.727634
547.132499,225.935354,23.594774,39.300076
547.226862,224.639515,24.584499,41.906952
546.877418,226.036495,24.391283,39.838150
547.598620,222.830118,24.164209,42.052662
546.774931,223.389036,24.503330,41.927319
546.602880,222.023540,24.595053,43.505753
547.231744,223.675470,24.251280,41.407444
547.535918,227.139067,24.279634,39.188412
548.214291,225.527149,24.093605,42.026047
548.097819,226.147736,24.284372,41.607689
548.370456,227.063177,24.114710,41.274151
550.141128,222.522829,23.899248,46.410816
549.021558,224.973951,24.259237,44.678020
549.291324,227.062820,24.708139,43.615974
550.229667,229.912439,24.199633,41.767628
549.983506,228.773329,24.294111,42.473995
549.811588,229.990456,23.698814,41.335716
550.089498,228.668787,24.035650,43.720737
549.771432,230.903536,24.165236,41.748432
550.786262,227.258884,24.269304,45.625763
551.332939,228.799803,22.732971,42.650646
550.230914,229.064861,23.548456,43.142960
549.906794,228.089279,24.052715,44.556633
549.349165,227.488449,24.153568,45.200066
550.060251,228.307299,23.579662,43.867527
550.503668,226.103840,23.798237,44.621094
550.337393,226.819181,23.483799,44.779995
549.380431,227.766714,24.174166,44.491955
550.435316,226.549793,23.923985,45.199402
550.240044,226.469660,23.489120,44.232136
550.022207,227.388258,24.340015,43.483440
549.172330,227.723103,25.391500,44.787399
549.873059,227.570511,24.847113,44.782341
549.130842,228.093172,24.817051,44.824192
549.028600,228.436956,24.859701,44.290020
548.986599,228.510611,24.806419,44.285061
548.545627,228.674393,25.195368,43.503944
548.385169,228.995592,25.204226,44.324055
546.793027,230.879494,25.929113,43.560280
546.668576,232.768316,25.695501,42.072628
546.405498,231.965410,25.768824,43.103413
545.456569,231.820847,26.087595,44.014946
545.488091,230.966000,25.638441,43.612030
545.622140,230.282495,26.862761,45.162998
544.031005,233.188944,27.982988,44.500721
544.465090,232.359995,27.886959,44.250645
545.641353,231.247435,27.956995,44.233746
544.541090,230.958048,28.064579,44.123539
543.755008,230.800808,27.781260,43.914688
542.458593,230.814209,29.718388,44.940147
542.797050,230.854876,28.604813,45.004459
541.319382,231.411489,30.157059,46.347500
541.135901,231.222954,29.687105,45.145119
540.490288,230.819107,29.524857,44.387856
540.000101,230.655092,30.072536,45.665516
538.694827,231.061773,30.845652,45.306042
538.330112,230.858253,30.416452,45.056114
537.833255,231.459335,30.576578,44.423744
537.530067,232.088480,30.766190,45.269474
538.038760,233.383749,30.728601,44.629436
537.797297,232.760406,30.255121,44.432243
536.899461,232.419439,30.364058,45.058056
536.671674,232.622847,30.073492,44.923931
536.885626,232.093876,30.055439,44.293594
537.437882,231.269167,30.327375,44.738819
537.249592,231.779032,30.199409,44.479435
537.999585,231.961349,29.694387,44.109825
537.934627,231.400791,30.264048,45.064117
537.627236,231.915415,30.415739,45.504169
538.835479,232.347435,30.240084,45.323723
539.695064,231.728556,29.311853,44.231892
540.905233,232.686296,28.650089,44.642673
542.231735,232.832245,27.686569,43.321236
544.383570,232.865940,26.692684,43.973129
545.576880,233.125378,26.536821,43.424286
547.411250,233.091370,25.080072,43.782341
550.158695,234.447504,23.118431,43.216602
551.305263,234.268509,22.894358,44.000496
551.726681,235.989502,23.163322,42.438850
552.480198,235.468727,22.662605,42.227654
553.746666,238.138950,22.710876,41.332657
553.962483,238.421227,22.919897,41.710472
555.053066,240.502134,22.665337,40.071499
556.443022,240.533693,22.820621,42.015781
556.925052,239.333344,22.812983,43.570274
558.085508,241.495279,22.152805,41.553104
557.529733,239.689459,23.024595,44.043545
558.459406,242.272259,22.135387,40.907043
559.450002,239.652758,22.621008,44.540745
560.159366,243.475550,21.938517,41.485569
558.981169,241.691977,22.424458,43.047451
559.759536,244.285002,21.538530,42.860195
558.385194,240.930046,22.826551,45.722466
558.924321,241.765774,22.319952,44.674835
559.309463,243.700121,21.904360,43.360188
558.365135,242.479771,22.679077,44.289505
558.833890,245.851242,22.417028,40.571815
557.867846,244.093588,22.561642,41.405880
557.482999,246.081526,22.733343,41.468838
557.810611,244.403744,23.258951,42.182190
556.932288,242.794725,23.324358,43.364658
555.347635,245.064373,24.217907,42.804825
555.865170,243.471708,22.998604,44.273632
555.431373,242.862965,23.832064,43.972702
555.036143,244.241671,23.703592,43.444935
554.054231,244.926458,24.166563,42.485806
552.558306,241.669128,24.516567,44.843864
553.407722,243.048565,23.697632,42.797058
551.500084,242.207851,26.059586,45.171692
551.138423,241.602091,24.367334,44.833668
551.712597,242.066195,24.112968,44.285862
548.837432,241.849287,25.953997,45.262707
549.346088,242.788574,25.573921,44.965309
548.471955,242.556433,26.541059,44.664364
549.542913,241.109404,25.309574,45.937420
548.614910,240.722589,25.337303,45.507862
547.897497,241.657660,26.076069,45.239132
544.395633,242.143524,28.372873,44.853767
544.499329,242.659018,27.913376,43.925335
544.330542,241.380667,28.240788,44.529415
544.197657,241.464764,27.805874,44.140060
541.940360,242.180756,28.365465,44.351723
541.267257,242.046272,28.742556,44.485466
540.632342,240.713720,27.991480,44.398861
539.934573,239.657097,28.827494,44.228600
539.381082,239.684113,28.799376,44.207954
540.316866,239.342367,28.366055,43.420238
539.829723,238.962452,29.279091,43.878082
540.034612,238.616512,28.977148,43.658707
539.583946,239.302608,28.599319,43.699051
539.856325,237.454397,28.436535,43.814037
539.098457,237.762129,28.861237,44.222393
539.451297,237.743238,29.034952,45.315975
539.620446,238.176228,28.710478,44.210770
540.792321,236.294771,27.622038,44.982914
539.989653,236.653086,28.478748,44.238819
539.975875,235.514116,27.915819,44.912495
540.311241,235.606621,27.476318,43.203560
540.661932,233.965649,27.156910,44.659058
540.461757,233.394150,27.777308,43.876839
540.818250,233.313215,27.130590,44.403347
541.359553,232.949579,27.094263,43.984013
540.878537,233.884602,27.675985,42.890579
540.962617,231.739933,26.644728,43.752502
540.553841,231.025648,26.887207,45.281460
540.998749,231.828060,27.002380,44.597473
541.119068,231.911777,26.794289,44.201630
540.963253,231.188129,26.647758,45.032074
541.371791,231.878386,26.675303,44.540249
541.945976,232.568802,26.774063,44.589958
542.407741,233.862671,26.839838,45.074287
543.366393,234.024837,26.200197,45.005997
543.834820,232.641176,26.278328,45.166523
544.188215,233.406799,26.150166,44.547325
544.155061,233.508318,25.945341,44.446079
545.012110,233.877987,25.797024,43.829865
545.520277,233.321495,25.802479,44.516029
546.195265,232.429756,25.577549,44.298210
546.361204,233.723288,26.221302,44.151821
546.244568,234.646675,26.353500,43.898476
546.158050,233.970701,26.145662,44.339016
546.080134,233.307467,26.292032,44.490543
546.737315,232.686926,26.064356,44.905575
546.740178,233.586363,26.684927,45.137432
546.856650,235.115265,26.651567,45.355370
547.773395,234.405739,25.695688,44.007729
548.059061,233.252928,25.692242,45.298901
547.992799,234.144150,26.278395,45.661552
547.844664,235.529364,26.177509,43.436337
548.452321,236.260996,24.970098,42.935459
547.792351,236.459515,25.198715,44.009659
548.516172,237.681952,24.769093,42.980999
547.984981,235.616901,25.035913,44.616440
547.236187,235.149973,25.615318,44.262211
547.327374,233.578964,25.855795,43.405449
549.895284,233.257530,24.200705,43.967583
549.377069,234.584513,25.373167,42.464176
548.429370,232.628105,25.070963,44.401711
549.109045,234.218273,25.221760,43.959045
549.295199,234.369230,24.916758,42.598003
549.233644,233.376982,25.298552,44.174053
548.334994,233.223997,25.190912,43.445034
549.577490,233.471619,24.561817,42.796379
549.958455,235.790239,24.738958,41.746418
549.763868,236.167812,23.969700,41.484604
549.058386,234.873814,24.538670,42.829453
549.121245,234.802715,24.208544,42.621429
549.203771,235.050005,24.571798,41.896778
549.672370,235.678320,24.275637,41.607327
548.961423,237.333313,24.607901,40.412804
547.806085,234.699839,24.908018,41.780567
547.876649,235.309584,24.779387,41.332668
546.837482,235.002338,25.461433,42.536987
546.511798,234.597738,25.416758,42.665752
545.609582,235.349363,25.178663,42.929684
545.154511,235.167791,25.464521,43.193859
544.804198,235.483702,25.613405,42.093945
545.047314,234.121485,24.855858,43.116566
544.536156,234.009974,25.578094,42.633671
544.583569,234.250025,25.083138,43.256428
543.008465,233.240997,26.091423,43.143974
543.195499,232.858940,25.993752,43.361061
543.482598,231.835579,25.799070,43.407875
542.911223,231.349752,26.278200,43.676388
541.718370,232.914038,27.491329,43.259457
541.304591,232.621319,26.681086,42.714890
541.124007,232.983486,26.725786,42.357056
540.666589,231.082867,27.340010,43.590515
540.499543,231.529009,26.794600,43.720905
539.991755,232.280163,27.375332,43.363785
539.521334,232.436419,27.782848,43.220219
539.319360,231.809692,27.819334,43.121758
538.673893,233.101927,28.164223,42.726955
537.983910,232.664936,27.819733,43.422363
537.498630,231.920326,28.162409,44.252159
537.632328,230.090532,28.236534,44.385365
537.268333,230.474554,28.045334,44.937801
537.049557,230.340023,28.381340,45.931458
536.726391,229.768869,27.800652,45.001072
537.209570,229.109726,27.875401,45.544792
536.667937,229.788845,28.482149,45.767563
537.334718,230.259378,28.538054,45.398930
537.108244,228.946888,28.396809,45.635315
537.864867,229.224909,28.210955,44.811970
537.741045,228.528946,28.093288,45.616478
537.881879,229.868864,28.126715,45.539227
537.457423,229.875107,28.893427,46.305367
537.216628,229.237936,29.004168,46.064159
537.563023,229.776747,28.134972,45.012524
537.582788,229.439751,27.623516,45.900826
537.297386,230.273903,28.424881,44.996178
537.904755,231.024958,27.778564,45.364445
537.798641,232.053417,28.120216,43.892136
537.658225,232.192686,28.163851,44.900280
537.958171,232.433599,28.874964,43.185726
530.965899,238.209406,27.640240,44.540745
531.214503,238.137449,27.494257,44.122021
531.582293,237.917467,27.581234,44.600010
531.859756,237.720230,27.541857,45.204216
532.455776,237.908184,27.145409,44.802689
532.247160,238.391460,27.586704,44.062424
532.634735,238.800964,27.570282,44.833260
532.737723,240.007561,28.148577,44.983498
533.380384,240.827057,27.302830,43.662682
534.268445,239.500420,27.189840,44.076836
535.520955,238.760040,26.840109,43.894722
535.807163,239.564226,26.879677,44.456791
536.477945,240.007835,26.400997,44.359001
536.024590,240.023760,27.291290,44.091908
536.498906,240.569088,27.241018,44.018417
537.172670,240.726498,27.352169,43.577972
537.685471,240.613344,27.496078,43.881077
537.950726,239.614126,27.494484,43.570644
537.819144,240.205341,27.166430,44.391037
539.227618,241.180922,26.173883,43.859295
538.464886,240.201160,27.075142,43.809860
537.638601,238.713638,26.670094,43.320610
537.411122,238.959991,27.015081,44.183876
537.692497,239.309364,26.835678,43.709297
536.752340,239.144608,27.276020,44.135246
536.796576,239.510077,27.024523,44.551678
536.129752,239.186258,27.004900,43.573612
534.839158,239.946836,27.336027,43.148373
533.843342,238.937981,27.369408,42.513191
533.305510,238.068663,27.474384,43.144695
532.515649,237.684656,26.916731,42.849751
531.842633,236.985577,27.347158,43.240204
530.212287,236.153616,28.835939,43.189068
531.032071,235.656343,27.605383,43.436787
530.691573,235.792353,27.000109,42.848942
529.251962,233.699375,27.906874,44.139862
529.688314,234.232725,26.985966,44.478954
529.594178,235.360033,27.094328,44.347157
529.151343,234.272331,27.760256,44.427010
529.675214,235.433790,27.682974,43.551373
529.735326,234.956268,27.679312,43.538658
530.592468,234.910587,27.887619,44.250122
531.324106,235.404604,28.596752,44.254063
533.243442,234.902277,27.870920,44.106968
535.141978,235.663393,27.580530,44.427967
535.655067,235.958899,28.723267,43.180447
536.908596,234.329081,28.232704,43.343082
538.856448,233.075041,27.686121,42.503994
541.239155,233.502356,27.070015,43.935055
542.725146,232.943018,26.529520,42.642109
544.765517,230.574608,26.363100,44.289192
545.509398,232.002188,27.517962,42.352001
546.180514,231.993120,27.408670,41.956501
547.656343,230.653065,27.695553,43.075821
550.725703,227.586222,26.506113,44.481678
551.562807,227.169018,27.747967,44.481781
552.927773,228.251745,27.789946,44.234509
553.757469,227.544111,27.685928,44.006908
554.622741,227.550472,28.163408,42.944656
556.120811,225.050730,28.300278,43.414890
557.166136,225.944176,28.363178,42.621956
558.550729,224.140339,28.132963,44.619339
559.284694,224.857656,27.945841,43.675198
560.402956,225.966867,27.368633,41.618168
560.968064,225.014160,27.532911,41.783089
561.701059,223.796156,27.724148,43.017254
563.757174,222.796734,26.949032,42.282318
563.862950,223.096649,28.145926,42.448662
565.127260,223.393208,27.530910,40.784531
565.848430,223.646894,27.192057,40.639523
566.423435,223.835508,26.957756,40.387478
566.851052,222.300182,26.805525,40.841537
566.315153,222.309055,27.523624,40.847305
565.976648,222.470261,27.852993,40.733971
566.603287,222.829556,27.192764,40.525467
566.328952,222.922874,27.301874,40.286659
565.967672,221.668791,27.861683,42.194134
566.138069,221.659098,27.591171,41.348377
567.160503,222.484430,27.300804,41.348042
566.867080,222.479576,27.265596,41.598701
567.098188,223.298674,27.161259,40.776852
567.070293,223.694622,27.409691,40.303528
566.803400,223.613379,27.852703,40.414455
566.288961,223.464050,28.015324,39.149086
566.990597,221.082811,27.752998,42.546452
566.549029,221.106256,28.056894,42.019657
566.563932,219.948275,27.875050,43.163273
566.246240,220.121347,27.522779,41.737492
566.014100,220.668455,27.693815,41.647869
564.911910,220.433645,27.631914,42.003048
563.604346,220.379559,28.435595,41.128510
562.678281,219.549946,29.079977,42.434509
561.900106,218.686558,29.557545,41.953766
561.927198,218.205891,29.903263,43.507736
562.029069,219.137749,30.072645,42.553123
560.996156,219.082624,30.227644,44.111034
560.611117,218.988371,30.194315,43.458370
560.422339,220.985846,30.220736,42.609188
560.405576,224.466118,29.676550,40.440239
561.124763,222.979296,29.038101,41.709980
561.295663,223.542480,29.790815,42.485817
561.608921,223.210600,29.967140,42.583920
561.987009,223.720795,29.784542,43.218285
562.195233,223.251507,29.709875,45.060349
562.612437,224.514505,28.316462,44.147404
563.019547,223.710291,28.833174,45.289539
562.897976,223.116518,29.123634,45.571857
562.994484,222.739559,28.960129,46.355316
563.109516,222.474771,29.366081,46.083317
563.061841,222.702923,28.431509,45.622955
563.112226,223.834480,28.063847,45.612328
562.606100,224.451885,28.331776,44.933578
562.247991,225.146454,28.630972,45.171288
561.372814,223.380079,28.521751,43.725002
561.501532,224.325577,28.998066,45.629997
561.530651,224.701448,29.025383,45.181522
562.355802,225.487965,28.802603,45.753662
562.676014,225.808695,28.490196,44.856358
562.904917,225.823051,28.707226,44.593452
562.121343,225.607380,28.712484,45.149323
561.580123,226.008636,29.475008,45.770561
560.667350,226.860600,29.694826,45.297302
559.871566,227.402613,29.298815,45.812504
558.447138,229.319874,29.515820,44.857635
557.869502,229.196093,29.697809,43.964680
555.959468,228.976667,30.331079,44.031780
554.255153,231.462742,29.337397,43.821686
553.493712,228.370472,29.822512,45.654434
552.426991,227.835028,30.411200,44.547222
551.471317,226.522223,30.620888,44.093670
550.255526,226.605257,31.609188,44.255939
549.505270,227.184208,31.813969,44.197189
548.823655,227.082373,31.423048,44.129436
546.565879,226.089483,31.684481,43.755123
544.189198,226.430735,32.932701,42.995243
543.319853,225.968363,32.363819,42.711292
540.365341,225.561144,32.799149,43.086872
539.182188,226.060392,32.574116,42.813030
537.874147,225.570831,33.089931,41.261116
536.776365,224.879078,32.776875,42.709763
535.178341,224.342615,33.188606,44.312748
533.073833,225.887585,33.647484,44.285507
533.271765,225.315346,32.112461,43.236809
531.890999,226.265184,31.411484,42.907307
530.817554,226.711107,31.183176,42.702747
530.977316,227.232571,30.795811,42.377136
530.529771,228.392775,30.987532,42.642483
530.182889,228.559475,30.785528,41.738892
529.175041,228.127401,30.235641,42.038799
528.743839,226.744890,30.204277,42.563770
528.737146,228.009892,30.069027,42.486145
528.871035,228.170998,30.083920,42.483727
528.620696,226.824152,30.530474,44.144474
528.259414,227.094114,30.839067,42.795193
528.242027,227.354387,30.372559,42.939533
528.218036,227.232454,30.819620,41.058537
528.334098,226.385202,31.173326,41.985706
528.816937,226.844007,31.593039,41.741558
528.309379,226.021698,31.860598,40.356209
528.870195,226.896011,31.589245,41.079887
529.599781,227.032808,31.329033,39.533268
529.243041,226.549669,31.858675,39.341434
529.618610,228.034092,31.518425,38.715378
529.471962,226.431219,31.687317,40.207027
529.348025,226.538429,31.626551,38.882469
529.447075,227.614450,32.047913,38.822117
529.712170,227.031912,32.114021,40.310940
529.370241,228.417629,32.727520,40.190094
530.559588,228.126585,31.283335,38.181774
530.776384,227.904280,31.353298,38.527416
531.799242,228.789566,30.936749,39.114662
532.245378,229.951456,31.064205,38.782795
532.093834,228.782665,30.946976,41.308380
533.054095,229.091614,30.123560,40.562950
532.741178,227.969364,30.803396,41.852859
534.198794,227.899841,29.960794,41.555382
534.455984,228.133448,30.503529,42.459583
534.916964,228.315725,30.675411,42.301907
535.312206,227.847471,30.777718,42.155621
536.739973,228.311199,30.352131,42.506424
537.650710,228.102020,29.763491,42.084969
538.640985,228.867420,29.304440,41.970108
539.710015,228.018707,29.040052,42.239754
541.072067,228.407394,28.816711,41.961815
541.981552,228.428459,28.447372,41.279503
541.381510,227.742069,29.001034,41.568222
541.539622,227.336735,28.188089,40.592789
541.995066,227.038347,27.745174,40.219563
542.946503,226.997162,28.482590,41.122108
543.541016,226.517736,28.657516,40.972561
543.137935,226.422960,29.600107,40.933491
543.892075,227.583292,29.434616,40.685078
543.660871,227.165174,29.356924,40.063122
544.019515,227.283712,29.484865,41.164455
544.550804,226.322119,29.820099,42.516003
544.812469,225.694641,29.515259,42.295113
545.416146,227.054415,29.550154,41.722065
545.734632,227.980753,29.328711,41.688541
545.974545,228.849546,29.230904,40.567898
547.005989,225.161697,29.532043,42.404366
547.193960,226.913172,30.227482,41.396732
547.210178,228.219175,30.106667,41.328991
547.066260,228.273041,30.794313,41.684929
547.995998,228.431667,30.365013,41.042786
548.027534,227.222221,30.412554,42.004097
547.999352,226.937767,30.305845,42.010216
548.340104,228.063839,30.295698,42.119598
549.599505,227.143072,28.914133,42.128719
549.944735,228.163425,28.396236,40.991776
550.615873,229.142986,27.936909,41.427963
550.769397,229.278625,28.231333,41.736229
550.398671,229.177088,28.627752,40.904758
550.995682,229.010813,28.051071,40.985218
551.356623,227.548067,28.112225,42.207096
551.640265,227.910503,28.479342,42.130264
551.723248,227.500622,28.318914,41.452103
551.580271,227.507298,28.310131,41.924240
552.297892,228.653561,27.325726,41.195663
551.751129,228.568121,26.845566,41.581387
551.985524,228.934835,27.082785,40.315838
549.669082,232.969885,26.151690,33.453304
550.893939,225.768286,27.317377,43.497982
551.659797,226.899025,27.924257,42.715019
551.938229,227.277822,27.841393,41.747265
552.315827,227.129337,27.542952,41.897064
552.357266,227.888279,27.965872,41.525101
553.037612,228.455278,27.081270,41.164188
553.051991,228.519047,27.141088,40.633011
552.646366,228.528614,27.580971,41.279358
552.503673,228.256813,27.403757,40.934731
552.634533,228.267061,27.290733,41.317097
552.378397,228.526587,26.922741,41.095806
552.419252,227.779783,27.669231,41.404476
553.053932,229.198606,27.601532,41.076763
553.375404,228.350658,26.463867,40.697739
553.147685,226.420277,26.905069,42.536133
553.147561,225.245525,26.880934,42.971436
553.148380,225.648619,27.144173,42.103970
553.071161,227.010172,27.423321,40.523518
553.632552,226.262733,27.537676,41.540993
553.697267,226.855604,27.757490,40.210995
552.982909,227.047651,27.731585,40.426708
553.892083,225.778179,27.276655,41.471100
553.743912,225.783405,26.932053,40.881332
553.579900,225.420847,28.216131,41.924534
553.479972,225.721970,27.704897,41.125038
553.347034,225.155636,28.082222,41.267242
553.362238,223.712118,28.457226,41.998363
553.510566,223.232029,28.651003,42.164215
553.758750,222.978188,29.293535,42.864281
554.310219,223.813282,29.473419,41.953705
554.249766,222.540461,29.816080,42.462055
554.653847,223.187508,29.452408,42.221779
554.629404,223.026093,29.325497,42.613686
555.094000,224.122828,29.075718,42.056583
556.085022,223.839849,29.168182,43.559155
556.716700,224.657898,29.227718,42.808327
557.440608,224.844059,28.693293,43.359787
557.707673,225.523672,29.461424,42.434383
557.653096,224.922604,29.524740,42.806503
557.634827,224.403025,29.528107,42.844410
556.868630,223.866884,30.395628,42.410969
556.307691,223.527420,30.555258,42.401039
554.595022,223.103655,31.568226,42.285938
555.984145,223.585793,29.646227,41.599129
556.059342,224.579870,29.895445,41.543148
555.556174,224.520134,31.002047,41.524696
555.790462,224.751345,30.922998,41.054707
555.407195,224.552858,31.261599,42.121510
555.566813,224.791628,31.208536,41.584080
555.341489,225.206680,30.856543,42.118660
555.228635,224.534052,31.466009,43.212040
555.562369,224.622141,31.511400,42.050526
554.864295,224.881012,30.924974,42.206123
554.001905,224.827641,31.327808,41.563568
554.366218,224.229670,30.710955,40.246128
553.481854,225.254866,31.227713,39.975918
553.353495,224.614492,31.259151,41.223827
553.451683,224.740911,31.393951,40.658657
551.913380,225.990484,32.771568,41.008602
552.576262,227.188101,31.418369,41.109447
551.256605,225.750309,32.696812,41.623398
551.499044,226.147011,32.035755,40.913582
550.270370,225.360147,32.625198,40.131916
550.921574,226.469572,32.208046,40.531551
550.882345,225.900948,32.394871,40.471107
551.179588,226.428988,32.644104,39.790974
550.435991,225.972765,33.216656,41.216160
549.672041,225.012180,34.045063,40.454834
550.567173,226.728884,32.713432,40.090183
549.857977,224.971678,33.756763,41.042156
549.454597,225.487207,34.133392,38.491230
548.203585,224.858843,34.097225,41.571903
548.927866,225.261299,33.090405,38.937355
549.086327,225.061186,33.024826,39.041225
547.173349,224.897476,34.025890,41.720131
547.002161,225.269238,34.441509,38.474014
546.762302,225.083931,33.928230,37.269127
545.203396,224.834761,35.087334,39.234203
546.353466,225.506166,33.583382,37.100513
544.704725,223.050402,35.014194,39.408604
546.810883,223.612295,32.957092,36.856350
544.609610,222.922182,36.434513,40.881336
544.016171,223.000761,37.656761,39.265652
544.240866,223.762936,37.672016,39.060257
544.562428,220.185108,36.654198,39.971130
545.110638,215.032299,35.267921,39.563950
546.377213,219.024837,35.721786,40.724396
546.590738,214.679785,34.951092,40.133465
548.096849,219.459251,35.494579,40.858864
549.169424,219.876596,34.582691,39.626072
549.955851,218.384478,33.871990,39.557896
550.924452,217.708876,33.352146,40.193066
551.232309,217.905346,33.440716,39.718536
552.051361,219.517843,32.807175,39.340008
553.414581,217.392721,33.173889,41.463390
553.884613,217.638624,32.244858,40.781155
554.316202,217.365351,32.242306,39.771214
555.382658,216.581318,32.215305,41.413986
556.008266,218.834839,31.924751,38.654121
557.266182,219.251987,32.058075,39.781616
557.060093,218.927073,32.406258,40.464130
557.908111,220.207668,31.698290,38.577393
557.982044,219.879276,32.114952,40.046097
557.961548,220.213209,32.548874,39.963634
558.711031,219.400732,32.110836,41.181911
559.243162,218.887804,32.330204,41.426716
560.060671,221.361151,31.384731,39.508511
560.654326,219.398405,31.092241,40.174892
561.210773,221.307386,30.289452,40.509792
562.668274,218.114811,30.350693,41.679092
562.381526,222.882793,30.683786,39.341125
563.645733,222.521519,28.284218,37.039948
563.761231,222.072060,28.932341,39.496346
564.170319,222.337872,29.333862,39.541809
564.338682,223.047758,29.340931,38.846600
564.117177,223.360474,29.843908,39.851219
564.806210,224.356380,29.151009,38.992615
565.762792,223.456621,28.668570,40.008640
566.263593,221.370127,29.006918,41.209431
566.791701,222.922140,28.768679,40.340481
565.811632,222.066126,28.637142,40.749714
565.551129,222.349245,29.357183,40.985661
565.398681,222.965984,29.890779,40.662628
564.780751,223.474043,29.424978,41.032818
564.204638,223.517162,29.482021,40.959442
563.448929,224.924345,28.871323,40.466625
563.159000,224.152550,29.534843,41.553841
562.757228,223.897558,29.824610,41.981747
562.705332,225.218355,29.869396,41.741581
561.718222,224.577370,29.471653,41.818260
561.537127,223.893835,30.195719,41.424847
561.381510,224.842691,30.022976,41.541355
559.667763,224.347744,30.856049,41.820114
559.830226,224.199047,30.210733,41.088547
559.977366,223.524364,30.407907,41.506485
559.239726,225.441290,30.460657,40.993694
558.745356,225.824070,30.032986,39.952896
558.736718,224.007847,30.580336,41.532898
559.084756,224.137548,30.383207,41.968761
559.415737,224.228283,30.707695,40.950882
558.854491,223.807224,30.884584,40.670151
559.037044,226.933493,30.446711,38.614803
558.947176,224.878387,31.503689,41.349342
560.275000,223.492371,29.995853,39.274239
560.560455,224.708195,30.095459,40.303009
561.588086,222.002090,30.457556,37.934364
559.727630,221.372715,30.865236,41.886963
560.267990,221.302746,30.698608,39.611694
558.915020,220.439724,31.388298,41.935211
557.900490,222.884163,31.043625,41.281441
557.641096,221.291330,32.220524,40.556034
556.739876,221.975719,31.838699,40.186188
556.431209,220.987316,31.739359,41.148895
555.549090,221.019400,31.759577,40.070553
555.270667,219.685419,31.857973,40.333027
555.698195,219.005199,31.677065,41.217865
555.312711,219.451242,31.747595,40.326054
554.973574,219.145781,31.168713,40.445370
554.893209,220.662823,30.799444,39.269409
554.582301,219.675735,31.659357,40.868721
554.280928,220.815472,31.595966,39.926666
554.052094,220.253590,31.306578,40.463959
553.597352,221.075510,31.500868,40.207325
553.781970,220.320969,31.157328,40.609627
554.178584,221.630795,30.932871,39.957916
553.897786,221.702192,31.482992,40.507992
555.029382,223.591167,30.855848,39.337219
555.394022,224.496708,30.974804,39.501556
556.036737,223.605370,31.196346,40.710442
555.593805,225.905615,31.432964,39.257626
555.876777,223.631222,31.464083,40.564896
555.548484,225.098131,30.954836,40.284458
554.221560,223.564476,31.739147,40.555367
554.445215,226.285191,30.641445,38.947510
554.376495,227.258299,30.994537,40.006420
553.987946,226.238138,32.792526,39.814198
554.389658,226.470219,31.694088,41.357224
554.485514,228.502151,31.493526,39.878654
554.158770,227.255993,32.526577,41.641785
554.535192,226.555883,31.957584,41.439175
554.324022,228.650229,32.078823,40.287457
555.169872,228.719788,31.961159,40.206779
555.294254,229.035549,32.028770,39.897919
555.260775,229.806774,32.249569,41.231339
555.398947,231.360151,32.839146,41.217587
555.062716,231.731302,33.112789,40.469364
555.735674,234.086161,32.445370,39.986027
556.530664,231.746140,33.490810,41.874092
556.963392,231.188864,33.518208,41.373760
556.894421,231.649727,33.833427,41.766411
557.154814,229.725048,33.349018,41.797699
557.971256,232.720921,32.735374,40.103622
558.013021,232.809099,32.951283,40.983509
558.598446,235.123262,31.920921,39.684116
557.457029,233.719852,32.093800,40.414764
557.445982,234.122776,32.053959,40.019608
557.233070,232.762537,32.289825,40.988194
557.488522,231.014425,31.883751,40.842159
556.125530,233.180662,33.076271,40.747234
555.909185,230.845268,32.450718,40.748833
556.095709,235.039999,32.021687,39.133495
555.450388,232.421772,32.297924,41.469818
555.461891,231.464897,33.028580,43.238380
554.750587,231.654486,34.249451,43.042873
555.582792,230.918819,33.357533,42.587662
554.705469,231.034729,33.709850,42.948753
554.580946,231.850122,33.628910,43.021656
555.137257,231.782965,32.987846,43.289349
555.625484,230.468367,34.084709,44.186199
556.261166,231.273556,33.169640,43.205521
556.955732,229.541105,32.667927,42.707088
557.119371,229.345123,33.142117,43.017769
557.451479,229.606819,33.156353,42.265007
557.214394,229.248365,33.890320,42.093761
557.489233,227.045570,33.793674,41.570381
558.871893,229.231043,34.034580,40.331959
558.682053,228.384674,33.886795,40.767082
558.482788,227.685474,33.883911,40.239914
558.365023,227.998983,33.535717,39.260647
558.868135,225.544590,33.545849,39.829773
559.684576,225.638138,33.476704,39.140617
559.837669,223.957756,33.522064,40.658012
560.113073,225.493643,34.053761,40.088894
560.279078,224.714510,34.031551,40.856846
560.106482,225.130186,34.550053,40.689999
560.998291,227.183043,33.959625,39.526714
561.704178,223.498470,33.703094,40.450775
562.140471,224.712456,33.495655,39.256538
561.483189,224.483297,34.434410,39.575100
562.047323,225.976572,34.198734,38.508884
562.208981,224.062704,33.836403,40.851589
563.022770,223.723640,32.899559,40.209602
563.731527,223.114553,34.090061,41.261318
563.529823,221.578955,33.123947,40.806240
563.827499,221.992559,33.093857,40.434139
564.315048,222.425829,32.351868,39.893528
564.299706,224.059122,32.251450,39.237476
563.647766,222.978531,32.795517,39.986382
563.456383,222.079523,32.868195,39.930790
563.106853,221.797537,32.876106,41.445065
562.910194,223.733839,32.703720,39.767681
562.530083,223.217499,32.679672,40.064857
562.281590,222.101250,32.301689,39.233437
562.568135,223.732941,31.994436,39.142982
562.211269,221.710878,32.413582,40.879337
561.048229,222.392727,33.454948,40.119232
560.529547,222.797762,33.549564,39.735798
560.676725,223.386406,33.428791,38.975288
560.705992,223.571592,33.554188,39.249676
560.909323,222.876537,33.617832,40.037445
561.454678,222.385321,32.862984,39.644176
561.682657,222.262791,33.472790,41.029602
561.959131,221.703371,32.994030,40.221638
562.484310,222.539167,33.125725,39.550854
563.276693,220.228006,32.166248,39.258793
563.000944,221.701923,32.722355,39.264099
562.892876,222.421013,33.063400,39.454506
562.546684,222.114685,32.814148,39.442665
563.056018,220.317280,31.506540,37.957123
563.705725,217.217623,32.172123,37.007145
564.013741,218.882326,31.225616,36.561176
564.057363,219.246843,31.845236,38.553028
562.052671,214.767530,32.981724,38.347363
562.151958,213.109770,32.132378,39.151669
562.011717,215.270439,32.705677,39.215996
561.994761,218.358604,31.835825,37.467293
562.429907,214.649229,31.145969,38.091473
561.609917,217.167643,30.958649,36.628101
561.268553,217.074736,31.576771,37.643459
561.057240,216.946518,31.568291,37.145943
561.578845,221.896143,30.260828,34.783451
562.014097,215.724083,31.288319,37.170952
562.938824,216.387775,31.376244,38.532227
562.821508,220.692999,31.591297,36.927441
562.951134,221.401890,31.292374,37.673309
562.472760,221.623449,31.629751,38.409771
562.944296,221.418438,30.581944,37.486313
562.804786,222.987988,31.001955,36.948212
562.545231,220.571133,31.503227,38.338806
562.529671,219.827309,31.312561,37.836906
561.621192,221.580322,31.931368,37.696114
561.273306,220.883184,32.049870,38.309017
561.875793,220.203892,31.119463,40.175446
561.608152,219.744453,31.144535,39.788963
560.631505,219.027266,31.511724,39.977535
561.038333,219.350929,30.546961,39.735252
559.989691,217.835348,31.378880,39.778194
559.335327,217.084600,31.540787,40.682888
558.206346,216.902897,31.647566,40.752991
557.586672,217.449802,31.824169,41.304520
557.136167,218.488268,31.696692,40.843632
556.041151,218.012526,32.182590,40.505810
555.235775,217.585087,32.210808,40.667709
555.082267,217.945751,31.988207,41.952194
554.545471,217.931452,32.602234,42.240314
554.220972,218.112240,32.453869,40.550339
554.492292,219.826681,31.590763,40.703579
554.120721,219.117899,31.563704,40.034397
552.840196,221.662588,30.539381,39.290340
550.579048,219.193913,31.806259,39.345734
548.674377,216.107031,32.101761,38.489529
546.233486,222.657307,32.754509,41.021729
546.101025,220.235792,32.128044,39.063564
546.214371,220.625689,32.016006,41.127979
545.763750,219.906736,32.370998,43.644588
545.546305,221.291710,32.341610,43.081886
546.208358,224.344692,31.905626,41.907990
546.151070,222.238457,32.179871,43.403877
545.984690,224.865288,32.869244,42.253670
546.775810,227.237963,32.557922,43.426640
546.714836,227.618877,33.462753,44.709137
548.292313,225.827286,33.474335,44.233864
550.032457,230.755432,32.623028,42.312996
553.326350,233.213619,30.869013,40.985901
554.375113,232.202517,31.701250,41.936115
556.426812,234.853088,30.727720,39.076393
558.869732,234.814953,30.609230,39.619507
560.907000,235.399660,32.407894,39.802601
563.411846,238.015116,32.033440,37.749973
566.190318,237.895378,30.306055,36.912270
569.458410,236.866100,32.674168,38.882675
571.733388,237.367729,31.568075,36.814613
574.903309,237.193569,33.096474,38.565659
577.167416,235.270544,32.155159,38.082119
580.804928,236.169420,33.546059,38.960529
583.207659,237.588875,32.569759,37.327019
585.590805,236.592676,31.338104,38.767902
587.768896,236.609110,31.708973,38.426731
590.305623,236.513691,30.820257,37.458694
591.913512,237.227165,30.768358,38.028160
593.739509,236.688375,31.917208,38.693035
594.836316,235.730825,31.352728,38.632915
595.986531,234.820896,31.668646,39.377853
598.358121,236.109888,31.095892,36.109287
598.948852,234.642210,31.433840,37.144817
600.168797,234.196434,31.693459,36.417976
601.583858,235.164742,31.051828,37.482414
601.741468,234.769024,31.617741,38.881378
602.240464,235.955517,31.378675,37.834885
604.237650,236.774019,31.011944,37.594090
605.015934,234.355892,31.380287,37.745346
605.590655,233.341101,30.940943,36.247814
606.015742,233.403461,31.213755,37.962540
606.882297,233.069901,30.733988,36.379143
607.136682,232.729122,31.259062,36.798904
607.121525,231.267313,30.404839,36.322407
606.811919,232.134909,30.500505,37.238613
606.174756,231.393627,30.706488,36.528992
605.886157,230.414381,30.834772,37.420712
606.552771,231.151617,30.524296,37.271084
606.030889,229.984816,31.488852,37.929150
606.217715,229.060909,31.168299,37.521683
605.881156,228.867743,31.389620,37.878262
605.612979,229.073721,31.294321,37.251659
605.285852,229.471601,31.365871,37.847607
606.359987,229.398403,30.505825,36.655151
605.910073,228.917955,30.958540,37.109684
606.609023,228.453026,31.761812,38.367912
606.186611,228.884567,32.083794,38.667824
605.841515,230.305841,31.619873,37.098652
605.143167,230.013330,31.350401,37.872211
605.489692,230.938038,31.704363,38.512085
604.334276,229.720915,32.021008,37.474422
603.274886,230.054783,31.361589,37.835571
601.734325,230.592365,31.811134,35.971008
598.786983,229.463192,32.451591,36.382629
597.898226,227.981373,32.252605,36.348831
594.753836,226.911663,33.135548,37.259995
592.680143,226.731869,33.378345,36.821655
590.341036,227.362881,33.366741,37.948410
586.695786,226.341597,35.107040,37.839230
584.627295,226.421612,34.399250,38.000824
583.626602,226.817665,33.479462,37.672676
582.216448,227.084276,33.705547,37.935505
580.427292,226.572794,33.551590,37.282993
578.366043,226.763193,34.312378,38.194279
576.936829,228.859060,33.728119,36.590145
574.294092,226.801456,34.235332,38.508728
573.779324,226.475271,33.557106,37.053127
571.801298,224.920918,33.797230,38.726685
571.373024,226.404194,33.411560,38.400970
569.854017,225.802074,33.552235,38.702576
570.093054,227.379135,32.005863,37.342705
567.112791,227.078362,33.296680,38.484291
566.919407,229.137871,32.580086,37.783287
565.785248,228.499516,32.999664,37.201630
564.456968,227.601328,32.861713,38.030384
563.012405,227.149698,33.049026,40.376179
562.232719,227.251751,32.411987,40.135590
561.848239,226.986792,31.835779,39.333874
561.484978,228.768423,31.268478,39.761196
558.667286,226.260279,32.211052,39.998554
558.387749,229.092558,31.133575,39.516644
557.901672,227.026712,31.608841,40.135777
557.813913,226.279779,31.559292,40.886860
557.532699,226.109074,31.263674,40.411743
557.951406,227.500854,30.671789,40.178734
558.353014,228.471094,30.546917,39.690647
558.119640,228.837770,30.665062,40.042973
558.876455,230.093241,30.442478,38.589664
559.019932,229.437311,30.443550,39.122150
558.794622,230.024109,30.501316,39.433739
559.193860,230.391489,30.341574,38.839588
559.344259,230.616947,29.856632,39.541992
559.290904,230.868677,30.180246,40.146473
558.802594,231.330229,30.323065,40.029629
559.055279,230.878578,30.279060,39.071220
559.301395,228.830221,29.317253,39.259182
559.798058,231.464819,29.551880,38.695827
559.908744,229.069574,28.942125,38.743427
560.096686,230.442039,29.534670,38.517265
559.868028,229.103386,29.626127,39.876961
558.767726,228.207048,30.478083,40.683201
558.254623,229.320473,30.398529,41.007500
558.382681,228.884300,30.499592,41.193550
557.647640,228.880585,31.429543,40.118965
557.768888,228.485195,31.086035,39.402649
556.569816,228.223343,31.610491,39.687874
556.419582,228.553135,31.591270,40.533493
555.638304,228.655952,32.068485,39.235420
553.963377,229.551966,33.129185,40.628452
553.874865,229.262224,32.593807,39.474003
554.554415,232.051170,31.488705,39.287148
554.207376,229.604588,31.883846,39.738449
553.932745,232.326431,30.971760,38.521660
552.789105,229.317284,31.688498,38.758095
552.284792,227.830999,32.019466,38.787106
552.235340,229.237629,31.487328,38.661255
552.177575,228.157242,31.661970,38.854454
551.412312,226.694876,31.681786,39.926144
551.292361,227.092299,31.513926,40.516216
550.575680,226.569304,32.279549,40.963955
551.579644,228.194021,31.505095,39.818951
552.816916,228.397263,31.180117,40.122673
552.551494,226.030392,31.517176,41.043350
552.903316,225.637739,31.485254,41.147655
553.685657,226.062628,30.897867,41.391598
554.511484,226.098978,30.641140,40.790653
556.172266,225.827320,30.080883,40.958374
556.466831,227.429516,30.399269,39.361954
557.541455,226.480618,29.942709,39.808533
557.684239,226.633581,30.052130,40.003185
557.674334,225.972630,29.755016,40.466675
557.854844,226.082254,29.444441,41.229389
558.108294,228.320395,30.380489,40.217175
558.344914,228.466084,30.579809,40.301819
558.273551,226.888073,30.193987,41.420792
558.127578,226.368893,30.902620,41.067902
557.796429,227.772573,30.694542,40.280605
556.599339,226.283695,31.742498,40.584595
556.402476,225.106161,31.539942,41.608578
555.173200,225.740026,31.932867,40.858685
553.819239,223.746784,32.484631,41.423904
554.342816,226.009838,31.175543,41.119843
552.955215,225.302416,32.207977,41.789204
552.202946,227.515696,32.156059,41.672321
550.678625,227.418781,32.654728,42.319519
550.155807,226.906786,32.187210,41.568119
549.088398,226.512396,32.309898,43.313610
549.372587,226.706312,32.128513,42.419430
549.499296,228.276712,31.320438,41.799824
548.361647,226.761692,32.423359,42.392914
548.674042,227.597668,31.432251,41.731735
548.865921,226.257364,31.914261,43.108570
548.450205,224.667753,32.124432,42.225262
548.140192,225.925053,31.921886,42.525040
548.099588,223.695929,32.002041,42.656658
547.790747,222.381783,32.623493,43.849098
548.511230,222.152529,32.332443,43.784687
548.912283,222.031471,32.307545,43.088921
548.679262,221.524183,32.287594,43.344158
548.596479,221.008924,32.149815,43.854916
547.721876,228.236296,24.677570,32.675472
548.971430,222.673046,31.868923,40.501221
549.248934,222.214905,31.688686,42.671043
549.754260,221.768280,31.796564,41.334007
550.114801,221.645632,31.253246,42.507771
550.033161,220.414623,32.049706,43.497986
550.456503,219.225931,32.180531,43.149403
551.166529,220.524433,32.488201,42.355637
552.722324,220.466686,32.067528,42.291412
553.653066,221.758427,31.772223,42.520676
554.729478,220.122801,31.892073,42.399899
556.010923,220.214123,31.767933,42.343292
557.158538,220.493694,31.847094,41.714478
558.142218,220.548460,31.563465,40.999325
560.178545,219.998552,31.751476,41.808002
561.623011,220.316055,32.234417,40.879189
563.818264,218.766418,32.198448,40.081474
565.652845,219.704651,31.988178,39.535637
567.024796,219.049374,31.780531,40.393173
569.220224,220.143206,31.510952,39.395557
571.772583,219.103239,31.987595,39.201504
573.392445,217.883551,30.896339,38.693707
575.069335,217.763210,30.751558,38.590378
573.128317,216.994335,30.989201,35.964035
574.022252,215.626398,30.173086,37.270298
575.233007,215.617516,29.756886,38.181236
576.699474,213.952827,29.398674,37.301384
579.134132,212.723366,30.207947,37.971626
580.965365,212.939066,30.135920,37.464588
581.762419,212.610733,30.373447,38.942757
583.916666,210.504715,30.344845,39.267204
585.424971,210.694899,29.810810,39.387600
588.006104,210.830851,30.383085,39.611790
589.030447,212.279312,30.269154,38.499840
590.134802,212.183233,30.634556,40.615185
591.400790,210.000397,30.438013,41.231911
592.449944,210.390409,30.399292,40.085705
593.842190,211.242287,30.292015,38.995918
594.867644,210.212078,31.907290,39.944046
597.365778,211.470043,30.902340,38.640839
598.267354,211.089203,31.386526,40.096657
598.453659,209.395210,31.926880,41.051018
600.182229,209.555187,31.150190,40.200974
601.180080,210.391558,30.504402,39.769917
601.295115,209.308550,30.959240,41.173313
602.488833,209.684668,30.489252,41.420605
602.555209,208.855471,31.011652,43.053135
603.338635,209.456766,31.089193,42.315617
604.093385,209.726969,31.360273,41.639286
605.518806,209.708027,31.244555,41.417282
606.038248,210.466236,31.419064,41.436218
606.304979,209.860437,30.840618,41.186359
606.291698,209.776310,30.767769,41.584473
605.426772,209.866188,31.151339,41.945869
603.552310,209.895643,31.337778,41.440929
603.628621,209.146282,31.435354,41.429810
603.886889,208.230900,31.235165,41.306030
602.975952,207.902880,31.108780,39.944324
604.378628,209.690346,30.065880,39.191643
603.335822,209.282665,31.014971,40.385803
602.529002,208.660559,31.667154,40.118954
602.338565,208.891758,31.214197,39.987076
602.291276,207.942162,31.218534,38.459496
601.640501,208.081228,30.804173,38.843044
599.886003,207.207855,31.707045,38.281914
599.180573,208.042349,31.451447,38.264996
597.261557,208.300632,31.539158,37.907227
594.624294,207.352285,31.989906,38.613461
595.501454,208.113525,30.908636,37.956657
595.787421,208.666538,30.655397,37.201401
594.424507,207.569849,31.081512,37.608418
595.321910,209.958773,30.044825,37.178806
593.290741,208.379974,30.566269,36.339226
592.600648,209.233601,30.585798,37.048660
590.785711,209.582281,31.336674,38.053020
590.313871,210.932720,30.527149,36.582199
587.293095,210.522593,32.749275,38.396519
585.164574,212.932697,31.612701,35.906677
582.794117,211.271156,32.221657,36.980644
582.156292,211.287422,31.121696,37.234169
579.937416,210.605078,30.976593,35.973614
580.184100,211.856653,30.445826,37.617542
579.615499,211.416208,31.549641,36.291401
578.741054,213.828245,31.636362,36.683163
577.528634,213.474785,31.323271,36.442116
573.708597,214.849865,32.631756,37.268463
572.985817,211.664473,32.198914,37.251934
570.976903,213.211617,31.667624,36.158974
568.444980,211.297026,31.548243,36.554501
565.369427,212.868839,30.121193,35.645401
561.302568,207.748238,32.684383,37.609200
561.303562,208.580004,31.371788,37.626637
562.062518,209.803621,30.547556,38.248234
560.611482,208.115995,31.385420,36.456448
561.203412,209.495981,30.297308,36.786427
558.644369,209.484810,31.905201,36.657143
559.949067,213.349810,30.134748,36.418232
558.717516,212.108440,31.046139,36.125702
559.116621,213.206839,30.484898,37.085949
558.538969,214.354866,30.943806,36.591454
555.385952,213.759256,31.494682,37.274372
556.220809,217.433409,30.336565,36.515255
556.332043,216.787100,30.361458,37.744305
557.402107,219.567326,30.315689,37.540207
557.601581,219.647343,30.289225,38.316696
557.389125,220.647688,31.293970,38.838314
558.197368,220.561378,30.888422,38.707954
560.219414,222.366625,30.315659,37.320896
562.766458,223.644064,30.576658,37.956264
567.189640,228.545816,30.174507,37.001850
572.844773,227.448645,28.834074,34.020138
574.393504,228.984850,30.316751,36.276829
574.954812,227.269636,29.764692,37.329800
576.496181,226.445221,30.543314,36.834663
575.816276,227.670582,31.226503,38.121353
576.367967,228.709867,30.261717,37.508785
576.533246,228.107191,31.118582,37.428509
576.605656,227.147778,31.022011,38.179688
576.195683,227.082157,31.215567,38.413696
576.727048,228.290297,31.454214,37.612560
578.146223,227.246933,29.824375,34.989281
577.659685,227.427786,29.238979,35.487621
578.374952,225.759243,31.290028,36.645340
578.223455,224.281427,30.580784,36.140125
575.918992,222.786371,31.085157,35.644886
573.497871,223.326948,31.954971,36.094448
573.712433,223.925783,30.363815,35.227161
572.622644,221.880768,30.461544,34.898720
568.800077,220.861858,30.933964,36.297073
566.758636,224.753826,31.303713,35.552246
569.489088,219.934589,28.930225,35.236176
569.459033,221.054089,30.423136,37.000626
574.341295,210.077774,29.323544,35.602089
574.177593,209.994389,29.946938,36.950912
573.392392,209.548958,29.863379,37.006065
571.031314,205.163439,30.737192,36.771198
570.948181,205.926575,29.997772,36.966194
568.966083,205.343016,30.872599,35.544994
569.290985,204.816765,30.303818,36.034279
569.786225,203.029766,29.299406,33.250336
566.386066,207.747532,29.282448,32.738968
567.118129,195.966124,29.898600,33.830120
568.473745,200.243294,30.078846,35.408073
568.109931,197.489471,29.621630,34.605202
568.047222,197.971476,29.831841,36.251591
568.133510,195.629530,29.990534,36.232861
565.418264,194.619619,31.100742,36.908566
564.542266,193.025459,30.651384,37.046516
563.931801,193.381046,29.936493,36.961975
562.461403,197.072128,31.583054,35.101585
561.688933,197.563414,30.854280,35.749218
559.823668,197.699705,30.598698,34.670834
562.119818,199.693749,28.301762,31.923147
560.376463,196.592697,29.762608,36.185295
558.116667,197.138069,30.987858,36.014839
557.398519,198.436874,30.442541,36.002296
555.145710,208.566298,28.700935,31.637707
551.472260,213.556574,30.085480,34.416569
549.122980,216.716112,30.918972,35.398701
543.343691,220.054195,30.259228,31.671066
543.123062,219.680643,30.159958,35.071400
540.202509,221.401041,32.444912,34.819202
541.025269,225.845299,30.803574,32.770866
539.153244,233.294317,31.471802,36.025845
535.900393,231.337980,33.401730,38.179134
534.043209,233.767181,34.000237,37.885902
533.909784,234.923874,33.448910,37.976494
530.252964,237.707180,35.951057,39.425873
530.126104,240.938478,34.047947,37.787724
531.614445,242.933277,32.311775,33.221130
529.419352,245.699661,34.347256,36.528053
529.798929,248.901472,32.139568,31.083324
527.585800,248.739361,34.398865,37.023453
528.081186,250.958763,33.729443,37.327354
526.978493,252.494919,33.637390,35.149284
525.176470,254.679703,33.467571,36.613243
523.589256,255.496515,33.976852,38.569767
521.252575,256.253387,33.561165,38.543373
521.455929,256.208759,33.257027,36.863617
518.074921,259.812729,34.166840,38.165779
517.606264,262.674118,32.577038,37.540489
518.426584,261.577370,32.282787,38.192833
519.484514,267.381176,31.683575,35.586929
521.116615,269.842726,32.158417,38.323895
521.393913,272.198200,31.072403,38.398392
520.865591,271.922220,31.371220,37.732761
518.335293,273.077261,32.047356,38.494915
518.616779,274.379875,31.077385,37.960747
517.568664,272.544548,31.572878,39.800987
519.054053,274.387859,30.110735,37.305847
516.788535,276.525938,31.378023,37.717709
517.423599,280.193401,30.147278,36.352661
516.874776,278.975510,30.631094,38.283531
516.837907,279.813599,30.756758,38.379250
517.323667,279.481236,29.990561,38.636658
517.456644,279.076033,29.625835,38.688351
516.873287,280.712954,30.065102,38.820820
517.913896,282.853975,28.908705,36.831364
518.859116,282.737713,29.029907,37.382919
520.854836,282.381935,27.876524,37.209129
522.285483,286.039488,27.383028,38.218533
524.051071,287.164312,28.194962,38.946789
523.920310,284.338589,27.729296,38.847641
523.008299,284.108515,28.653660,39.019550
522.210628,286.550888,28.855448,37.966454
521.775740,291.054771,27.771778,37.140800
520.835666,291.081841,28.639994,38.100075
519.473042,290.890949,28.905615,37.562042
519.516264,290.578947,28.797474,38.277615
519.042494,293.238594,28.899906,37.151497
518.712709,291.300278,28.356640,37.119789
517.348661,290.117683,28.231998,37.332314
517.034956,289.490770,27.973164,38.384846
516.352614,287.849924,28.309435,38.093952
516.104826,289.407000,28.626118,38.138950
516.164143,292.916191,28.852135,36.402580
511.194963,288.642239,29.439419,36.699768
510.436452,290.205820,28.905706,37.715580
507.444948,289.414112,30.060085,35.953888
506.705780,289.435268,29.813980,36.996552
506.495997,289.926458,29.883966,37.218609
505.507395,289.552198,30.353252,37.415493
503.699941,287.391733,30.743109,37.584843
501.551983,287.667797,31.144005,38.477081
501.085281,287.660141,30.991440,37.812386
498.320983,287.764565,30.513109,37.952034
497.636501,288.489378,30.647636,37.486202
495.770654,288.686291,31.129896,37.467285
493.941441,286.387978,31.707619,35.262444
487.425365,289.024214,32.454628,36.082302
495.499204,282.624636,31.376410,37.225849
495.969890,281.237122,30.572107,36.243050
493.764496,279.322393,31.629272,35.568829
493.145601,278.965691,32.219677,36.488075
492.463808,275.110916,32.486004,35.879631
491.826736,272.979023,31.608078,35.839890
489.283863,274.288706,32.967705,35.997822
493.226212,275.496708,32.062637,37.149658
497.191176,276.713804,30.130449,34.074825
499.930387,279.153070,30.330540,34.919651
503.161315,281.601498,29.009035,33.683228
506.780693,282.966644,29.042511,32.737709
509.512219,284.684465,27.463873,32.357807
512.849677,286.043684,27.885927,33.157909
516.181420,288.934251,26.238523,31.588888
519.669568,291.366610,27.371237,31.375263
521.887820,292.408902,24.816294,28.015364
525.055168,292.641997,25.580780,29.283930
525.059570,292.401824,25.312927,28.728067
524.763773,292.049505,25.580654,29.420589
524.735222,291.326004,25.209167,28.655479
525.433928,291.418902,25.082172,29.394228
526.450625,291.907148,24.838648,27.746044
527.246649,289.706204,25.292576,29.464094
528.302156,290.489421,25.229092,28.778139
529.681814,289.720024,26.309040,29.525642
528.707301,289.927505,26.317820,29.516441
529.975739,290.364624,25.373306,28.742485
530.813504,289.771504,25.437399,28.547773
532.324685,288.906120,25.630796,28.233360
532.283676,288.997284,25.717072,28.918297
532.822875,289.424397,25.835878,29.963257
533.021350,289.076459,25.878031,29.607878
533.995422,288.727260,26.026352,29.659090
533.779541,288.099339,25.832047,29.187208
534.671936,288.422845,25.179855,28.452795
535.759907,286.271591,25.472816,29.156441
535.371347,286.762572,25.372982,28.945108
534.501043,286.743336,25.698795,27.846649
534.758606,285.794775,25.165253,28.514217
534.479535,285.871821,25.624762,28.726992
533.914133,285.087893,26.037640,28.152620
534.289312,284.892741,25.760258,28.889666
532.748463,285.415570,26.051567,28.136335
533.350958,285.262968,24.776478,27.624218
532.129701,283.826650,26.291578,29.590025
531.921132,284.370176,26.048346,29.690945
530.989259,286.477769,26.049055,28.367697
531.755991,285.525714,25.647854,28.506334
532.310789,284.992748,26.135609,29.285583
531.287540,285.351302,26.322563,30.083887
532.410740,285.220157,25.385521,28.633501
533.557097,286.158911,25.496218,28.429531
534.487105,285.312346,25.832293,29.452648
535.504165,286.191025,25.179461,29.120796
536.725804,286.667109,25.657171,29.114765
538.414160,286.172495,25.957844,28.915287
540.513748,286.733759,25.169052,28.603214
542.396797,285.543126,23.937714,27.240019
544.049851,285.760617,25.839918,28.330366
545.151774,285.886486,23.804865,27.137344
547.961576,285.850260,23.888615,26.608555
549.972530,283.931264,24.662666,28.579977
551.365925,284.986233,23.995323,27.314934
552.338147,286.179517,23.613668,26.803976
553.920355,285.482333,23.249348,27.397959
554.652196,285.614860,24.541372,27.652254
555.959604,284.747286,24.687038,27.654476
556.637196,285.233656,24.135399,26.968510
557.905435,287.442162,23.668333,25.619888
559.342806,286.921315,26.096645,27.340185
561.033288,285.657106,24.046309,26.217434
561.669240,285.411594,23.470442,25.840828
563.252987,284.053728,25.263901,27.227665
563.552382,284.089303,24.816874,26.227346
565.417623,285.346036,24.160688,26.473936
566.416331,284.680182,25.522966,27.490482
567.025935,285.581617,24.010515,25.155354
567.773177,282.951488,24.427683,26.799675
568.229807,284.607573,23.940144,26.156361
569.645913,281.968181,23.797628,26.273661
568.923573,283.293001,24.362181,26.825588
569.880345,282.144880,23.986708,26.380680
571.102686,281.395654,23.708744,27.222425
571.518257,281.751161,23.017616,26.367918
571.953561,280.992908,24.421782,27.581573
572.517423,280.512135,24.117407,27.073532
572.023492,281.842412,24.672346,26.419584
573.560621,281.859020,25.046345,27.214188
574.037015,282.711292,24.628988,25.620575
575.478585,282.017141,24.647642,26.279552
573.989744,283.272115,25.648151,25.943815
575.278345,282.651775,23.750439,25.426773
574.388686,283.430189,24.867968,25.774685
575.210909,281.678660,24.653927,25.912767
573.983665,281.782105,25.421114,26.451178
574.142408,281.211758,25.305225,25.982803
574.605289,281.354294,25.041298,25.202248
572.572287,278.909566,26.340305,26.034086
574.491481,279.388803,24.428461,24.757818
574.834600,277.538936,28.204052,26.854975
578.240191,278.516363,27.282475,26.414524
578.551888,276.170212,29.531349,28.471741
580.097638,275.058578,26.974562,28.051073
582.650508,273.702467,27.421206,26.217823
584.512546,271.902007,25.574221,21.871714
580.777184,270.883307,27.761902,28.744616
581.513234,269.011024,28.391607,27.622835
583.232459,267.391234,27.351259,25.368822
581.046926,268.744046,27.837330,26.320211
581.013705,267.986058,27.836069,24.428793
581.634727,266.621343,26.844240,26.001287
579.896826,266.510796,27.387577,28.323029
579.810270,265.151754,27.607059,27.083363
580.879658,265.779343,27.126930,25.126785
580.241574,265.533876,27.698233,26.283749
577.424409,264.687731,28.023390,26.892651
574.885029,262.915846,28.266228,28.367588
571.802859,262.652790,28.605387,28.488518
568.939841,264.211310,28.233324,27.160250
565.171066,262.775663,28.293228,28.449085
564.198915,263.995717,26.876143,26.275167
560.223191,262.491108,27.462095,27.207298
556.943711,261.520855,28.886808,28.918358
553.614831,263.130684,28.246305,27.513412
550.445032,261.866321,28.708004,29.170786
551.502391,259.606306,26.258905,28.040424
545.452140,258.420402,28.291773,29.985521
543.387093,257.698136,27.842613,29.035170
543.857806,259.288930,26.642641,28.452139
541.277312,257.873208,28.131235,31.085264
539.441659,260.288432,27.615576,29.883127
537.731103,258.343574,27.653952,29.975115
536.110608,258.967229,28.298185,30.197744
534.895185,259.738459,27.347637,28.516476
532.685763,258.055174,28.122484,29.984455
532.087113,259.765543,26.803488,28.245434
530.417072,259.437605,27.431488,29.468067
529.122245,259.441974,27.287470,28.608088
526.872865,260.071014,27.660208,30.138458
527.946016,262.063462,26.421940,26.899992
528.001006,260.707353,25.713800,27.615553
525.819827,261.525070,26.562761,29.902481
526.208968,263.430681,25.207926,25.478359
523.119071,263.343099,26.744684,30.304708
523.495146,264.011608,25.685085,28.098503
522.347046,264.227631,25.836601,28.296509
522.019351,265.448224,25.731173,28.134161
522.034801,266.539339,25.786913,28.080441
520.689508,267.631655,25.550694,29.784328
519.146931,267.645216,25.533279,29.284245
519.302507,268.073388,24.676258,30.291136
512.607258,279.542201,24.819710,29.085032
509.085318,278.184318,26.897907,31.584627
509.280296,279.231471,25.858612,29.408487
508.256141,279.763147,25.881762,28.812450
505.589981,279.711290,26.321777,30.419140
505.117180,280.880684,25.199280,29.969101
504.217958,281.631630,24.268063,29.611618
504.759996,278.076797,23.990551,29.887390
503.970967,277.848117,25.147757,31.026514
502.830509,278.812090,24.835030,30.367001
501.345609,278.258746,25.636328,30.421946
499.620429,280.053826,24.647066,28.202238
497.969834,278.545816,24.463957,28.973980
495.934634,280.991059,25.214457,28.598372
495.615122,278.524516,24.839214,29.606836
494.356197,280.399732,25.230125,29.182913
493.398749,279.214133,25.294909,30.165560
491.659037,279.693243,25.685268,29.596210
489.823964,280.010505,26.052328,30.661684
489.513480,279.095668,25.347231,30.102228
489.244716,278.088636,24.949656,29.435047
489.152459,278.181420,25.556059,30.193617
490.184310,277.941918,24.099138,29.232985
489.283099,278.084972,24.855036,29.831764
489.013345,277.203279,25.371290,30.381130
488.306503,277.101186,25.891434,31.090567
487.825026,277.197644,25.880955,31.099676
486.448722,277.579231,26.242662,31.260422
486.520082,278.475553,25.838865,30.318914
487.332319,278.061985,24.635426,29.967476
486.682654,278.711976,25.196154,30.303129
487.108322,277.882117,25.033096,30.880068
487.307427,276.610621,25.035688,30.362909
487.190381,276.032878,25.827276,31.031931
487.479101,275.967708,25.570911,30.962397
487.348720,276.422140,25.626627,31.132343
487.785447,276.580782,25.375547,30.314571
487.448891,276.728927,25.939529,31.139528
487.080447,276.880916,26.262110,31.133371
486.105614,277.344646,26.697983,32.365227
486.307734,277.309072,26.102749,31.458607
486.289723,277.636906,26.510595,32.391914
485.745979,278.438440,26.495850,32.186321
485.816092,278.113223,26.009005,30.588419
484.226636,278.697632,26.238302,32.030731
484.235388,278.718924,25.318439,30.066105
483.512474,277.208514,26.214325,31.681177
483.445437,276.618744,25.819437,31.618881
482.079730,276.270502,26.895090,32.208523
480.446056,279.248897,26.967918,30.338282
481.506167,279.119358,25.137766,30.113991
480.601897,278.299053,25.846224,31.876045
479.209381,278.288371,26.273056,31.747995
480.064787,278.169203,25.335239,30.086872
480.131612,278.244506,25.485525,31.159380
480.325187,279.354434,25.247896,30.852732
479.660562,278.836983,25.571714,30.509888
480.065409,279.301716,25.279919,30.563988
480.178561,279.409449,25.373087,30.096905
481.070593,277.949967,23.921482,29.690153
480.736785,277.142333,25.355883,30.900255
482.372713,278.017169,25.076290,29.822443
482.908128,278.538870,25.616270,30.529301
483.016760,277.925928,25.181980,29.840313
481.517478,276.907146,25.526354,30.088631
481.398129,278.493520,24.572289,29.270300
481.137903,277.538096,24.429256,29.713068
481.428039,279.025698,24.305758,28.756588
481.759777,279.932268,24.614601,28.938488
482.031848,279.251852,24.379282,29.219532
482.581891,278.972194,23.992620,28.641062
481.942050,279.609205,24.210917,29.033024
481.287094,279.069209,24.565475,28.388544
480.611311,280.003244,25.947758,25.800213
479.475682,277.501344,25.595648,29.357130
479.905555,279.407510,25.124178,29.188276
479.435515,278.378438,24.972704,28.964453
479.784433,280.476716,24.901318,28.644957
479.365083,279.201834,24.372084,28.676868
480.028699,280.379441,24.592733,28.641630
479.631499,281.136391,25.572344,28.777618
480.727866,279.599156,24.350084,28.971289
480.168014,280.300004,26.024401,28.638212
478.911052,280.362855,26.819300,29.964140
480.238182,281.618109,26.911041,27.757252
481.677736,278.490219,26.673473,28.127914
478.915526,277.881568,27.100084,29.740374
479.569121,278.139316,25.340685,26.972162
478.572105,276.201982,25.951538,29.072462
479.222997,276.409910,25.434820,27.042835
479.321867,276.173051,25.785313,26.983046
479.868319,275.860486,25.611172,27.575369
480.084449,276.860481,25.797625,27.353378
480.410727,277.959172,26.176960,26.939550
479.458964,276.867778,26.354349,27.949564
479.536752,275.802357,25.689039,28.659782
480.856722,279.017525,24.789501,26.331070
480.287848,275.836844,27.813862,30.332666
481.524839,277.746665,26.031895,26.985727
482.155252,276.604226,25.793455,27.409887
483.216846,276.992929,25.264963,27.072912
484.745828,278.748235,25.783552,27.406706
486.013351,277.696672,24.745712,27.872471
487.356578,276.564575,25.983469,29.136803
487.936556,276.711738,25.364086,28.045984
488.854949,276.146943,25.106554,28.100378
489.201361,273.548844,26.350574,30.944967
490.557474,277.473644,24.846249,26.409409
492.252408,275.819142,25.016745,28.187231
493.421059,275.699305,24.513565,27.036617
494.546539,275.775284,25.033585,27.244064
495.176987,275.603591,24.767334,26.806520
496.344786,275.258058,24.709370,27.050932
496.466195,275.964911,25.384916,26.108706
496.493422,275.729208,25.557194,27.209843
497.818555,276.457395,24.985342,27.346548
498.002349,275.745074,24.909822,27.150766
499.589091,276.315864,23.826975,26.439486
500.362218,274.781855,24.650030,27.044460
500.937894,275.625070,24.262884,28.300810
501.363578,275.206492,24.142900,26.618876
502.157040,275.535947,23.315453,27.177420
502.167846,274.733661,24.061197,28.425989
503.230799,274.049405,24.381519,27.824789
504.174595,274.696906,24.155899,27.761049
505.467655,273.428793,24.280045,27.468334
506.501068,273.489559,24.222633,28.194870
507.404424,272.904718,23.853758,27.730732
507.844113,272.778904,24.087385,27.984543
507.722643,272.592388,24.254200,28.242096
508.833285,273.333470,23.907686,27.560881
508.668068,272.968707,23.508568,27.620424
508.727068,273.057172,23.708378,27.842009
508.130439,272.018214,24.136026,27.979387
509.269617,271.202408,23.127857,27.318718
509.470134,269.753534,22.902834,27.474941
509.527362,269.267184,23.967264,28.817568
510.390607,267.382273,23.614828,27.557049
511.673637,268.807106,22.625366,26.154633
511.750947,267.572551,23.248129,26.261698
512.656559,265.278727,23.259239,26.496387
511.780060,264.802795,23.479996,27.108170
512.430025,265.131674,22.807667,26.211956
513.369599,264.095135,24.265997,26.966843
512.987038,262.779019,24.197357,27.239752
512.262176,262.843382,24.317057,27.084461
514.215088,261.890718,25.066109,27.564810
515.387296,261.076125,24.517088,28.586710
516.666218,261.110319,25.539841,28.598125
517.462700,259.914649,26.352226,30.351480
517.219350,260.033599,26.288557,28.913843
519.615570,261.039034,25.291786,27.976200
520.634462,258.694538,24.093372,27.697800
520.177798,257.807811,24.669603,27.922747
521.446255,257.071672,24.329651,28.381779
522.325234,256.186675,24.532156,27.875605
523.234563,255.077952,23.864927,27.521486
522.928361,255.050569,24.287161,28.243673
522.910414,254.326592,24.840801,29.258307
524.230202,257.003057,24.108757,28.410458
525.038796,255.643164,23.274069,27.895588
525.893730,254.946444,23.886833,28.669178
527.408922,253.659760,23.032658,27.884407
527.145800,252.297819,24.393650,29.679333
526.239454,251.119043,25.374889,30.510105
526.510685,253.290162,25.298248,29.487661
527.818327,251.756946,23.976025,29.004595
528.418098,254.504624,24.344429,28.978842
529.453156,254.087039,24.307318,29.545229
529.026658,253.130108,24.646475,29.146591
529.048987,254.590492,25.134882,30.012825
528.342894,253.104933,25.292538,29.856258
528.060472,252.555052,24.672125,29.688442
527.809892,252.591887,25.162115,30.347727
527.353278,253.098652,25.270441,30.576874
527.468051,252.117144,25.062624,30.622425
527.771364,254.161822,24.985249,29.439653
527.333019,253.024589,25.632355,30.694086
526.604054,252.359218,26.793348,31.157442
526.215045,252.908389,26.652025,30.937075
525.604249,252.433468,26.649450,31.148880
526.887867,251.873229,24.707321,29.581110
525.827608,250.705537,25.406391,30.569311
524.370891,251.982766,26.433077,30.793524
525.592970,252.712471,24.370770,29.442589
524.845873,253.170209,24.990116,30.194990
525.178311,252.752147,24.422483,29.997622
524.729534,252.170057,24.749619,30.132458
523.562561,251.590436,25.533714,30.240416
523.684069,251.017923,25.508945,31.770161
523.581458,249.697887,25.618280,32.883728
523.892853,251.113991,24.939598,32.324913
523.265934,250.780088,26.055649,32.331570
524.031713,250.854458,24.769865,31.911850
523.282939,252.369520,24.593706,31.921215
524.562758,252.396837,23.389109,32.301197
524.936699,250.898893,23.491402,33.808697
524.820800,251.855507,23.795221,33.448738
525.258455,252.502172,22.624760,32.103573
525.689610,252.535435,22.539198,33.381851
525.290792,253.453203,22.293301,33.361118
524.896351,250.889400,23.313431,33.380173
524.262393,249.679899,23.339098,34.826794
524.886582,251.229725,22.597616,33.492523
524.403355,251.609772,22.845047,33.320122
523.605395,252.239504,22.876024,32.425846
527.382315,252.483081,20.536434,26.505465
527.087000,249.405952,21.280506,32.472481
525.987773,247.682829,21.814867,32.893642
526.098816,249.770169,20.764122,30.336073
526.423599,247.812533,21.279350,30.100946
525.769141,248.606413,20.532961,30.988316
525.041078,249.019190,20.957197,29.566021
525.238118,248.979609,21.115553,29.557589
525.299049,248.201781,20.811089,29.161409
524.748631,247.497716,20.021399,29.007719
524.399976,246.581596,20.467825,29.197426
524.396400,246.181342,20.250168,29.903719
523.632511,246.436086,20.109604,30.142042
523.868206,246.566180,20.399269,28.814119
524.386069,246.856243,20.928217,29.817978
525.099506,246.703163,20.314697,29.300034
525.247720,246.898355,20.419394,28.000914
525.089451,245.722895,20.604294,28.237652
524.010351,245.351984,20.859661,28.947643
524.071962,244.535903,20.952839,29.147654
524.330889,243.241053,20.769054,29.893871
524.609748,242.805349,21.075838,30.303822
524.602024,242.743211,20.834259,30.146139
524.647148,241.890025,20.898415,29.444788
524.581256,241.596756,21.272448,29.937721
524.877639,241.763556,20.947710,28.994289
525.725306,241.506633,20.777988,29.273333
526.053611,241.824900,20.381212,28.274609
525.690801,240.909166,20.335699,28.157574
526.553916,243.020557,20.922792,28.918259
526.906059,242.104202,20.808067,28.262794
527.274897,241.632781,20.968456,29.551424
527.579306,240.967017,21.406300,29.331987
528.048080,240.865271,21.237007,28.681095
527.855272,241.361819,20.920116,28.735453
527.804191,241.341987,20.503679,29.471445
527.190357,241.213829,20.707291,29.178764
527.260376,241.267379,20.957283,29.207376
527.171958,241.025031,21.147242,29.332697
527.346858,240.326303,21.148417,29.724073
527.403481,240.841872,20.671888,28.028238
527.508241,240.188237,21.300344,29.054251
527.616147,239.353039,21.526106,28.612221
527.944717,239.662882,21.665581,29.636028
528.342709,238.794816,21.547150,29.058439
528.480815,238.405074,22.122072,29.814379
529.263266,238.548519,21.706966,29.669029
529.313262,238.423676,21.490709,29.521660
529.386138,238.435425,21.936258,30.196136
529.464809,237.906567,21.807877,29.804802
530.023228,237.981600,21.587509,29.477024
530.153275,237.058472,21.845573,29.161613
529.410164,239.910444,21.687622,28.778072
529.154132,241.078508,21.322451,29.680607
528.517447,239.005490,21.898045,29.535177
529.040409,242.360603,21.632332,29.478897
528.788183,240.636429,21.453220,29.341522
527.793446,241.237815,20.820305,29.722551
527.789403,240.538367,20.934019,30.043306
527.913228,240.515837,21.050718,30.442699
527.546763,241.722239,20.915575,31.156404
527.605951,241.600606,21.111942,30.194975
527.457623,241.762124,21.550711,30.033155
