0.012776
0.018810
0.019507
0.022647
0.020202
0.019787
0.018843
0.018804
0.018905
0.019797
0.019834
0.019454
0.019408
0.018926
0.020849
0.020229
0.020187
0.020243
0.019634
0.020799
0.020290
0.019957
0.019440
0.021510
0.028757
0.020282
0.019964
0.019631
0.018771
0.022871
0.022080
0.020840
0.020473
0.020662
0.026096
0.019739
0.018773
0.020994
0.020748
0.019576
0.020839
0.020690
0.019712
0.020044
0.020027
0.021628
0.020418
0.020223
0.022012
0.018686
0.022234
0.023434
0.020522
0.020969
0.025094
0.020405
0.020738
0.024108
0.020983
0.021233
0.020280
0.020659
0.020890
0.019942
0.021893
0.020840
0.020611
0.019653
0.021268
0.020218
0.020562
0.022651
0.020314
0.019790
0.026678
0.020241
0.023225
0.019596
0.019444
0.018842
0.020198
0.037663
0.020040
0.019250
0.022896
0.019828
0.020891
0.020450
0.020592
0.019908
0.019592
0.019997
0.020614
0.021767
0.019978
0.019695
0.019550
0.019023
0.019202
0.018633
0.020073
0.020792
0.020763
0.019382
0.019860
0.021412
0.018398
0.019445
0.020073
0.021349
0.019720
0.018707
0.018549
0.020355
0.020078
0.020041
0.025462
0.020981
0.020075
0.020437
0.020837
0.020260
0.019853
0.021163
0.021326
0.020608
0.020928
0.020340
0.019844
0.020217
0.019412
0.020059
0.019998
0.020505
0.020650
0.019745
0.020769
0.022139
0.019727
0.019876
0.018801
0.020300
0.020598
0.020525
0.035712
0.020976
0.019685
0.020008
0.021011
0.020280
0.023237
0.020445
0.019600
0.020507
0.026037
0.019545
0.020261
0.020086
0.019652
0.020442
0.021461
0.020618
0.018788
0.020500
0.021009
0.020694
0.020398
0.023935
0.028340
0.020026
0.026510
0.020697
0.018772
0.019700
0.020847
0.020255
0.019654
0.019476
0.026648
0.020502
0.020300
0.020188
0.027520
0.020265
0.019921
0.020931
0.019623
0.023624
0.019929
0.020633
0.021382
0.025330
0.029621
0.023969
0.019759
0.019660
0.019492
0.019342
0.018921
0.018979
0.020247
0.020299
0.020927
0.025034
0.019624
0.020218
0.019760
0.020316
0.024721
0.019944
0.024992
0.019506
0.019043
0.019671
0.019315
0.026476
0.020776
0.020278
0.020316
0.020516
0.020848
0.020484
0.020484
0.031593
0.021448
0.020283
0.023925
0.027773
0.019973
0.019089
0.019230
0.026648
0.020621
0.018812
0.019490
0.020807
0.020556
0.023665
0.020266
0.022621
0.023272
0.019452
0.025052
0.021334
0.020016
0.019531
0.019783
0.020474
0.019915
0.020129
0.020402
0.018835
0.019820
0.020858
0.019961
0.019801
0.019849
0.023405
0.020952
0.019435
0.021214
0.020884
0.027139
0.022123
0.023185
0.020493
0.019993
0.020547
0.020850
0.020079
0.020246
0.020762
0.021106
0.021030
0.020680
0.025562
0.020465
0.022532
0.021226
0.020680
0.021950
0.024195
0.019209
0.020478
0.019648
0.021366
0.020065
0.019537
0.019709
0.020629
0.020184
0.019147
0.020638
0.021001
0.020011
0.020311
0.025350
0.023226
0.020379
0.020555
0.020138
0.022035
0.019329
0.019680
0.023023
0.019772
0.020236
0.018706
0.019696
0.020251
0.019494
0.028434
0.020366
0.019560
0.021686
0.020330
0.022865
0.019846
0.019980
0.020914
0.020560
0.020221
0.020918
0.020035
0.019465
0.019620
0.024795
0.019765
0.027854
0.023912
0.019844
0.019934
0.019679
0.018390
0.019486
0.019703
0.018485
0.019244
0.018775
0.018807
0.017814
0.020401
0.018823
0.019126
0.020256
0.020019
0.018914
0.018660
0.019286
0.019701
0.019010
0.019144
0.031027
0.020426
0.018280
0.025382
0.018258
0.036147
0.019580
0.020180
0.019700
0.018903
0.019987
0.020692
0.020166
0.019721
0.019077
0.019355
0.017974
0.019687
0.019671
0.019318
0.019029
0.019076
0.018185
0.018797
0.020187
0.026401
0.019204
0.025682
0.020499
0.025711
0.028095
0.018866
0.018955
0.017938
0.034408
0.019104
0.026104
0.018377
0.018679
0.018875
0.017560
0.018774
0.024514
0.022036
0.023893
0.025033
0.025504
0.023062
0.022975
0.021663
0.022152
0.026783
0.040883
0.022103
0.021259
0.028427
0.023553
0.022994
0.020962
0.022512
0.023643
0.023197
0.022929
0.023494
0.025228
0.028180
0.024313
0.034991
0.031340
0.025670
0.024088
0.025673
0.025157
0.023934
0.024558
0.032527
0.024910
0.018607
0.019561
0.019878
0.019325
0.018702
0.026505
0.018237
0.024694
0.019549
0.024609
0.045184
0.021657
0.022382
0.020365
0.020441
0.018721
0.035194
0.019160
0.020229
0.020401
0.029922
0.025976
0.019878
0.020298
0.020855
0.035176
0.019711
0.038558
0.018989
0.020527
0.033258
0.024223
0.019913
0.029954
0.019673
0.019844
0.019280
0.019902
0.020761
0.028321
0.019833
0.019689
0.019496
0.019964
0.025339
0.018743
0.018844
0.020047
0.020089
0.024102
0.021741
0.020889
0.019836
0.020267
0.019699
0.021555
0.020300
0.020820
0.020429
0.020704
0.021221
0.020599
0.020548
0.020016
0.045888
0.020486
0.019495
0.020930
0.020574
0.020486
0.019743
0.020514
0.019404
0.022288
0.018703
0.019851
0.020173
0.020153
0.020075
0.019419
0.020017
0.019856
0.019335
0.019889
0.022915
0.026603
0.019565
0.020826
0.020182
0.019693
0.020771
0.020533
0.020278
0.021681
0.023106
0.021463
0.020821
0.020981
0.048196
0.020125
0.024799
0.028676
0.021043
0.019888
0.023250
0.020545
0.021036
0.028866
0.020608
0.038821
0.021064
0.020573
0.022941
0.020334
0.021185
0.019709
0.021041
0.030083
0.021217
0.021094
0.021438
0.021058
0.020917
0.040250
0.021798
0.020797
0.019970
0.020755
0.020892
0.020056
0.019393
0.026230
0.020769
0.024104
0.020294
0.020771
0.022141
0.021343
0.020636
0.024780
0.021328
0.020259
0.021659
0.020757
0.036820
0.020207
0.020250
0.033709
0.020810
0.027320
0.035389
0.019631
0.019981
0.020107
0.025607
0.030425
0.020305
0.019870
0.020180
0.020710
0.041894
0.020478
0.021582
0.020329
0.020790
0.020622
0.020487
0.019779
0.019780
0.021891
0.019925
0.020425
0.020790
0.020654
0.021344
0.034439
0.021066
0.020568
0.021527
0.020362
0.020893
0.020848
0.022410
0.020715
0.021451
0.020751
0.019613
0.020727
0.021193
0.020811
0.034656
0.021489
0.038227
0.039176
0.018979
0.021323
0.026660
0.022536
0.020523
0.022810
0.028591
0.020341
0.020274
0.020756
0.025554
0.023754
0.020630
0.021025
0.021123
0.024564
0.019226
0.019555
0.020755
0.019998
0.020118
0.020404
0.021482
0.020063
0.020143
0.020831
0.020259
0.019851
0.020324
0.019153
0.019453
0.020285
0.019871
0.019281
0.020504
0.019874
0.020775
0.020674
0.021076
0.020383
0.021039
0.020856
0.020782
0.020795
0.019415
0.019152
0.021488
0.027037
0.020698
0.020703
0.020175
0.019891
0.021832
0.020390
0.020091
0.021307
0.020086
0.019964
0.020036
0.020468
0.020448
0.019549
0.020363
0.019736
0.018569
0.027910
0.020169
0.023699
0.019989
0.018933
0.019696
0.020380
0.019840
0.020346
0.019922
0.029125
0.018431
0.018672
0.019158
0.020033
0.025936
0.019731
0.019140
0.020446
0.020516
0.048117
0.021091
0.019573
0.038050
0.022835
0.020912
0.019989
0.019761
0.018758
0.019410
0.022773
0.019352
0.020281
0.030454
0.021771
0.022615
0.018921
0.027685
0.021267
0.020118
0.036924
0.020392
0.021988
0.019847
0.021527
0.019985
0.021722
0.021224
0.022669
0.029005
0.023423
0.020470
0.022710
0.020435
0.018596
0.019889
0.020866
0.019485
0.019926
0.020327
0.020349
0.023348
0.020538
0.019774
0.019854
0.018833
0.026242
0.036092
0.020079
0.020111
0.020220
0.019468
0.019183
0.018468
0.023131
0.018806
0.018708
0.019414
0.019693
0.019830
0.019568
0.018688
0.018860
0.020344
0.019841
0.020452
0.019511
0.020074
0.018146
0.018255
0.018079
0.019949
0.020290
0.019664
0.024308
0.019620
0.020355
0.021100
0.020009
0.020483
0.020293
0.018691
0.020348
0.020030
0.019753
0.018737
0.018742
0.025467
0.027206
0.020052
0.020436
0.024458
0.025567
0.019249
0.020323
0.018558
0.038461
0.018608
0.019390
0.019165
0.018939
0.018745
0.019235
0.019644
0.019547
0.019824
0.018514
0.020232
0.020364
0.018630
0.019946
0.019848
0.020040
0.019431
0.019082
0.018915
0.018183
0.022849
0.019540
0.019151
0.019415
0.019612
0.019281
0.023114
0.020225
0.019641
0.020148
0.020127
0.034325
0.020617
0.019777
0.018512
0.018796
0.022513
0.019560
0.020499
0.018795
0.019632
0.018957
0.023314
0.018333
0.019412
0.019454
0.019899
0.021402
0.019933
0.019758
0.020265
0.020000
0.019416
0.019048
0.019202
0.019858
0.019224
0.020305
0.019032
0.019112
0.020837
0.020018
0.020324
0.032522
0.020482
0.019117
0.019655
0.025300
0.018475
0.019831
0.020145
0.019770
0.019975
0.019438
0.021118
0.020122
0.019783
0.020056
0.019548
0.020326
0.021471
0.019608
0.020221
0.025349
0.020233
0.020092
0.019055
0.019703
0.018723
0.028683
0.024605
0.018891
0.022667
0.020383
0.020380
0.025273
0.019747
0.025256
0.035544
0.019597
0.019921
0.019587
0.020974
0.020305
0.019954
0.019997
0.021118
0.026589
0.027403
0.018566
0.019694
0.018982
0.019452
0.019593
0.019042
0.018457
0.019653
0.018269
0.019703
0.020403
0.020329
0.020359
0.019826
0.019437
0.022204
0.020262
0.019667
0.021694
0.021496
0.019500
0.020365
0.020135
0.019553
0.019445
0.020726
0.018998
0.024245
0.018620
0.019789
0.020123
0.019355
0.035238
0.019433
0.020381
0.019539
0.018634
0.019275
0.019796
0.033180
0.020210
0.020861
0.023744
0.025640
0.019535
0.022941
0.019509
0.019784
0.020288
0.019141
0.019807
0.027852
0.019547
0.019074
0.018675
0.026378
0.024813
0.021295
0.019208
0.019400
0.020569
0.018846
0.019833
0.019881
0.019232
0.019902
0.019831
0.019264
0.019765
0.019365
0.024082
0.021985
0.018903
0.019711
0.020756
0.021297
0.020841
0.022191
0.022969
0.020580
0.021125
0.020119
0.020319
0.019023
0.020209
0.019488
0.031436
0.020126
0.019941
0.019868
0.026649
0.018918
0.026024
0.019607
0.019553
0.020133
0.026996
0.019701
0.020799
0.019373
0.019667
0.021561
0.019333
0.020658
0.025368
0.019525
0.020060
0.019599
0.018969
0.019891
0.020711
0.019383
0.020730
0.020312
0.027368
0.020104
0.019776
0.019330
0.020305
0.019230
0.020817
0.020292
0.021263
0.033513
0.019441
0.026596
0.019795
0.019914
0.020248
0.020337
0.024600
0.019145
0.019964
0.022676
0.019938
0.024113
0.019603
0.020055
0.021538
0.019448
0.023257
0.018536
0.021015
0.019317
0.019852
0.019553
0.025752
0.027831
0.020153
0.019453
0.020112
0.021056
0.035985
0.019295
0.019587
0.019768
0.023779
0.020448
0.019321
0.020208
0.020399
0.020099
0.019179
0.020653
0.020562
0.020654
0.031107
0.036534
0.044808
0.043594
0.019029
0.019753
0.022932
0.043852
0.019418
0.020679
0.019575
0.030056
0.019985
0.020723
0.033152
0.019221
0.019778
0.019077
0.020498
0.021089
0.036008
0.022255
0.023475
0.020104
0.027967
0.020165
0.019999
0.025276
0.026307
0.019892
0.020389
0.029651
0.048082
0.019435
0.035595
0.032146
0.018459
0.018710
0.028428
0.019140
0.020031
0.030233
0.019472
0.026105
0.045154
0.020369
0.047323
0.020141
0.019852
0.022004
0.027933
0.019882
0.019840
0.019460
0.033075
0.021289
0.021999
0.020353
0.020595
0.021176
0.020520
0.019412
0.019536
0.035989
0.018460
0.019220
0.020142
0.020461
0.019632
0.032884
0.019355
0.019113
0.026240
0.023609
0.020030
0.020226
0.029535
0.037281
0.035529
0.037173
0.020583
0.045122
0.022544
0.020030
0.020747
0.020142
0.020833
0.021002
0.019591
0.019676
0.019092
0.021345
0.020702
0.025259
0.042943
0.047201
0.022886
0.019012
0.022350
0.020647
0.020530
0.020901
0.025845
0.019519
0.019475
0.018534
0.024371
0.019221
0.019740
0.019849
0.019579
0.019395
0.019669
0.019807
0.018640
0.019133
0.019086
0.018951
0.024247
0.019933
0.035442
0.019679
0.025000
0.020099
0.019512
0.019332
0.018691
0.019606
0.018818
0.020755
0.020042
0.019340
0.020169
0.020788
0.019346
0.021154
0.018552
0.019776
0.019468
0.019418
0.020593
0.019201
0.023523
0.018385
0.020126
0.019001
0.019882
0.019770
0.019080
0.020366
0.019763
0.018404
0.020781
0.019496
0.019666
0.020244
0.023856
0.019727
0.018951
0.019400
0.018869
0.019991
0.037158
0.018909
0.019698
0.018460
0.019503
0.019315
0.018617
0.019459
0.020042
0.020003
0.018840
0.018672
0.018382
0.018984
0.018859
0.019304
0.019398
0.017725
0.018811
0.021427
0.019857
0.017958
0.017706
0.018652
0.017697
0.017902
0.018661
0.018961
0.018884
0.017635
0.022440
0.019574
0.019242
0.019541
0.018854
0.018454
0.020187
0.019231
0.018716
0.018640
0.018906
0.018951
0.020065
0.018288
0.019170
0.019402
0.019301
0.019279
0.019506
0.019210
0.022826
0.019473
0.018749
0.025307
0.019798
0.022650
0.019179
0.021947
0.020232
0.020758
0.022468
0.021330
0.022206
0.020973
0.021958
0.019670
0.031125
0.020059
0.019325
0.018745
0.018166
0.018445
0.018860
0.019361
0.018333
0.019319
0.018600
0.020091
0.020899
0.020609
0.020668
0.020639
0.019102
0.021093
0.020342
0.033182
0.027185
0.020072
0.019260
0.019450
0.019473
0.019234
0.019973
0.018769
0.019132
0.020581
0.019460
0.018213
0.019103
0.020174
0.019158
0.018192
0.019194
0.022727
0.018832
0.018958
0.020435
0.018991
0.019388
0.023526
0.020256
0.021019
0.019578
0.027773
0.019591
0.019694
0.018953
0.019402
0.021771
0.020153
0.019046
0.018528
0.018662
0.019882
0.019531
0.019469
0.020228
0.020123
0.019843
0.020073
0.021628
0.020260
0.020114
0.021776
0.019256
0.020383
0.026125
0.019965
0.018206
0.022998
0.019646
0.019390
0.021982
0.026701
0.019297
0.019433
0.019161
0.020216
0.027556
0.019626
0.019300
0.020702
0.019437
0.018671
0.019983
0.019297
0.019626
0.020172
0.031947
0.020031
0.019136
0.019521
0.018296
0.018765
0.018928
0.023656
0.018439
0.018272
0.018123
0.018550
0.019439
0.018353
0.018009
0.018175
0.021027
0.019891
0.024913
0.020882
0.019040
0.032276
0.020713
0.019957
0.019475
0.019948
0.018587
0.019569
0.019764
0.019416
0.019293
0.019409
0.029773
0.024931
0.021088
