0.018053
0.031466
0.020066
0.025410
0.022364
0.020115
0.026669
0.020580
0.020782
0.023701
0.027053
0.020958
0.019435
0.020156
0.020723
0.020106
0.019555
0.019594
0.019666
0.035623
0.029259
0.020638
0.022422
0.019003
0.021025
0.024066
0.021541
0.019668
0.044248
0.021168
0.019763
0.019826
0.020936
0.020821
0.038356
0.020038
0.022120
0.028496
0.021607
0.022579
0.024342
0.021307
0.022089
0.026782
0.021053
0.020058
0.021708
0.021774
0.020766
0.020776
0.020865
0.020641
0.021445
0.021119
0.022280
0.023412
0.032299
0.021187
0.021738
0.023554
0.019222
0.022255
0.021986
0.021460
0.021384
0.020228
0.034503
0.020959
0.021295
0.021125
0.021429
0.021012
0.021159
0.020173
0.021636
0.020776
0.020837
0.020763
0.020575
0.020622
0.020411
0.020515
0.026059
0.020740
0.028419
0.022177
0.020673
0.021035
0.026751
0.020776
0.021202
0.019658
0.019900
0.020916
0.021227
0.020389
0.020057
0.020356
0.021745
0.020267
0.020255
0.020619
0.020910
0.020432
0.020596
0.020281
0.020875
0.028931
0.020288
0.021012
0.020966
0.021375
0.022083
0.021574
0.021186
0.020355
0.021773
0.021309
0.021664
0.021876
0.022106
0.021086
0.022002
0.021542
0.021901
0.021867
0.021546
0.020789
0.021008
0.025712
0.021079
0.021748
0.028277
0.021203
0.022349
0.020086
0.022114
0.022093
0.022114
0.022023
0.020469
0.020509
0.027850
0.022676
0.021737
0.021077
0.020321
0.021853
0.021404
0.021034
0.021262
0.021147
0.020203
0.021801
0.021727
0.021360
0.028580
0.022577
0.021917
0.023752
0.025255
0.021415
0.028728
0.021695
0.021666
0.021456
0.031575
0.020931
0.021294
0.021216
0.038563
0.021454
0.021806
0.026829
0.021569
0.020749
0.021749
0.021559
0.021778
0.022302
0.041227
0.020522
0.021722
0.021901
0.021455
0.026523
0.021133
0.029841
0.021574
0.021963
0.021886
0.021487
0.022107
0.020611
0.020949
0.032301
0.021896
0.021012
0.021426
0.021719
0.025089
0.021024
0.022049
0.021205
0.023326
0.022007
0.022252
0.021657
0.021890
0.024955
0.026209
0.022274
0.021904
0.023092
0.022056
0.020840
0.020564
0.022270
0.044076
0.022732
0.021660
0.021819
0.030596
0.021885
0.022387
0.021608
0.021294
0.038017
0.030588
0.027213
0.021041
0.020626
0.033167
0.021246
0.022276
0.025250
0.022104
0.020590
0.020437
0.024859
0.022366
0.027388
0.022508
0.028996
0.021563
0.022001
0.023023
0.021218
0.022408
0.022733
0.022617
0.036485
0.022366
0.030913
0.037862
0.021462
0.022430
0.021217
0.022247
0.029939
0.022691
0.021128
0.022018
0.025918
0.022019
0.020916
0.021118
0.025765
0.022510
0.022290
0.020853
0.022075
0.022200
0.022311
0.028736
0.021400
0.022276
0.023272
0.020685
0.020564
0.021693
0.021998
0.022064
0.022354
0.022252
0.022223
0.025232
0.022464
0.021642
0.021452
0.050781
0.022013
0.022723
0.023158
0.023581
0.023204
0.022357
0.022330
0.022621
0.022176
0.047047
0.023242
0.027386
0.025779
0.023415
0.023029
0.022641
0.024172
0.022541
0.023708
0.023648
0.023725
0.022963
0.023541
0.023700
0.024606
0.024740
0.024296
0.023132
0.021576
0.021101
0.022196
0.037585
0.022658
0.021719
0.038026
0.020959
0.021821
0.020947
0.022534
0.022313
0.020667
0.021337
0.022542
0.020846
0.027810
0.026796
0.038679
0.022466
0.028106
0.022716
0.020946
0.022701
0.023166
0.023184
0.024074
0.021891
0.023135
0.023547
0.021696
0.022814
0.022803
0.022908
0.022656
0.024375
0.029769
0.022412
0.029800
0.023748
0.023863
0.023678
0.022733
0.023386
0.024881
0.025167
0.023732
0.030981
0.025351
0.028284
0.035632
0.037849
0.026298
0.026051
0.026822
0.026032
0.025088
0.026087
0.026505
0.025298
0.031866
0.031539
0.026562
0.026533
0.026694
0.037339
0.027344
0.034072
0.026679
0.025856
0.027858
0.026395
0.026659
0.027307
0.025437
0.026240
0.025346
0.042848
0.028211
0.025594
0.024629
0.036509
0.027060
0.025377
0.024787
0.025647
0.024736
0.024239
0.025837
0.024390
0.024301
0.026557
0.024794
0.027559
0.027221
0.026277
0.026567
0.027682
0.026454
0.028989
0.024677
0.027109
0.030151
0.036946
0.027457
0.031505
0.032003
0.032740
0.030532
0.029593
0.034813
0.028564
0.028973
0.028441
0.030291
0.027721
0.028207
0.027810
0.027102
0.027496
0.027440
0.026834
0.035078
0.027702
0.025957
0.026329
0.026778
0.027722
0.025926
0.027435
0.027888
0.026259
0.028741
0.045475
0.026990
0.026109
0.032594
0.029326
0.027662
0.026144
0.027992
0.045510
0.029798
0.026131
0.028628
0.029882
0.044296
0.032953
0.044883
0.038100
0.036485
0.036917
0.047401
0.035198
0.047936
0.036404
0.036452
0.040521
0.035943
0.037393
0.035921
0.030123
0.027238
0.024990
0.025431
0.023570
0.025380
0.026368
0.024198
0.025977
0.025369
0.025529
0.039700
0.024762
0.024458
0.025873
0.032780
0.025530
0.025458
0.030426
0.025528
0.025268
0.025317
0.029634
0.024411
0.023294
0.041207
0.023338
0.033758
0.025485
0.042770
0.043907
0.048998
0.024205
0.024702
0.024651
0.024670
0.025074
0.035792
0.031395
0.025318
0.027677
0.025096
0.023738
0.023419
0.023448
0.023794
0.023997
0.026300
0.040441
0.024392
0.024635
0.023747
0.027441
0.024231
0.033148
0.022770
0.022646
0.023202
0.023307
0.023175
0.022867
0.023442
0.022901
0.023367
0.023083
0.035506
0.023098
0.030800
0.022891
0.028951
0.021160
0.030788
0.032444
0.029872
0.022211
0.022353
0.027993
0.021957
0.021481
0.029996
0.021502
0.023469
0.031216
0.027935
0.022623
0.022127
0.022259
0.022865
0.035548
0.022534
0.020995
0.022395
0.022562
0.022698
0.022339
0.021801
0.021042
0.021653
0.020523
0.037253
0.020758
0.027772
0.021553
0.021755
0.029354
0.022778
0.021451
0.020570
0.021494
0.021374
0.021295
0.020782
0.021315
0.021225
0.021883
0.023101
0.022099
0.023238
0.022634
0.022737
0.022500
0.020983
0.021871
0.035380
0.022783
0.021837
0.025446
0.022449
0.021707
0.020927
0.021332
0.022789
0.028082
0.021994
0.023381
0.021209
0.021482
0.022509
0.022305
0.022383
0.022547
0.029530
0.022795
0.022785
0.022291
0.022381
0.032368
0.023930
0.022399
0.034480
0.022019
0.022012
0.022958
0.022485
0.029830
0.021165
0.023301
0.041829
0.021607
0.022536
0.021779
0.029872
0.021836
0.022780
0.022264
0.023181
0.023839
0.022563
0.021544
0.023317
0.023271
0.022472
0.022029
0.048314
0.022801
0.022716
0.024113
0.026954
0.041055
0.027557
0.026951
0.027172
0.027745
0.027268
0.028645
0.025814
0.027312
0.025979
0.026242
0.027469
0.028163
0.027346
0.027415
0.026562
0.026800
0.032748
0.028726
0.027815
0.027360
0.027319
0.027683
0.027558
0.027521
0.026864
0.027444
0.028069
0.027048
0.025986
0.028290
0.027210
0.027575
0.027305
0.028312
0.026556
0.027781
0.043392
0.027812
0.027721
0.028261
0.028132
0.028458
0.027539
0.027690
0.027185
0.027484
0.026485
0.027478
0.028433
0.025730
0.037234
0.027042
0.026046
0.036498
0.026101
0.023612
0.041775
0.021513
0.034258
0.022120
0.022995
0.021612
0.021318
0.020805
0.021633
0.021735
0.021406
0.021778
0.022398
0.021307
0.021491
0.021614
0.021709
0.021759
0.022237
0.022315
0.022474
0.022921
0.021709
0.020879
0.021866
0.021221
0.020986
0.031085
0.021461
0.022442
0.023078
0.034120
0.021655
0.020835
0.022476
0.022851
0.021575
0.021022
0.020785
0.022208
0.022650
0.020973
0.020850
0.026116
0.026985
0.021996
0.022771
0.022480
0.023385
0.021138
0.036325
0.021335
0.033069
0.021666
0.024854
0.044697
0.022789
0.023022
0.032467
0.030544
0.022332
0.031061
0.022239
0.022869
0.022988
0.022903
0.021175
0.021584
0.021398
0.022023
0.021095
0.042238
0.022621
0.030970
0.022797
0.022484
0.026056
0.021062
0.021890
0.038561
0.022587
0.022906
0.023723
0.022825
0.022024
0.039402
0.022497
0.021992
0.022036
0.022260
0.021407
0.021070
0.027832
0.020596
0.028678
0.022200
0.023560
0.025043
0.031630
0.028491
0.021883
0.022041
0.021192
0.022757
0.021480
0.029897
0.022802
0.023546
0.022338
0.023342
0.022889
0.022523
0.022652
0.022747
0.023439
0.022460
0.022212
0.023280
0.022527
0.022838
0.025328
0.022663
0.022297
0.022190
0.023656
0.033811
0.022367
0.042932
0.037117
0.024845
0.022752
0.023067
0.029627
0.023556
0.027476
0.023077
0.022181
0.022419
0.021756
0.021625
0.028262
0.022544
0.022283
0.022257
0.022642
0.025563
0.022319
0.022118
0.020901
0.022661
0.026425
0.023114
0.037471
0.043182
0.032261
0.039037
0.037084
0.030626
0.029976
0.039371
0.030517
0.030839
0.030671
0.030962
0.031739
0.029747
0.031583
0.030607
0.028796
0.029165
0.029940
0.030026
0.036728
0.029716
0.028487
0.029501
0.029069
0.030374
0.039319
0.027623
0.029292
0.027731
0.045666
0.043314
0.029423
0.027745
0.048959
0.028536
0.029727
0.029555
0.028864
0.027859
0.036537
0.029035
0.037242
0.029706
0.029343
0.028095
0.029122
0.029698
0.029683
0.029521
0.030084
0.027694
0.029413
0.029430
0.030169
0.029613
0.028943
0.028640
0.029748
0.028611
0.029108
0.027846
0.028702
0.027324
0.026689
0.028180
0.025093
0.023920
0.023186
0.024435
0.024387
0.022733
0.023557
0.031926
0.024306
0.023521
0.023296
0.026380
0.026186
0.027872
0.028497
0.028077
0.029508
0.029360
0.029338
0.029097
0.029548
0.027612
0.028221
0.029355
0.027496
0.028584
0.028943
0.042749
0.026997
0.026929
0.026834
0.027856
0.027065
0.026841
0.027018
0.024441
0.024190
0.025995
0.025919
0.026207
0.027570
0.026101
0.026114
0.025097
0.026312
0.025747
0.026517
0.026559
0.026480
0.025713
0.025690
0.026243
0.022308
0.022819
0.021757
0.021646
0.031015
0.025716
0.022706
0.022665
0.021269
0.022009
0.032113
0.021955
0.021435
0.021383
0.032519
0.022048
0.021444
0.021686
0.020888
0.022290
0.021478
0.021791
0.023324
0.021363
0.020749
0.021817
0.020864
0.020840
0.020029
0.022004
0.020903
0.019933
0.021223
0.021778
0.019778
0.021294
0.020386
0.020600
0.021804
0.021639
0.021391
0.021401
0.021375
0.020385
0.022197
0.021471
0.019644
0.022607
0.024574
0.024169
0.022203
0.021203
0.020756
0.022090
0.021708
0.021563
0.024340
0.021143
0.020331
0.028847
0.021655
0.028637
0.021634
0.021365
0.024459
0.021496
0.022049
0.022266
0.020578
0.022231
0.022320
0.021046
0.021412
0.020774
0.021121
0.022238
0.021461
0.021386
0.020231
0.020177
0.020582
0.027457
0.021955
0.022280
0.021663
0.021397
0.020873
0.022521
0.023078
0.023591
0.024340
0.021952
0.024418
0.022128
0.039978
0.023249
0.030914
0.026887
0.033063
0.022862
0.020830
0.026311
0.020357
0.045283
0.026752
0.021450
0.020611
0.021546
0.039964
0.021820
0.022787
0.022245
0.022768
0.023252
0.030796
0.021534
0.021723
0.040790
0.030245
0.021399
0.021355
0.024707
0.021787
0.035978
0.028511
0.021772
0.021777
0.023354
0.022033
0.027282
0.021357
0.020817
0.023127
0.024932
0.022073
0.021939
0.027015
0.021747
0.021026
0.035968
0.024234
0.032566
0.022554
0.028410
0.021795
0.021729
0.022405
0.040151
0.026010
0.022991
0.025006
0.030176
0.022109
0.022574
0.022257
0.022202
0.027491
0.026614
0.025722
0.023496
0.023454
0.023284
0.042594
0.022231
0.023821
0.022792
0.027761
0.034849
0.023607
0.033366
0.032455
0.022606
0.022232
0.030281
0.022857
0.021851
0.022059
0.023468
0.025432
0.036075
0.023610
0.022804
0.023819
0.023306
0.021701
0.022984
0.021495
0.021992
0.032721
0.027967
0.021705
0.028706
0.026585
0.022379
0.025635
0.040145
0.023506
0.022112
0.022892
0.021897
0.021780
0.023124
0.023873
0.021670
0.028460
0.022679
0.021158
0.022728
0.023694
0.025239
0.022558
0.027550
0.024343
0.024578
0.027552
0.023993
0.023352
0.022903
0.030125
0.021323
0.021615
0.021629
0.022972
0.022822
0.029500
0.032406
0.023358
0.023415
0.022972
0.039642
0.038582
0.040627
0.022919
0.021880
0.025393
0.023193
0.026592
0.026022
0.029152
0.023431
0.026442
0.026970
0.023990
0.026648
0.024078
0.023263
0.020008
0.022696
0.023274
0.023775
0.023098
0.022168
0.021664
0.022892
0.024248
0.026721
0.024751
0.024222
0.024116
0.029519
0.023587
0.048596
0.021502
0.027209
0.021034
0.020537
0.022460
0.024395
0.024373
0.022934
0.024103
0.025853
0.032170
0.022226
0.023129
0.022654
0.021873
0.021617
0.022921
0.022345
0.020418
0.021858
0.023108
0.022230
0.024418
0.034600
0.021186
0.020730
0.022519
0.021537
0.027680
0.021672
0.021758
0.023318
0.027373
0.022809
0.021449
0.021541
0.022319
0.021500
0.021538
0.020455
0.020235
0.021493
0.039081
0.025176
0.021003
0.021812
0.021458
0.021921
0.020829
0.021654
0.021635
0.020955
0.021805
0.021227
0.021463
0.021034
0.021528
0.020870
0.020895
0.019785
0.024762
0.024714
0.022813
0.019973
0.020841
0.021607
0.021105
0.021530
0.023072
0.020783
0.020110
0.022219
0.021051
0.021114
0.021238
0.022920
0.021081
0.021425
0.020950
0.019843
0.037325
0.020737
0.020451
0.020262
0.021364
0.021692
0.020827
0.025371
0.020166
0.034915
0.028373
0.026218
0.020565
0.020101
0.019334
0.021254
0.020523
0.020243
0.019915
0.021152
0.021180
0.022252
0.031230
0.028162
0.020712
0.020165
0.020218
0.022387
0.030488
0.021231
0.021963
0.021987
0.032005
0.022138
0.022244
0.025896
0.022272
0.020889
0.022058
0.021404
0.024585
0.020540
0.022335
0.021712
0.029475
0.022751
0.021996
0.023285
0.022820
0.022178
0.023056
0.040077
0.022952
0.021953
0.023730
0.033576
0.029084
0.024227
0.023608
0.023197
0.029680
0.023300
0.024101
0.022983
0.023603
0.022797
0.027946
0.023009
0.023121
0.023321
0.032618
0.021904
0.022209
0.056620
0.023462
0.021612
0.021969
0.023131
0.023414
0.024780
0.023094
0.022632
0.022397
0.033085
0.022725
0.023156
0.023009
0.022793
0.021279
0.030559
0.022654
0.022759
0.021882
0.023225
0.022917
0.023076
0.022960
0.022564
0.021494
0.022833
0.021351
0.022589
0.022503
0.022129
0.029460
0.022276
0.023160
0.023236
0.021787
0.021876
0.022506
0.021391
0.023334
0.023297
0.022458
0.021214
0.022498
0.021575
0.022187
0.021755
0.022848
0.022517
0.022299
0.021496
0.023317
0.022626
0.021638
0.022526
0.027271
0.022235
0.022599
0.022621
0.026105
0.022108
0.023654
0.023536
0.022901
0.033267
0.021381
0.021132
0.022549
0.022857
0.023700
0.021565
0.023549
0.021461
0.022622
0.023157
0.022751
0.021373
0.023118
0.021835
0.022258
0.021724
0.021285
0.021419
0.022592
0.023847
0.021995
0.021899
0.022939
0.022702
0.022312
0.028805
0.022399
0.022270
0.021425
0.024374
0.022842
0.023152
0.040507
0.022419
0.023335
0.024826
0.022639
0.022812
0.021323
0.022678
0.022743
0.023438
0.021465
0.021584
0.022860
0.023234
0.022938
0.023740
0.023775
0.022816
0.022810
0.024033
0.022455
0.022697
0.022803
0.022427
0.023992
0.022648
0.022219
0.024316
0.023196
0.024384
0.023947
0.024346
0.022929
0.023769
0.023154
0.023434
0.023409
0.024232
0.023362
0.023485
0.023528
0.023094
0.023197
0.023951
0.022298
0.023584
0.023228
0.022561
0.024189
0.023249
0.023402
0.022535
0.027389
0.023625
0.023090
0.022838
0.024017
0.024528
0.022079
0.023701
0.022528
0.032175
0.023619
0.023005
0.023139
0.029065
0.023209
0.022109
0.022488
0.023931
0.022765
0.022712
0.023375
0.026093
0.023776
0.037314
0.023367
0.023415
0.022366
0.021869
0.023604
0.022916
0.023155
0.022540
0.022661
0.022594
0.023054
0.022050
0.021541
0.022182
0.022232
0.023654
0.022551
0.021200
0.022475
0.022429
0.023164
0.021458
0.022157
0.022680
0.021799
0.021765
0.022768
0.021428
0.022706
0.023019
0.021906
0.025680
0.022443
0.023274
0.022509
0.032142
0.022447
0.022297
0.022549
0.022150
0.022579
0.021969
0.022624
0.022935
0.023270
0.023022
0.021968
0.022044
0.023602
0.022542
0.022977
0.024228
0.022350
0.024146
0.022592
0.038633
0.022136
0.024451
0.022905
0.023420
0.021808
0.023828
0.021551
0.021577
0.022870
0.031952
0.023273
0.023348
0.022339
0.022182
0.022385
0.021675
0.021724
0.022765
0.022736
0.022011
0.021386
0.022828
0.022725
0.027826
0.023236
0.021672
0.040501
0.021205
0.020831
0.022205
0.021484
0.022601
0.021528
0.021004
0.026386
0.021603
0.021262
0.021850
0.021042
0.021534
0.021471
0.022127
0.022505
0.021023
0.022531
0.022072
0.022050
0.020507
0.020841
0.020521
0.030727
0.021935
0.020660
0.022461
0.021508
0.022260
0.022015
0.022050
0.022356
0.021184
0.022228
0.021522
0.021380
0.021219
0.021088
0.021733
0.038942
0.021146
0.020835
0.036420
0.022997
0.022673
0.022789
0.021631
0.021929
0.022729
0.020810
0.021241
0.020552
0.027003
0.022538
0.022875
0.021913
0.022757
0.022944
0.020955
0.020995
0.020912
0.022180
0.022816
0.032771
0.022232
0.023481
0.022224
0.022556
0.022716
0.022366
0.021654
0.023232
0.022592
0.022478
0.022091
0.020944
0.020827
0.020661
0.022892
0.022182
0.022080
0.023546
0.022497
0.022811
0.021682
0.022532
0.023064
0.021835
0.022373
0.022744
0.023538
0.022014
0.023534
0.022455
0.023459
0.022379
0.022666
0.021799
0.021882
0.022924
0.023250
0.024489
0.022726
0.023189
0.021828
0.023114
0.022242
0.025449
0.022998
0.022248
0.022636
0.022805
0.023241
0.021711
0.022236
0.022029
0.022390
0.022371
0.023343
0.022955
0.021670
0.021846
0.021974
0.021749
0.021631
0.022697
0.023097
0.021676
0.022426
0.022156
0.023067
0.022328
0.021799
0.023055
0.023837
0.025470
0.024327
0.022941
0.022617
0.023923
0.024031
0.025056
0.023303
0.027162
0.022491
0.022018
0.023425
0.023046
0.023228
0.025683
0.030247
0.032933
0.027348
0.030218
0.026982
0.022893
0.027706
0.024445
0.024929
0.023764
0.022422
0.023922
0.024111
0.025615
0.035514
0.028004
0.022144
0.030424
0.021986
0.032386
0.022077
0.022290
0.021793
0.021551
0.023402
0.021367
0.031258
0.027046
0.024026
0.022453
0.021435
0.021444
0.026947
0.022626
0.023147
0.023612
0.022314
0.028495
0.024792
0.043343
0.023172
0.033860
0.022751
0.029934
0.023692
0.023717
0.022312
0.033122
0.023957
0.030043
0.026764
0.026594
0.023435
0.030917
0.043766
0.023886
0.023989
0.023787
0.027266
0.026062
0.024755
0.022516
0.027728
0.022517
0.029239
0.029879
0.025885
0.024855
0.023272
0.026276
0.022154
0.047631
0.022280
0.022867
0.022399
0.022719
0.037612
0.022844
0.026539
0.022712
0.038790
0.030201
0.030434
0.024467
0.024109
0.027077
0.023982
0.028262
0.024118
0.026978
0.023957
0.026509
0.046460
0.033316
0.023603
0.023970
0.032211
0.024059
0.023021
0.023436
0.042781
0.023613
0.025134
0.023535
0.034122
0.030221
0.023550
0.029180
0.033344
0.022990
0.023871
0.023899
0.023653
0.023319
0.023327
0.022887
0.035390
0.023313
0.022298
0.043204
0.023767
0.042204
0.034241
0.023263
0.031178
0.045727
0.024506
0.024321
0.023061
0.023403
0.024627
0.032050
0.046393
0.043327
0.024331
0.024951
0.023197
0.023087
0.035438
0.042471
0.023001
0.025091
0.025942
0.024924
0.022663
0.024441
0.022956
0.024965
0.023056
0.031654
0.022485
0.023053
0.022670
0.023410
0.025723
0.024860
0.024118
0.024193
0.028566
0.022878
0.032366
0.024411
0.024083
0.052235
0.028909
0.023093
0.022656
0.040863
0.023914
0.023856
0.023210
0.025576
0.024552
0.022824
0.025588
0.025089
0.023946
0.023318
0.022858
0.023138
0.022854
0.022780
0.024292
0.023847
0.022904
0.023088
0.024344
0.028277
0.026856
0.036152
0.040168
0.030697
0.022798
0.022812
0.064501
0.024585
0.024718
0.024394
0.025347
0.022694
0.022813
0.023265
0.032651
0.023618
0.031657
0.025202
0.028209
0.023315
0.024892
0.029992
0.026250
0.022808
0.023303
0.022841
0.031647
0.023831
0.023487
0.024173
0.024653
0.025067
0.023801
0.024095
0.027289
0.027149
0.026280
0.023820
0.028337
0.024460
0.024949
0.023782
0.024135
0.024399
0.024002
0.029495
0.024678
0.024657
0.024210
0.024318
0.024788
0.034537
0.034813
0.023676
0.025550
0.022962
0.022914
0.024498
0.024111
0.022821
0.024429
0.036576
0.023020
0.024291
0.024054
0.022905
0.025260
0.024222
0.024449
0.023803
0.023325
0.022759
0.023224
0.023272
0.026260
0.023702
0.023312
0.023901
0.024259
0.024244
0.023081
0.023531
0.024317
0.024878
0.039325
0.023234
0.022928
0.042369
0.024440
0.023328
0.022527
0.023582
0.028541
0.037218
0.023748
0.024065
0.025020
0.023095
0.044858
0.031903
0.023074
0.024492
0.032171
0.024287
0.024319
0.024973
0.031769
0.036844
0.024544
0.024708
0.039923
0.024010
0.025435
0.029380
0.024666
0.030464
0.024124
0.041236
0.023370
0.023333
0.023339
0.023182
0.023748
0.024156
0.024607
0.023862
0.024647
0.033327
0.024333
0.030196
0.045877
0.023443
0.024600
0.025180
0.023444
0.025071
0.024482
0.023295
0.024688
0.023738
0.024590
0.033398
0.024172
0.024955
0.024379
0.024590
0.031169
0.023803
0.025738
0.025648
0.033081
0.024935
0.025593
0.027014
0.024881
0.023550
0.024795
0.023353
0.024315
0.032706
0.024750
0.024004
0.024787
0.030336
0.025287
0.023313
0.024337
0.025347
0.023996
0.023140
0.023218
0.025465
0.024402
0.023554
0.024815
0.024497
0.024630
0.025253
0.025165
0.045001
0.024802
0.024568
0.023311
0.023459
0.024433
0.032121
0.024761
0.024502
0.024462
0.037172
0.023981
0.025117
0.032589
0.024762
0.025059
0.024717
0.024456
0.024147
0.024906
0.051188
0.026530
0.024540
0.024837
0.024788
0.023480
0.023153
0.044363
0.023586
0.028550
0.029672
0.035794
0.025459
0.024505
0.023678
0.024775
0.033992
0.025250
0.025226
0.024488
0.023161
0.024407
0.024620
0.025130
0.025429
0.024498
0.035340
0.023898
0.023690
0.022834
0.024236
0.024302
0.023923
0.041840
0.024168
0.023703
0.024689
0.027515
0.025794
0.027011
0.026323
0.028036
0.027433
0.025943
0.026442
0.025764
0.025708
0.025157
0.025537
0.025248
0.025296
0.025285
0.023511
0.023451
0.022579
0.022772
0.022204
0.027251
0.021056
0.021437
0.020558
0.019553
0.020627
0.020252
0.028287
0.035562
0.040069
