431.000000,146.000000,87.000000,111.000000
429.518013,140.893578,87.523758,107.804306
428.101753,135.889835,86.268509,109.435753
428.501678,129.823631,83.406219,111.437271
428.908985,126.650188,80.734093,110.594215
429.371223,124.058655,80.075394,110.249329
430.420265,122.675598,78.635025,109.105774
429.378582,120.056347,76.293800,108.632942
430.039768,118.554035,76.696159,108.085258
431.857098,117.299210,74.525612,106.710419
431.536457,116.375195,73.805870,104.687874
431.371395,114.378975,73.760201,104.812790
431.476601,112.924416,71.350784,104.562668
430.973343,111.772568,71.869049,105.378693
431.012966,114.160469,76.158669,104.903061
431.349300,115.053394,72.098000,103.793999
430.715889,116.693001,71.970932,104.142288
432.088005,117.323071,70.120163,104.257881
431.664066,119.089073,69.721550,103.598984
431.461727,119.617325,70.397072,103.711426
430.852345,121.197510,69.894005,104.319733
432.286842,121.176834,68.122238,104.302368
431.755585,122.537037,69.728638,103.648582
430.818703,123.080845,70.724686,103.357628
431.460442,122.255482,70.324661,103.153984
430.671516,121.786327,70.914505,103.209816
430.858650,121.672516,71.136124,103.236298
431.070477,120.187267,69.018898,103.619850
431.297943,120.226753,69.331146,103.884720
431.315369,118.712605,70.578369,103.364281
430.612476,117.497997,67.937279,104.903725
428.947472,116.839119,68.668137,104.733810
427.434666,115.445854,67.464684,104.523056
425.588715,114.031277,69.335876,105.223885
423.692467,112.630829,67.859512,105.375153
421.772148,113.942364,69.733047,104.110268
420.289825,113.770725,69.043030,105.047630
417.817162,113.047279,69.579788,105.010788
415.637939,111.816109,70.128906,105.018936
414.247955,112.557671,70.083221,104.852127
412.730171,112.135548,69.387772,104.698814
410.722103,110.910496,70.840279,105.404442
409.700718,110.872311,70.852409,105.178078
409.341499,110.402721,70.546310,105.745033
407.909889,109.812099,70.853073,105.350471
407.364525,109.809998,72.357376,106.378418
407.393925,109.306068,72.590019,105.751541
406.939339,108.593903,71.998337,105.069397
409.029060,109.474598,73.062424,102.966057
408.083759,110.384197,72.066002,101.950691
407.429710,109.985199,68.457565,102.063049
406.492493,108.555634,73.183624,102.784607
407.079304,107.623680,71.669914,103.252213
407.092587,107.982597,72.243782,102.542587
406.292912,106.738522,71.088768,103.914284
406.316715,106.535496,71.511925,103.810326
406.100777,106.926003,73.019241,103.967728
406.232738,108.634571,71.994606,102.619774
405.838757,111.023872,73.639442,102.630997
405.567135,112.015560,70.428230,103.145668
405.404545,110.628281,72.814690,106.579437
404.446655,113.180374,70.423767,105.210785
403.846745,113.288059,72.453362,105.628593
403.981823,112.769306,70.731392,106.143608
404.693821,115.378414,70.930351,105.353249
403.588528,114.742584,72.026192,105.606171
404.273567,115.855789,71.960159,105.153656
404.488445,114.031082,70.458931,107.737732
404.897755,111.044350,72.220848,110.559036
404.135162,109.779968,74.151276,111.817200
403.182812,106.818508,73.511665,115.081398
402.058502,106.331230,73.692780,116.691391
403.027115,104.909580,73.179474,117.688316
403.365692,105.410889,73.454590,118.496338
402.837345,105.579121,73.533226,117.571159
403.931683,105.510578,74.598030,118.064842
403.320610,106.640602,78.937180,116.386063
403.792419,109.029243,76.908844,114.883682
404.562389,109.850700,80.759956,115.676041
403.347885,111.167629,80.232025,113.571266
403.366745,113.836452,80.090088,112.746986
402.993942,114.879402,81.071014,113.019058
401.704987,114.867874,82.637207,113.559021
403.066181,117.357216,81.614250,112.025284
402.375481,119.625340,81.788223,110.910606
400.738346,121.565048,82.070549,110.138824
400.493843,120.651115,84.652298,112.724991
402.358925,121.643154,78.253189,113.542213
402.696644,124.716568,79.156212,112.268738
401.486000,126.660927,82.676193,111.194626
401.547501,128.362915,82.232941,110.343597
402.233711,129.492172,80.517258,109.596191
401.989635,131.573486,80.429939,108.608185
401.313747,132.141235,78.670143,108.657379
399.900536,133.047298,79.283401,108.865120
399.887650,134.181095,78.061066,107.990654
398.762436,135.253441,78.192566,107.644547
398.090576,134.539371,77.630798,108.579430
395.339424,136.901321,80.182693,107.286957
394.319984,135.827526,79.435806,108.771248
391.611919,137.891533,81.490730,108.503311
390.807587,138.626839,80.981812,107.997574
390.126991,138.744457,81.840225,108.129829
387.350769,139.816841,81.139160,109.032822
386.804478,140.634754,80.447136,107.958549
385.747898,140.754059,81.709618,107.820404
384.806751,142.594299,80.645897,107.625519
383.754768,143.270454,80.252304,108.081284
382.423740,144.550617,80.655144,107.218834
382.039513,143.158333,78.041336,108.361496
380.812260,144.337482,78.160606,107.747246
380.647392,143.555492,76.498734,108.699074
379.147175,143.729221,77.626579,108.567833
378.463776,144.531769,76.330475,108.613922
377.169704,144.544563,76.807899,108.798843
376.332512,144.924213,77.230484,109.268059
375.805233,146.396660,77.403969,108.592117
374.369354,147.317806,76.651672,107.547829
373.848114,148.869305,75.218964,106.760750
372.951744,149.890514,75.775467,105.773079
372.699226,150.709866,74.802963,105.604347
372.306988,150.833664,73.924141,106.894897
372.071720,151.691525,74.052269,105.139748
372.449039,152.081665,73.068779,105.445831
373.300716,151.297848,73.991035,106.371376
372.758942,152.583324,71.285217,105.422188
373.329681,151.223927,69.828369,105.884575
372.919304,150.672501,71.461044,106.683899
372.986061,150.953712,68.675613,105.604050
373.191872,149.456753,68.584061,107.563454
373.320953,150.287365,71.875336,107.335884
373.968819,150.852886,70.562790,105.617744
374.570557,149.620281,68.219116,106.929237
373.261066,150.321335,68.079979,106.846954
374.825863,149.538559,69.712990,108.626312
375.085716,148.984306,70.085129,107.899490
373.556400,149.013229,68.896843,108.329437
375.608700,147.813885,68.568275,109.678810
376.181725,147.490387,66.159866,109.168457
376.048920,147.517353,65.557556,109.089561
376.149921,147.552368,68.632835,109.442780
376.670422,147.961170,68.903358,109.298180
377.224033,146.828232,67.565605,108.632843
375.340633,147.958916,68.090248,107.903183
376.204304,147.522156,70.840599,109.531586
376.994713,146.253914,68.711838,108.585312
377.156094,145.408051,66.103981,109.339020
377.618183,144.327732,70.227623,110.181664
377.174004,145.808559,69.494003,105.640602
377.863506,141.437168,70.622231,108.792320
377.634193,143.331348,66.059555,105.095299
377.295712,138.154140,67.806740,108.297035
376.443523,137.001995,67.623817,107.124092
376.576897,132.729576,69.255844,108.997269
375.896725,133.507683,68.670784,106.616653
375.741711,130.479668,69.695992,108.292831
374.839378,131.354465,71.428055,106.830101
374.815914,131.482773,71.629158,106.318054
375.591270,131.477711,68.429703,106.078545
375.240150,129.138397,74.963821,108.325256
374.155975,129.128792,72.048706,107.983292
374.062527,129.469097,76.446877,107.820229
375.361515,128.732990,73.203697,108.502190
374.384258,129.148994,77.488319,107.659134
375.017342,129.202229,65.948318,108.430168
374.791180,127.603577,62.891335,109.691681
374.292362,129.357346,61.345543,108.305115
373.325624,131.204681,63.276455,105.375702
375.660723,133.208576,63.854122,103.934837
373.702415,132.935520,67.086472,103.286339
373.439423,133.389477,68.799957,102.748207
373.553593,133.441860,71.369865,102.620766
373.982658,132.646545,71.745560,101.869873
373.597927,132.069122,74.149269,101.508118
373.787994,132.953728,78.129089,100.080154
374.183094,133.136337,81.186974,100.505981
371.862038,132.239342,82.779343,101.004807
373.150040,131.038567,83.276581,101.747543
372.957260,132.305332,82.609009,101.382103
371.488117,131.670135,86.525383,100.668976
371.725838,131.913593,87.009048,100.462212
371.169769,133.303226,86.484619,99.472313
372.317142,133.647614,87.726891,99.023895
370.254852,133.773937,87.587006,98.154854
372.393059,133.941692,87.162918,98.526985
370.043823,134.752304,87.446991,97.812256
371.287186,134.387138,87.606506,98.749832
371.048473,133.964745,85.707466,98.803146
371.217621,133.226757,86.600250,99.554665
369.944294,133.385231,86.933647,99.335556
370.047733,135.502716,86.650444,96.902527
370.318314,137.223846,86.450378,96.313263
370.534508,137.172684,86.551804,96.493164
369.841785,137.979130,86.424461,94.473045
369.239262,138.435760,84.643517,93.995331
367.026062,138.183800,87.178925,94.798538
368.939861,137.463383,85.662666,94.599785
366.461483,139.018120,86.767220,93.159225
365.701328,137.302933,87.397606,95.314850
365.566730,141.272072,81.796227,91.435715
365.273678,141.091724,84.203773,93.001488
364.602249,139.328575,82.503601,94.486740
363.629528,138.983860,82.593117,94.489799
362.774712,139.572746,82.750504,93.945236
361.884933,139.679485,82.931366,93.578163
361.758579,139.412983,81.761620,93.736382
360.949787,139.594681,81.802086,93.645996
359.830788,140.256344,82.233749,93.277931
359.460060,139.161083,82.835770,94.340675
359.211197,140.081474,82.395538,94.238419
357.684933,140.551605,82.632637,93.607330
356.287575,141.654896,82.118210,93.039574
356.343739,140.431076,83.390343,94.617737
354.974220,140.972443,83.180191,94.229675
355.218918,140.483021,81.782135,94.842674
354.233883,141.947666,83.439888,93.867424
355.457668,141.647827,82.871986,95.475372
354.151310,140.949646,83.821190,95.582184
354.406059,141.092300,83.088760,95.766235
354.101444,142.785259,82.602043,95.113045
353.757694,143.687962,82.549065,94.948204
353.565201,143.692177,81.219543,95.301193
354.253353,145.562843,82.305519,94.379471
354.720787,145.618279,81.839920,94.805283
355.153404,145.265476,81.934464,95.311272
355.123905,146.229164,81.931114,95.174881
356.412155,145.596970,80.654785,96.130096
355.843201,146.845161,81.913727,95.628433
357.520195,147.870335,81.737411,95.568321
359.004070,148.274193,80.779457,95.900162
358.513584,149.030403,81.050652,95.257706
359.240967,149.220253,80.308716,95.631424
359.054123,149.638153,80.698120,95.508667
359.147911,150.707901,81.210312,95.122498
359.071800,151.265987,81.280869,96.244820
360.019779,149.382771,81.473625,98.245964
359.316418,147.005726,82.125496,101.077110
359.722492,140.123291,81.132774,108.811066
358.311642,129.735813,82.822029,118.305229
355.232521,121.803833,83.967789,127.078156
355.649387,113.611290,82.367943,132.539444
356.336819,106.512619,82.186378,123.462708
357.293728,99.849976,79.313545,126.006989
351.764561,93.860413,82.793785,130.639679
353.025089,90.672279,81.023277,114.208176
355.841579,91.078049,75.661598,111.476105
352.818233,94.312622,76.579170,106.837708
356.296429,99.618500,72.590065,105.206604
362.500038,101.932743,64.580093,103.718437
366.238247,102.240841,64.080788,100.611488
369.479437,92.058342,63.458912,112.772385
366.623657,85.696053,67.006592,119.295090
365.269512,85.019459,73.731575,127.347649
366.258759,88.393959,75.513733,133.872482
368.348759,93.008224,72.595573,138.469086
365.783714,99.458633,75.882645,138.485504
370.088593,108.629730,70.684570,131.485840
367.274246,119.918098,73.802612,117.701401
364.632767,130.785492,74.535187,117.778809
368.727951,141.378773,68.241364,110.296257
367.470570,148.593273,67.900566,108.822060
367.010033,154.228104,67.100052,115.038666
365.267632,157.411392,69.815262,120.802887
364.315399,160.295372,71.595764,119.071091
364.890659,161.588577,71.669670,118.078766
362.914291,160.919006,72.714386,118.532532
363.907867,159.541901,71.223938,122.302032
365.358624,157.039101,70.705238,121.614487
365.765049,150.363640,67.385185,128.081589
365.198200,148.573273,64.875816,131.442719
363.747406,138.944939,65.443756,140.730789
365.418739,123.370819,65.408646,150.933044
360.269569,119.366531,68.884537,151.205505
360.960773,95.308998,64.844566,167.766647
357.263645,92.963264,68.397392,163.765305
360.543343,93.204048,66.352341,140.757767
359.853094,100.434868,63.820942,137.130508
359.128197,99.427254,67.013687,132.782455
361.979815,96.706589,63.592373,129.188477
364.761999,95.107697,61.708149,134.750671
361.407104,94.256477,66.231201,134.856613
366.179077,92.331100,60.881134,138.467072
363.972397,89.635277,65.260529,139.473312
367.799210,90.561844,59.970795,134.619629
367.154207,84.045685,61.698879,147.864105
360.694019,76.991928,66.516777,152.549805
362.355831,79.521591,64.963264,137.127563
366.616926,78.943344,62.137089,119.873260
367.577202,73.853619,58.916977,118.186440
371.072313,74.671822,55.354763,118.263412
367.261686,76.795223,59.045628,114.738838
367.176594,77.299747,61.382805,116.412804
367.911789,76.544113,61.439331,117.372528
368.585384,75.429291,60.765114,117.368042
368.502882,74.293655,62.850529,118.443024
368.838408,73.510166,62.450901,118.460320
367.942976,74.138466,62.700291,119.710403
371.367023,72.821987,63.580193,116.914375
372.308371,73.291615,63.921986,119.526390
375.482288,71.619854,62.702202,119.751106
378.292923,72.908432,61.151733,116.922150
379.963251,71.337345,61.516888,118.595451
380.084454,70.766495,61.121407,117.488922
380.121544,70.607651,62.315231,118.419434
381.969301,70.420208,61.934017,117.557686
383.138748,69.690681,61.596863,118.494827
381.290440,69.362896,63.016685,118.892799
381.139370,69.844273,64.432930,118.088310
382.778116,69.547932,62.414898,117.986107
382.436810,68.001560,63.079720,118.484917
382.916883,67.375031,63.609318,117.916443
381.178926,67.041641,63.812099,118.769897
382.518301,66.177696,62.369892,117.283798
381.036165,64.531055,63.603878,118.553520
380.383671,64.965263,64.609917,117.535355
379.511229,62.536724,63.468235,118.305428
378.818142,62.293354,64.498878,118.744835
375.526066,61.761837,65.185478,119.295296
368.971657,61.524929,67.288406,117.020210
367.043221,60.835934,66.122879,117.441231
363.897243,60.283859,64.524483,117.642365
361.268147,60.044388,65.338768,119.124207
359.719793,58.675800,62.943684,117.266747
356.985310,59.308796,65.475426,118.608360
355.398167,58.784393,65.497734,119.172729
353.064190,59.130856,65.708107,118.787575
351.721050,57.641697,65.981941,120.299004
350.376896,57.123840,65.749718,118.819885
347.200680,56.187809,69.357368,119.896629
345.840370,56.861843,68.863022,119.971535
345.762043,56.177433,68.822502,118.937218
340.114132,58.379475,72.679024,118.811546
339.471519,54.846165,73.946243,117.999901
336.599361,53.938160,76.258888,118.090477
345.957161,50.202305,66.034012,120.492729
345.586966,37.715240,62.635822,132.976837
341.219051,28.764267,64.722908,141.159790
309.185467,31.657440,85.356758,270.649323
297.381691,31.823547,89.981339,326.066864
305.834412,127.271103,84.733978,230.562683
306.359680,108.800972,84.191498,248.873123
305.615707,110.799889,86.447327,248.167587
305.190350,182.814110,89.464363,175.117233
303.074474,190.032295,93.851997,168.156631
317.138737,78.171310,81.563683,257.703094
317.968887,191.746712,85.858582,166.136398
321.758106,68.798630,83.054741,288.779419
331.832569,206.412285,76.705559,150.129807
330.755692,100.198402,76.810242,245.266495
331.784264,227.950043,83.679672,129.818512
320.100187,115.770729,62.735661,138.975906
326.032743,130.741982,59.496403,107.652298
324.115719,144.192581,85.254005,161.360962
327.857147,152.555931,90.670197,187.083054
329.734077,160.843521,93.608597,195.985596
326.312664,164.181725,96.573311,192.471786
327.277721,158.064434,71.920479,85.324348
333.080639,156.024654,74.690468,105.310493
328.438225,170.059128,93.883194,186.452118
327.406555,146.884453,91.352356,209.096939
326.747185,140.165321,91.225357,216.867783
327.492088,133.262833,89.392776,223.615570
326.379250,132.682793,88.422531,224.482620
326.357861,135.850006,86.018410,221.417847
327.674561,138.416283,81.437012,218.826492
325.524441,138.805077,80.940437,216.116409
324.004108,139.233864,88.394188,217.456223
324.852535,147.811760,85.393745,209.843277
323.819016,151.763039,89.224945,205.330368
323.437820,155.592216,89.195587,202.329239
323.891739,155.828377,87.349701,201.873947
324.444836,152.122551,79.793495,93.949112
325.833622,148.331345,80.778465,86.843414
323.618912,143.100670,80.231262,86.971207
319.998089,137.449024,82.097603,88.151421
319.290100,130.818256,81.513611,90.334373
318.211796,126.138092,80.398674,90.062256
318.616360,121.050137,78.620338,91.905312
321.682621,108.035183,73.000420,100.780891
318.428699,97.218727,73.778709,110.166245
319.832527,84.272594,64.009018,120.881172
314.676243,79.424866,84.867607,261.869476
309.410709,75.937386,77.137444,200.140823
286.327671,74.705246,115.886467,267.901062
283.396427,68.877777,121.331047,274.042328
309.793800,115.986092,101.169296,223.796463
310.258690,118.654480,103.814346,219.021759
310.928215,120.978554,109.814102,216.457352
306.823589,127.463173,122.303078,211.322159
305.561031,128.853462,121.694283,208.372696
304.084618,133.177361,135.120987,203.918808
306.639038,144.549057,137.185181,190.349976
305.059052,155.738312,136.512512,178.309601
303.699570,166.168518,141.934113,167.344940
302.044365,172.188568,141.777969,159.245270
299.955215,179.516426,147.061371,149.822281
301.009018,183.423553,145.101837,146.046722
300.093430,187.381989,146.918671,139.139313
298.829536,188.288673,148.732468,136.374832
298.751808,188.403427,147.231125,134.161255
298.651237,188.840752,146.783340,133.091537
298.343513,188.116867,144.812363,132.315430
298.353142,188.640533,144.998672,131.303497
297.722107,189.107491,145.603638,130.425674
297.067360,189.518707,145.536057,130.415253
297.300804,190.334633,145.122696,129.885635
296.808754,190.460075,145.427719,129.546982
295.803459,190.797287,144.672806,129.612610
295.304550,193.884228,144.251007,126.911507
295.478378,193.499687,143.239105,127.473679
294.776978,194.609699,143.118713,127.292778
294.488678,193.645821,142.616577,128.022659
293.707382,193.931686,143.083466,127.721313
293.198120,195.106552,144.109985,126.877808
293.104492,195.504784,143.688110,127.189255
293.169899,197.269718,142.663071,126.472740
291.710289,197.731850,143.294266,126.736099
291.615067,199.706310,143.819305,126.790657
291.161690,201.408195,144.123398,126.856308
291.699600,203.326595,143.461395,127.073708
291.583687,204.823269,143.836349,127.036842
291.157700,207.579483,143.844940,126.539124
291.197838,209.915756,142.803909,126.296143
290.429008,211.655884,143.658890,126.553741
290.456413,213.625546,143.673111,126.641273
290.609909,215.633389,143.225739,126.714516
290.475060,217.565945,143.960464,126.634621
290.777039,218.399162,143.959656,127.883530
290.420540,219.818489,144.131821,127.612137
290.274544,220.807816,143.621872,127.698181
290.463280,220.928837,143.336258,127.770287
289.930573,222.365372,143.644348,127.226562
289.903915,221.894821,144.213654,128.073792
290.169685,222.499283,144.172226,128.428101
290.299942,223.386700,143.060760,127.908394
290.442314,223.391403,144.177505,127.799805
290.331871,222.876076,144.320999,128.641495
290.863029,224.266785,143.712112,128.038361
290.435760,225.685303,145.153259,127.298431
291.196350,227.298904,143.550720,127.023987
290.811546,226.452217,144.381851,127.370926
290.455574,227.641724,144.022873,125.924286
291.591888,227.830704,144.421997,127.022827
291.294296,229.819035,144.380890,125.934288
291.139023,230.364769,143.831940,126.826950
290.869362,231.082191,144.081711,125.865555
291.409813,233.088806,142.916031,124.652802
291.083260,235.577236,143.031540,123.043922
291.409058,237.899506,141.630127,119.366486
292.464859,239.141216,140.929718,117.696236
291.811157,241.496899,140.791260,115.983345
291.404488,243.295097,142.935043,114.546616
291.460953,243.858101,141.980743,113.334793
290.910515,244.755932,143.312637,113.467232
290.672218,245.917419,142.574387,112.132294
290.726173,247.190372,144.439743,110.785423
290.635803,247.157951,143.673279,110.868088
290.503090,246.939594,141.773422,110.505058
290.120346,248.080952,142.406830,109.513664
289.394356,248.183552,142.739487,110.103569
289.247543,248.515537,143.266632,109.390831
289.163376,248.687744,141.957672,109.529877
288.899147,249.405289,142.147812,109.293396
288.612396,248.910507,142.618652,108.636230
289.108017,248.676434,141.419769,109.217537
288.805504,249.190712,141.907913,109.367752
288.938805,249.185131,141.681351,109.345833
288.962265,249.079567,142.438568,109.290115
288.630302,248.442444,143.150589,108.813080
288.026894,248.422535,142.697861,109.652885
288.570923,248.505013,142.186340,109.935318
288.065819,248.896255,143.345535,109.700500
288.205482,248.459721,143.730453,109.634422
288.294846,248.608231,143.697845,109.641052
287.980797,248.648323,143.933426,109.868973
288.205299,247.841694,146.344833,109.847527
288.410561,246.719753,144.175705,110.448036
287.021057,247.625290,143.134155,109.924438
287.094910,247.524418,144.201355,109.994896
287.096931,247.601768,144.487473,109.751755
287.050446,248.463783,144.148376,109.510025
286.016373,249.525421,145.488495,107.512421
286.273720,249.928940,143.301682,108.412903
286.046890,250.424393,144.019440,107.249329
285.773636,250.558914,143.712677,107.220825
285.894524,250.584835,144.003677,106.843422
285.628319,250.940502,140.971024,106.282417
284.442551,251.816002,140.969391,105.611252
285.086716,251.566563,143.110565,106.334190
284.546104,252.875618,142.646927,104.643326
283.740532,252.491909,144.033279,104.806984
283.926262,252.912762,141.615738,105.397652
283.974861,253.210644,140.587143,104.769783
282.938187,253.466553,141.117279,104.044769
282.526192,254.509899,142.116257,103.631599
282.261597,255.233082,140.958008,102.581841
281.847153,255.082596,141.343719,102.204346
281.789215,254.829456,141.024963,102.177727
280.605904,259.518452,142.471481,98.289909
281.032524,259.561054,140.600052,97.202690
280.627777,262.114010,141.777222,95.180031
280.830704,263.460381,141.379974,93.496811
280.680374,265.311958,141.591522,91.415787
280.358139,266.938347,142.151215,89.994980
281.054474,268.635025,141.906128,89.173889
279.098587,269.473934,142.901642,87.700172
279.651283,271.233227,142.027756,86.391426
279.226624,272.456211,142.329773,85.303062
279.357613,273.052197,141.117111,83.837654
279.842651,274.248264,140.529907,83.454247
279.359886,275.052734,140.808548,82.466034
279.853218,275.766510,141.256149,81.391083
279.819237,276.046051,140.506180,81.438141
279.434967,277.212543,141.279907,81.153374
279.824654,278.002247,142.684189,80.303154
279.818054,279.018185,142.215271,79.597389
280.223976,279.588253,141.978683,78.378395
280.901306,279.955238,142.466553,78.158463
281.221634,280.710499,140.635468,77.396416
280.727150,282.101570,139.993393,76.907669
281.893402,282.352486,141.221497,76.420242
282.252151,282.079201,142.350006,75.927933
283.124352,282.756172,141.391006,75.644608
283.355972,282.266525,140.641327,75.979553
284.481606,283.658188,140.657516,74.879089
284.233589,283.268795,140.997971,75.451210
284.516533,284.922432,141.476700,73.867996
285.767021,284.217869,139.347305,73.901360
286.488731,285.787952,139.230545,72.903191
287.298363,286.816326,139.900986,72.107857
287.430344,288.530685,138.185822,70.039520
286.912071,288.085735,139.224686,69.977791
287.935417,289.596268,136.787460,68.773560
288.781242,290.738811,142.946274,67.888649
288.378120,292.007320,139.762680,67.079567
288.987343,292.421471,140.011154,65.729935
289.196350,294.655510,149.543457,64.512222
288.449013,295.413044,142.503189,62.969841
288.553558,297.687452,153.542664,60.855412
288.687881,299.361969,155.071777,59.338409
289.227386,301.092569,157.375732,57.068493
289.307236,303.203060,154.017761,54.579445
289.515823,304.751720,143.609924,53.528328
289.528046,307.839493,131.897980,50.469238
289.331902,310.706081,132.045761,48.237953
289.859856,312.974577,130.740982,45.591831
289.322990,316.742937,129.509048,42.702633
289.508034,320.091433,128.480087,38.784054
289.683338,324.849350,121.159843,34.410461
289.815189,330.429406,123.920738,28.721052
290.601547,332.826227,125.265411,26.855450
290.360806,331.511316,110.072853,27.745159
290.904182,333.899629,103.303085,25.439299
293.032864,339.293227,101.421516,20.523775
294.809101,337.631511,97.804222,21.740656
305.475773,341.627459,86.947594,17.972317
302.901638,340.307740,88.199715,18.821714
300.512505,341.204485,90.953903,18.079021
299.687763,344.443063,91.916603,14.951200
300.444710,346.679505,89.807312,13.202498
305.332981,347.287467,90.760002,12.595568
344.976513,347.934620,58.739738,11.869514
338.707670,350.000000,48.940586,10.000000
346.163059,342.894660,64.345009,17.105340
314.937031,316.795194,94.232491,43.204806
345.140694,223.261077,121.834351,81.993958
156.705727,14.905020,176.260635,139.012711
114.655884,13.456595,218.655487,123.263077
118.616005,42.242759,217.673111,107.844742
118.691849,29.551009,216.471130,112.900665
118.316002,19.599829,216.089584,133.058151
120.247871,38.972098,215.058670,114.077835
116.279037,21.483145,218.369324,118.136246
116.969788,34.079592,218.399261,112.057304
117.405075,25.005957,215.842468,112.547897
116.304359,17.223292,217.622940,123.215706
116.243584,15.579081,217.693405,113.563332
119.427147,9.885260,213.014267,117.761948
117.538582,10.036795,214.970230,106.761368
115.055931,4.129222,216.674789,123.299721
113.001541,3.078959,218.996826,111.561684
114.002769,0.000000,217.620468,119.174430
114.854057,0.600353,212.492233,113.317902
115.384712,3.936073,215.309219,115.092567
117.306343,7.287074,214.236099,109.742676
119.178932,6.258716,211.716263,107.796829
137.172409,21.476539,194.811768,97.160316
118.875046,10.444549,212.697571,102.715080
123.634689,5.688873,208.660400,111.546135
127.534218,11.300983,206.254105,103.071671
125.021568,5.462871,208.036179,116.001190
126.231956,8.456451,206.344467,108.303886
123.956200,1.833038,205.060104,114.804314
134.991081,23.160644,202.711960,103.672234
128.799866,0.439044,210.669647,114.941055
130.312828,35.095870,208.587143,90.761925
131.732323,9.791889,206.766525,107.006546
133.824036,7.754691,206.377716,118.337715
137.417091,20.479961,202.062943,103.665985
136.558907,11.513542,204.078323,107.615974
134.790421,3.103126,206.464111,122.644081
135.823761,21.439006,206.232269,110.241119
171.215721,84.981815,179.958969,76.759872
252.904274,50.823779,91.085648,78.569778
141.027695,38.789626,202.200684,86.055260
140.942688,33.139541,201.286530,94.967796
141.974724,31.576339,198.871567,96.043419
142.749931,11.619319,197.466476,111.927612
143.926949,12.800624,199.580276,115.616638
143.205109,21.202075,199.386078,108.366348
144.687927,13.219135,198.018890,114.163284
224.636620,178.482868,180.950363,166.964554
152.477386,13.654300,198.429108,127.400192
144.806450,12.066890,196.990097,113.853149
212.119606,158.051822,196.056168,199.968002
149.033394,38.631538,194.048111,91.479042
178.764091,95.781967,161.759201,68.746239
300.819386,322.819110,98.949394,37.180890
304.338039,329.003612,109.734505,30.580379
304.013973,328.993873,109.636452,30.374607
304.500610,329.384466,109.831879,29.403755
303.860455,327.249032,107.140602,31.541445
303.385708,330.391588,103.520058,27.857468
304.103794,329.856031,108.064598,29.192589
304.243973,329.440964,103.860504,29.605761
304.046665,333.002334,96.658806,26.838551
309.519432,330.502395,97.958023,28.623524
306.125874,332.707949,95.245110,27.110518
305.318871,329.977933,101.833694,28.714457
304.713940,331.754006,104.875374,27.381060
305.437119,331.475456,103.800812,27.942158
305.444889,332.039900,94.484367,27.441750
305.214951,330.911438,89.829880,27.868549
305.993458,332.845605,89.518181,26.906771
304.808861,331.939127,89.143707,26.869461
305.831654,331.529199,94.327065,27.684692
305.394665,332.758389,99.564079,26.977259
305.483944,331.584436,102.751305,27.680817
305.593525,332.657909,103.670845,26.540035
305.195488,329.410987,101.888184,30.087225
304.029202,331.200062,102.039482,27.742596
303.713463,329.622895,104.566986,29.026476
303.660549,331.235937,102.461754,28.434883
303.402214,330.219291,102.290009,29.432926
302.199776,329.387963,102.798187,29.868258
301.735523,323.934097,103.432289,35.869282
301.095207,321.561664,102.873657,38.208599
300.100449,319.353923,98.929245,39.537533
300.448704,316.831285,96.990395,41.608139
299.766273,314.157585,104.933960,44.364170
300.172211,313.812051,104.425400,45.372986
299.871353,311.440294,107.097427,47.213120
300.509632,310.238123,117.806709,48.597046
299.607430,308.086357,122.581116,50.751591
299.624466,305.319719,126.213547,53.464951
299.905106,303.821493,120.749374,54.377815
300.091751,303.699800,127.223587,54.629288
299.789028,301.667947,122.935905,55.938812
300.002510,301.671205,122.462708,57.069595
300.645580,300.511921,121.539482,58.169567
300.192081,300.290367,114.526894,58.671787
301.201492,299.141819,114.955765,59.380627
300.702141,299.260853,113.075989,59.281353
301.887169,298.547832,110.964813,60.202297
301.524948,299.608228,110.197952,59.040062
302.193558,298.176841,111.389053,60.237583
302.569870,297.937256,108.694626,60.812855
302.931576,297.595590,109.547173,60.543365
302.210579,297.623308,107.841156,60.727524
301.714993,296.361887,110.678398,62.274384
301.851944,296.374302,110.923782,62.659985
301.993446,295.544101,108.789978,63.105145
302.233662,294.606878,109.044594,63.577705
302.107456,294.640035,110.663612,63.370583
301.914886,294.445152,108.414749,63.435551
301.821808,292.053045,111.259628,65.403877
301.721909,292.670397,108.060989,65.517685
302.492538,292.117231,107.768784,65.714165
301.769745,292.216219,105.803879,66.191483
302.611782,291.505865,106.502342,66.121590
302.208725,290.546926,106.218613,66.957436
302.082916,290.699793,105.936752,67.364746
301.119244,290.652021,105.662956,66.783745
302.042591,288.920320,106.339058,68.323441
300.577866,288.142618,105.347336,69.333496
301.438206,287.343290,105.020119,70.062126
301.502895,286.818762,105.114220,70.406227
300.562317,286.145162,104.748886,70.789070
301.807854,285.804292,105.575165,71.897293
300.749931,285.727052,104.108276,71.484238
300.574444,285.623090,104.589653,72.363792
300.688904,285.262525,104.440231,73.404442
300.039066,282.651613,104.944191,75.584305
299.396782,283.511968,103.154846,74.697029
299.627777,283.553007,105.056595,74.703758
298.568405,283.052782,104.418442,75.616501
298.976658,282.720625,104.739021,76.004875
297.597492,282.772829,104.149208,75.764664
297.567429,281.257227,105.045853,77.225677
297.203281,282.071592,102.337868,76.176720
297.155945,280.705953,103.958664,77.680061
296.217140,280.077905,104.155060,77.388641
295.610382,280.677480,103.137314,77.592201
294.708996,281.103521,105.203178,77.470650
294.065723,280.221594,104.421883,77.868538
293.252888,279.110784,104.692818,78.504341
292.652279,280.161150,104.476463,78.285904
292.409569,279.869745,105.157501,78.187866
291.572208,280.136774,104.342445,77.862244
291.539253,278.822176,104.606232,78.787216
290.562828,279.861837,105.418823,78.328041
289.702679,279.487463,105.561729,78.050819
290.253067,279.874010,104.909042,77.604141
288.610733,279.181215,103.882950,78.350906
287.154129,280.253885,105.595200,78.080292
286.980270,278.568197,105.360336,79.560432
285.255741,280.163767,103.199898,78.073914
283.916595,278.228235,104.446762,79.570465
281.136490,276.855787,101.810959,80.997337
277.255962,274.630815,102.412621,82.523422
276.509567,275.656511,102.487961,82.300461
273.216537,275.415014,102.404434,82.010963
271.050945,275.943643,103.117790,82.322906
270.139763,275.717889,102.383026,81.905487
268.285477,275.784700,102.122360,81.791946
266.372761,275.963178,101.709572,82.387505
265.481861,275.555155,102.491646,82.453400
263.806995,274.990057,102.511971,82.144875
263.170090,274.329836,102.066147,83.353256
262.756626,274.098520,102.067848,83.967957
262.859287,273.204366,102.437904,84.469795
262.560535,273.804636,101.865883,84.625061
262.769299,273.804685,102.491142,83.627983
262.315655,273.793207,101.934593,83.984253
262.682472,273.085050,102.286774,84.693993
264.531837,272.433000,102.503021,85.764572
266.460892,271.666887,102.725052,86.010178
267.842239,271.220224,102.214523,86.435059
269.768444,273.569761,101.594322,85.289696
269.957485,273.224466,101.690239,84.831635
271.248753,273.450002,101.527168,84.130989
270.478088,273.884897,101.569260,83.316620
271.257057,273.505373,102.127472,83.899155
271.518581,274.361765,101.224022,83.264465
271.661892,274.879648,101.947166,82.973694
271.549183,275.891710,100.971321,82.419235
271.764572,276.003908,101.392075,81.016708
272.639671,276.446485,101.099274,80.756950
272.571194,276.570772,100.800163,80.959030
272.070709,276.617056,100.185532,81.192604
271.710728,275.817724,101.008095,81.661476
272.085705,276.662508,101.023521,81.204605
272.388577,276.363172,101.597771,81.002129
272.354210,277.675092,101.649994,79.972954
272.008781,278.551389,101.288391,79.236046
272.302795,279.114340,100.840286,78.339668
273.253620,279.512273,100.059822,77.523720
273.112026,279.661112,100.368492,77.627289
274.337299,280.689642,99.997322,77.335396
274.493900,280.663912,100.737160,76.956070
275.682400,280.082750,100.467827,77.291214
277.002625,279.783571,99.389694,77.983261
278.267406,278.658041,99.064110,79.049934
280.010281,276.931696,100.810997,80.114563
281.983379,275.511499,99.574211,82.018372
282.181820,272.677423,101.851433,84.645996
282.782452,270.876985,101.631889,86.721146
283.264637,266.557138,99.767647,91.687836
283.690262,261.686884,103.429428,95.399567
285.502605,254.436422,102.149742,102.061928
283.449821,249.361112,105.315674,106.204124
277.034451,242.323774,111.673515,110.603569
278.798931,236.592458,108.065575,115.447060
277.856541,231.112676,84.105690,126.444038
272.878826,228.392832,82.568657,129.660645
274.899601,222.286852,75.082527,135.398178
257.957382,213.866968,88.687241,143.889832
258.395782,211.914781,84.949539,146.484451
260.640465,207.533525,77.559845,143.468948
258.973583,201.804041,74.751640,145.339417
260.954399,190.439050,71.231049,155.791718
259.074099,187.013841,63.023327,159.457382
256.737272,180.860506,62.922810,163.357315
251.879696,172.701547,62.087517,161.518463
252.562304,168.884287,57.136547,156.087677
249.550573,164.640779,58.321629,150.815353
251.130939,158.156725,56.037483,142.022476
249.103090,155.532987,57.502148,125.399376
250.414854,153.776025,59.563770,124.866882
250.666346,149.703134,58.511959,126.813904
249.534176,145.662092,61.702660,127.068291
248.378313,137.123460,61.593975,133.341110
252.506498,131.791292,61.251148,136.869034
254.255102,129.494821,59.253025,139.107391
254.910366,125.207292,60.593071,142.407883
254.242514,120.741197,57.697727,145.914536
253.547558,118.750215,56.528831,148.280746
253.516094,117.573259,56.537804,149.151779
252.926315,115.244402,56.770981,150.422318
252.123631,116.273943,57.390755,148.695236
251.927677,114.732492,57.716042,150.030609
252.242529,113.609445,57.665806,149.868774
252.330988,114.842157,57.550045,148.320862
253.231176,113.593416,57.057377,149.738235
254.012402,114.308443,56.749748,148.878830
254.157625,113.796716,57.240856,148.734528
254.875328,115.435991,55.856750,147.544205
255.610085,113.829248,55.056274,149.063141
255.657450,113.723345,55.111111,151.121811
255.540718,113.294962,55.172485,151.142883
255.868311,114.506639,54.726406,151.176712
256.186853,112.325395,54.176266,151.568741
256.593754,114.155519,54.352333,152.553604
256.731068,113.368272,53.463417,152.550827
257.486115,112.315508,53.046494,154.031723
257.482719,114.366007,52.720093,152.845123
258.058023,114.315431,52.540157,152.832169
258.116674,114.029772,52.183842,153.357010
259.202562,114.786638,51.493237,152.854141
258.978584,115.058199,52.161194,153.841476
258.014853,115.569811,53.996952,151.828537
257.166321,118.452577,54.402420,150.177841
258.276649,119.548265,54.982117,150.611893
259.901518,120.895052,53.124561,151.064438
261.999022,122.557855,52.032795,149.980682
262.214241,123.325556,52.075134,148.035431
262.017130,124.241365,53.329494,148.030472
261.950365,123.068559,53.175671,148.009018
261.385601,120.884325,53.715385,151.719162
261.785883,120.650964,54.195980,150.514709
261.321651,120.634760,53.703575,153.801300
261.357943,120.569688,53.446392,152.556870
261.356609,120.510828,53.733818,153.454315
260.188152,120.893068,53.804649,152.920731
258.251505,121.163843,53.526760,154.289551
254.480772,121.846658,53.532825,152.564636
251.825363,121.994692,54.327499,152.440567
249.780548,122.046503,53.845749,153.755005
248.019554,122.770700,53.500580,155.179993
245.800716,123.027025,54.420616,155.113724
244.319508,122.634371,54.762245,157.200180
242.720444,125.325380,54.998764,156.206985
242.446655,126.706133,54.809067,156.216385
242.057558,128.844667,55.327496,155.544937
240.391851,130.049875,56.098454,155.179413
238.523951,132.065370,58.922512,155.725693
237.654045,134.522310,60.117310,153.522324
235.384577,137.681169,60.460567,150.261978
233.996441,138.396394,60.641869,151.428787
232.647587,140.048044,61.429054,149.845764
231.860329,143.731821,61.630829,147.633057
230.008675,145.345880,63.476959,147.837555
230.071339,146.784548,63.127296,147.635880
230.178205,145.675478,62.356709,150.231766
229.992117,145.811113,63.024693,150.123550
229.503777,149.198991,62.979523,147.397629
229.379553,149.513414,63.183445,147.583969
228.479897,150.062868,64.958374,146.691910
227.881790,152.680437,65.675430,143.323868
227.198395,154.217317,66.032547,142.031265
227.853630,153.576624,66.309113,140.810089
229.590508,154.585970,66.535400,139.973434
231.161320,155.230623,65.970680,138.257584
232.117977,154.803102,66.480003,137.566391
233.097561,152.858339,65.789421,136.836166
234.675629,151.465913,64.773239,134.419601
234.214417,150.590387,65.159531,130.672119
234.575302,149.306963,65.070236,126.815018
235.096188,149.797411,64.341972,122.467758
235.988651,147.915518,66.132301,120.912331
235.795296,152.057432,67.862274,116.067863
236.115520,150.968809,66.188072,114.818718
236.694565,152.823816,67.990982,113.356018
237.481979,151.897402,66.386826,113.992569
237.673431,151.872495,67.851151,115.454979
237.910870,152.368799,68.088066,114.247498
238.327114,152.502504,68.191765,113.423080
238.768055,151.979536,68.742867,114.249016
238.883591,150.817346,67.671036,114.783875
239.134048,148.577055,67.897903,116.831230
239.390717,149.866213,68.078140,115.789078
240.058701,146.330736,67.755630,119.470535
240.334568,148.669298,68.629036,115.441910
240.216621,146.316137,67.523956,117.889870
241.706387,143.369722,67.849937,120.358383
241.409767,142.807913,67.177673,119.648445
243.774097,141.475431,66.625252,123.878960
242.848801,142.252252,65.824661,127.242249
245.622978,141.243456,65.887726,130.159561
244.982101,143.245050,65.599258,133.845062
246.848240,142.880235,67.600380,131.428574
245.610291,143.725687,67.280319,135.066376
247.620953,143.370851,67.829124,134.175247
247.140247,144.548151,67.075508,133.082611
248.150368,144.260145,69.498291,124.478966
247.901169,146.234564,65.774704,123.973610
247.782158,144.982042,67.173401,135.554306
249.160580,145.697740,68.819206,136.275681
249.271561,147.187257,67.460983,134.897476
248.466156,147.516504,70.125076,130.671417
249.185123,147.977670,69.891487,124.673950
248.541965,148.382684,68.171333,121.375580
248.985474,147.452589,70.730179,121.375084
249.094364,150.274694,70.537514,118.584908
249.562542,149.502634,70.555351,117.634125
249.406464,151.328539,70.578903,119.013412
249.796227,149.689867,70.860962,118.559341
249.415897,151.595751,69.870674,126.116837
251.239834,149.612753,70.055351,126.815163
250.358730,151.300455,70.472069,133.273865
251.075577,151.792375,70.559555,132.297897
251.410862,151.692491,70.553902,132.848007
251.169636,152.007814,71.565590,129.633987
250.831688,152.012491,70.619843,129.869049
250.613476,153.133081,70.852531,130.072815
251.427177,152.630106,70.869324,125.017609
251.035988,152.750948,70.082367,128.301926
250.334106,152.915369,71.098068,133.320923
252.319271,152.451616,68.693199,132.688492
250.265778,151.281076,68.036484,135.063263
251.863888,150.966936,68.873589,137.774857
251.808662,150.383760,66.479858,139.372513
251.629818,151.167146,65.667015,138.260422
251.963902,150.873155,64.570351,136.703354
252.260212,151.360857,65.505684,128.775864
251.335663,149.812303,65.055954,124.031326
250.887451,149.926202,65.558060,140.397766
250.943735,151.131715,54.275997,126.295731
250.666250,150.711610,52.820164,137.621811
247.096340,147.867120,55.242516,140.252625
244.026737,150.852487,58.659828,137.617249
241.906712,148.228830,62.390907,133.571838
236.321026,149.193308,64.877831,136.591949
234.118504,149.067011,68.152657,136.596619
231.112804,149.730280,69.356499,133.710358
229.363586,149.180483,70.708939,135.161301
229.759537,150.501810,69.704910,135.476013
229.283062,149.919153,69.208580,137.044952
232.905697,149.583490,66.176933,136.658844
235.432468,149.419923,63.464211,137.511826
239.536795,150.011041,60.610935,136.635986
244.442734,149.485712,55.189926,132.842773
245.155523,147.394357,54.343845,137.729767
246.295258,147.239427,53.269547,123.032730
248.303034,148.408525,53.879513,125.460129
247.241783,147.516061,54.671722,129.856018
247.693583,147.995088,54.382626,132.987045
247.695890,146.724725,54.295368,133.606842
248.022005,147.539789,55.451611,130.820007
247.546659,147.451662,56.539845,132.015121
248.366360,148.038881,56.324699,131.061264
248.665661,145.114023,55.616234,133.196838
249.145115,147.637819,55.136177,134.881210
249.187010,144.349512,54.965534,134.579132
250.144829,146.096529,53.803467,135.910416
250.694849,143.334657,52.685390,136.801956
250.073076,144.010156,53.749004,139.399902
251.089975,142.940904,53.183163,138.282028
249.042913,141.564920,54.227604,139.820587
245.564182,144.486391,58.460732,138.859726
244.372320,144.778200,59.793827,136.231796
241.782562,144.350664,62.344833,137.147476
239.657843,145.670580,63.918674,135.788193
238.934216,144.248758,65.077812,136.447937
240.000061,145.684328,64.168961,135.431137
240.401695,144.436273,62.915619,135.714142
244.194172,145.050066,60.149086,134.717575
243.519043,144.366190,60.877914,135.435852
245.582796,143.513513,58.874554,135.957733
245.923941,144.622743,58.577213,138.474350
246.756767,142.701853,57.601227,140.025879
246.913023,143.292741,57.748432,140.319321
248.582392,143.510637,56.787380,141.649673
248.700024,142.423708,57.531639,143.180435
248.280754,143.516451,58.072296,142.385056
248.131847,143.216455,56.700554,142.819946
249.201433,142.457124,57.377880,141.660080
250.669474,144.225931,55.259670,139.615143
252.990265,143.567087,53.218124,138.832397
255.258617,144.845415,49.775505,135.134811
257.048103,145.721697,47.434906,133.609543
258.718433,143.924181,45.972725,134.043198
258.200729,147.351564,45.413864,130.750137
258.649227,145.628374,46.642509,133.215805
259.329279,145.430727,45.883083,134.182541
258.780903,144.802301,46.043892,136.230682
259.085764,143.452211,45.451778,138.900589
258.734026,143.265321,45.842510,140.800766
258.389776,143.155992,47.184086,141.566483
258.229158,146.778627,47.895306,140.377823
258.566452,144.520090,49.273453,139.915649
257.741096,147.032716,47.455383,141.852646
258.044447,145.253488,48.599079,143.985138
258.972736,144.559045,48.033363,130.318146
257.502979,146.301149,48.214973,137.770248
258.072166,144.898996,48.182251,138.559174
257.669945,146.119493,47.546875,134.361313
258.516756,147.378763,46.444836,129.955719
258.863214,146.546999,46.222897,129.426224
258.446316,146.950624,45.945946,128.421982
256.910723,146.914957,47.073681,128.273987
255.409384,148.607465,48.116978,123.231438
256.172035,148.875578,47.624207,123.739037
255.315052,148.883451,48.321022,122.993126
256.579258,149.794126,46.571907,123.005577
256.329872,149.538938,47.129547,122.990410
256.678312,149.272642,47.085560,122.289818
256.613781,149.042013,46.616295,123.201851
257.469210,149.123983,46.773449,123.376564
256.664551,148.470255,46.532242,123.489227
256.669170,147.407213,46.024315,124.762161
256.400791,147.288160,47.137978,124.525505
256.218388,146.196165,47.835701,124.598289
256.083063,146.121057,47.751095,124.653137
255.410765,146.402933,48.803455,124.621094
255.428549,146.003854,50.091679,124.749481
255.764198,146.356783,50.886383,125.159378
254.983566,146.422193,51.248367,125.769035
254.581316,147.536489,51.278210,124.433418
254.407545,147.498129,52.229633,124.342049
254.305128,147.873975,52.910419,124.164391
253.858547,148.664053,51.983391,123.541084
254.013535,148.835077,54.340714,123.524841
254.120998,149.255922,52.578484,122.990341
253.045822,150.696115,55.158707,122.522766
253.166401,150.506532,54.597267,122.097641
254.220785,151.858797,55.113010,121.492599
254.440849,151.566015,55.050201,120.959328
255.542809,152.481260,55.890472,120.960899
255.506525,153.673956,56.935299,121.226570
254.780933,153.963377,57.966743,121.441490
254.741585,154.397237,58.581299,121.034157
254.661184,154.671617,59.983616,120.970932
254.888706,154.865747,59.797005,121.220398
254.827517,155.149931,61.128216,121.318535
255.198977,155.620901,61.347424,119.951210
255.436327,156.783594,62.076946,118.348999
255.607943,157.776079,61.581036,119.031509
255.998291,158.310743,61.656448,117.969566
256.375046,159.112756,61.916763,117.122070
256.273556,158.874155,61.891411,117.819611
255.967659,158.869829,61.620728,119.135757
255.901770,160.293737,62.904423,117.469460
256.878677,160.716013,62.196213,117.377808
256.863556,159.761430,61.583817,120.158859
256.595636,160.447004,62.022549,119.595451
256.810297,160.458379,61.839108,120.054207
256.766256,160.261228,61.474857,121.211205
256.483711,160.388551,61.120636,122.046768
255.997198,163.639234,61.949131,119.741722
256.292162,162.817346,62.649395,120.314972
255.353170,165.201551,61.817844,120.737724
255.583752,165.179517,61.152092,120.364586
255.294014,169.122064,59.948395,120.278931
254.972172,169.775861,61.107460,121.213890
255.282881,171.570894,60.920063,121.193710
254.460293,172.793783,60.306206,121.238747
254.200268,173.834757,60.629539,121.626312
253.946724,173.335085,61.951385,121.642441
255.364326,178.590955,60.289398,116.407066
255.161051,179.433183,61.094204,117.413010
253.656950,179.834737,63.888081,117.331642
254.325687,183.552248,62.948891,114.455521
254.225391,185.022310,63.289345,113.632004
254.713991,186.679884,62.637157,111.894737
254.080992,186.055509,62.691456,114.018394
254.754488,186.868059,61.813000,113.612747
254.685621,186.272249,61.546680,115.568436
257.441668,186.562303,59.572186,116.777756
257.581787,186.679453,58.926590,117.467834
257.325647,186.395883,56.273037,118.756409
257.365438,185.744562,56.074039,120.566162
257.683134,186.156690,56.342426,120.196159
257.225269,185.753530,54.354774,120.333473
258.243078,186.045557,55.044376,120.201111
257.900694,184.491811,55.147511,120.275063
258.977362,182.547071,54.946232,120.284081
259.119801,180.829347,53.684761,121.230850
258.602400,180.006956,55.421528,119.991936
260.262955,176.870439,55.266434,120.778885
260.712717,174.949648,54.612270,120.820358
259.667143,172.846761,55.535572,120.867317
260.959410,171.755991,56.104725,120.561462
261.689430,170.353063,56.507843,120.048653
261.916988,168.646066,56.522118,119.790009
262.130209,166.837335,57.518497,119.851135
261.944069,165.912672,59.415771,119.590355
261.564837,165.310461,62.700695,117.537300
263.398209,164.891428,63.386307,117.515991
264.024727,163.528063,66.288513,116.345444
264.651741,162.764764,66.603607,117.415131
264.770901,163.546728,67.965721,116.248817
264.783962,161.799703,69.026665,117.967079
265.650845,163.112985,68.824242,114.223328
264.613323,159.827104,70.795219,117.274948
264.874416,162.012792,69.854942,114.826912
264.921978,162.752672,70.745567,113.784164
266.612450,160.212389,70.178131,117.826706
267.901463,161.388395,69.640175,115.837975
267.796101,159.418134,69.590828,118.068779
268.412273,159.344713,68.733696,117.324112
268.935204,159.035028,68.811523,119.564819
270.224022,156.186041,68.992340,118.461128
269.463924,156.156175,69.013390,122.682053
270.265549,155.894262,69.343460,117.545479
269.995266,154.224657,68.681969,120.600296
270.813999,153.598211,69.150063,120.319191
270.391750,154.164827,66.606163,120.364883
270.564384,155.381017,67.197357,118.653267
270.898697,155.571203,65.424545,118.926338
271.053951,154.362444,64.607964,119.328812
271.674770,152.311426,67.535271,120.589783
272.350590,151.421415,67.351784,119.625450
271.878330,151.836584,67.464577,118.690254
271.591377,151.217241,68.319183,119.551468
273.253231,147.984880,67.306358,121.129654
271.973381,148.124414,69.421631,119.759705
272.682728,147.536543,64.244087,121.868187
273.754581,145.971193,59.794685,122.795670
274.108675,146.401899,55.832073,123.790489
274.556963,146.221166,56.071880,125.079414
275.649357,144.192941,56.077339,127.458160
276.270882,144.510606,55.585815,127.286301
274.542536,146.018690,58.097164,122.639824
276.729746,140.293894,58.109951,126.042755
275.985613,147.212019,57.422070,121.571861
277.438168,145.535276,59.530907,121.616905
278.526358,146.019899,61.936954,122.426315
279.804768,148.412859,60.839638,118.782089
280.598906,147.617384,62.257923,119.260582
280.319084,147.184725,63.322052,120.093857
280.197670,148.992613,66.550659,116.048576
281.817505,151.973493,61.941940,115.117393
281.638926,154.115904,62.592983,112.561760
282.043724,154.485193,62.018707,113.698608
282.502190,154.703172,63.514679,114.485153
282.377014,157.012850,63.089706,112.105759
282.942375,156.791956,64.749420,108.677124
282.523396,159.801763,65.396400,106.043953
282.207146,158.815233,65.010895,104.968063
278.866093,162.465936,69.112831,100.840332
277.364124,162.618093,71.210304,100.460823
276.042244,164.427881,72.364258,100.361267
269.358837,164.079115,78.946404,100.720329
267.484066,164.852068,81.282921,99.261215
273.175220,162.688524,77.624001,103.030533
277.125324,170.209280,76.303810,94.320168
283.507847,171.847383,75.890022,94.076859
285.898830,177.091047,78.952232,89.667290
290.994576,183.067938,79.006714,85.827553
297.431667,185.340528,76.398399,87.392967
302.375854,187.876169,76.234360,88.163452
303.932590,187.374582,78.172737,93.262024
303.341175,191.835752,80.243813,91.141685
313.992905,193.911043,73.137039,94.826065
317.907726,185.070848,72.266075,105.367233
320.503696,177.589910,70.480751,114.564339
326.586174,171.585298,65.363007,121.602646
329.946880,171.585577,66.599693,126.697762
330.413513,168.265581,66.652512,134.034927
330.464905,170.052950,67.225540,135.363602
329.259285,167.277254,69.634521,141.364914
329.034256,173.188959,77.648911,141.272949
330.153759,169.770815,78.022758,143.987595
329.839413,176.827783,95.105247,154.062378
327.765072,182.561601,96.015465,146.938431
325.476303,184.385263,94.321518,144.906830
326.644756,186.716524,92.234184,143.359360
324.805092,188.259088,91.452209,140.353027
323.578201,188.763010,89.858871,139.355743
321.602184,189.615129,89.633232,139.973526
320.967937,190.156572,88.284172,139.090775
319.233780,188.912859,78.145920,153.820633
320.075523,186.668634,61.910187,171.529175
319.747887,193.059938,69.415802,166.529587
321.963705,208.747904,57.803684,149.058380
319.585293,213.906198,61.201317,144.024170
325.920223,236.579172,68.467155,121.700226
324.804024,243.658086,49.945343,115.793709
323.933598,111.086309,45.978340,64.503639
320.363060,108.661081,53.315063,80.403381
325.865572,112.543764,49.209942,88.079788
316.754248,261.132885,53.097385,43.947872
327.695456,162.107124,50.182896,54.905533
320.626822,120.813553,60.232731,104.430527
324.301786,120.152878,56.957050,111.561874
325.126123,150.610386,61.741848,87.112312
318.772400,253.189087,55.953690,94.152725
318.386110,263.154670,53.505505,95.645416
317.755648,263.138782,53.296001,96.535164
316.628551,254.726780,52.037102,104.681068
317.362705,259.400860,53.386208,99.850273
317.700903,262.996074,52.685795,97.003926
317.795509,265.585146,52.798004,94.414854
311.503372,265.256307,59.968185,93.789543
316.898039,263.886849,57.282856,95.270279
316.397963,264.552007,56.373981,94.262413
317.080141,267.056855,59.072552,92.675903
248.450394,219.812219,129.407608,139.012344
206.349854,8.857484,103.173630,110.972443
207.887436,10.538762,99.691177,106.114769
207.919621,11.534100,99.494484,103.631783
207.111629,12.620332,100.601463,102.530853
207.229240,14.094949,101.495911,100.123917
207.216904,14.997785,101.981583,98.983833
206.164890,16.329350,101.438881,97.659294
205.605671,16.965371,103.051704,96.999222
205.784180,18.211312,103.335129,96.252670
204.989704,18.488553,104.066933,95.732948
204.876709,18.813531,104.584946,95.636215
204.007824,19.077569,104.986870,95.358322
204.474152,19.247361,103.871628,95.354156
204.848469,18.841847,104.169044,95.173119
204.653000,18.818063,104.906631,95.310989
204.827492,19.351804,105.177429,95.100136
204.503418,19.294652,106.599228,95.010674
204.543095,18.279118,104.886208,95.637627
205.011448,17.573922,110.438301,95.789078
203.877087,16.807839,107.385948,95.889114
203.910709,15.911687,107.041298,95.895439
204.691196,16.046655,106.101631,95.766800
204.749905,16.263745,106.272789,95.255135
204.654686,16.470475,106.753418,93.604034
205.142445,16.717767,107.955238,94.592941
205.346718,17.385442,110.060699,93.561546
206.413696,17.647481,112.892929,93.758873
206.283489,19.074208,114.572838,91.482384
205.984127,20.126084,115.559502,89.389801
207.089325,22.952397,118.389145,87.506645
208.512913,24.138757,118.659584,85.561203
209.252068,26.018483,123.142059,83.882652
210.238949,27.620034,124.494469,82.203262
212.877499,26.877679,124.849388,79.978226
213.066032,26.368909,128.508514,83.144966
213.582863,26.637322,128.859375,81.298019
214.549210,25.543656,130.183273,83.271637
215.628212,24.840295,132.442383,85.045731
215.770966,24.862367,137.278214,85.583252
215.946022,23.551751,141.525269,90.179764
216.906631,23.250234,145.289658,98.504112
215.734756,22.461430,145.453964,98.685234
216.301765,21.912301,148.105652,105.221176
213.802216,21.106481,152.202225,106.756218
213.870201,21.299687,151.886993,106.832085
214.846329,19.821511,150.277328,105.978012
214.035156,19.604230,150.918961,105.491432
212.965355,18.391045,151.776947,107.014664
212.268669,18.282201,153.880646,109.437675
211.957191,17.364396,151.253113,121.151215
210.099754,17.842957,154.765472,122.743713
210.896996,17.199780,155.397919,123.334633
209.687637,17.283189,154.940353,124.927399
210.220589,15.936971,154.587646,126.634789
208.506775,16.193223,152.761978,127.253082
209.075462,15.122167,154.793060,125.526543
207.834091,15.545751,154.868454,125.264824
208.197151,14.252973,154.010071,126.123024
206.661903,14.440350,156.255005,124.969215
207.106171,14.895669,154.334305,124.077133
207.223289,14.746049,154.307953,121.402313
206.217583,14.358483,154.187408,123.130508
