0.011684
0.020087
0.018945
0.020183
0.019883
0.028008
0.019353
0.020095
0.020498
0.034168
0.023569
0.019920
0.019281
0.020376
0.019331
0.019976
0.018455
0.018351
0.021345
0.019740
0.019328
0.019624
0.019794
0.019697
0.020193
0.020044
0.025516
0.021573
0.021172
0.019612
0.025629
0.019403
0.019760
0.020408
0.019752
0.020247
0.020369
0.019674
0.019490
0.024144
0.020392
0.020476
0.020132
0.018802
0.020119
0.020699
0.020369
0.019788
0.020900
0.021398
0.020784
0.021836
0.027158
0.021094
0.021991
0.021078
0.020418
0.024533
0.030830
0.021254
0.020221
0.020327
0.019780
0.020449
0.021004
0.037595
0.023968
0.019438
0.019727
0.020841
0.024076
0.021541
0.020078
0.021376
0.028286
0.019313
0.019894
0.020881
0.020049
0.020303
0.019859
0.019927
0.018471
0.019080
0.020392
0.019947
0.019510
0.035248
0.029071
0.019896
0.018787
0.018806
0.024025
0.019030
0.019682
0.020071
0.018730
0.019410
0.021873
0.027165
0.019147
0.020214
0.020077
0.020410
0.019785
0.019718
0.019552
0.019364
0.020850
0.020462
0.019540
0.020691
0.020731
0.019783
0.019513
0.025698
0.022949
0.025851
0.038251
0.021651
0.021494
0.020259
0.019992
0.018745
0.019891
0.019651
0.028104
0.018883
0.019550
0.019305
0.019891
0.019777
0.023354
0.019710
0.020716
0.019955
0.019120
0.019748
0.020489
0.019825
0.020832
0.024579
0.020528
0.024957
0.020657
0.020129
0.020642
0.027040
0.024357
0.020627
0.019726
0.020187
0.020303
0.019146
0.028240
0.019160
0.020977
0.034033
0.021073
0.029499
0.019145
0.018225
0.020094
0.019967
0.026818
0.018726
0.019616
0.019581
0.025131
0.023175
0.018173
0.021577
0.020659
0.020038
0.023336
0.026743
0.019755
0.022477
0.020710
0.020173
0.019929
0.028151
0.020242
0.020997
0.021281
0.020895
0.021487
0.019935
0.020324
0.019685
0.024889
0.019942
0.019546
0.020561
0.019864
0.019373
0.019245
0.019329
0.025505
0.019819
0.031531
0.018997
0.019766
0.018958
0.019837
0.021013
0.024942
0.019828
0.019937
0.022156
0.020282
0.019155
0.020059
0.018892
0.018421
0.019425
0.019601
0.019706
0.020442
0.018593
0.019004
0.020236
0.018949
0.025064
0.019650
0.019696
0.019445
0.019760
0.019532
0.031923
0.019840
0.019890
0.019468
0.018835
0.018249
0.018597
0.020272
0.019448
0.020316
0.020152
0.020470
0.020232
0.021013
0.020107
0.020385
0.019844
0.019711
0.019233
0.022644
0.020673
0.019788
0.020024
0.020436
0.020571
0.019685
0.019888
0.018564
0.020659
0.019860
0.019698
0.019814
0.019455
0.019985
0.020764
0.021030
0.020348
0.019977
0.029282
0.021065
0.030639
0.019418
0.018365
0.018859
0.019753
0.021338
0.018817
0.019610
0.020557
0.023226
0.020049
0.020052
0.023863
0.019147
0.019972
0.019148
0.019958
0.019896
0.022156
0.019237
0.019302
0.019817
0.026369
0.028286
0.019525
0.026935
0.027010
0.019803
0.020175
0.019681
0.019778
0.019800
0.019666
0.019530
0.019858
0.019154
0.021019
0.019220
0.019832
0.020766
0.019297
0.020142
0.019472
0.020159
0.019712
0.019888
0.018812
0.020764
0.025306
0.019580
0.019247
0.019441
0.019546
0.018472
0.023698
0.019830
0.019698
0.019454
0.019373
0.021664
0.019446
0.019233
0.019477
0.019190
0.019796
0.020102
0.020339
0.020021
0.022301
0.028144
0.020341
0.021289
0.024577
0.021722
0.040080
0.020656
0.022192
0.020306
0.021286
0.020275
0.019533
0.019749
0.023725
0.020353
0.021247
0.020640
0.028624
0.021374
0.019300
0.020155
0.020222
0.020723
0.020679
0.020510
0.020724
0.019814
0.020537
0.020395
0.020382
0.020837
0.020650
0.020100
0.021337
0.020080
0.019806
0.019164
0.018112
0.018636
0.019720
0.019814
0.019669
0.021549
0.025148
0.020736
0.020135
0.021724
0.038099
0.021168
0.020737
0.024409
0.021088
0.020350
0.021656
0.025749
0.020638
0.021122
0.020320
0.025868
0.022207
0.020470
0.026707
0.033596
0.020847
0.021081
0.020889
0.020195
0.021358
0.020412
0.019369
0.020633
0.020734
0.020675
0.020978
0.021632
0.021929
0.019914
0.020424
0.021267
0.020494
0.020521
0.020981
0.021274
0.019676
0.029897
0.020897
0.021613
0.020188
0.020400
0.028899
0.020670
0.020791
0.020631
0.020310
0.022504
0.020620
0.020531
0.020564
0.020272
0.023237
0.027410
0.020203
0.023232
0.020650
0.021300
0.020615
0.020264
0.019982
0.020779
0.020652
0.020837
0.022732
0.020250
0.020230
0.020104
0.020552
0.022288
0.020929
0.020027
0.020011
0.020385
0.020111
0.021982
0.020238
0.022650
0.024990
0.019384
0.027002
0.020144
0.022007
0.022648
0.019023
0.019455
0.031243
0.020401
0.026606
0.029167
0.020300
0.026179
0.020563
0.019177
0.020470
0.019882
0.024443
0.019993
0.020805
0.025721
0.020896
0.020597
0.023217
0.026765
0.021175
0.021317
0.021655
0.045568
0.019089
0.020687
0.020129
0.020472
0.020860
0.020922
0.020691
0.021212
0.019801
0.019167
0.018750
0.024440
0.019423
0.020137
0.019997
0.019657
0.024142
0.020311
0.019027
0.020346
0.019495
0.021031
0.019200
0.019905
0.019238
0.019935
0.018940
0.020140
0.020285
0.019475
0.019844
0.018862
0.020321
0.019717
0.019429
0.020581
0.020665
0.024658
0.020551
0.020535
0.020031
0.020130
0.018555
0.019850
0.020247
0.020520
0.019783
0.020539
0.020145
0.019531
0.019646
0.018370
0.020035
0.019742
0.019939
0.019282
0.018848
0.020522
0.018570
0.018750
0.019242
0.018285
0.018108
0.018510
0.020028
0.019474
0.024529
0.019757
0.020122
0.019146
0.018255
0.019345
0.019474
0.020288
0.021171
0.030589
0.020076
0.020637
0.020123
0.021182
0.019694
0.020514
0.021808
0.021692
0.021711
0.020646
0.021681
0.021019
0.021405
0.019392
0.021056
0.021035
0.020034
0.029227
0.019172
0.021505
0.020568
0.021000
0.021129
0.020627
0.021077
0.019768
0.019775
0.019463
0.020719
0.020474
0.020079
0.021246
0.020534
0.021650
0.019096
0.020244
0.020983
0.021313
0.020070
0.020941
0.019692
0.024072
0.035921
0.023363
0.026242
0.020276
0.021761
0.019165
0.020260
0.018290
0.019907
0.019281
0.018277
0.019424
0.018117
0.019361
0.019118
0.019314
0.021364
0.018572
0.018577
0.019684
0.019246
0.019317
0.019881
0.019093
0.019398
0.018962
0.019128
0.019426
0.019334
0.019116
0.019239
0.019507
0.018153
0.018052
0.018379
0.018221
0.018175
0.020074
0.019882
0.019651
0.019029
0.018422
0.018430
0.020544
0.019438
0.020116
0.019735
0.018352
0.019357
0.018936
0.019103
0.019644
0.019799
0.018804
0.019167
0.033847
0.020400
0.019185
0.019150
0.019798
0.019418
0.020289
0.019080
0.019688
0.019790
0.018431
0.019388
0.019931
0.025505
0.019961
0.024230
0.020583
0.020240
0.020066
0.020222
0.020020
0.019662
0.018459
0.019676
0.019883
0.019892
0.019381
0.018571
0.019674
0.019788
0.020788
0.019503
0.029466
0.019910
0.020555
0.020292
0.020000
0.020388
0.020050
0.018992
0.020146
0.019948
0.020118
0.019880
0.020403
0.019909
0.020001
0.020539
0.020362
0.020298
0.019708
0.019377
0.020427
0.018570
0.020288
0.018548
0.020381
0.020505
0.019609
0.020218
0.020115
0.019417
0.019009
0.019024
0.019047
0.018950
0.019647
0.019720
0.020230
0.020184
0.020577
0.019312
0.018948
0.020304
0.025986
0.020602
0.030444
0.024249
0.020377
0.023391
0.019949
0.024127
0.020478
0.020205
0.023293
0.019923
0.019564
0.019468
0.019024
0.019191
0.018948
0.019107
0.020582
0.018555
0.020606
0.018848
0.019832
0.024901
0.020180
0.023896
0.027923
0.019853
0.025743
0.025128
0.019433
0.018923
0.032662
0.024500
0.027378
0.020088
0.025983
0.020104
0.024502
0.019393
0.019733
0.019121
0.020400
0.020097
0.018688
0.020954
0.019915
0.019665
0.019007
0.019463
0.019893
0.019968
0.030406
0.031714
0.022300
0.020454
0.019644
0.019850
0.019506
0.025417
0.037183
0.021422
0.020182
0.022954
0.019279
0.024261
0.019406
0.024332
0.027382
0.020248
0.024882
0.025065
0.020890
0.020224
0.023193
0.019851
0.019192
0.021639
0.019878
0.019744
0.019623
0.026723
0.018652
0.019018
0.019995
0.019576
0.019702
0.030000
0.020524
0.029792
0.019705
0.019530
0.021806
0.027855
0.019578
0.020213
0.020510
0.023630
0.019639
0.018843
0.019404
0.018907
0.020855
0.026740
0.019785
0.018951
0.020743
0.020313
0.019699
0.018459
0.018770
0.019658
0.020186
0.020229
0.019257
0.018870
0.019998
0.027027
0.019063
0.025780
0.019815
0.019812
0.020036
0.019147
0.019879
0.019804
0.020029
0.030244
0.020203
0.030088
0.020197
0.022081
0.032653
0.021125
0.020380
0.019233
0.018894
0.026652
0.019748
0.026789
0.020610
0.023307
0.019559
0.019692
0.020504
0.019242
0.023041
0.020259
0.019661
0.018784
0.020652
0.024574
0.019406
0.018765
0.022426
0.020229
0.020389
0.019845
0.018788
0.019014
0.019346
0.020134
0.019538
0.020228
0.019706
0.020140
0.020658
0.019880
0.021865
0.019710
0.019323
0.020340
0.020149
0.019811
0.018687
0.019322
0.018792
0.019367
0.019568
0.032058
0.022963
0.027778
0.020551
0.035223
0.022471
0.020601
0.020466
0.019840
0.023999
0.018805
0.020230
0.020139
0.027350
0.019422
0.019069
0.025595
0.026297
0.018775
0.019827
0.022253
0.024787
0.019898
0.025040
0.019362
0.018703
0.028867
0.018651
0.022672
0.019682
0.028554
0.020139
0.020197
0.019896
0.021255
0.019923
0.018564
0.026705
0.019453
0.019831
0.018483
0.019972
0.019757
0.019137
0.022048
0.020297
0.018664
0.019507
0.021727
0.019514
0.020441
0.018806
0.020398
0.019654
0.019449
0.018627
0.018701
0.019391
0.020871
0.019167
0.019576
0.020177
0.020014
0.019591
0.018541
0.018828
0.021930
0.019565
0.019715
0.019411
0.019781
0.019931
0.018494
0.019296
0.020462
0.019135
0.020013
0.020012
0.019679
0.018500
0.019663
0.031101
0.019706
0.019475
0.020917
0.019510
0.026010
0.019357
0.019228
0.019936
0.018608
0.019293
0.018695
0.019378
0.018693
0.023609
0.028740
0.019567
0.025904
0.019846
0.019684
0.019742
0.018653
0.019251
0.020062
0.021995
0.021196
0.024745
0.020493
0.018582
0.019014
0.021688
0.020115
0.020539
0.020099
0.020758
0.019199
0.019284
0.018129
0.019663
0.019943
0.019559
0.019136
0.019769
0.019892
0.019257
0.019655
0.020749
0.019814
0.020101
0.019683
0.019388
0.020180
0.025362
0.019257
0.020780
0.020093
0.019749
0.020619
0.019670
0.019387
0.019176
0.020160
0.020488
0.020232
0.019693
0.018304
0.019274
0.019396
0.019633
0.019508
0.018506
0.023150
0.018267
0.020342
0.024883
0.020022
0.019860
0.020249
0.019578
0.019409
0.020001
0.020043
0.018358
0.019308
0.020987
0.019655
0.019653
0.022259
0.019799
0.018370
0.018300
0.020491
0.019286
0.019198
0.022317
0.021727
0.019559
0.020017
0.021266
0.018675
0.019433
0.020440
0.022517
0.019385
0.019976
0.018517
0.019529
0.019788
0.035037
0.020176
0.020395
0.019224
0.019226
0.020084
0.019229
0.019427
0.019699
0.029094
0.029613
0.021027
0.019798
0.019072
0.018577
0.019402
0.022298
0.020754
0.019901
0.019949
0.019816
0.021097
0.024204
0.020969
0.019709
0.019833
0.019782
0.019643
0.019733
0.019660
0.018643
0.019797
0.018714
0.019059
0.018492
0.018888
0.018604
0.019489
0.019482
0.023292
0.019957
0.019396
0.019521
0.019031
0.019636
0.018208
0.019189
0.020994
0.020506
0.020062
0.018502
0.019616
0.019217
0.018615
0.019664
0.018995
0.020221
0.020476
0.021471
0.020393
0.019768
0.018908
0.029785
0.019160
0.018965
0.023049
0.020428
0.020310
0.019619
0.019667
0.019882
0.019805
0.019755
0.018374
0.019317
0.018883
0.018638
0.018443
0.018249
0.019482
0.019393
0.018410
0.019411
0.019286
0.019222
0.019448
0.018775
0.026593
0.019177
0.019498
0.019601
0.020092
0.031490
0.019226
0.020476
0.020695
0.019991
0.019873
0.018901
0.020581
0.020276
0.018476
0.019744
0.019604
0.031452
0.019983
0.020281
0.023437
0.026994
0.020643
0.020378
0.020760
0.022055
0.018416
0.019642
0.019307
0.019913
0.019584
0.020476
0.021130
0.038656
0.029247
0.019858
0.019007
0.020741
0.019919
0.020065
0.018426
0.020238
0.018570
0.020518
0.020472
0.019800
0.019284
0.025680
0.020376
0.019733
0.020362
0.021171
0.026772
0.021292
0.021069
0.019784
0.020233
0.020482
0.020712
0.029725
0.020667
0.021686
0.020462
0.024585
0.019714
0.021242
