185.000000,144.000000,71.000000,148.000000
187.565964,138.091942,69.572479,153.589127
182.434944,139.530632,75.333359,154.805008
181.274010,138.176384,75.543533,156.305740
182.846092,139.765503,74.174210,154.522644
183.846577,137.032944,74.240013,156.407684
181.860790,136.670898,76.908607,155.699707
179.422405,136.247543,77.917946,155.999542
180.943333,135.363380,76.838005,157.431198
180.986031,135.692482,76.040939,156.379623
176.832077,135.111389,78.603668,155.812317
177.242092,134.001854,76.085274,156.919693
174.481186,133.439095,76.576385,156.967331
174.586056,133.267593,74.731880,157.608734
173.395901,132.382957,75.594185,157.462112
174.507011,131.766548,74.487747,159.175827
169.094048,130.656754,73.307327,159.130524
164.426373,130.636978,73.040504,158.971710
162.901833,131.229561,72.464096,158.085434
158.157619,131.834557,71.948555,158.815628
150.513985,131.887756,73.247543,157.804688
150.966194,131.508766,73.276169,159.535995
145.169666,132.994972,73.770897,158.422470
138.226818,133.148056,75.399391,158.394989
139.008427,133.527527,73.576286,159.167297
128.806202,134.767853,77.295555,158.806396
131.401451,134.879501,73.505081,159.796906
124.931698,136.442589,75.967476,158.260941
128.705715,137.203140,72.878426,158.453278
121.189312,138.963959,77.145912,157.887024
122.154495,139.556755,74.153717,159.359879
122.163204,141.753326,72.790779,158.873291
113.580479,143.791054,77.952385,158.039719
117.723820,145.171165,72.553764,159.768936
112.623306,147.426178,75.609222,157.804504
113.422020,148.220009,72.926834,159.114609
105.998760,150.306076,75.545692,158.104218
109.246895,151.234428,72.810226,158.387405
107.112503,152.770844,73.616852,157.647583
103.379566,153.120743,75.220726,157.597565
104.237877,153.650040,73.210098,157.996002
102.268719,153.103348,73.483620,157.968781
103.651825,153.156647,72.211182,158.030212
104.456516,153.887062,71.875359,157.946335
100.586864,154.965347,74.216469,157.334991
101.315445,154.779427,72.788116,157.477768
96.755886,154.440468,74.682381,158.072311
98.057316,156.082504,73.916130,158.220978
98.851505,155.245689,72.021660,158.208206
96.336456,156.623909,73.510742,157.314926
97.383762,155.734474,72.979790,158.173386
96.801334,154.790405,73.425835,158.709351
96.371468,154.781960,73.041794,159.053024
97.429367,153.920685,73.196259,159.452881
94.169025,154.193909,73.502159,158.915833
96.120029,153.497040,73.148186,158.967590
95.291588,153.200806,73.344559,159.025452
96.143406,152.018272,72.102348,159.925674
90.004929,152.659958,73.026886,158.828461
93.029961,150.434273,71.342728,160.287888
92.918705,151.184555,71.588005,160.081207
84.434963,151.228477,74.116341,159.413406
86.644024,149.731361,71.192543,161.101486
83.122356,150.186539,71.760475,160.949982
83.544384,149.712585,71.670998,161.802185
81.803375,151.494812,72.655640,160.350403
81.498356,151.129494,72.001396,161.396469
81.885128,152.850388,71.925423,160.359894
82.689396,151.689774,72.021233,161.415253
82.296337,152.802887,72.704750,160.902466
82.948441,151.910759,72.895172,161.791275
82.457584,152.151619,72.890739,161.111069
83.481426,151.075378,72.704506,161.784607
84.229858,152.655045,71.716431,161.232697
83.957741,151.964073,72.505966,161.111771
82.953335,151.619614,72.396248,161.144379
83.474922,151.282158,72.564377,161.219986
84.338375,152.688889,71.932014,160.582916
83.932613,152.019234,73.194588,160.717331
83.841080,151.761902,73.084381,161.135620
85.199482,151.424370,72.049583,161.486771
86.297791,152.477119,71.926819,160.649582
87.734291,151.877434,71.060165,161.886307
86.991470,153.268684,72.142975,161.426559
88.095905,153.998634,72.730980,161.019028
90.716434,155.199600,71.113945,160.737152
91.954025,157.522743,69.326813,160.653671
93.106632,159.228516,69.072990,159.276306
93.613350,160.800964,69.634567,159.721985
95.853012,160.874146,69.770599,160.303528
95.385365,161.771828,71.011681,159.872910
96.757256,162.749336,69.827103,160.782333
96.463043,164.350159,70.725891,159.644348
98.880035,164.646851,69.163330,160.162170
99.076019,165.337662,69.407227,160.281525
98.669579,165.935623,69.577713,161.388153
100.571758,165.331619,70.058998,161.316071
101.166801,165.709869,67.333633,158.965271
99.671619,164.821815,68.230492,158.163925
100.604488,164.815277,66.887154,154.971130
102.915314,166.709564,64.005951,145.029205
103.627899,167.771278,62.493317,135.328445
101.480442,168.716545,64.848381,126.288498
106.091291,168.205261,61.748356,128.499786
106.477322,169.499664,65.092354,134.420105
105.695499,169.359707,68.177147,120.484962
104.068134,169.318314,70.013359,119.395721
103.534946,170.303986,72.014824,122.532135
104.680614,169.597843,73.739113,119.476952
104.430573,171.537998,76.913849,118.551750
107.531471,170.665585,74.970596,119.575081
107.019363,172.020973,77.045074,118.256210
109.379272,171.364082,76.105042,120.010422
111.522285,172.177868,76.171036,118.666420
111.956779,171.678146,74.764725,119.809662
113.666058,172.159138,75.135506,118.525444
113.436508,172.284138,75.456970,122.342339
114.528519,172.018810,74.286041,117.289558
113.447948,172.390839,76.599556,118.387268
115.750069,172.753967,75.808273,142.223480
115.408924,173.073303,74.584923,138.263580
114.329468,174.074730,73.448425,136.688492
111.144627,174.414886,75.545433,144.332367
112.387882,175.257446,75.548058,145.820160
111.172985,174.511597,75.712166,153.534454
109.170200,173.855286,77.176903,144.451630
109.248817,174.033073,75.448868,148.810776
107.493095,175.766045,77.473068,147.711166
105.755859,174.853745,78.202606,131.233032
105.016396,173.820885,79.401291,135.043076
104.259354,173.849045,77.868622,136.895996
103.692265,172.818573,78.429253,132.809021
103.400940,171.407242,79.187622,132.745483
103.086670,172.577972,79.516052,133.957611
103.011707,171.061867,78.631371,131.931686
101.810123,171.777649,80.688347,127.387329
99.386463,173.331879,82.346825,123.571411
98.762043,172.564072,84.581474,118.611847
100.371315,173.910160,83.563889,114.232994
103.884308,174.441425,83.404907,117.874809
107.226067,174.987953,82.473312,117.856583
108.227566,176.717838,84.512703,114.962791
108.197834,177.362495,86.698326,112.804550
105.952415,179.846542,88.247879,110.640778
106.576897,181.569477,86.100143,111.753105
109.091545,184.408821,82.873734,116.223465
108.555912,187.620121,83.060875,111.530144
103.438107,187.856388,85.072975,116.618919
102.803528,189.070740,84.144958,128.922089
100.851761,186.834358,82.160065,130.669083
98.697830,184.134491,80.311005,131.636261
95.929367,184.411819,79.583740,138.912109
92.227551,178.228989,83.024544,141.397644
85.981510,181.547256,87.938377,138.662842
82.015156,187.345253,91.468010,135.172623
75.822083,199.550941,157.056854,121.217056
194.152916,206.358292,112.931686,102.626343
182.364090,206.404713,128.126343,103.747063
211.459656,204.551624,103.908600,103.091850
103.141357,206.849796,147.054810,106.511497
176.930527,207.574783,139.122894,106.433105
203.019470,207.805073,120.580811,104.511650
209.928341,206.507938,112.971260,104.795860
203.992123,206.796520,117.787178,104.744331
252.749939,207.490974,82.094910,98.669388
258.793766,207.324448,84.051384,100.214111
278.528252,209.045086,77.098160,98.489906
270.608208,207.939213,92.752701,98.958153
291.013123,209.331528,80.108154,99.536499
280.558071,206.704037,95.800545,101.481026
264.859791,204.843639,120.352684,102.651100
288.619335,207.115200,102.211708,102.608772
272.934574,204.548630,123.495110,105.262024
300.160145,207.001663,102.580040,101.774170
284.196827,208.454933,119.109459,102.918594
306.579529,206.242687,97.569763,100.468697
289.865669,205.832821,107.817123,104.090065
342.760883,212.700993,77.813072,98.982994
302.878983,206.779179,102.583008,96.278404
347.225754,211.173374,81.905457,101.961327
304.926968,203.674217,122.973732,103.998001
335.274845,206.059105,99.538658,103.800980
328.286129,209.202526,104.921059,103.029091
315.377777,205.925770,114.130219,103.806969
366.464630,209.903015,90.657867,101.591187
321.020374,203.408546,117.327141,103.785141
369.554367,207.903412,92.558044,104.080322
324.580441,200.966705,119.477425,107.904053
370.169174,202.518940,98.665863,105.515587
333.286907,198.682278,118.965675,106.544075
378.851650,197.658573,98.510750,108.170219
338.741005,196.507439,106.982773,108.053604
345.062431,195.221916,130.468155,107.882339
348.152348,196.987362,92.868950,101.320992
357.755821,195.644272,108.911026,102.922424
381.448006,196.142563,98.143845,104.540405
376.433105,196.728073,102.934357,106.973602
351.189369,187.801426,121.692551,106.940147
370.679184,189.137486,108.304352,118.976585
370.472683,196.159805,101.907356,105.368225
362.060268,194.386658,113.263496,103.713226
195.889313,202.293095,272.815887,97.739708
378.299580,196.940712,101.609978,120.416580
359.210968,190.587654,103.590607,106.905716
378.925453,194.502495,101.074547,111.625046
358.242863,191.633148,96.213837,100.411530
362.232300,190.999779,96.954720,105.465073
373.876610,194.206535,105.542320,108.408371
357.892975,192.264004,92.576576,112.021034
365.715061,190.540039,113.508698,117.035858
370.918209,193.164684,105.769028,103.456612
355.666603,193.898106,119.436913,112.602379
359.687477,189.901108,119.377708,118.260193
376.874653,198.483860,102.545471,106.254478
360.814980,197.576607,115.605064,119.670547
356.112316,199.481056,114.405533,107.166641
367.724453,202.183155,112.030014,110.836052
365.374889,200.573582,96.606339,113.514977
402.026630,207.897282,77.195312,103.490562
354.235710,195.873726,123.851921,116.616440
349.679401,192.007168,98.966919,122.888374
352.089703,201.758595,122.183792,121.312279
287.326107,199.122047,189.240280,121.966415
346.008732,200.536560,133.991268,127.275330
347.760492,201.512016,129.863052,125.476151
176.812456,223.197880,288.758270,103.660637
165.388250,226.668720,98.828239,91.668358
356.161009,209.051872,72.835518,101.203537
388.541643,214.837017,89.135132,96.273293
398.812094,215.343327,79.333458,99.521751
404.845121,214.675800,73.162880,103.200218
362.989012,205.380020,113.632851,111.615356
397.580690,217.340736,81.365387,110.371964
385.178366,214.252693,93.127983,103.689529
366.395231,217.046715,102.896034,109.869705
368.598455,217.960617,110.047325,107.424652
394.882498,217.760006,83.613945,100.000740
406.007582,219.216454,70.054115,93.444107
401.855848,219.892471,75.977272,93.280823
401.370600,218.852806,74.285019,94.046646
400.571150,218.689331,74.157906,93.720825
406.234018,218.124210,70.003250,92.286705
392.757811,214.053238,84.515999,95.932831
400.288889,213.849609,73.592178,95.271118
390.819578,210.616913,81.697609,97.734650
380.119478,214.430161,93.468719,95.275238
367.519236,207.655563,102.392319,109.955414
371.072828,212.882450,106.122047,105.321648
378.484118,206.559017,95.736725,104.718208
370.948355,211.119846,106.326500,107.403069
368.364664,207.236870,98.594345,105.222916
376.764482,210.926533,100.480194,102.555321
359.222498,203.201672,89.484451,113.559090
362.624487,207.742996,88.682152,116.541626
356.898108,197.458790,100.586418,116.335472
357.789057,203.121464,121.649796,116.033134
352.619402,204.094841,95.840607,113.646317
354.658091,200.367836,101.488632,110.943954
359.213167,203.802975,120.786833,117.043648
353.210736,203.785046,101.912544,116.492531
308.397164,207.195232,164.699783,112.090614
311.039193,206.268253,165.418289,112.024895
291.886567,205.070652,188.113433,113.490715
312.533173,200.483063,158.892181,122.661133
326.205323,207.814884,153.794677,110.907646
167.309235,220.289341,108.881226,85.296623
345.587830,194.218170,92.998047,124.830200
345.145954,205.424690,98.564903,116.743759
345.922520,203.325371,100.680534,117.012772
349.402504,210.501488,109.127121,107.033279
247.029167,204.602577,216.780441,112.754990
352.733139,207.171429,127.266861,109.585793
281.201439,209.074310,158.731537,114.357910
294.744408,208.136005,176.875153,113.065147
332.843826,199.996922,124.060654,125.974846
374.227806,213.812321,105.036163,105.991936
351.056370,205.557148,108.617348,115.438805
230.471604,213.530170,231.835434,111.966759
333.647560,204.289299,146.352440,117.945511
188.726536,222.951416,204.215942,96.545105
360.439671,213.419270,119.560329,104.753746
323.207922,201.000206,112.817070,123.289078
184.676828,225.079674,94.779526,84.096390
300.231371,205.169273,132.808746,98.659927
179.247370,220.002056,252.702927,116.827309
192.953386,226.554737,72.097412,85.001732
160.170198,229.200825,105.355194,80.855675
350.270327,212.640110,70.475555,110.981987
406.573191,217.454048,72.919388,100.912735
368.372313,211.987003,110.132149,107.463371
357.020186,217.422798,116.238869,111.749924
341.508600,218.719017,134.547684,105.198746
193.439318,230.924526,268.215912,94.231514
364.927130,223.908577,115.072870,113.384506
366.345191,219.419125,100.230339,107.858589
387.045897,222.759327,91.704964,101.017052
385.071166,223.148808,94.703438,105.530449
379.117736,222.289192,100.505257,106.025101
365.684165,223.311810,113.739769,106.609383
364.552852,227.683743,95.594559,106.847023
398.638240,224.161919,79.930801,103.053146
386.803519,224.206020,91.278252,107.647072
380.181834,227.439983,98.929428,103.790260
366.187179,226.609512,112.887581,110.013397
376.968310,230.133339,96.317810,103.519699
359.536147,228.124134,90.126228,107.455467
379.043593,232.543388,97.564888,104.099075
359.894439,228.211487,109.871529,111.270660
363.242126,233.914845,109.424080,98.933708
399.010501,236.671879,65.945679,100.992455
363.853358,223.000671,105.861984,110.652191
351.368655,233.177979,97.951508,108.248627
367.406463,237.134449,110.938210,106.944023
357.553985,238.757351,96.151588,102.274940
367.976642,236.340569,108.700256,103.386398
359.133803,238.444336,102.069283,102.072418
408.121684,243.860294,71.462173,99.159996
404.307952,244.931751,74.553230,98.520256
396.955737,245.762257,82.012817,98.560814
408.286330,247.991268,70.850380,103.907906
402.408477,251.087696,76.626106,106.589989
400.619952,256.425022,79.083923,103.315697
405.886771,259.776485,74.113229,99.967506
395.455329,265.317871,78.939034,94.682129
396.002048,265.537651,83.444443,94.462349
406.183597,269.181721,71.090897,90.646408
405.977836,270.482735,64.328316,89.517265
410.366130,277.355328,65.680023,82.644672
411.619409,284.374445,57.307346,75.625555
411.349067,282.960073,65.428627,77.039927
402.393451,285.075652,75.338882,74.924348
405.670669,288.362380,70.699181,71.637620
407.495494,290.615398,66.722290,69.384602
399.603481,288.109461,72.567261,71.890539
388.429355,284.276826,78.158707,75.723174
313.398426,279.382912,141.469528,80.617088
167.075313,315.033724,123.859344,44.966276
173.160755,318.599353,101.986404,40.980129
176.418472,322.217887,99.822502,37.782113
178.745513,325.178999,97.830162,34.821001
183.409809,327.432282,93.235947,32.324688
184.751750,330.009720,92.580383,29.882429
186.649089,332.550325,92.627960,27.449675
189.890052,333.650032,91.222511,25.657732
190.472415,337.249112,90.582428,22.750888
192.818122,339.027505,88.986351,20.774698
193.076915,340.767552,88.623657,19.232448
192.540195,343.050465,88.618500,16.949535
193.733726,344.929787,88.418556,15.070213
201.453815,347.395087,81.380386,12.604913
213.068191,349.513450,67.962547,10.486550
218.045003,350.000000,60.025723,10.000000
225.409690,350.000000,50.291069,10.000000
237.246622,350.000000,36.303951,10.000000
239.721250,350.000000,33.721249,10.000000
240.962127,350.000000,32.286659,10.000000
242.232313,348.500851,33.023006,11.499149
238.448974,323.563587,37.574234,36.436413
230.253227,293.016863,64.310562,66.983137
353.116241,302.989362,52.093262,57.010638
364.806596,308.986466,52.648006,51.013534
367.370021,313.835545,66.030495,46.164455
369.325374,314.516693,75.317390,45.483307
372.717762,314.340527,105.751945,45.659473
367.723037,311.960327,96.775146,48.039673
364.076854,299.306324,86.236122,60.693676
362.105983,304.323332,85.987679,55.676668
363.140377,307.950349,81.057991,52.049651
368.207817,310.366318,70.219589,49.633682
369.103240,315.551085,65.819336,44.448915
371.499040,320.782222,57.541561,39.217778
376.004219,326.894517,42.087280,33.105483
377.807151,330.687600,32.545715,29.312400
378.644395,332.445617,25.472103,27.554383
379.193844,332.203607,24.881948,27.796393
378.984796,334.440667,23.648403,25.559333
380.040893,335.865179,24.237686,24.134821
380.328280,335.271596,22.284449,24.728404
380.810324,334.262971,22.365396,25.737029
379.493829,335.797185,22.152401,24.202815
378.412039,336.416064,22.830797,23.583936
378.524194,337.288043,24.987286,22.711957
379.500186,339.029779,25.899010,20.970221
378.958386,342.801597,25.451910,17.198403
378.178963,343.920747,25.499006,16.079253
374.840438,339.270848,28.009583,20.729152
378.086666,343.687837,26.646721,16.312163
377.203829,343.916529,26.697229,16.083471
370.483783,342.273920,31.018486,17.726080
378.301017,337.091725,26.640579,22.908275
379.921920,345.214008,26.463600,14.785992
366.575416,324.440298,34.601845,35.559702
376.185369,310.925523,48.690182,49.074477
371.870182,214.411217,95.652893,134.685516
222.680461,128.984383,197.615677,224.827209
192.045551,78.081322,277.181030,280.962128
172.827503,53.224190,307.172497,288.148438
96.594492,71.329613,362.468109,286.464935
206.547266,25.311379,273.452734,323.158386
228.220578,20.485726,251.779422,329.079346
274.722762,16.521340,205.277238,320.328430
252.056396,44.040673,227.943604,301.201141
241.145347,2.749932,238.854653,344.949127
275.833340,16.509118,204.166660,306.499359
275.228933,22.243721,204.771067,316.354614
261.188342,56.128258,218.811658,281.270477
212.375116,38.214959,267.624884,309.980133
233.357999,7.872200,246.642001,329.351807
237.792647,13.719780,242.207353,325.324005
330.995742,19.889718,149.004258,291.431519
187.564262,102.119240,292.435738,251.424866
195.263164,47.422234,284.736836,296.930328
199.314230,37.807091,276.463928,316.980072
179.438116,43.558693,292.144623,311.901917
179.332083,51.835793,300.667917,301.428772
133.348521,46.501763,344.048615,305.723053
209.977488,19.327843,270.022512,328.182343
201.162069,13.547234,278.837931,332.615753
192.626368,19.898858,287.373632,332.191803
169.914594,30.509743,310.085406,329.490257
167.675818,28.664860,312.324182,329.474579
176.393115,16.307728,293.745667,337.114014
157.534366,14.051365,322.465634,336.926300
172.881075,0.000000,307.118925,349.012470
224.931657,5.709391,255.068343,343.910706
210.111016,34.672953,267.908600,312.212341
196.856942,34.455073,283.143058,322.218292
153.219242,63.461817,326.780758,294.858490
208.349283,284.704229,129.714279,75.295771
276.025507,311.141933,168.708267,48.858067
249.100451,319.814214,210.789032,40.185786
239.716395,325.045836,178.694778,34.954164
242.340723,324.534046,155.286606,35.465954
241.293234,322.128317,68.625359,37.871683
243.070923,319.456817,60.483112,40.543183
242.878206,316.804067,62.852264,43.195933
243.978562,313.732066,62.630863,46.267934
245.997666,311.154815,61.464603,48.845185
247.124275,308.526682,60.877399,51.473318
243.952635,306.952061,64.035133,53.047939
244.522854,305.621573,63.777599,54.378427
244.441561,304.216377,65.309845,55.783623
244.434111,301.966591,66.639961,58.033409
245.679995,299.926355,66.239136,60.073645
244.531523,294.882310,68.643318,65.117690
244.331770,290.467900,68.281105,69.532100
242.548533,285.847361,69.591690,73.709000
242.983732,281.833170,67.366554,78.166830
244.131861,277.856580,67.703690,82.143420
244.194014,274.781306,65.027199,85.218694
240.221392,272.014863,68.763855,87.985137
234.944941,267.930413,73.122543,91.721848
232.635935,266.610066,74.989365,92.942162
237.026854,264.676022,73.368141,95.323978
240.899874,262.951250,73.364868,96.633141
267.222040,264.709170,136.999100,94.949944
292.847647,273.469923,100.723289,86.530077
287.811030,264.379085,171.411270,95.110832
247.829008,259.044864,121.702278,100.955136
271.194487,264.335142,115.974739,95.664858
279.093756,266.046668,106.900749,93.376389
289.330546,266.505797,95.158310,93.004395
295.742617,263.189288,88.837921,95.344200
295.332079,258.758979,86.296539,100.887436
294.851996,255.433017,85.382256,103.015831
307.651537,251.253852,71.475586,108.746148
304.040163,248.259426,70.211853,111.740574
306.086569,244.414255,66.348442,115.270943
309.054892,240.327425,62.947624,119.672575
299.162222,239.001618,69.802696,120.998382
300.089224,234.456326,67.048149,124.540810
288.466047,236.554501,77.821938,123.445499
285.913965,234.413511,79.574448,125.442993
286.879057,238.362143,75.909065,119.848465
287.161886,238.711230,78.812737,118.744164
289.489069,245.022719,113.123642,114.977281
266.256518,233.830295,149.224426,126.169705
224.878122,234.648790,198.121048,125.103455
268.897143,243.649587,198.092529,115.634270
195.254934,233.390558,119.310356,121.202377
197.159300,233.409906,113.774696,123.076401
195.924406,233.008707,105.122841,124.602676
198.228170,231.654802,108.778008,125.764038
195.861918,229.089883,130.227615,128.269791
204.352663,226.338579,199.732208,133.418823
190.826895,222.734300,121.726006,133.581970
239.479151,231.325407,142.641769,125.943520
253.668612,234.225092,133.503143,122.928635
235.432253,227.412393,163.358429,131.507767
186.221987,222.313776,117.855072,128.311447
271.235071,230.004865,85.173203,127.320503
276.858049,226.465822,77.250488,130.455048
227.929575,227.208223,113.406906,131.443176
187.096521,218.798029,146.233780,136.815994
184.266230,216.791902,120.888138,137.348816
227.254336,225.970277,171.190430,131.948975
218.828692,223.857339,191.659332,133.720322
199.734865,216.937891,100.588013,141.708450
202.693544,219.947916,105.463562,139.176620
217.676550,224.298631,118.658684,130.169586
216.279997,226.963693,85.754707,132.087692
224.310961,230.039094,81.171417,129.238586
204.010622,236.435792,99.758423,123.564208
212.683996,241.141400,91.476677,117.897987
223.813551,245.235417,82.628822,114.726616
234.384802,247.976769,73.465904,111.360794
237.326506,250.936211,72.822853,109.063789
240.959200,253.891465,70.601196,106.108535
243.034807,255.280880,66.581238,104.719120
245.527170,253.852297,66.444687,104.867882
245.005526,256.628286,65.794159,103.226944
246.336920,256.039637,71.561241,103.381508
242.974390,257.731482,87.104446,102.268518
250.498785,255.226436,120.327812,104.688278
246.094027,246.915072,160.929504,112.224579
241.732752,246.164828,189.236343,113.835172
240.174952,247.145330,178.166397,112.854670
237.797686,246.746711,184.664703,113.253289
237.899714,247.918498,186.188553,112.081502
236.806536,248.981947,180.919769,111.018053
236.204447,246.851058,175.510239,113.148942
237.412264,248.430179,181.307251,110.757423
235.639078,251.955177,151.051437,108.044823
233.882036,255.428482,158.458649,104.571518
235.693392,251.506744,166.346802,107.820206
232.335596,248.530609,174.254044,111.469391
226.877253,250.435902,168.372452,109.564098
227.512117,248.222216,177.264709,111.584427
220.982889,250.334303,156.565475,109.665697
216.052347,248.962771,177.361069,110.563972
212.651995,248.166858,183.133820,111.833142
207.376391,248.827405,181.487701,111.172595
199.740839,248.875144,181.816177,111.124856
194.419886,248.152629,182.027969,111.847371
188.766863,249.880144,187.628326,110.119856
181.598101,248.629632,192.755035,111.370368
176.018496,247.554772,194.857605,112.445228
173.314898,247.866013,191.869415,112.133987
172.695505,247.023296,191.072678,112.681358
170.830492,246.613403,189.541412,113.386597
167.932749,245.492844,194.408249,113.530182
164.795488,244.194065,194.037079,115.397697
173.986307,244.371376,188.453964,115.628624
167.358202,240.948147,192.410431,118.819382
168.785074,240.372257,183.202805,119.552277
171.292856,238.913921,182.937424,120.659317
171.148691,237.454121,180.484360,120.421021
172.442286,236.271198,177.200089,120.183655
170.267168,234.309074,173.915009,121.151482
168.221888,231.692963,177.424637,121.884254
166.667452,229.979157,177.407837,119.616066
171.453104,227.053474,176.797775,119.940819
171.356890,224.325230,166.181610,120.706329
176.349947,221.779682,157.928467,123.883179
176.050638,220.624149,155.059189,122.395477
182.555002,219.681015,147.582443,122.536690
177.545374,218.066685,150.154800,121.995697
185.908724,220.634808,138.408386,116.906021
178.668993,216.466984,148.134125,121.713593
185.484156,220.788734,142.327896,117.155602
185.692888,214.298119,145.910858,123.052116
180.116327,212.302784,156.944412,124.278931
184.642687,210.780323,156.746796,125.961975
179.253382,209.135002,163.150040,125.802727
181.316782,207.744686,161.510483,125.545029
178.798838,205.391804,162.325790,126.935791
183.375185,204.430981,160.517029,128.268265
172.777147,210.460247,152.286102,121.586380
191.250620,208.701347,133.462448,122.029045
189.809031,209.549957,137.155991,122.796120
186.828379,206.404537,141.350204,126.834396
180.076449,209.646263,149.027100,121.357292
174.506373,208.809528,151.188553,122.237427
186.254725,204.692669,136.443680,126.530838
188.609568,203.849033,137.679367,128.701080
174.565363,218.427403,144.620193,114.149017
186.901674,201.439152,130.650391,130.703644
169.729097,214.034794,128.575195,117.610260
177.173670,204.550617,128.967850,128.441895
178.073725,204.779156,140.718826,128.103226
158.732111,225.335285,117.314713,109.606445
168.507601,207.467102,146.655640,126.422218
154.070597,231.530495,125.173325,106.063805
168.295290,209.349808,121.251160,125.157539
164.267344,210.451397,133.794724,126.154617
150.935476,228.170532,115.343529,111.491188
175.165674,208.834393,124.783157,129.694839
164.983889,212.288052,123.551025,126.771286
149.369925,218.175968,117.315086,121.398163
154.970404,209.726383,120.632256,130.928314
153.628695,211.890507,134.219543,128.481842
142.258673,224.219440,104.171745,118.959595
148.511324,209.996815,144.899231,129.998535
140.625822,219.500553,121.805244,123.324677
141.324633,206.171719,138.047089,134.712204
132.313906,232.195519,91.778442,110.103752
131.788500,210.140461,130.512177,128.882721
119.238608,229.056267,107.566429,111.457909
121.535357,248.641167,94.779022,91.384666
120.962237,214.218662,94.784515,127.013855
116.105517,217.680286,102.686615,121.851044
117.856512,209.301174,99.918938,129.318863
113.469206,193.953014,108.049324,144.721115
110.945582,185.060993,133.825333,150.809906
99.565001,201.823719,102.409248,135.052704
113.965368,175.199261,108.361320,160.013290
102.726252,168.052517,133.148026,165.009232
97.080721,173.594044,130.875854,159.625458
92.095163,162.796261,143.742661,168.657059
93.031206,162.592022,139.108246,168.105759
98.234835,162.403072,132.087524,168.596573
93.857882,157.539227,132.218567,173.978195
143.187636,158.435703,85.844826,171.979126
100.545275,156.407169,120.792694,178.663696
87.492369,151.753223,123.955452,181.598236
134.532099,158.215511,87.944473,173.252518
75.570219,162.844967,98.324898,174.161636
89.099424,152.783916,119.856331,183.652023
144.741381,156.481655,80.091461,174.883133
98.798594,156.304050,124.970200,179.097168
91.715006,155.986546,135.455063,177.223267
151.936792,160.706036,80.086380,171.022568
101.768042,158.276798,125.524590,178.335571
99.451799,158.663982,133.746613,179.804489
100.432100,159.709881,131.331238,177.430710
97.848177,164.084827,134.008667,177.323395
130.541163,168.186260,104.172745,171.371262
156.509447,172.272129,79.136200,173.271545
135.226099,172.592175,101.879471,172.849350
156.993300,178.713573,80.428810,167.150742
145.116892,177.498539,90.663132,170.082825
124.482615,181.916843,110.612595,168.633728
154.366053,182.612293,81.279556,167.707062
145.968031,184.167225,86.143471,168.420563
105.222204,184.644756,124.892448,167.494308
104.470541,182.755665,122.181358,169.750336
115.917208,186.278500,112.843689,169.151627
127.559496,184.746685,105.646210,170.946152
153.596636,194.972790,82.137054,161.623093
151.834631,189.208653,79.039177,166.874146
134.018149,189.213848,98.246788,166.159042
151.080587,194.714970,80.023521,162.212341
148.597010,187.748318,79.102493,169.137589
145.977781,189.363377,81.971992,167.372070
126.383379,192.756718,105.930878,165.212769
149.994269,197.866863,83.489189,162.133137
134.890658,192.578474,93.179077,166.648026
110.127005,193.028349,118.037926,166.872055
133.381918,198.679792,91.979332,161.320208
92.888888,194.932784,138.022339,164.617447
94.474886,195.360129,129.921997,162.445740
125.030855,198.402595,109.727783,160.191376
152.883242,201.641700,86.966370,158.358300
125.743445,196.201290,119.983513,163.798710
158.350618,187.177931,83.107666,161.628632
145.066916,181.292684,81.022301,160.064651
112.183416,171.656767,123.276726,163.033630
140.910307,170.104902,89.376167,159.998688
108.523344,167.882002,126.052010,164.655975
130.696715,166.591017,98.087654,161.334503
80.978777,165.149862,133.080170,158.231033
72.316088,152.799192,155.489655,162.262817
67.499460,151.228224,154.725266,155.241425
67.108542,152.946272,123.036766,144.835297
65.900995,145.280813,143.261124,147.873489
58.642229,149.394056,118.727936,146.724396
51.054354,141.526396,143.308655,150.028625
48.007479,148.533895,146.861450,144.171768
42.359598,140.832990,151.851669,151.277374
40.030321,136.328535,149.511261,155.797821
37.649904,134.306028,154.585144,156.768127
32.818323,134.623441,141.893814,156.980530
103.981649,130.294767,100.734215,156.835449
61.123270,132.796087,148.242050,157.575546
54.239557,133.002607,151.732315,157.134125
138.800989,134.944257,98.396561,156.142975
147.653322,134.711317,100.600952,156.931061
142.678022,135.141989,112.851662,155.116043
169.963625,143.397825,95.834900,148.416016
166.714289,135.693716,100.535477,152.708817
163.732531,134.424398,79.806427,151.800797
179.630606,134.451811,77.228233,138.607727
141.964419,145.650076,84.157776,137.478348
155.508761,147.413671,72.127197,136.320480
143.737593,158.437887,83.489784,127.667831
163.590494,148.215795,75.140854,132.203720
184.610870,145.662962,61.394474,140.319946
178.027578,150.529852,63.381065,139.968185
160.536581,164.942545,74.896446,125.193825
179.264818,153.097067,70.484955,142.369461
177.274677,158.916227,60.673336,136.105438
174.058096,164.552007,55.826958,129.547775
169.936356,163.365957,58.323795,128.513687
162.752781,180.791071,60.547939,110.673103
157.970385,182.449255,62.555756,111.864029
153.464117,176.451406,64.320793,118.891037
153.248695,169.830473,62.597095,123.314606
149.386053,171.113958,66.128349,121.989334
146.345537,171.167532,66.227325,122.964737
137.313181,174.470274,73.426559,120.994110
135.976721,168.355318,74.996605,126.690239
132.645186,173.630953,78.513466,122.575432
148.970110,176.101488,70.679169,119.893761
145.120470,170.759371,71.565674,124.373680
142.895727,165.851747,78.186119,125.069023
143.019785,172.596239,74.503281,114.225517
151.551714,133.441519,83.339813,134.934616
140.696699,179.947119,68.591866,102.561600
140.240255,186.505953,65.546837,104.728172
139.638224,174.841589,69.114792,109.166061
138.961664,182.056093,67.342056,109.520805
137.056234,178.768583,69.642723,108.927551
136.951033,183.882921,67.251228,108.440422
134.218977,178.179937,70.827400,107.639816
134.344835,183.545038,68.274292,110.194008
131.905172,154.694967,73.759697,129.789322
132.539595,145.113477,75.421577,140.856598
124.999552,164.976984,79.049789,125.880745
124.098841,139.118780,76.927292,150.091049
114.351259,143.498922,88.079437,151.658951
106.876677,149.114691,97.693398,155.555099
101.907221,151.359846,104.662643,156.963959
92.446035,147.391195,87.194511,156.744095
68.358172,152.501798,86.323792,151.996643
58.434572,157.554106,101.685699,148.004211
55.206678,160.801214,107.996712,149.102341
50.731867,172.391531,107.323532,138.891129
47.448931,165.516157,107.890991,148.022003
46.521559,169.087385,108.516548,146.220306
43.007753,163.226675,113.962250,153.549820
41.405798,175.755438,115.063438,143.496201
40.156027,160.615362,115.859917,158.638168
39.866018,203.693903,112.693962,118.999519
58.029478,157.932493,95.352943,157.740295
59.813215,161.527067,104.128609,158.482117
64.251303,168.792341,110.563408,152.752838
74.481901,205.456438,105.725807,119.979576
86.548620,203.578462,96.862877,123.878593
102.570101,186.875829,97.572052,137.512070
116.658735,234.239931,97.907539,94.495293
150.417978,187.838293,88.037552,129.087814
140.773928,229.028215,85.072540,100.258141
170.948122,179.803877,82.963409,130.543701
149.120401,227.761736,91.106705,98.438957
158.349268,228.012728,80.215317,95.832603
162.543642,221.972074,82.446686,97.922668
165.082399,215.988954,81.359863,99.272331
167.105822,213.639704,83.152344,95.412300
171.186739,213.081991,79.531799,94.712479
175.682161,214.423906,75.497650,92.302788
178.493231,215.870466,73.611961,91.213257
180.068239,217.049852,73.308441,91.572746
180.239992,216.181562,72.725403,92.374573
179.814299,217.084093,74.101357,93.599663
179.703570,218.566202,75.347900,91.804878
177.831892,218.544691,77.676704,93.251312
168.303072,212.798788,87.655487,94.164963
156.733915,208.449507,84.938728,92.305420
146.453718,204.170721,84.568947,93.928848
141.616053,201.237921,87.582291,93.979111
137.105368,198.398130,88.157066,94.434784
127.956644,195.018640,83.432510,93.308479
121.477293,194.458326,85.087959,91.993042
118.701323,194.359426,83.423286,91.790146
115.873556,196.202547,83.403984,92.280785
111.434477,196.770639,86.664925,92.622658
105.154345,197.553793,87.256348,92.829849
97.772020,201.509851,87.241211,93.556404
90.339464,208.019541,89.231232,93.404579
80.916609,211.086622,85.172340,91.931824
73.118116,215.439054,89.263649,94.156647
65.043730,220.055589,90.559700,94.104149
55.779543,226.405664,85.208801,92.186226
54.991991,232.576719,81.410248,92.814850
54.728132,236.961550,81.422218,94.223869
56.844381,239.163908,73.525932,93.868011
51.698809,240.782476,79.614471,91.916977
55.259123,242.643160,74.246742,90.707237
65.624670,245.411073,76.206200,89.452690
72.175394,244.563467,93.060165,90.495102
78.583765,243.019102,88.823502,90.363251
88.490728,241.059599,84.321129,93.847656
98.405943,240.876482,86.247658,94.393364
110.601660,239.668321,82.142632,93.626060
128.968138,239.222788,74.324623,94.262520
132.059385,234.996687,73.258492,95.299103
133.102247,228.153829,84.572701,96.930649
132.815661,220.323107,75.014923,95.627037
137.810930,210.432546,83.159210,97.587204
144.062986,204.358942,73.861641,98.710457
160.982828,204.378370,65.409378,95.879639
163.581030,207.456617,61.564110,90.863373
171.549677,205.722551,61.571518,92.566887
170.631968,205.487661,64.082047,91.831711
171.806105,205.414919,62.579445,93.806572
167.306482,202.411993,73.388596,95.803452
168.189062,197.526689,66.873833,97.730553
162.891016,194.413088,79.714432,97.383171
168.764265,191.692667,72.761665,99.631477
173.121203,194.245401,69.901276,97.217079
177.230745,193.850687,71.146423,98.776192
179.217848,194.532999,72.265846,98.640236
184.263849,196.701422,71.843521,97.926559
189.666227,197.744871,66.928139,97.644043
189.355604,200.400274,64.664925,96.409683
188.873678,202.021566,62.812492,94.738510
185.802496,202.947992,66.945427,94.703102
188.423189,203.318132,66.937225,96.414513
188.551462,203.601461,68.391251,96.420486
186.670233,205.768118,68.633507,97.112808
182.892374,206.320101,68.798935,98.462822
181.665362,207.548799,70.193085,97.916771
177.595213,210.168035,72.994423,97.954178
171.506586,212.567247,73.908432,97.981590
170.027571,213.849119,77.547920,98.452240
172.100496,215.639799,79.264618,98.673004
173.939848,216.146009,85.169899,98.856110
168.922976,217.603784,91.363220,98.897255
169.703062,218.060865,81.883247,99.821564
169.799936,217.372164,80.804947,100.155510
169.302946,217.513086,81.035286,99.471748
167.696131,216.475321,87.286789,100.784889
167.347494,218.898134,88.879082,99.671227
169.066465,219.492704,88.983009,99.696411
168.308333,220.796442,87.221809,100.672707
167.906786,222.224268,83.014618,99.448952
167.478285,224.607454,89.237923,98.757286
169.201002,224.460527,79.692574,99.224510
166.529646,226.040373,88.661232,98.593719
164.689154,226.832815,81.263176,99.224716
157.263857,227.390970,96.022247,98.697639
149.843958,228.161653,101.934799,100.559319
157.709936,226.771013,86.043053,99.174950
146.749201,228.433088,98.631760,99.043701
143.578573,229.382101,95.751213,101.178513
146.781832,228.899996,97.825226,102.093102
149.480337,227.424848,100.118828,99.826324
153.000212,222.134756,102.430916,99.483658
155.432673,214.147718,99.274734,100.256439
150.628119,205.954321,98.267387,101.055161
143.525267,207.560098,96.163338,98.603310
138.102354,210.151792,114.234962,98.957855
133.652296,212.634016,108.570442,100.639893
126.867308,214.119535,104.531380,100.660675
128.534109,223.222143,104.021629,99.071304
126.673609,235.587114,99.375778,99.611137
119.942576,242.503134,100.663254,99.485855
104.398817,243.374323,105.884712,100.045509
94.185553,241.341825,109.259117,100.785217
97.338785,238.307783,97.471695,98.120453
93.472735,239.090978,111.081421,98.620071
89.298105,240.953886,105.944016,100.134308
86.572744,241.856565,107.070244,99.618622
83.875055,243.411409,104.409103,99.073814
77.573385,244.532633,111.802727,99.089027
74.592775,243.490064,111.995392,99.738861
71.124033,242.640352,109.286209,100.894951
71.384867,241.224596,105.282974,101.716515
68.094381,239.956159,105.202232,100.353058
66.929815,237.510977,103.649620,100.128036
75.988043,232.284769,98.246971,100.520790
73.093237,228.088068,100.899864,101.894325
76.369696,226.073450,102.686607,101.181770
82.524099,223.139646,104.906853,101.638275
84.028879,221.838724,99.731461,101.438911
93.767096,220.635957,104.572594,101.247246
100.315664,219.018778,96.126945,100.613869
110.080408,217.075132,103.247421,101.888794
110.276903,217.173589,96.635284,99.516678
124.367548,216.745012,102.495560,101.296837
121.454607,217.655081,97.791992,99.319809
129.240202,216.003389,107.064247,103.269615
131.095526,217.977800,99.510887,101.101677
134.129946,216.543104,102.162384,101.792755
135.394301,219.211050,94.658424,98.970657
130.661970,216.102121,106.398781,101.362679
140.767931,214.810072,100.659698,101.887512
143.662447,215.480627,92.746124,100.236862
143.531656,213.450433,110.011429,102.657936
147.038492,214.450506,97.622330,101.234573
141.591181,213.095598,95.005905,100.844444
152.852537,211.791635,93.667274,101.305916
151.023165,212.001604,89.817078,101.975822
150.971682,210.253942,99.122955,102.381699
148.427206,209.166197,92.658562,99.609863
152.210154,208.193685,89.762375,100.764175
145.595038,206.652056,95.157646,99.938591
146.100519,206.162912,90.871719,99.734779
143.560179,205.312036,88.877357,100.425667
135.056513,205.489744,91.796616,98.254700
130.838102,203.070810,93.054115,98.303017
125.239840,202.602533,96.150146,99.711098
124.673102,205.514765,97.334129,99.303078
126.080504,209.285223,88.676003,98.177078
123.530863,211.468977,92.004166,99.067291
124.527521,214.390436,91.654556,98.854744
118.423224,216.177538,97.506889,99.047112
124.341631,219.327650,98.238556,101.135956
124.321528,224.870092,91.211685,99.481766
123.635622,226.239900,90.032501,98.604118
123.163321,228.219637,88.804283,99.284996
123.617899,231.182962,89.019821,99.476112
121.875330,233.765310,88.901108,98.653610
123.397757,235.014318,88.803001,98.609177
123.925295,236.280000,91.233124,99.046959
123.608301,237.941252,88.316574,98.001099
124.147444,239.417898,89.470345,97.329178
124.991835,239.650503,91.032845,97.896561
125.631147,240.139921,90.381050,97.566315
126.696592,240.859071,90.767006,96.672508
129.237299,241.215677,90.387802,97.108437
129.595503,242.394525,91.984444,96.895607
130.451025,243.318083,88.030113,96.531647
131.775198,244.203111,94.260307,96.505119
133.331877,244.368883,91.258034,97.163353
133.183256,244.905687,90.568672,96.054558
132.957628,245.274389,90.918793,95.540054
130.645407,243.409452,94.944664,96.818878
130.867518,242.814306,94.868942,96.321304
134.249384,241.691774,94.024002,96.524773
131.428312,240.829202,100.534645,96.991402
129.458334,239.909361,92.632469,93.907440
129.835547,238.215826,101.342613,97.663712
130.813112,237.451784,92.044861,95.217125
131.595308,235.555425,98.150696,98.582718
128.206186,236.366918,92.019669,95.349045
131.320925,233.818838,104.181671,99.130447
131.418181,234.589277,101.955788,97.716766
132.634432,233.216978,92.849670,97.995117
132.311007,230.294595,92.623840,99.452705
131.358996,228.419504,92.125977,100.103645
129.673407,224.696935,99.079399,101.862503
128.870745,223.647527,93.840668,101.106918
131.891287,222.409967,88.645439,99.509285
133.457796,219.388490,91.212891,102.038689
130.768229,218.459932,91.497269,100.114983
134.918440,217.074617,89.243843,101.373039
131.854113,215.233560,92.756470,100.006599
136.103624,214.509943,92.146851,101.377357
134.036783,213.050455,92.882370,99.966743
136.956301,211.207174,90.094604,100.036545
135.470270,210.537370,91.093033,99.896263
135.957213,210.113207,95.095100,100.689568
137.402235,209.364389,88.855507,100.593880
138.272837,209.522028,92.317551,100.940285
139.098101,209.430380,87.624084,99.975845
138.850584,207.827062,88.580208,100.552841
141.074709,207.836141,94.536652,101.220596
138.331045,207.531442,90.830406,101.179420
141.147638,206.025968,88.763107,101.684509
135.468908,202.835378,93.042625,102.625992
143.122877,202.086019,91.304878,105.155075
138.119055,200.202554,93.821648,106.345589
140.134020,200.383024,89.221985,104.636536
140.574209,198.007902,88.336510,103.771149
142.098730,198.931936,97.048729,104.387344
139.537573,199.157549,92.609459,103.127159
138.943892,199.135000,88.185249,102.070572
136.313433,198.510759,87.730011,100.765312
133.873629,199.472704,91.388092,102.156883
132.210894,199.871973,91.433380,100.527321
129.972757,201.226034,91.031631,99.539902
129.128668,201.673979,89.963676,99.332672
128.523405,201.830965,90.703712,99.882103
126.207083,202.973963,93.750603,99.765602
125.924158,202.708856,91.886307,101.137550
126.238653,202.917791,95.399925,102.027145
125.846609,203.161634,91.702415,102.361847
126.816424,203.809683,92.817261,102.362686
126.147810,203.559625,89.572121,101.744087
126.955271,202.708055,91.567673,102.952812
126.119005,202.445593,88.474365,102.022751
127.269987,200.196485,95.586433,105.259369
127.612188,199.387254,89.124565,104.333458
128.099012,196.833860,86.145912,104.477051
130.962858,193.519716,91.492561,107.938713
131.345610,192.406538,90.795662,107.807190
133.584471,190.971182,89.408943,107.408585
134.725348,188.264486,88.038933,108.035416
134.324949,188.043504,86.936928,108.269951
134.460268,185.209696,83.275055,109.344032
134.036200,182.016855,87.417900,111.408821
131.861689,180.695715,89.201950,112.566727
132.332064,177.385237,89.714691,117.877289
132.006804,174.724947,90.884865,119.102440
126.582377,169.027246,96.666580,123.655190
124.872454,164.252966,97.975342,129.787979
106.650370,159.124799,117.824539,133.816833
93.142504,155.909612,128.548767,135.535660
86.057169,150.515203,132.923416,142.632462
85.030954,147.898535,123.303848,146.613541
91.066038,145.191389,113.082008,145.175659
77.872919,142.854658,122.995895,153.993042
76.958998,146.179891,117.630013,143.755295
72.573969,149.820257,115.994370,138.511673
71.414362,161.609319,111.927963,123.270523
73.595972,178.620966,107.612656,115.527138
74.550173,192.977163,107.191620,112.178574
73.430525,197.908045,92.995552,111.885109
74.467379,200.124185,98.682281,113.452034
73.303640,202.126451,99.113396,112.830437
73.946493,200.800844,97.210625,113.954735
73.227781,205.989694,97.540077,109.200386
76.622301,204.254740,95.884460,112.022713
80.209593,204.200105,95.520241,111.877281
81.179426,202.362657,94.147285,114.605949
84.326922,200.908525,92.987427,116.410454
91.863344,200.693720,89.816681,117.462746
96.508116,202.491674,89.045876,117.755142
99.493296,203.965082,88.948502,117.909889
101.595884,200.889910,88.560829,122.105278
103.069449,194.467306,88.617302,127.667526
106.863062,192.526380,84.297165,128.345215
109.381018,190.657919,79.875877,129.723312
110.821009,189.490896,78.070694,130.304001
115.233473,189.529020,79.193214,131.374023
118.375231,190.790930,78.858124,129.662399
122.015619,191.648454,72.924698,127.407585
127.573271,194.529726,71.619667,127.611778
128.006601,197.605402,72.560562,124.915565
131.283831,199.877020,73.284332,123.118820
136.258688,201.822725,80.426903,121.930290
140.205568,200.355810,79.366150,123.261490
143.000528,198.711065,83.968948,126.120834
147.300722,195.720026,82.404449,127.695686
156.048330,195.105573,77.039299,127.846161
163.345797,192.796438,76.737457,129.910904
171.513888,191.594961,75.992157,132.902267
177.453623,189.634550,78.486526,132.329163
183.034735,186.476164,81.234825,136.657104
190.849005,183.908506,81.886803,139.042603
193.688276,181.347143,86.859871,142.138901
192.758059,180.255728,97.924713,140.326736
205.912932,178.774793,90.464027,138.840973
212.831301,179.014341,89.245026,135.632263
214.863001,181.130541,94.561386,127.656944
190.159609,180.774076,128.244843,123.142395
188.230925,181.734991,125.923988,131.170517
189.021238,185.694048,117.416847,127.155846
193.427427,188.182699,101.792519,125.235794
205.641848,190.718820,85.319672,118.880165
221.697641,190.774389,71.254349,121.298111
219.711184,192.504427,69.229492,126.105156
214.582110,193.526918,83.364899,126.330132
216.723684,194.523130,78.218468,126.133850
204.168459,197.246805,86.872070,123.248116
206.462717,197.931749,80.857468,122.642509
207.413424,199.869653,81.034607,120.087135
207.915747,199.905264,77.563866,119.805344
204.172426,199.951406,77.850098,119.704391
201.884737,201.358991,84.338684,119.210846
195.835207,201.641710,88.385040,120.328056
198.257975,201.719080,80.326370,119.091164
197.250418,202.727041,77.091179,117.049362
196.415705,202.700376,81.012497,115.809540
194.857557,202.949629,90.241341,117.831360
192.773081,202.100473,84.855484,118.606880
191.362543,201.906469,86.755051,118.458603
188.745890,201.772959,87.008072,118.606819
186.807028,202.127275,79.002129,118.590721
182.883677,202.632936,71.922867,118.222801
177.887407,198.745779,74.991791,122.862320
157.715029,194.922815,90.666687,126.594612
148.801634,189.099851,89.626472,134.302795
139.558966,184.115316,92.145439,140.678848
132.022356,179.928175,90.674652,151.589325
131.092928,177.322386,87.906799,162.358704
130.797739,178.755811,73.677719,165.006622
129.155050,182.347654,70.208824,162.498413
126.623545,184.034223,71.182175,161.611115
122.192114,187.784307,74.419426,157.569077
119.022226,191.310667,75.840012,154.374756
115.215056,200.850218,82.194405,145.855530
111.754305,207.449095,97.147339,138.603699
111.112375,217.448393,107.504990,128.175720
116.558577,221.555498,111.474770,124.965172
121.099623,218.499487,110.641884,128.868271
125.669222,224.370336,113.947693,122.136948
128.982496,232.759100,93.106606,114.956223
129.657328,242.611147,121.874435,103.225639
135.502615,245.908697,124.800133,96.554550
138.355085,250.959852,120.989235,93.023773
136.427775,252.173300,113.834396,91.720474
136.732149,254.197046,103.032745,88.048744
137.032496,251.927042,118.096542,89.930489
134.481733,250.224306,122.434822,92.109886
136.353106,245.650354,129.923279,96.148109
134.565245,242.221338,125.893532,99.393349
136.267241,238.620516,116.902748,100.206627
136.487429,237.191686,113.279755,102.917374
135.490439,237.740072,110.256401,101.902390
135.038599,237.646440,105.091599,100.931145
134.692286,237.006948,102.907089,101.018661
134.794180,236.591623,107.159966,101.475441
135.894110,237.694124,102.246605,100.776299
134.003634,235.489576,103.031525,101.127594
133.007860,236.108782,103.817352,100.569481
132.556276,238.745558,108.560364,98.151642
131.459677,241.028135,106.595360,96.022217
130.358484,242.260702,106.762833,95.062698
130.404543,242.470587,108.682159,94.339096
130.556318,241.921751,97.458534,95.002289
128.476118,241.073519,91.075478,96.137657
128.507025,239.606897,92.827599,97.933327
127.524527,241.455293,97.021843,96.181419
125.687368,241.052526,117.918205,95.263290
125.834185,243.894212,111.679382,89.922691
126.261271,243.782171,115.822708,90.768204
127.495459,240.675222,127.473839,93.388474
128.398962,244.431177,108.568260,91.163918
127.962519,244.141588,100.296585,89.006493
128.982725,244.429449,86.296150,91.324539
134.496935,239.538793,90.843597,95.729172
137.022528,229.317701,95.632072,105.577942
137.482699,234.998670,90.706055,99.223755
139.363707,234.741312,87.496742,100.281807
138.053736,244.111799,82.070663,90.511993
137.856047,239.485002,92.951088,95.554436
140.263571,240.153734,88.502647,95.167381
139.821612,238.245912,102.978790,96.335564
151.490431,236.068121,96.116737,99.100845
169.794397,234.234361,79.460556,99.628532
172.203325,232.687635,78.842682,94.690582
172.658739,233.169130,87.267853,93.894859
173.834536,236.715780,93.817230,94.510605
174.944040,240.160623,96.988144,93.113625
173.321257,243.084524,104.296089,86.970688
174.605154,244.714056,99.706474,87.244583
177.871187,244.597521,102.545990,85.513237
188.637304,244.122034,102.094383,87.282234
189.272047,240.595060,104.773842,89.163330
193.231131,234.405336,119.290306,97.938408
188.023821,227.175176,128.207123,105.703476
189.208292,226.755201,137.270065,106.410492
192.330912,227.470541,147.049850,107.571854
198.279940,224.321504,150.199280,106.455986
194.425043,220.881075,145.094376,106.766899
189.290499,219.793489,148.913940,109.644890
184.528917,213.681219,158.165924,115.169357
176.824839,208.082948,83.291183,118.115959
177.209337,200.444925,74.011688,126.240974
169.413794,194.725088,79.292229,131.222305
166.717718,189.485746,80.033073,134.582184
169.572229,184.784818,74.776688,139.546356
165.533857,182.165174,76.890877,141.452698
162.153734,178.341520,75.543579,145.452728
160.023920,172.831739,75.839218,147.498901
158.908743,169.632017,72.371086,136.689240
156.247999,165.543577,70.024971,118.854187
153.184992,160.906996,61.627670,120.021881
150.620184,155.418131,61.157188,121.449593
145.241856,149.162267,63.629726,126.476883
144.091322,142.967497,60.476143,131.703766
140.824400,124.318975,66.092567,149.455734
143.907358,99.319875,73.059921,170.808640
144.656817,73.084623,88.613922,192.029694
149.005964,57.293600,79.283607,199.059006
160.247103,41.064245,73.144531,182.808914
174.507166,23.599714,67.162064,148.596069
176.030718,18.486990,111.183929,221.730087
191.702955,151.131445,119.660194,158.679214
190.432753,149.544859,121.530434,158.527985
188.776198,148.536825,120.173988,160.688889
189.490835,127.996160,120.264793,179.819107
189.947924,148.879621,116.150604,156.356567
185.910105,149.822637,120.532150,159.023087
184.585474,149.355802,120.736221,158.391388
184.064383,148.364179,120.676476,158.385925
181.190081,146.195425,122.871490,159.086838
181.537249,148.599401,120.271759,157.800308
180.559172,148.195783,124.820442,158.268372
178.041029,147.486700,123.949501,158.768814
178.721590,148.811826,144.251465,161.835907
177.363066,148.838239,124.302681,159.463501
339.830095,266.451349,140.169905,91.622047
178.308183,150.699102,118.174820,159.537125
326.073419,262.730547,153.518982,97.044609
167.955194,148.994383,126.943909,164.576019
302.311708,269.278990,176.664474,90.224823
293.832566,273.164598,185.216019,86.835402
281.417909,280.670689,187.672592,79.329311
271.854142,287.105292,185.472305,72.117577
263.603005,294.092387,186.234528,65.833023
257.254319,303.174204,181.961258,56.718155
253.683343,310.488224,173.243896,48.340237
250.168420,317.791411,157.013306,41.077614
242.585008,324.459917,135.866287,35.497314
138.609036,261.644770,102.660263,98.154099
138.440236,271.800829,134.477112,88.186768
149.069093,59.038580,103.936134,91.128403
148.519284,67.489348,100.355881,93.945801
148.666513,77.120886,99.045067,94.338760
148.450231,86.448061,98.108002,93.859032
146.312478,96.982264,97.439232,93.339912
146.866235,105.464999,95.083458,92.856834
148.428994,115.348242,91.213219,93.970047
146.451982,120.161547,90.849831,95.078819
144.967485,126.065916,92.092049,95.875397
140.965386,129.675394,93.788963,96.684242
139.159841,130.068400,95.747681,100.512856
137.791020,130.655402,100.692322,104.249741
135.912801,130.251463,105.467316,109.175476
132.673497,130.293780,113.393982,105.378807
130.874242,130.781252,115.724182,85.950188
132.484288,131.053927,110.692657,84.561729
132.994870,128.295115,104.949020,81.229530
133.180055,125.099406,99.953224,82.703590
130.702523,126.989832,100.363304,82.189400
129.543466,130.928057,102.949577,80.610619
129.079125,136.601851,106.926292,80.789185
127.562776,139.851885,108.391762,80.565819
115.275365,141.252264,118.912231,82.573074
105.039167,140.147883,128.297775,87.068642
109.949071,136.974635,115.379700,94.158119
110.598691,135.470850,100.997208,97.220009
112.959500,136.137835,87.888687,101.378288
116.267648,137.567839,71.077049,104.102203
117.818120,140.664126,51.789337,103.401360
106.418788,144.702338,53.872486,102.141037
89.922063,150.662356,71.330139,97.484642
98.340272,164.825373,61.130440,83.919136
88.486260,172.555937,70.427879,81.313416
71.451684,176.499625,83.017540,89.067276
67.707776,180.479464,78.874222,93.041496
71.113313,188.575045,70.043129,94.011406
64.068513,209.040690,73.825752,71.549934
70.606324,213.376711,65.125038,62.413414
62.873517,219.214140,71.484818,56.731049
55.633885,216.089087,78.826233,62.456528
59.884862,215.660731,75.259644,62.889809
71.285127,211.429276,67.295479,60.393734
64.204957,213.314181,76.417763,49.991325
85.050576,208.517418,56.375511,50.252361
90.357163,210.572522,53.056923,49.312534
92.049666,206.422730,54.853283,51.612637
86.673549,198.844935,62.316456,59.955849
79.945142,179.149382,71.335464,81.071991
77.760938,203.144221,79.555649,56.675545
91.407750,199.532633,65.903381,60.677376
86.844914,177.085249,69.260071,82.953674
84.265103,177.518874,71.395706,80.534912
103.984803,178.939574,56.642342,80.068481
96.617337,172.386897,59.074783,86.990669
113.551452,164.634314,52.603252,95.741623
100.988832,170.637766,62.004677,89.512215
112.417382,169.265967,68.364037,90.637314
105.025178,175.874327,69.654579,84.074005
99.080781,176.452239,85.579262,83.592590
98.373368,177.736082,87.893257,81.500702
100.649522,179.931685,86.427345,80.912628
101.322740,178.168219,84.051826,83.579300
94.765851,189.862032,72.499313,73.306847
103.311154,209.463946,60.218643,54.333763
105.711446,193.174269,57.894562,66.389069
101.930799,196.256854,62.495316,64.327965
98.942920,177.807669,62.890141,74.803268
92.994927,183.080929,63.835808,59.460972
100.135688,162.157370,49.128201,75.957169
97.227963,182.125561,42.191177,59.781681
0.000000,86.035721,29.779288,38.420135
0.000000,77.814173,21.537187,41.085949
0.000000,81.305371,20.431923,37.337440
0.000000,83.937945,19.723884,36.409756
0.000000,85.764403,20.034409,36.106480
0.000000,91.877040,17.188647,31.501490
0.000000,99.104248,13.132743,24.299768
0.000000,98.812403,10.288145,47.031551
0.000000,99.535691,50.060832,56.110420
56.883719,160.592621,30.284117,45.341774
55.035300,162.621794,24.027800,40.702999
39.295982,157.627249,35.711514,54.197338
51.206842,181.016022,26.122429,41.006248
52.447719,189.150027,21.883579,38.912998
52.822148,192.561707,21.489550,38.807014
50.255512,192.345574,24.103504,41.249657
53.377658,188.665530,23.448093,39.431156
55.686806,186.748282,23.682383,39.797253
63.751132,187.966786,26.924459,39.650970
78.808488,185.692206,24.601051,39.649654
94.634801,180.569100,23.146715,37.979546
119.491728,178.020567,23.090467,38.528332
149.427819,183.223549,23.623590,38.186501
175.109455,182.307534,25.284260,39.386940
124.945264,175.501759,101.563965,57.770325
1.178842,182.591061,66.328796,104.109909
0.133573,184.592152,83.422203,103.248383
0.039411,182.984726,97.045891,101.754158
8.592802,187.814530,104.986534,98.372719
14.571065,185.537861,108.904457,99.704193
17.929102,177.827614,111.838531,105.067589
18.857996,166.869683,114.067841,110.934013
21.794183,163.186295,116.509796,113.475410
29.034597,169.081540,117.874062,107.393845
37.993890,171.071843,117.051239,107.915985
43.174650,167.825341,115.784447,109.340996
51.179609,170.637043,116.207573,106.839233
58.021700,171.575188,117.715103,105.829582
64.933702,169.934624,119.191452,108.341362
72.681360,157.457772,121.165131,117.419579
81.762231,143.412205,123.958160,127.012787
90.835977,125.307156,131.791748,142.646103
100.799150,104.629116,145.662399,163.676071
113.229585,88.122677,177.086624,186.463791
132.418237,75.888211,188.110809,171.668808
152.856081,74.561741,167.593765,151.000031
173.398790,69.371808,131.016464,141.335281
197.127901,61.211903,103.915909,131.206543
217.265199,55.135640,83.682327,128.599792
230.371782,57.350609,75.789963,108.464256
238.210149,56.074910,80.081306,97.038330
243.817873,63.137433,76.802078,88.567429
266.892221,80.846701,136.379272,62.471127
309.289819,80.552355,85.766388,54.254459
339.715181,87.819235,44.723648,50.857937
327.676036,96.294596,46.518520,57.262653
249.263284,97.102349,122.576035,69.593712
233.991960,104.915387,131.902344,74.795792
221.578920,112.422966,135.953583,79.495659
210.382249,116.673363,135.903564,84.542717
206.960535,118.709267,135.700851,86.774132
211.952676,120.860691,129.465836,93.416412
208.656469,128.184502,127.301292,90.761528
213.386613,135.766991,117.063660,92.847649
219.548425,144.287964,107.011093,107.990639
222.998251,153.421658,109.204704,131.714401
224.329954,163.233742,99.362282,99.914940
229.055727,166.283471,90.696899,96.356285
236.393720,174.732014,82.119423,92.857300
228.255979,177.789319,82.549751,91.999619
224.231218,182.151951,80.877014,91.053650
220.268144,185.599255,80.345673,90.332291
213.345285,185.390683,81.539871,89.664444
202.718385,187.889351,83.046600,83.785088
192.493833,189.834889,84.235237,80.916412
186.542818,191.305958,82.412354,81.934174
181.598981,190.630543,79.474709,82.683655
178.241697,185.589150,76.561745,81.416862
175.861391,182.813992,72.297302,79.730453
170.877885,181.627816,71.085663,83.348228
165.891264,184.181000,71.659187,82.752022
163.946466,186.551014,69.573166,82.409302
162.481306,189.834782,68.844307,76.796326
162.281507,192.242295,67.017067,76.773628
160.762594,190.254040,67.593590,78.068497
159.407236,189.064606,67.219589,78.908791
158.523542,186.448101,66.387947,82.365494
157.839052,186.287762,66.770142,84.405472
158.892728,189.246937,67.311806,91.295197
156.814630,187.873959,72.339371,101.156052
156.554212,189.222344,77.834511,103.317680
157.037038,190.374390,75.885826,93.960884
159.209985,190.823162,75.187515,93.080521
160.769758,191.329510,75.436501,96.088699
163.290479,193.584374,75.622444,93.028740
163.976389,193.017323,77.048904,90.987335
165.172567,192.968560,76.706902,89.276146
163.986978,193.214646,78.749588,91.576881
163.353963,194.206597,80.529228,93.903862
162.925344,194.663594,81.835167,96.175903
163.139925,194.918984,80.910004,98.293449
164.023923,194.495560,80.763496,100.553261
161.823007,193.960339,82.161819,103.213394
162.115766,192.570839,81.211037,105.752251
158.681123,190.159577,81.535217,108.072121
158.596910,188.658848,80.002838,108.824554
155.197687,187.681851,80.724808,108.903091
152.242338,187.807293,79.415718,109.506607
149.785738,186.662583,78.308411,108.098610
146.662115,183.212090,76.263268,106.429436
142.885988,178.330468,76.577789,106.711388
136.919199,173.668045,78.249985,106.157021
138.563829,169.279847,73.301697,105.706856
135.375482,166.865086,72.081650,103.076233
134.575597,165.582924,69.544151,99.248955
131.570905,163.089871,69.269295,96.942307
130.769067,160.198056,67.480789,96.257034
129.478704,158.245591,67.063744,95.754646
126.572725,154.429154,68.274597,96.619179
126.414388,153.117924,70.269798,99.616791
124.377676,150.868123,74.074638,103.589783
123.135393,148.535748,76.443420,105.716019
122.910646,148.386300,77.128693,107.530083
122.583715,148.756009,77.197289,107.935165
119.906747,149.812325,79.874710,107.832207
122.637983,150.650471,79.616707,107.790405
123.099050,150.788842,79.616814,108.494682
124.012216,150.698098,77.010391,107.850365
122.259069,150.086941,77.283989,106.523087
122.695699,149.899434,75.787224,105.219116
123.022531,149.328698,75.093491,104.891045
122.570154,149.999768,74.545883,104.234207
123.987066,148.688305,74.617668,103.813065
128.783929,147.675972,74.701889,100.828392
131.373521,144.471817,74.408295,101.143288
133.264188,139.615792,73.683632,101.226677
134.148641,135.980732,73.572655,100.824524
130.466650,133.776978,73.445030,97.809364
129.901220,128.569848,73.981865,102.962944
130.407327,125.561562,73.972763,103.181572
130.430421,123.181267,73.605652,102.406822
132.048296,124.109871,72.437836,99.496483
134.434839,123.313343,67.634689,105.207825
135.101354,122.203213,66.665520,104.256912
131.676908,118.969754,67.518593,103.694901
122.501592,116.345128,69.962975,103.529694
115.296774,115.235081,69.840660,103.508362
110.278097,115.203968,68.826897,104.111755
106.787859,117.584656,68.829742,104.920753
105.589269,121.309803,70.167076,105.682312
106.037141,126.733674,70.243073,106.957222
104.527269,132.361702,70.919403,108.836845
101.665220,136.806958,70.634804,109.756454
100.054662,141.046872,71.072319,109.725479
97.526594,143.125145,71.179634,109.043175
99.832880,144.941147,71.555527,106.820290
102.224813,146.082112,71.772545,106.564819
103.967104,146.545350,73.273529,106.378151
107.601625,147.389050,72.549652,106.512955
111.436578,147.784882,73.370438,105.626442
115.611902,149.772252,73.555466,105.487457
123.610651,151.696587,74.962448,105.443199
132.907152,152.937024,76.020691,105.599655
144.523511,153.270573,75.702888,106.545868
155.416219,153.066403,75.780022,106.136337
162.758268,151.739529,75.954048,106.510330
167.720846,149.290341,74.793907,105.385910
170.522413,147.575230,73.505653,106.507355
170.793100,145.172135,73.346786,107.209328
171.893316,140.665837,73.940941,107.673401
173.005231,139.537606,74.246407,107.578880
174.117845,138.548386,75.297150,107.470284
177.025930,138.124340,76.217918,106.457352
179.037111,136.803376,76.072296,106.593971
179.530355,136.166104,74.860374,106.284836
180.085645,136.948521,75.559242,107.311951
