822.000000,522.000000,164.000000,99.000000
831.287079,516.962795,162.523682,105.994637
855.838203,507.177208,148.329391,118.008255
864.554878,497.999382,148.852890,128.071487
862.324677,497.408043,150.539307,128.230423
886.689308,489.262581,135.107956,135.869797
904.977047,482.666824,127.596870,140.176544
902.070450,473.534958,137.978912,147.095245
910.284859,456.950768,138.154831,160.210892
936.397289,451.679520,120.590553,162.088165
934.323181,450.394157,120.800476,163.386856
952.584492,447.323067,111.215782,162.291672
967.736137,445.775215,105.925186,167.101364
980.950851,454.019218,124.994659,169.414810
988.853725,457.882980,121.472725,169.051422
994.072140,466.038559,114.512886,162.210663
994.477905,466.601532,115.092651,161.691284
998.872841,477.887566,109.149033,150.443436
999.133236,492.420975,104.479134,137.144012
993.304737,505.279984,102.736961,127.432953
991.195210,516.142136,108.410789,120.154938
988.636360,524.000149,108.703781,125.748665
988.965992,525.808994,109.861351,123.193596
982.274849,515.739151,117.507065,134.675507
974.928375,509.700188,117.259338,112.846268
965.135124,512.142426,128.771744,139.724365
953.705818,515.932579,138.516769,137.798355
948.903587,520.364922,139.618912,133.551346
948.376778,519.699509,140.536362,134.225372
944.617859,522.273758,138.488281,130.944366
935.510498,525.774178,138.736145,129.267807
911.999008,533.375835,155.937653,122.155739
888.848732,535.609192,173.669968,116.719971
871.576195,533.702766,185.442215,117.358932
874.937187,532.471516,181.823929,119.882286
864.905785,533.014248,185.382278,117.159554
862.256752,530.875118,177.893356,119.553169
863.951408,530.314693,162.947586,118.148567
863.579033,528.526367,154.532242,116.899353
848.927711,525.273926,165.028793,116.442993
850.544815,525.007156,163.984344,116.428864
840.932396,519.929264,170.267227,120.034355
836.829506,523.401749,176.053207,117.679535
815.693504,523.404892,198.079788,119.244965
807.968346,523.144089,203.174698,123.693878
804.311798,524.976910,200.996643,123.601784
807.623688,525.123219,198.015137,123.008507
799.316299,527.781082,188.188080,120.756378
796.616760,526.349846,168.910828,122.526443
798.038696,526.474884,151.782715,123.489502
791.156998,518.674019,152.265900,131.103500
766.855804,521.822762,168.831726,127.717331
765.844200,521.325729,168.599319,127.965912
760.074455,515.542465,172.263687,134.257477
741.915382,515.169891,187.858810,136.361877
732.540062,515.201355,193.930618,134.073853
734.312202,511.068535,174.220261,137.218582
734.238800,509.553947,159.650574,138.510452
734.361595,509.758957,159.147659,140.294342
734.153275,507.597191,145.626495,138.445572
725.450874,494.202782,148.046127,151.732254
707.015594,491.460503,164.191284,154.462051
698.586723,490.170143,166.495865,156.059433
689.986130,483.536629,169.487152,162.336227
691.840714,484.785332,165.944550,158.347855
681.944870,486.550209,169.242157,158.656540
678.751274,485.617798,155.774063,159.428101
670.625824,485.741409,131.723572,137.185394
671.557037,480.752502,120.682129,156.907532
666.559780,482.270851,122.269600,164.728867
662.400841,474.924591,122.207718,128.408020
665.205128,480.949860,117.552452,176.842224
662.018574,490.134743,100.777245,131.326645
653.551651,491.413689,111.497894,144.879166
644.747215,497.085213,122.899918,172.576523
644.414455,500.890583,101.315620,120.837120
651.086452,496.060226,110.858589,176.218109
644.134663,505.998405,104.912315,128.781631
642.644123,501.618050,110.911034,177.222580
626.962387,498.108887,123.948090,180.049194
625.765091,492.727608,120.118011,185.129929
622.485615,491.064217,118.491234,187.592392
620.890888,492.444527,119.050072,188.323227
618.199207,488.420403,120.402916,194.123306
616.122807,486.856705,115.490715,197.753021
617.129391,483.435661,115.817940,202.404861
619.963226,481.828690,111.219666,203.820648
622.994595,486.793266,108.675728,198.977859
622.253258,485.221245,109.745010,200.968704
624.014660,489.336273,105.238564,197.461121
624.212772,489.478622,106.866447,195.516449
623.910744,492.317451,105.232101,193.545761
621.734482,479.679634,107.501373,204.833176
621.707714,483.519699,106.454506,200.510834
624.822651,496.603699,102.869530,187.512146
618.489983,475.755081,107.282059,208.244781
620.494122,484.120552,103.993446,197.734848
624.449661,498.670181,98.815399,171.796722
619.879616,492.177162,103.227463,153.795944
622.728367,479.743774,101.820610,205.281799
621.223198,489.441040,99.439102,153.056152
623.574894,477.563210,98.916557,206.641647
626.664322,481.257072,93.789032,155.531815
629.303345,475.971199,95.072693,204.991867
627.833981,478.605583,95.542427,196.963211
627.019207,477.422806,98.973183,200.728668
627.266430,480.162903,97.928688,200.884583
626.311081,481.556366,101.983124,188.019897
629.332413,471.331383,101.360748,201.705093
626.273739,472.234818,102.835579,210.039825
624.801437,472.148003,105.152740,203.532608
622.697502,475.297852,107.362015,210.162354
621.739384,474.247086,108.083122,208.775299
616.428986,477.492821,110.298584,207.617264
606.537296,475.775162,117.140434,218.654144
604.397663,476.880783,120.509789,219.509552
601.800732,474.598740,121.802101,224.501678
597.790222,472.942055,127.438599,229.598618
593.694542,471.330544,130.301651,231.256882
598.518826,469.747414,127.022713,235.484299
608.124691,469.866226,114.062813,231.538483
603.522160,473.162178,124.019035,243.902084
605.435108,469.651878,119.122765,242.157364
601.398197,476.039589,123.679192,235.921616
603.943180,479.739555,120.278557,231.347855
601.516457,482.641090,124.528732,227.859665
595.306198,481.747047,132.683441,228.990952
594.492348,481.662239,132.604660,231.772934
599.218658,481.395836,127.570129,232.785049
607.041630,485.057144,119.806145,227.566742
605.624260,478.288177,121.711502,233.929199
606.035038,469.191170,121.542961,239.559067
607.400845,456.484215,119.163338,251.801346
610.725975,452.974861,118.120560,246.784531
607.830345,437.761581,120.555557,262.341766
608.955009,436.463776,119.210953,257.432617
605.388142,435.515709,121.756554,254.641006
607.075035,427.775604,120.961258,260.911011
612.533459,415.130402,116.674171,260.800781
615.984810,440.067612,116.117783,226.047699
613.008057,445.724892,119.066162,210.583298
618.188259,414.039810,116.065498,241.144440
616.616436,443.136177,116.627235,205.715073
616.924801,431.620193,121.451180,216.112518
615.956867,433.860840,120.908043,212.820435
615.638279,426.786926,121.730095,213.916321
614.312351,436.231422,125.001640,206.795090
614.563099,415.048912,122.043114,229.463455
612.098637,433.807182,124.852226,204.955154
612.087151,420.291367,123.632034,229.852936
609.685276,427.992676,126.823723,210.522766
607.038353,413.326584,127.443069,233.621368
609.481083,394.992622,124.150749,244.314621
616.212154,384.147888,116.377693,258.857666
611.515247,405.314491,122.489342,240.232407
607.656254,401.363335,123.354424,246.622940
602.775661,402.542831,125.713387,239.977875
600.436386,409.352859,126.669098,231.714142
598.444115,428.507645,129.010025,212.071625
597.155190,428.715805,128.164169,214.977692
596.719681,425.624352,127.735687,217.094254
596.069130,423.176437,128.867599,219.615875
597.281761,417.839767,127.544144,221.703461
597.667553,407.631447,127.263039,234.446640
599.122246,401.037407,126.698563,240.043045
599.697483,399.722191,125.772148,242.794998
599.590076,396.090881,124.312706,246.536621
595.674126,401.432083,128.530655,242.028107
595.122955,397.452492,130.992615,237.165329
597.471024,408.705200,125.315582,233.355103
594.189064,420.693466,128.535812,221.273529
597.382053,409.484665,123.901054,232.617340
595.879772,405.003593,125.816689,238.824295
597.308750,410.269844,127.792290,228.382065
596.204048,408.973396,127.324326,236.324326
595.854546,406.102989,128.829544,237.108597
596.195694,402.723930,128.633270,240.474075
596.582508,399.021454,127.969139,247.229370
595.054688,402.482094,128.758667,240.549973
594.914688,402.759201,131.007599,242.473846
595.003876,403.341591,128.370728,239.681686
598.666714,407.601456,122.833504,238.574677
594.519020,408.466133,126.691696,240.944809
591.144463,413.275795,128.286331,232.393051
591.055099,412.932358,129.105804,232.946320
588.632706,420.701004,131.036224,231.233124
586.715454,424.314270,132.151672,227.096436
587.793404,423.655769,132.863449,231.685349
584.446739,429.680664,136.029312,231.940186
584.212738,428.919205,135.421814,234.436493
584.229561,430.592873,136.010727,232.747971
583.000496,433.422035,137.068527,233.494125
583.767235,433.833366,138.524551,236.710464
578.933846,437.705704,147.817795,237.649445
579.132210,437.341995,145.612411,243.988556
584.450569,437.144470,148.440659,247.137451
583.913467,436.098267,144.369293,248.864014
588.607864,436.763390,147.022858,251.824966
585.529137,439.033600,151.288651,252.724915
597.547104,438.625595,146.748383,248.294525
590.463768,439.567238,153.265884,251.739365
596.545761,437.190697,150.004242,249.113907
591.667358,438.922623,157.083862,251.386383
595.611290,435.880829,153.680679,251.556396
597.260048,435.876717,151.413376,252.376450
599.091743,433.716072,146.555161,254.235947
596.529709,432.710342,147.773956,254.964935
599.488037,429.943687,146.082520,255.852493
595.556541,435.123909,150.203079,251.989548
601.226379,428.536514,143.757874,253.409882
596.979309,431.030411,149.064087,252.617584
602.971596,427.925858,143.544113,251.318878
598.953194,428.157379,147.063950,253.201477
603.060638,425.831314,144.906433,255.903412
599.838997,426.358063,148.900864,256.929749
605.784706,418.196396,143.511459,257.835480
598.579208,433.262337,150.782562,249.383347
611.168098,418.011337,139.546982,257.052704
603.080124,425.387009,151.787628,254.787567
607.729233,418.678726,145.312653,255.913544
602.383888,424.031723,151.031052,255.733734
606.562660,425.172714,147.229416,251.403351
606.330360,420.557343,147.288986,258.648254
604.139366,423.747406,149.865982,256.812378
603.249680,420.328506,148.897430,259.197540
603.884468,421.375687,151.955368,261.047272
604.194366,417.579636,148.531555,262.793610
602.479179,418.483871,150.432144,262.606659
603.868263,414.571243,148.297104,265.697601
599.977982,422.027969,153.962738,259.142181
602.775047,413.552582,147.532486,266.676575
597.123436,413.951355,154.225662,265.384216
598.573563,420.903152,149.684174,256.952423
596.679794,419.163757,153.409454,257.882935
597.678619,422.441895,147.277527,253.269287
598.086243,412.224548,145.596191,262.167175
596.513420,419.921165,152.034134,254.628922
600.011093,402.830856,147.194916,272.783966
597.981194,420.568604,153.315079,255.559387
595.798309,409.068878,153.434692,265.262451
601.959106,405.787903,148.641602,267.447327
603.837486,402.632874,148.175491,271.682678
598.342834,415.103333,154.622192,259.093872
599.382172,421.081970,149.019958,253.037720
604.356514,414.917908,149.637497,255.999695
595.716866,419.470779,155.897812,255.431305
597.627869,417.953911,155.427979,251.698502
596.123421,418.907440,160.577377,252.352051
596.160194,415.225189,160.214645,255.144226
595.717125,414.921021,159.153946,257.104858
597.198006,415.517754,159.203781,254.825027
597.425682,411.505630,164.682510,249.345978
591.439796,412.523041,159.547348,257.636719
598.546997,411.144646,159.225647,249.858963
593.609001,410.593384,163.894730,257.812256
596.710960,410.634903,158.344376,252.022491
595.747856,411.369438,159.248550,254.180252
601.293419,411.132401,155.619217,236.275909
596.364983,408.731171,158.550308,256.384766
595.428337,409.331360,163.019974,245.808044
593.801750,406.344353,160.272903,251.685989
599.158089,404.871902,156.439743,237.548004
593.897438,404.964478,160.964279,256.789246
594.552559,403.928543,157.495895,248.138214
591.040581,404.794052,160.383438,252.092743
595.497185,403.186966,153.739761,245.731171
593.213875,405.291405,157.223068,251.239822
590.028061,404.127792,160.942474,247.936066
591.616196,403.813087,158.409515,248.286179
590.643440,403.500412,157.846542,249.275726
594.375305,402.699127,155.492004,243.959839
590.311295,401.222527,159.035065,248.872818
592.008385,401.710411,157.981094,245.580887
592.449104,398.809837,158.137070,247.847183
586.701393,398.906357,163.192551,247.680756
591.489380,398.859924,155.768555,248.223083
590.231506,398.342484,159.466919,246.980621
590.104698,397.094574,162.252090,247.233398
585.326706,394.783638,165.355621,249.806931
588.890961,392.897659,161.159912,248.691559
590.187340,393.028076,159.348953,248.997192
587.593727,391.491592,165.371262,248.122101
587.688583,390.940910,160.759979,249.391006
587.066254,388.675247,162.512695,244.163116
587.527000,387.376587,161.783157,248.912292
586.736290,386.204727,162.077774,254.456085
585.951706,386.898132,161.497040,254.374878
586.591057,388.262230,165.228531,252.942520
579.799927,386.389191,172.485352,259.990601
583.378006,386.074295,170.343109,258.107330
581.277946,386.559448,174.254532,265.567322
583.535477,385.795715,171.953949,265.995789
577.949089,384.689407,180.109512,270.033600
580.827934,386.090454,176.666031,272.617126
576.736885,385.005875,183.835556,277.800568
574.409233,383.353607,188.074356,279.395264
572.731880,381.403595,192.917465,287.642944
571.306618,383.656418,187.914597,291.835175
578.647141,382.691544,186.951691,268.375885
574.581139,382.147736,192.788040,292.108765
568.489494,379.833344,197.794205,304.484131
559.874672,380.033615,201.704758,311.015839
562.819275,383.802139,202.504028,305.830475
556.992805,382.607056,211.340439,310.258728
552.998306,379.155411,225.301239,309.150543
550.059906,381.232269,213.014709,324.176636
547.935043,381.669891,218.753448,312.498169
544.481972,380.181732,230.780441,317.157837
543.837563,370.799286,227.423630,334.078857
538.255066,362.672852,234.842041,328.421326
535.490517,364.003036,231.467697,340.292572
545.839653,352.942566,219.961929,331.953796
539.382034,341.248245,245.960419,336.058014
534.063477,334.211975,243.598755,365.813538
534.783821,324.775406,252.892929,361.705109
528.983833,325.821167,250.711655,375.051453
531.337997,320.804321,257.098785,327.776184
549.625374,320.249161,239.583603,244.139557
566.781670,320.038910,222.027603,223.477295
585.520584,312.946190,201.280853,227.600723
600.572021,309.800079,180.745850,218.546509
608.910957,308.178238,173.758713,214.217499
602.562271,304.419960,181.687103,227.457443
610.923058,304.073891,172.992508,213.677170
601.548584,290.472145,182.344116,235.116257
612.407326,286.342552,173.444260,226.233658
604.850502,271.495255,183.048935,252.121796
613.546394,286.588776,176.874435,224.164978
606.075775,258.642090,183.251343,260.168335
611.129929,282.486130,183.996796,238.160431
614.437561,276.565498,178.088196,238.270981
618.229912,272.957748,178.647781,243.447296
613.345566,264.581100,182.813568,258.682281
631.455612,274.776077,169.570404,234.780487
619.182785,281.478271,176.997223,230.308289
626.194336,257.106125,186.514771,261.240692
647.053207,257.501274,177.598175,251.172073
630.545021,265.313019,189.817917,322.415894
648.866112,271.799835,185.375443,256.536377
632.841454,250.183029,211.794632,247.885101
636.971169,259.961143,197.271652,238.142960
637.186371,222.973465,212.461365,268.626129
649.286774,220.097076,203.546326,266.665649
645.971718,198.041794,207.461105,287.669525
649.055397,167.036697,221.004196,303.889679
668.300537,189.223923,199.733276,270.100067
660.381332,177.478180,214.108307,282.374634
675.084419,170.684723,200.849350,281.282104
674.346245,168.133392,205.788467,277.201172
676.762428,163.897675,209.402023,272.705322
681.827553,156.703949,213.333176,271.504150
681.358437,136.762619,220.470749,291.410980
680.840233,159.377380,216.769363,266.460999
678.594391,138.815781,225.468323,296.688690
694.005058,174.204254,221.497330,272.793945
677.294334,142.670288,228.380325,312.087952
698.816994,172.902222,228.930466,291.067200
683.576965,149.740540,232.007812,320.441956
694.422340,184.790939,225.216721,289.275970
686.770401,154.764053,232.941498,325.441559
695.202461,189.961105,235.249496,293.105804
681.373909,144.681198,243.591782,334.279999
699.332054,133.012558,221.328568,334.353607
666.888718,102.729752,268.459259,360.366364
701.472511,148.485291,232.252365,311.493469
676.703293,96.570374,250.250031,362.948425
695.795403,89.509247,244.121719,367.054688
665.838150,113.236389,275.559052,342.902527
657.683762,124.167023,285.561676,333.106934
660.324722,102.009796,295.136078,367.281494
655.703629,126.064651,293.494720,344.888824
656.706741,67.793625,307.423065,415.262177
668.034012,93.562943,309.662689,397.556915
659.326447,77.138596,296.542175,374.291718
651.441315,65.637680,312.627991,385.739594
661.010498,71.416122,312.537354,378.456757
653.263245,84.572739,317.827637,366.035736
677.522690,88.343933,313.856476,352.513611
697.406464,75.532974,308.422058,357.148712
715.790100,54.026382,307.155151,373.223663
706.235916,28.651611,331.630219,385.922546
724.222778,27.394409,318.124512,377.148010
709.772018,11.978409,330.697662,393.657990
714.942902,10.472931,334.467468,382.903198
706.193787,3.586456,343.839355,390.548462
705.125534,6.614502,345.880646,376.430237
694.011383,4.895920,354.101379,369.962250
670.558838,0.000000,374.510742,374.832214
669.442276,1.977203,378.308319,372.855225
659.700821,4.244064,380.764008,395.217010
683.994156,26.437851,350.366302,378.744598
673.958847,0.655899,361.644806,376.568268
693.916412,1.705185,339.872009,368.393646
694.851715,0.000000,335.170837,364.917007
692.537415,2.595146,341.598633,362.098053
692.664993,3.956474,331.382660,365.649200
661.726013,0.475136,365.537354,373.106506
697.150208,0.000000,332.305054,335.541222
692.662231,2.349773,337.070923,336.604004
688.629578,5.300869,340.904297,331.079254
672.000336,0.000000,358.519836,340.457607
695.846161,1.934324,334.889709,323.097260
692.381485,1.779951,340.441498,318.624268
695.319626,4.604612,338.921661,310.365814
693.992249,2.869612,341.246948,314.168213
695.853851,4.466047,340.528503,312.642212
695.202316,2.417677,342.247833,313.893250
705.000137,2.915724,330.398895,312.862732
703.750320,1.527586,334.613739,324.434052
683.993896,0.576567,354.735107,336.204498
681.604599,3.048033,355.416901,344.089813
656.743927,1.407866,379.466492,353.163483
689.341080,2.384077,343.963226,346.772339
677.671814,0.000000,363.447632,360.913465
679.362259,0.000000,360.378387,373.317649
672.785629,0.392192,365.376617,391.493835
697.911652,4.821437,344.628723,388.009003
698.838440,0.000000,343.808594,363.478679
707.403458,0.306921,339.132782,365.414398
721.161865,4.882513,365.157593,361.674347
801.969070,3.786474,395.046356,393.700287
903.827469,4.371435,354.104950,403.238007
900.336884,3.232733,375.479553,404.015411
796.983093,113.018453,471.708374,407.003540
854.208389,15.246511,415.341522,593.425110
717.894257,276.640463,553.551575,432.864990
730.910034,216.959295,524.405762,462.751740
702.270020,285.681982,559.682129,374.786346
718.216248,119.974966,522.907593,548.503113
888.980927,5.718374,371.458069,430.873718
883.293350,14.140936,385.519012,417.853058
893.635071,2.612173,363.457642,425.529358
828.552734,3.878820,407.213989,495.859100
841.140594,5.485403,351.891296,436.868103
808.153534,0.109396,354.183167,458.079590
795.779755,7.468191,347.817200,436.583801
811.425247,11.101476,337.768036,428.035004
779.264771,0.000000,333.575684,426.520269
749.137741,0.215228,337.068878,424.556732
752.673599,2.111071,321.146942,416.232330
752.891174,0.000000,317.192261,429.939441
740.387177,0.851053,328.211975,427.174835
734.940536,0.000000,327.284332,415.249887
730.141129,0.000000,330.417816,429.889561
725.675018,1.470583,328.937317,421.048370
723.553833,0.000000,324.117310,435.798540
710.292664,0.000000,326.065918,432.605889
681.932968,0.000000,334.275177,439.308087
675.189240,0.000000,345.429260,447.654043
664.763855,0.473735,330.175415,429.523346
644.188065,0.000000,341.041107,441.995311
618.652939,3.068243,367.400787,439.749573
622.417572,4.160406,359.758850,437.013977
639.752823,3.750478,333.856537,413.729095
605.678421,4.888280,345.729462,435.999268
595.461426,2.283590,371.982910,469.266266
622.566772,7.090108,349.242920,424.850250
629.834244,0.000000,338.193817,409.312368
601.355743,0.879130,362.072083,416.757843
613.941345,0.000000,357.848999,399.622065
590.086166,0.000000,374.543732,463.959928
634.156158,1.076949,338.737488,324.601685
544.071350,1.021376,430.785889,447.060852
512.875504,0.000000,474.553558,423.646437
524.929291,0.000000,465.367859,644.584846
534.314636,0.000000,463.355225,544.549015
477.784454,0.000000,520.965881,706.241793
471.795410,12.432084,526.425903,692.908386
485.352936,10.336228,520.019836,691.561279
460.677307,50.633714,529.319092,654.172119
505.785324,15.053178,502.834015,686.355896
472.767700,117.312882,525.249146,586.653870
521.442886,24.627183,490.613129,674.111694
474.942505,43.222032,540.060669,656.997437
522.331543,18.717484,503.954224,672.973083
526.616211,28.881730,533.087280,655.826721
536.367157,29.096787,524.003845,661.305786
541.971954,34.011247,522.750793,653.427307
566.289505,12.869309,500.639374,663.466553
675.932526,14.883408,407.922180,516.826782
719.575592,60.288545,350.213196,379.498932
772.330887,35.784867,303.100800,361.096863
759.699860,14.870805,316.691223,340.720154
768.403366,1.397141,303.068878,328.238159
773.610794,10.235856,296.867889,341.211975
783.151764,2.129060,287.873108,314.900909
770.613327,0.000000,302.065216,357.118714
740.884094,0.000000,311.560547,350.936814
751.404449,0.000000,291.795105,314.422768
732.980698,2.021427,303.475983,350.599152
739.050034,0.000000,288.269073,286.810261
742.876892,3.072580,275.000610,329.873108
723.207245,0.000000,291.745178,344.636728
688.702057,3.096227,293.330750,357.979797
639.891449,7.724843,287.954285,354.308746
627.473877,8.480748,291.002808,361.010437
625.510544,7.980077,291.172882,323.469421
645.736069,17.914876,289.700104,324.290253
672.621628,22.157643,267.312531,318.405304
658.663208,14.535878,275.004761,346.456696
634.315277,8.304784,287.025208,367.186707
654.605469,17.588460,262.199341,310.103485
647.413971,10.105351,268.471619,323.719727
655.309784,17.289876,265.144714,317.049652
648.799744,8.639150,274.707642,280.433014
663.219315,14.550252,264.338226,302.529388
640.900177,0.127202,293.923767,352.323120
629.553726,7.093892,292.816864,305.180023
630.653366,3.683126,299.816315,327.711639
619.443619,2.104711,307.782440,300.124573
647.408966,0.000000,312.505554,285.089147
685.005524,0.000000,295.509460,288.275286
661.534729,2.360543,320.899292,308.247192
645.682312,0.000000,296.270264,312.405221
649.653229,0.000000,305.256409,290.750096
651.458023,0.869753,307.130219,292.121063
654.576843,12.917834,288.234497,281.343262
660.204010,0.000000,304.633606,301.667803
666.986862,12.269845,287.206207,331.163513
656.223129,19.064141,294.880646,323.407318
647.582199,9.951638,299.608307,330.326660
646.414764,8.277475,283.061340,325.127014
650.682693,33.763147,273.052094,292.255768
651.493408,55.706308,268.901733,267.142761
660.405312,38.563226,251.117477,275.622284
648.050842,49.049310,262.707275,285.933319
650.583374,26.786752,262.911499,295.431946
645.395767,65.690225,260.459930,279.309814
657.850998,44.045022,250.896759,298.544189
641.604721,56.350900,261.897980,307.861023
641.122665,78.711389,253.402740,298.963898
640.380783,88.903192,249.888214,295.720062
646.116310,83.959207,237.999313,290.858276
640.087997,84.715310,246.458160,291.467163
636.779984,98.296884,243.222260,287.072083
637.364784,101.287393,240.451340,282.970337
623.903221,108.382714,242.233719,284.186920
628.081070,112.109231,235.669891,283.486572
627.430756,110.269021,235.827698,274.246826
619.511871,110.825204,241.786316,276.203552
618.566338,114.453118,237.717422,281.783173
619.344200,113.428521,234.688187,270.462860
615.110962,117.518975,233.611206,277.090057
620.870354,122.756524,217.960098,265.567596
624.421875,122.146402,220.214233,262.977051
612.401337,124.677972,224.472595,267.718597
620.353981,127.312966,214.045578,268.890747
618.511147,131.228051,213.777878,265.350006
616.390747,134.958734,212.120728,262.966278
623.449860,140.296601,203.901062,248.514175
614.992805,138.409761,210.406479,254.946060
623.220573,141.080873,201.764420,246.364578
619.575706,141.420999,197.639114,254.607910
621.876755,143.534890,198.745758,238.469116
610.055954,146.760965,209.644928,239.100952
589.749947,150.897584,225.302475,237.236282
623.786896,149.717103,190.164856,235.813553
604.763351,145.821771,210.438873,232.412323
600.021538,140.249704,215.776871,239.156555
636.821915,141.585389,181.447113,229.519119
607.841690,135.754083,207.142853,239.721649
632.411255,142.504609,183.578186,225.306412
617.263123,132.664148,199.339355,235.367157
629.414368,138.343652,186.758423,227.882782
625.931610,136.346666,193.421936,221.187912
623.227837,123.006089,198.699112,237.232956
634.775162,136.134370,185.383636,220.071487
630.240273,125.315736,192.097214,229.261551
632.285767,124.681359,188.863770,235.111847
632.617531,121.026551,191.194016,236.888260
635.803185,120.793756,186.847366,236.521942
632.755562,121.523332,190.038437,235.151169
630.312134,123.260484,191.177979,227.375595
613.471260,127.318933,200.809921,241.535187
647.714508,139.425386,170.137512,204.733047
640.908577,154.535165,171.707260,192.620483
636.353378,155.809030,173.406464,196.066833
632.841698,154.413621,172.099625,194.776840
624.069977,154.456926,179.702576,194.239182
620.122681,146.303521,185.829834,204.070221
615.078690,140.505548,191.710114,213.581024
611.325371,128.264711,195.893509,224.983597
613.529747,130.289750,190.356461,228.696945
609.804466,132.138543,193.928482,233.764984
616.857353,127.469323,191.583328,229.909698
606.886597,132.347726,189.659607,253.026917
628.910492,158.077943,170.767212,195.220047
609.287910,163.243264,192.024338,191.624146
609.535080,146.435556,192.308563,215.572449
611.459106,160.425218,188.853882,210.262924
610.441345,154.408532,191.012878,211.367889
612.915489,172.278878,191.269119,207.152344
609.644836,148.906228,193.676514,241.138977
622.359444,149.250856,194.909042,240.866348
619.874908,153.211435,200.207947,273.593384
637.921104,170.203912,197.662918,257.768951
653.609550,180.190568,193.813858,242.956161
647.545006,182.545449,209.727859,259.352722
670.186661,190.477594,188.991302,237.550690
662.838623,199.350427,203.069580,248.437469
690.214615,214.296991,188.266571,217.838776
692.037170,201.883042,195.449158,229.230576
705.868767,201.067987,189.162918,234.967499
703.936714,194.404237,198.378586,248.360428
706.484169,192.756646,196.482162,248.559662
719.361267,189.623315,193.797668,254.156647
719.751198,199.589219,191.304428,244.076767
719.951172,208.063867,190.849426,236.161530
730.092583,210.050264,195.367996,226.728653
724.301483,189.889070,206.861450,237.175430
720.632584,188.556146,198.302032,248.153900
737.999634,219.245340,181.653625,195.017090
726.832413,191.671991,200.045197,218.380524
720.589104,184.859658,199.329544,257.280945
719.646332,193.760301,202.359253,233.499924
715.123062,193.399926,201.549347,236.327118
716.527504,197.284745,204.920395,233.966660
724.250191,198.361367,188.558517,225.346741
716.611023,193.012040,198.341736,241.785629
713.773117,188.070558,205.701508,241.941422
720.950516,184.947412,195.848419,244.161957
711.016068,182.668550,206.490753,248.553787
711.301338,188.179826,206.441452,244.363144
713.576340,183.622811,202.891083,248.925293
704.391312,189.603814,205.288116,238.479889
703.659615,192.975396,198.652878,244.774323
694.709579,228.365503,195.693085,207.842255
701.813393,197.128953,202.957748,219.046860
692.598770,227.654412,197.280182,199.614227
701.129349,191.012422,206.932953,224.525345
699.617287,182.363321,224.986740,262.481384
711.131386,179.626489,194.548508,246.788788
705.677040,179.066346,205.412766,233.792252
712.600273,169.886583,209.624283,245.170822
711.939766,170.451295,200.094467,238.211563
713.601578,170.025117,209.165131,243.289383
713.314194,170.797288,206.738312,237.705368
708.579102,175.194986,213.299194,231.152161
712.880981,162.255616,200.920776,229.787125
704.950928,149.441507,206.612183,227.806946
704.821625,144.217775,214.057678,248.938980
704.284836,141.104158,217.011383,250.357376
701.531952,140.743936,223.690491,257.631042
691.397919,133.799157,233.908020,274.647675
702.301224,138.174714,224.463959,240.512527
694.078354,147.480325,232.454498,246.467834
696.264694,156.473733,230.035309,228.727844
692.056007,158.303163,238.408859,231.788467
698.474236,159.602067,232.639786,223.859726
686.916412,132.604104,236.505432,242.104797
696.318268,146.329011,223.069153,234.828201
675.054108,189.148927,236.680115,203.725723
692.015709,176.274903,231.288284,208.703506
682.672638,137.387124,236.305237,242.564026
657.556114,105.629464,249.962479,293.135864
697.684502,88.421319,216.659805,463.870880
616.511871,100.736566,301.013733,502.567902
612.446045,110.712152,307.036743,486.187164
612.233688,123.636071,303.919586,472.954681
617.021988,107.616372,291.411835,487.907532
626.422668,121.122628,284.484253,481.228394
612.968704,101.125528,299.373383,499.208801
614.819519,108.750634,299.541870,492.969574
614.064697,124.070779,291.522705,480.123230
609.556854,128.981408,292.116760,478.624969
610.245514,127.988855,288.140686,483.179047
602.868042,145.203271,295.371948,465.657806
600.597702,116.787866,290.594025,495.038177
613.504761,98.228433,285.020264,517.127380
605.035736,124.444650,296.292786,495.305054
599.598816,133.196344,302.949829,479.596832
597.154846,130.307367,304.062622,485.973663
596.577835,107.644815,309.660492,505.624573
601.774307,122.907418,296.682220,495.060547
589.552689,135.753717,310.044037,483.505646
587.310486,118.915994,310.811890,502.223083
587.851486,128.730706,309.683990,485.287506
590.303055,127.986062,304.333099,491.525940
591.409866,118.916436,302.607391,503.032379
590.599197,134.839807,301.721283,496.026459
590.983917,136.002587,303.236023,497.284271
579.091446,138.223519,311.221405,489.473755
580.566681,122.785211,312.930237,504.819855
587.476212,143.280023,301.702728,487.069122
581.266937,135.826318,311.046570,498.912811
583.562332,122.695184,308.317596,509.992218
592.571198,144.304238,293.881409,495.418274
581.971481,124.779184,302.208893,515.927002
581.393005,134.813913,305.007568,504.259888
575.271973,137.047357,310.370483,505.524689
574.858459,146.980905,311.557495,491.726074
581.479034,151.903451,297.392029,487.592651
572.314133,145.539819,307.246002,495.542084
574.459015,145.164544,309.639465,502.412262
568.945038,141.748391,313.663147,504.108948
571.683960,149.308908,313.904663,494.272339
570.967361,152.175821,311.108978,491.031189
566.181458,153.462869,318.359253,496.146912
565.028320,167.484155,318.175293,480.797333
542.522766,162.587579,337.063599,487.258209
580.488693,191.968728,292.696198,459.993713
569.497360,167.011972,306.157257,488.528931
569.518982,190.269906,304.403564,461.532715
570.385147,173.033090,305.147430,478.840210
582.240021,205.892663,302.239075,445.073090
581.341263,193.714090,297.860687,462.756042
584.269333,200.948968,296.819122,456.062775
580.824661,202.934762,299.371063,452.916260
581.191528,206.171853,297.749146,449.855652
583.761536,217.308358,294.151001,440.155273
602.052917,206.577111,272.297607,383.781708
660.822296,214.491754,226.338440,255.340607
639.339973,212.661172,235.384872,447.219666
626.762573,199.528878,250.873047,266.999756
681.867638,201.089990,181.040237,251.924164
677.954269,212.321656,186.127594,248.005020
678.567444,222.497926,198.379028,237.621597
686.225723,225.028611,175.198578,228.861374
676.325310,212.028878,192.020706,247.559875
680.581322,220.362764,176.322769,209.198380
689.738045,219.081849,163.008774,190.030411
701.767128,219.155801,157.364914,205.669434
699.273079,209.108522,158.884079,215.805130
701.489861,216.874482,162.732254,209.080704
696.805847,203.257547,165.061646,231.682434
691.478546,213.917604,171.280273,225.240677
682.696815,198.173608,182.568649,216.346771
684.755974,204.558351,169.115005,222.805313
673.128693,198.220056,189.061707,230.608795
676.399353,193.564111,182.673096,227.104767
680.221153,193.677217,182.635208,230.701797
672.172813,190.450471,184.421097,232.455887
673.356010,185.402139,189.474258,246.028625
677.654343,183.179849,174.951080,230.893127
676.803436,180.720857,189.222412,238.552750
673.839958,179.653482,202.095901,246.435913
678.777847,185.213929,178.819366,222.749100
673.520584,179.222551,197.264984,240.849106
674.593292,174.436196,185.139343,230.624695
677.136467,171.411019,199.023697,244.880615
681.026146,174.069902,184.306107,211.687607
675.281120,172.495500,195.857071,232.863022
678.003281,171.267877,194.668976,239.808746
673.664658,169.099496,197.725861,226.642456
676.716690,168.858094,192.383148,237.584854
673.590942,165.913446,199.046387,243.164215
679.335182,166.010469,193.470261,234.089188
680.294197,166.645280,191.892563,241.270248
678.625931,165.799737,191.392792,234.111847
679.476730,168.214784,193.240265,237.940811
684.233688,163.659120,185.418365,242.236465
685.122627,163.080560,191.012802,242.561066
688.477196,160.683671,188.710281,243.439072
687.352623,162.850312,189.977982,243.583206
687.491234,164.897172,188.692337,242.441391
692.332306,160.196054,191.795593,248.335815
693.535934,160.429361,196.001373,252.942444
695.970062,155.907563,182.654846,246.679520
693.841019,145.472222,200.038910,268.620758
691.807510,146.109002,192.314423,254.952789
692.475708,142.205163,197.969116,268.793060
686.156174,138.430444,198.848785,271.956390
687.267899,133.932397,210.707001,277.149750
686.985939,133.867120,201.264572,256.397247
691.363655,135.466348,197.390366,267.343079
684.163795,133.839303,200.394577,259.874268
685.092499,130.855920,207.090393,272.401337
680.946960,131.730371,203.858765,260.009369
684.274139,136.950479,204.350525,271.478577
676.851669,136.172876,201.439972,257.635101
683.953308,139.255563,201.129395,264.305908
686.443893,145.062509,188.225494,237.121094
691.026154,146.526437,189.128235,261.907959
687.448799,157.940721,186.699448,236.439743
684.120087,165.858636,185.747498,245.328033
686.424110,155.917413,185.204391,259.047516
685.659363,161.787034,182.843872,214.838181
696.776787,155.196206,175.920792,248.712097
686.819885,154.698518,182.725220,245.200516
689.355751,157.927453,179.849655,253.328827
686.915520,163.194696,178.283340,234.598663
689.892365,156.612573,182.417542,261.811127
684.883453,156.899995,180.651917,237.201370
691.248497,158.730462,178.329788,254.776886
682.192841,152.834756,184.243591,261.146545
681.036942,168.353372,180.669525,243.035339
681.280937,173.150636,186.428360,247.593033
675.600037,156.531236,191.576416,230.238083
680.545822,149.091455,194.874420,276.524872
664.678604,158.886270,198.849823,248.462463
676.974998,157.750222,186.666946,265.579163
665.109093,167.621347,200.509354,256.667969
658.996864,174.543733,200.370163,237.650955
673.376610,174.472268,192.497391,254.093567
658.094864,160.396882,208.555145,213.636307
658.652939,153.703591,221.928741,274.720764
658.240028,153.385781,221.377609,256.959167
663.654671,160.096551,212.803329,250.171539
674.527245,166.150773,192.990555,215.813705
685.435143,169.538278,199.519119,256.562988
683.064262,170.561921,190.066910,223.713943
690.085701,170.623841,183.318100,244.788589
684.228645,167.089029,188.851669,263.867859
672.986382,176.257852,197.910782,219.201355
688.887276,166.723443,187.613632,259.072052
668.421745,170.893335,201.624649,242.613129
676.138367,170.164018,196.942749,250.253891
673.784073,171.144593,197.675262,229.041153
671.948265,168.212617,207.232620,255.035110
668.259308,178.784501,204.912170,249.203842
656.827492,172.535348,217.249680,261.755859
656.353012,163.838510,206.052032,252.017334
657.917557,161.034417,225.057465,278.103546
655.966705,170.004335,216.480530,246.351700
659.143181,162.797326,212.356094,263.023773
657.353661,158.632165,217.347122,266.906708
670.469734,160.515695,196.454453,232.105835
655.301819,152.942941,224.098267,281.196899
662.088493,161.692338,208.782364,240.720200
653.010262,155.546350,226.284164,278.040375
655.292061,159.127847,213.741196,247.172424
661.186150,152.162942,219.599380,280.708313
663.939461,160.669465,206.166367,247.589188
651.676132,158.103921,217.591949,272.193054
657.079369,157.470575,212.935623,263.664948
644.802826,155.763101,221.095276,267.700134
650.596596,154.094796,226.952560,274.725098
662.404488,161.194581,212.891098,255.335709
654.753456,159.198663,209.570847,251.379791
651.542351,156.841119,229.709366,284.670197
638.968529,156.436959,236.231888,278.194336
631.572807,156.426538,227.809341,278.894135
642.224274,154.089532,218.497498,274.337311
653.957291,146.110452,217.355927,269.842346
640.424675,150.800149,228.155289,278.859436
648.634445,147.454995,213.792633,263.675354
637.244270,141.691873,227.454941,283.257385
642.201462,124.581536,218.857086,281.093414
654.207947,125.545648,214.252563,290.799591
644.982491,133.146127,217.071396,275.628662
640.421593,129.566171,221.006302,283.570312
646.101120,125.328424,223.625641,275.045563
645.785011,128.711419,225.400558,268.552399
645.189941,131.606454,221.773315,273.410522
644.001717,132.232614,224.151962,272.276611
639.248444,132.092843,228.758850,276.483398
644.391312,131.070550,220.230194,278.228912
642.523132,123.508096,221.239502,288.065735
642.806984,124.406488,218.623215,288.989288
642.411400,122.912194,216.854813,289.990448
644.047012,120.696298,213.987274,278.855713
645.170746,120.093713,215.738708,282.719208
644.742340,125.249902,218.393982,274.076263
645.752129,122.682305,217.948380,280.371490
639.099884,125.309961,225.133240,281.062958
650.075150,124.550759,212.577850,273.875549
645.149948,128.247293,213.940826,289.346741
643.676369,129.375482,219.692429,288.732697
647.622643,128.511102,216.309769,280.279327
652.578178,133.640298,210.627945,275.441589
649.901558,134.257013,216.490707,284.642365
655.230293,141.320001,211.449570,284.635284
660.669388,147.417176,197.050995,245.410538
666.509422,154.095468,202.447220,283.357178
648.441826,153.854226,219.478043,266.075378
650.975288,143.170648,218.255356,292.498444
603.880341,126.224038,259.362244,288.484192
565.658524,126.113137,303.507782,310.873230
607.593597,116.610940,268.311218,328.361267
582.263748,109.956094,290.987518,333.659607
583.748093,101.037912,295.219879,580.745483
549.447464,106.419686,341.876312,565.396240
536.326187,101.973123,358.518036,570.430969
534.725433,99.127267,356.356995,564.816528
538.267944,108.995248,356.738281,560.159424
533.122681,112.176248,362.520996,560.378235
532.537186,91.454080,367.597748,586.146301
526.642944,86.502999,367.595947,572.937866
526.272110,93.501504,368.190155,568.369324
531.493179,95.279397,363.992889,557.389709
533.732391,110.598275,361.613586,545.058350
524.667603,77.741922,390.263428,576.530823
535.497696,102.845773,361.586395,538.328003
529.830673,70.102945,355.353546,576.631287
533.412247,94.325875,351.880585,554.683960
530.169876,89.487466,359.433197,554.222839
546.014191,106.005624,350.186462,534.495117
522.716110,76.631906,376.778229,580.447632
530.715317,103.821511,361.355499,545.112610
539.250351,108.348092,354.498077,546.166382
539.314621,159.024560,351.375153,495.520233
549.342072,119.834024,346.651306,533.987244
538.053528,111.188272,359.798950,545.677185
547.603485,128.878640,334.626038,522.487366
544.980499,120.790658,352.891052,535.033203
550.232162,131.127053,357.417267,523.552551
543.344070,132.273843,359.457367,521.264587
547.564224,131.891885,341.341522,524.029724
556.175262,140.811959,322.438782,519.192261
559.953888,126.201516,331.534119,528.847229
565.219833,154.669961,338.556427,501.425964
573.762619,125.346902,326.556305,536.706482
560.270584,119.142556,357.000824,543.380066
581.944962,146.833779,346.130341,516.245667
585.959930,132.196542,344.030579,533.348755
578.758850,131.592202,354.367554,526.680237
555.866699,112.820626,384.404785,549.416016
592.641312,126.812234,345.517426,534.371033
587.785172,137.286843,348.752655,531.920349
595.694595,121.160043,334.810028,544.658325
591.350708,116.385324,349.401123,557.796387
588.067245,131.183358,355.760773,550.248169
586.418381,142.631478,355.776276,532.442749
594.343903,115.970681,339.762878,563.227722
592.780807,159.071786,361.190338,523.377075
603.561752,145.732583,339.439484,534.618225
603.732315,126.551950,333.959198,557.777344
596.381668,145.298318,336.370941,543.343933
590.471039,133.157632,334.805481,541.476379
597.780884,129.457040,348.200928,546.361206
598.402069,157.833627,350.008850,537.681030
596.757599,135.388345,345.092468,542.380432
585.890518,146.016519,345.078583,543.589661
594.459518,120.672738,338.503082,556.624634
590.648346,140.266244,353.125916,541.602417
591.720215,172.480752,334.178955,534.030090
593.190918,187.881082,338.186523,521.278259
590.563141,204.039468,328.668152,510.009094
595.998413,171.230844,319.439209,544.719360
592.551056,190.991952,313.790710,524.727173
596.655121,180.011697,316.692322,530.121643
598.435333,167.845498,323.253235,542.655212
629.260620,192.243219,277.923706,376.561554
630.676529,189.910730,288.472626,360.438446
634.476791,203.473794,271.892487,328.355896
652.109146,197.328958,265.543915,327.975769
663.313583,199.812036,261.939850,323.036102
673.490906,204.334283,256.167725,315.035187
682.329453,203.621972,265.746979,321.342255
699.947823,203.935647,252.271957,317.033142
682.401611,203.999383,272.041504,314.429108
707.363129,201.279763,259.561707,320.775085
722.258217,204.046640,253.194748,306.025879
707.041672,183.223779,287.072418,414.123505
687.736465,189.122506,311.404999,515.889282
673.725357,158.087899,330.533051,539.878296
671.620743,182.187295,347.295990,517.950500
690.615997,151.324411,314.986145,537.383301
685.255371,148.983407,339.098267,544.153931
682.444016,155.693063,348.361115,540.325195
683.622971,167.649850,345.956818,522.499756
682.640106,159.603768,342.887146,543.780396
682.254562,156.697580,344.790070,535.545166
685.091248,164.393167,348.329346,540.163757
691.420715,163.763101,342.104492,520.620422
693.539688,158.588296,340.389984,540.098694
689.639450,176.026300,346.503937,511.741241
695.554855,166.232125,334.428253,519.906494
697.089630,178.580453,332.482239,514.268677
692.287888,173.701425,334.558868,512.290161
683.303375,187.545922,340.775452,503.629974
690.663986,181.037484,320.888947,515.713257
688.834488,198.345422,321.854950,501.515350
688.511566,207.315515,312.677917,492.101288
687.387405,200.532815,312.732269,489.084290
677.529434,222.047357,316.048920,480.541412
679.920685,241.352853,304.104187,439.472534
673.603287,221.797952,289.748871,409.003845
684.889984,232.366510,290.917419,314.348785
676.919388,227.062448,289.929901,480.783813
676.546906,245.264932,294.804871,436.747253
672.087143,226.419229,298.076324,463.695862
662.525391,234.149545,305.900146,461.192749
664.207794,251.521157,301.924255,451.935730
678.933395,234.452920,283.277618,441.570374
717.892303,251.140466,250.135559,330.020966
672.681900,276.065332,290.345062,437.019867
673.672607,253.674859,289.929810,439.280060
670.954575,266.847482,303.208405,440.726685
678.612366,266.830346,300.986572,433.256561
682.462952,281.742440,290.158569,426.923584
698.300705,277.313989,288.881500,416.963837
692.141098,277.732568,291.678741,417.330414
684.500778,278.887460,308.703033,429.537231
713.639816,254.523599,255.317535,270.864075
758.105988,251.746164,213.950256,272.874390
751.668655,252.928552,218.277313,284.925995
777.703911,267.221658,196.596939,248.124573
773.516769,277.717302,193.664703,226.591293
781.223877,277.552415,200.380249,225.020187
784.686203,276.072107,194.126984,226.613983
787.388573,279.524583,187.847610,221.372849
779.477715,280.592317,194.958450,225.320999
789.981178,282.341516,183.800888,221.819794
780.934471,282.106805,191.738419,223.823517
790.211288,282.698724,183.805023,220.590363
785.314369,284.010461,183.604294,219.087189
789.725395,282.382440,183.702713,217.602081
780.479881,274.740686,193.522476,225.041168
786.672707,274.893533,189.590805,217.247925
772.554604,271.150727,200.188583,226.132462
786.365242,268.651818,185.990768,218.382355
768.407555,265.276338,199.877640,219.573196
769.922874,259.502565,190.841385,221.586441
770.366127,257.223489,193.142258,218.145691
763.310867,244.537286,193.398041,227.663544
765.299141,246.820619,187.751083,222.495682
768.570702,250.530999,181.661331,215.250397
768.379822,241.540155,175.676331,215.323700
739.232124,233.056092,197.997238,252.146744
753.871986,245.971292,176.437973,219.996765
759.613106,254.560449,164.144577,194.723602
754.613297,251.760415,167.077057,207.849976
757.526169,255.314492,164.317535,190.121765
756.641479,252.294778,160.715759,189.038391
760.722015,254.473596,156.673584,182.460175
759.393379,251.856263,155.435165,182.074661
755.474663,248.607248,155.795059,184.189331
754.506195,244.436921,156.991089,189.165543
752.187065,210.450830,156.864944,225.186249
740.006729,243.849061,163.549408,190.987564
755.771385,224.490968,149.859940,210.474869
745.673485,235.879975,156.667313,201.147415
750.743088,237.899255,154.290802,207.981232
757.146904,238.748887,146.498856,191.707626
750.891273,245.140344,161.538376,206.440155
750.205788,254.340554,162.934189,191.751709
746.758057,271.539903,171.817078,216.941025
752.642189,277.556810,158.617355,202.905502
755.061218,290.506051,157.639221,192.830627
754.907494,286.546128,158.221817,196.519577
730.804733,304.840982,184.227020,346.101135
716.804474,319.986062,194.900879,323.153992
704.856506,329.356866,210.042419,351.508820
708.108231,329.806909,216.301666,290.912689
740.015915,324.110315,177.114349,250.080048
765.060333,362.387254,158.937500,203.481003
771.248001,365.363404,154.368622,188.447708
773.667145,330.710214,155.204529,223.635376
767.494194,367.329515,160.607681,191.459030
768.541397,366.700746,161.463898,192.935745
766.161179,367.914941,164.317963,186.962738
766.058487,363.127069,163.176483,189.182953
762.368698,369.494065,165.509308,179.414474
762.115799,354.210618,163.727448,196.788803
760.838638,363.616616,165.377411,184.900818
759.908974,358.165063,165.944016,188.202301
756.492264,359.862405,173.802399,191.822327
753.034538,358.382302,177.913162,191.120483
752.172707,333.032815,179.919235,218.192627
743.506317,347.565423,189.700928,195.458588
750.298317,330.136514,181.827133,216.120422
760.682976,340.943490,176.045303,205.302429
755.211502,345.637071,181.865082,213.382919
759.523842,336.738328,177.336227,214.380539
766.144325,347.037240,171.866257,200.959900
773.851624,344.601983,164.864807,200.678131
791.624741,344.137529,147.243988,197.328415
761.072289,333.932809,178.460220,201.563477
772.626991,358.324952,162.842392,178.547440
770.257736,316.005616,162.163300,221.405411
765.504448,335.815072,167.369217,195.431396
769.464905,347.525567,162.915710,185.329193
758.185303,324.657182,173.011108,206.172775
766.679955,315.269349,168.325272,213.824295
759.850266,340.705758,176.688324,184.622986
762.707710,314.938394,172.335495,212.594482
756.656273,325.632684,179.748795,200.547699
767.244942,331.523629,168.034286,196.571838
770.540314,332.344514,164.467468,191.159256
787.381226,344.381608,148.612793,181.095505
756.378067,303.130578,178.688141,221.670868
739.043411,322.878350,198.252960,252.893829
744.692841,306.623742,196.483276,364.423676
714.527023,337.309732,218.260223,327.708801
719.107735,324.536325,213.049973,287.905151
734.379440,284.361108,200.051483,369.873505
745.526474,257.471276,180.895966,394.478973
725.626534,270.891793,199.248581,413.861328
738.949760,288.503137,195.522659,352.252045
716.905571,346.981988,208.353714,325.128937
710.525444,368.919305,217.909134,245.768829
732.507286,320.383798,194.929703,292.165771
718.734688,357.401467,207.723068,338.245422
715.897453,362.595887,202.975662,205.894302
751.892540,358.694863,165.350479,202.031128
759.659485,375.550424,158.377686,179.802551
740.690842,325.364137,174.708282,231.266373
719.237564,354.096467,199.704254,228.386551
749.780220,378.115380,157.635056,195.363861
729.920143,343.517121,179.236496,221.383682
736.772362,384.371080,170.391983,178.116684
721.295959,328.911142,176.953064,236.732056
692.699471,380.775842,208.675278,271.959564
697.273102,363.497857,199.657898,325.548615
673.867249,386.661126,217.875854,315.194000
676.359261,350.793206,215.427475,342.899811
688.916496,384.214395,210.590836,303.853333
688.240372,366.070642,201.175629,227.460297
723.818764,385.625116,167.116867,183.365265
722.481300,302.887139,170.919540,273.874176
717.833115,297.518563,186.153168,309.148438
698.703316,363.486688,195.538010,320.754181
702.165222,396.677987,201.218567,273.056885
710.243263,388.524446,189.197983,231.143997
707.441208,340.325433,190.740692,249.595795
723.929848,401.377671,173.682968,173.330673
711.024628,360.897363,179.496155,215.149506
716.804367,392.626596,173.792450,181.091919
701.203957,367.041650,184.893967,209.677521
704.835419,397.838601,179.460205,177.183411
701.434364,393.466752,177.293747,183.118881
702.112083,355.865075,173.173965,223.138153
687.564461,389.066758,186.653366,188.702072
709.604996,386.254335,163.019745,191.890823
696.074776,395.743844,175.289902,180.264832
701.731895,352.173043,167.710709,227.177490
692.563156,393.853280,178.606903,179.184814
697.424522,356.165834,171.935928,223.743729
673.597679,386.443406,198.478714,233.268417
675.136833,395.259942,198.529190,236.022797
678.034035,395.029199,193.150436,185.308868
696.734879,365.981919,167.014984,226.672165
703.575539,388.680185,166.434250,191.057007
686.139328,345.314737,187.981354,348.109558
655.754257,390.507119,217.547272,319.728943
680.300240,371.854394,183.509506,200.820770
705.497955,376.227899,157.579712,192.375885
685.388252,342.789682,181.071823,228.886963
700.684273,380.706102,165.495651,181.283371
682.956650,351.663011,182.950409,249.215134
698.817886,374.711839,173.146027,198.310104
673.148346,350.432855,201.664307,295.893951
671.324516,373.220102,196.104324,305.039062
651.440804,372.315454,210.925827,343.110931
676.966820,293.177926,187.798355,388.687744
676.306168,312.269754,187.581329,246.619446
666.601875,339.533471,196.916061,370.225311
646.211220,375.383981,206.840195,323.074951
652.618935,348.373498,204.303207,339.399506
641.810188,368.204843,212.781784,329.392578
649.167618,331.292016,204.610748,352.898651
645.652153,371.400491,205.738235,312.683167
649.385971,364.124612,200.265594,314.046570
646.373642,359.337060,203.470306,329.958221
647.660904,362.205468,201.312531,308.829803
643.788399,362.684289,205.805466,328.829926
643.949539,368.543481,201.757965,290.833954
639.018906,370.156808,211.721893,330.535645
640.992897,372.093286,202.761948,263.075531
641.141411,373.475030,206.318192,324.042511
640.516365,376.021066,206.570602,304.366577
633.824310,380.385659,212.993774,319.033752
638.478851,382.558450,210.891235,300.669250
639.995384,383.925515,206.903458,316.755188
635.759911,386.191751,211.524918,313.598328
637.721535,386.806665,211.833969,308.892914
635.122612,392.419412,212.135696,317.562561
640.631721,395.642099,205.900803,295.471802
640.215263,394.490060,207.850906,293.557739
639.908966,394.443124,205.768311,296.111572
639.315063,398.165963,211.640442,306.124268
644.273254,395.270913,209.531555,308.225159
640.139793,398.292611,209.309464,313.567871
640.711678,403.252633,212.403488,299.400269
647.379089,403.630914,207.046082,300.806915
643.217667,404.649530,210.230377,296.277618
645.974739,407.094964,208.803146,286.953888
642.369278,405.914453,208.902740,286.545502
645.926147,412.228799,205.482117,277.844910
644.896843,411.141015,205.038651,278.906464
645.872894,414.192269,206.057983,270.656982
644.078018,414.784982,206.933868,276.106689
642.526871,419.881890,210.497467,258.224152
643.744720,418.181283,211.217773,260.240845
647.632782,424.472345,207.381104,262.513947
646.449265,423.189691,208.503632,265.471588
646.150391,432.762597,208.251892,262.349335
642.823814,432.103791,206.383804,232.490921
636.906006,438.856836,211.306091,236.744598
633.602394,437.313317,214.723251,240.492279
622.094933,441.548913,223.316177,236.470184
617.292091,444.267816,218.858871,233.360992
613.636436,445.221696,221.995743,254.560287
616.828835,445.767244,219.294907,255.352249
614.927521,450.051294,216.243530,240.352142
612.493561,451.876985,220.236816,234.318558
610.700134,451.439386,220.504822,226.911163
615.306717,452.092714,216.247467,249.626968
618.702568,449.276490,212.237259,242.302139
617.764694,450.535264,210.673187,219.133224
621.777878,451.175676,207.396942,254.967758
622.064415,444.466668,207.744522,266.284698
620.962212,449.148217,211.994339,254.699554
621.267059,447.762048,211.343018,258.303925
624.542061,447.456216,208.539474,260.936096
623.665634,442.595224,209.968597,269.035889
618.334595,439.824639,215.966003,268.044098
618.531906,443.364190,217.574066,265.862335
618.041489,438.731607,217.912201,271.132019
618.859970,442.197335,218.501556,266.638794
618.427307,432.519830,214.731995,274.524689
616.572540,433.341088,218.130127,270.274261
617.304390,433.650766,221.939011,267.852051
618.272186,434.088708,221.063354,265.971893
624.461510,431.903085,213.548477,267.377197
627.958542,424.909570,211.384735,273.988983
633.630608,423.036004,207.630325,271.051788
635.481552,423.618600,206.199921,270.385010
633.230614,422.410058,208.228165,266.578339
630.165627,422.547769,213.187729,261.048157
633.689461,420.075311,208.108078,273.463654
633.741188,414.651193,213.600937,277.271606
636.618645,412.768045,206.098221,271.295715
643.267014,414.021218,201.220306,277.969299
634.857559,412.061441,210.729034,268.153992
640.658699,407.452050,201.697922,282.982025
637.679245,415.495248,206.890106,276.845947
633.542519,407.870889,210.083603,281.026672
643.026993,403.718682,201.795197,289.662628
641.171890,400.302865,205.544098,287.540649
623.329430,397.410806,226.138443,296.738708
638.541634,397.348184,212.823044,296.066589
634.451225,396.785577,214.974319,295.608429
652.500168,393.068551,197.642670,298.003540
650.051857,383.517495,207.150131,311.169250
649.358109,370.141946,206.708527,319.283386
648.296440,374.383432,214.650955,304.577637
653.557999,365.091821,201.660065,256.017426
652.363159,370.895028,208.663269,305.991089
665.375977,364.077722,190.264587,172.917450
662.861855,352.779382,198.834518,221.414276
658.605034,365.167138,202.947281,321.169037
654.214470,321.351846,210.475357,355.836975
647.923676,358.986062,218.138611,322.132751
651.363358,354.875543,217.143402,322.541290
650.011322,349.325494,218.622009,328.434601
651.062126,315.518106,210.488785,373.262756
649.531425,313.193170,214.455215,372.018707
650.612587,312.538537,218.283249,377.597870
657.328857,303.853646,208.249878,386.011597
658.992409,313.076486,208.098190,371.830078
650.497185,316.962197,213.771988,375.460022
654.881699,341.396615,209.462921,344.668579
656.663597,317.666833,199.996536,368.350555
671.823174,299.705072,185.261856,356.594879
703.467949,310.236741,157.094009,217.262619
687.743355,304.964753,172.738571,248.888687
710.410789,358.728234,153.037735,170.805084
698.638741,304.165773,159.996750,230.522659
677.404106,304.855218,192.421402,392.664032
650.855515,304.123513,208.668854,388.884888
650.442680,310.290612,212.259293,376.380280
654.247467,313.664910,212.428650,363.832855
649.708832,314.422143,219.996521,372.012115
650.603546,311.924188,213.599060,374.983002
651.118736,307.354043,210.487137,380.716797
658.292961,317.709481,205.375381,305.930725
648.113007,308.814080,213.070984,359.923920
660.697083,309.838952,210.466797,242.187042
670.819923,312.880792,187.982224,344.441498
668.867165,321.318689,198.090866,242.016876
691.981079,311.850228,168.042236,226.519470
690.482552,312.470155,168.872238,242.579666
697.257339,313.112916,161.734894,218.713455
688.102692,313.324044,174.166565,291.680176
676.862152,316.391671,176.311829,390.319092
673.906105,332.265603,179.348557,191.344177
697.280457,310.980264,153.190247,247.305237
696.841316,316.112962,158.140366,222.323837
692.982002,312.840280,162.198532,231.806030
692.216850,312.834718,160.187332,221.220535
690.385117,313.117166,163.852753,240.257751
688.965919,317.015161,163.847275,228.603241
686.317047,314.375299,162.636353,270.312164
695.488007,323.519891,152.022095,221.045868
690.074142,313.858483,159.490692,224.508820
683.779968,313.837991,165.109924,396.809937
642.951828,314.267663,200.678558,397.617828
649.562119,320.281808,195.791962,381.674377
672.781357,316.125978,170.142303,242.041214
699.742973,318.125108,152.910233,217.936569
701.938278,315.227578,148.060211,222.958679
700.322227,313.920510,152.042557,227.770813
705.131302,319.608041,147.066376,200.937561
710.356155,316.989679,138.140228,212.015411
706.356201,312.764794,144.355896,213.391205
706.705170,312.330453,142.618225,217.961487
707.125061,311.929017,144.394165,204.540359
706.817886,310.932588,142.267731,218.495193
707.371307,310.641870,142.207581,207.377960
704.477440,314.076547,142.710464,207.185059
705.517143,310.958856,140.444778,200.180939
702.103104,310.155969,146.527496,191.435577
701.029564,310.241540,147.184830,200.302460
699.039703,310.440408,146.117737,196.142883
698.423851,309.608796,142.297684,182.400040
693.156258,308.015985,147.610580,187.730988
691.093681,308.421830,150.737930,200.053696
695.423416,311.409921,146.161835,184.840454
696.962738,311.257501,141.255554,210.789703
698.352394,313.912110,140.928391,182.841080
695.048447,313.373643,147.257477,195.488388
698.141365,314.554040,152.168503,191.928802
690.762871,313.256051,154.600357,189.042847
695.291451,313.486894,152.150986,212.227036
698.856255,315.237092,148.610001,186.149368
700.101326,315.172982,148.680954,201.840271
700.675842,316.207055,163.763916,185.427155
702.015694,314.153512,158.779709,193.977905
702.527054,315.321252,152.335114,197.602325
701.389893,316.710717,148.324707,198.637360
706.827576,319.079614,144.015686,194.099030
707.834686,328.898240,146.101685,180.826767
713.309944,340.230065,144.628708,173.862274
715.912918,328.560479,146.751373,175.404755
703.233154,329.214990,164.904053,179.835846
712.973778,322.398179,160.101700,187.090866
712.083115,323.664109,160.647552,183.262497
722.859924,322.909845,155.532227,181.621796
732.060562,324.510896,150.237885,183.393387
739.573311,331.360429,142.566513,180.072311
737.194923,334.688752,145.793747,184.704300
730.123810,335.822442,152.803162,181.188568
731.026207,337.191095,152.916275,173.594147
743.419052,374.827096,141.100494,136.625610
761.483196,383.274240,119.064735,142.896057
752.187653,386.122148,127.023804,128.934738
753.099205,384.498864,126.222061,138.907684
750.431656,378.863618,130.471527,154.491043
752.561176,383.625734,127.313866,145.354874
751.192245,380.774552,129.353241,149.072372
752.784370,382.367112,124.369431,142.627975
748.465889,387.516648,128.373825,145.296738
744.341599,388.942338,129.722748,142.332993
738.574089,377.125741,135.578201,165.462708
733.159599,381.636300,135.519974,141.909790
727.005722,373.313142,139.643707,157.960037
721.698021,372.352021,147.633194,170.839859
719.300400,368.960946,141.695282,167.764893
721.308998,371.575448,140.349350,164.871399
703.598305,354.894670,154.943161,180.301926
682.038025,354.986062,179.594177,184.231079
676.418236,349.347512,180.426773,187.238037
679.161690,350.358979,174.923386,182.876968
672.216866,349.602769,183.849594,185.359360
664.060616,352.250497,192.312424,178.335754
663.315964,352.974183,194.195648,177.951187
663.837379,353.005227,194.409042,180.313599
664.066254,353.603418,190.471985,194.516815
660.743851,354.470422,197.940155,180.134857
653.343018,362.175241,193.738586,180.342590
642.750122,363.834909,197.251282,182.452576
629.488571,369.635720,207.051300,180.294556
632.702431,368.803537,204.948593,177.101379
642.908127,376.331750,206.160126,252.508820
661.203209,376.884332,188.571671,200.474213
658.159019,383.906213,180.301163,165.604340
646.732574,387.951165,201.539062,172.316254
633.905197,394.468141,209.327179,172.574844
643.972336,391.890206,203.176239,204.303955
656.906425,396.011895,181.128799,192.069794
650.554047,399.949861,191.319336,181.526627
644.873413,403.847001,197.972107,182.535568
656.801590,403.948739,181.396759,179.509949
644.127861,406.132501,197.481644,185.570953
653.182220,407.332681,185.434082,192.738770
654.066643,408.821336,185.488602,187.166977
648.522285,409.688653,189.340805,194.812897
633.984825,409.682817,201.683670,216.039413
645.243950,412.493066,183.956924,277.451508
637.139656,417.572465,202.164169,238.501083
636.519409,416.419023,202.843872,211.877182
629.987328,415.621637,203.586136,299.954620
643.280357,421.081613,188.113602,255.621704
636.051842,420.701150,201.545242,290.969177
642.755142,421.139016,191.446381,188.822327
630.629402,416.071321,201.005356,225.723831
623.621552,415.493097,210.295349,279.468048
621.618042,414.527108,215.110107,302.427368
622.482109,416.282296,210.880630,300.949219
626.276535,414.354608,204.637238,296.530060
615.688805,412.223672,218.328445,299.699890
619.949417,406.053704,217.101898,300.773590
611.353653,404.444101,223.153656,303.044189
615.972176,395.733117,219.911240,299.558685
607.608200,396.979272,229.017120,297.683929
625.001266,394.514123,212.030426,293.770599
625.964890,396.031945,206.928009,297.373138
627.681465,398.343209,207.459335,291.075806
630.711922,397.796258,203.024643,291.291168
637.402237,401.684335,200.038300,286.558472
632.351746,406.896310,207.611572,278.838257
634.739166,404.809243,202.879944,281.769836
631.132683,394.281350,208.848770,288.450500
627.465309,396.811608,207.377853,285.256073
623.692047,392.644616,211.889587,291.897552
641.883583,376.704858,191.509689,304.726288
634.550529,398.062524,195.714249,279.282318
636.090683,393.373758,196.255524,286.331604
640.669388,405.526345,188.508148,271.674377
635.099281,409.779885,197.699631,263.777771
633.860291,408.182428,198.404541,265.391754
634.511772,409.163034,195.629898,269.200317
632.031487,414.437631,196.351578,267.405029
628.767403,419.329843,201.112656,262.193970
624.156708,424.585740,204.486145,255.770432
620.559914,429.490976,206.084885,252.985474
620.011391,429.592378,204.731613,253.986038
615.259499,434.035119,209.295456,250.089447
613.600899,436.647668,208.721664,250.991669
607.342613,439.532197,215.482742,247.106888
612.816391,442.269120,205.776642,247.882919
614.220436,444.386468,204.677658,248.442291
613.930679,443.779237,205.573334,248.499039
610.234993,448.176545,206.006577,249.420609
607.310661,450.001580,210.098648,249.460236
602.945099,455.038957,213.922791,246.967148
600.801224,456.075433,215.869720,244.043121
598.585663,457.893274,216.064514,248.005341
596.732414,458.303666,216.624161,247.348862
594.507744,460.827867,219.845963,242.714767
595.115417,461.215524,216.658447,246.111450
600.246590,462.372468,210.320053,244.594437
599.031410,463.977677,209.077194,244.979477
607.343399,465.794763,198.642181,246.064056
611.160278,464.626542,195.297974,245.252670
607.238403,465.009935,199.905396,246.017380
605.285095,465.322313,200.915161,245.136154
601.606667,465.884233,204.177170,246.108383
599.170662,468.932985,206.146591,244.801529
589.434959,468.147020,214.320999,247.771652
586.999542,466.522554,217.551086,245.725540
588.604553,468.159784,216.114746,245.691193
588.541023,467.334214,215.596054,246.322067
587.824890,466.162782,213.836060,247.785049
584.302177,469.712732,218.218277,244.244354
584.892220,471.541467,214.609970,243.018402
587.537506,470.599939,211.636414,243.368256
584.658730,471.221025,212.362473,240.854721
582.136208,471.486428,214.633835,242.836609
583.913513,470.250505,209.974243,242.653427
580.040749,470.084718,210.873825,243.278091
577.037460,469.596437,211.260406,243.792740
576.006065,469.000360,213.131424,242.874420
573.871727,468.965432,214.047440,244.252991
572.914017,467.842759,213.127899,245.461105
573.269890,469.138993,214.771866,242.952499
572.474022,468.024041,213.612381,244.944244
570.884659,469.555123,215.388153,243.701416
570.577850,470.769250,215.481018,242.253510
570.127983,469.232743,215.998184,243.730698
570.293510,469.074220,216.443130,243.216812
570.704514,467.322030,215.374664,245.298950
571.107536,467.510034,214.899673,246.181488
572.216942,467.522088,215.370316,246.796173
575.247482,467.748864,212.011017,247.092255
574.832199,466.065332,213.111237,248.295624
576.221832,467.137742,212.178162,247.865402
577.395927,466.292123,212.767715,248.058960
576.217377,469.896661,212.266907,245.685333
575.629974,469.279191,213.988831,245.422104
579.131218,468.357278,210.604752,246.959412
581.122993,470.226327,207.754501,247.080444
579.098282,469.476350,210.720795,246.621658
575.522530,469.296838,215.038071,244.703949
575.708214,469.344377,214.681595,246.169418
575.888802,466.883386,214.933701,249.098236
575.605164,468.479852,214.425293,247.272858
575.416504,466.788598,215.553101,249.270111
574.754303,469.441423,216.639221,245.933456
575.549355,467.433374,214.266403,247.072723
576.415474,467.868333,214.612411,246.128708
577.358810,468.843072,216.139679,245.303619
580.400597,468.261171,213.199417,248.392227
579.512840,466.083970,212.264847,247.256760
580.174736,464.718164,213.387955,248.999115
581.650475,464.617051,212.817093,248.792404
581.460159,464.464357,214.024139,247.438736
581.270546,463.132920,217.002975,248.503342
577.848328,465.663011,216.909790,245.333542
577.791977,463.584100,219.471100,246.371979
580.584923,465.352159,214.250687,247.115646
577.863556,463.901292,215.812073,247.288742
576.811737,464.128434,217.094299,244.433578
574.874336,464.004022,220.305283,245.056793
577.588707,462.175103,217.350540,245.884796
579.099701,462.892877,215.389099,251.261505
574.729530,461.980844,223.599045,246.177734
577.168915,463.482354,219.448059,249.056915
577.635841,457.197610,220.660568,250.572937
577.542412,462.074990,220.461563,250.928650
579.777145,462.024415,218.490753,246.601212
580.373192,461.892572,218.623489,247.317780
580.778488,459.809373,219.732208,249.010910
590.880554,462.228624,208.801147,247.614426
583.335937,459.391854,219.109009,247.356934
586.855148,462.114953,213.240509,246.391693
581.711899,462.969560,219.454620,245.604599
574.597824,463.837930,225.378204,240.472107
582.158607,462.318017,218.600021,243.699677
578.638985,463.047456,224.556015,245.591019
576.932281,462.981340,224.519836,243.197006
576.922134,458.237924,223.130829,246.468628
578.007278,459.968942,224.011322,242.855469
567.574028,445.153421,231.494034,257.455261
609.854729,433.290887,184.237686,275.001862
591.654037,404.164987,195.883575,302.063599
590.641800,387.135446,189.625336,317.454102
577.752159,358.001565,198.680008,349.098206
589.343895,383.786752,187.767410,321.787720
569.514900,332.241113,206.777084,375.217621
575.178101,331.792886,202.538086,372.415833
584.222176,350.681863,191.107285,354.137024
567.943222,325.459542,208.976349,379.897827
566.433235,345.396585,210.829941,360.728577
566.633873,335.302560,210.798538,373.807373
584.981110,345.410470,195.195374,366.846069
590.376862,346.009591,187.990173,367.058350
596.267685,351.601327,186.801178,362.457642
589.171646,351.668267,192.493988,363.296906
605.996651,355.719476,179.672836,360.503082
599.183540,347.774362,187.140488,365.489990
593.701111,352.767114,192.004395,360.361298
610.914902,358.074273,178.804962,355.945709
601.239815,358.081567,193.596909,355.934052
606.676140,357.066247,190.796036,358.691254
608.986084,361.253213,191.891968,355.796936
605.308495,362.863382,198.125076,352.761658
616.531021,361.938562,186.096649,354.140961
622.292091,364.773172,182.841599,351.841248
631.682640,368.532678,170.615311,348.906830
627.427711,366.552636,181.298019,350.799896
632.835304,367.594049,184.779099,346.865997
625.570908,362.863671,195.378448,349.905487
632.857170,365.453424,196.493423,349.530792
627.213608,367.480157,203.887360,338.642365
640.584976,365.460946,199.752411,342.133423
645.811829,360.419870,196.735962,337.566162
651.375977,361.951272,190.292847,354.272400
656.898254,360.642709,189.968994,353.048096
656.195145,361.083688,190.031464,353.986572
663.622498,361.413079,185.607910,352.319977
660.811546,359.164849,186.959305,356.294220
664.244644,360.108407,180.117035,356.242920
662.343643,359.199533,186.925262,357.638916
665.140701,359.094964,185.371063,357.815948
666.066597,361.737847,188.431870,354.540802
664.943832,361.107095,188.499054,354.192688
666.529800,360.824044,179.984589,356.799927
665.091827,362.415155,177.675232,353.296783
670.216591,359.552041,174.973190,356.936462
663.759666,360.703302,182.382034,352.514557
667.992805,356.575631,176.473495,357.066406
665.273422,352.681512,175.514923,360.295807
659.947502,349.627679,186.800430,363.729523
654.695808,351.138131,188.732773,359.285400
658.776573,352.926492,192.257767,357.716614
660.414116,350.530328,189.070206,360.411774
666.042473,351.618661,184.525772,358.160522
665.901550,353.307016,188.556885,359.161987
665.811348,355.341195,189.081772,354.489868
664.700340,357.391687,190.385941,352.154877
664.726639,362.204782,194.089447,347.704346
664.295288,361.975839,193.177856,349.536499
657.365028,367.888314,206.309860,344.951294
661.490974,367.096261,210.020370,346.656494
662.773758,372.803460,212.003998,343.581573
666.638908,374.573617,203.635147,341.194092
663.478241,377.622827,205.513123,338.450775
665.198448,377.220651,199.475662,339.235596
663.692833,377.425622,198.872025,339.014130
661.673286,377.507745,199.831039,341.842682
669.738754,379.192468,189.364655,337.503265
674.030609,379.578408,188.592834,337.094299
677.474983,382.290216,186.794662,333.087921
680.277863,383.843270,185.973328,334.027466
685.834785,385.057794,182.803940,331.201935
687.928299,385.913324,180.331879,331.984894
687.358482,387.700998,181.765823,330.506104
691.919899,388.866189,177.497482,325.784607
688.651230,389.576654,181.196442,327.865021
691.642326,391.356546,177.405167,324.825134
692.200302,393.507226,177.269562,322.930023
693.059647,393.482919,184.055267,324.021606
689.514343,394.788873,188.501709,319.240997
688.171570,397.442239,185.700928,295.977478
690.392372,402.353631,183.544724,312.079620
691.472702,394.530450,192.502106,316.272736
691.438423,402.749429,175.759750,311.157776
694.334641,400.156182,174.621124,318.698517
693.070381,401.492410,168.674911,304.751770
695.588257,399.574273,165.977173,320.425727
695.911171,399.419980,164.616867,318.690613
696.059776,399.404187,165.845169,319.633453
695.281525,401.458294,164.050354,315.843719
696.352303,401.782437,165.850693,316.496704
695.609566,398.723767,165.419174,318.602448
694.890594,401.110928,164.974060,316.655396
694.840141,400.272915,164.130753,318.826782
694.779106,399.701047,163.949722,318.518494
693.837204,400.627514,164.508942,317.920319
694.682678,399.997281,164.409790,318.119629
693.624092,399.075680,163.689682,318.607361
693.798576,402.747449,164.215103,314.231476
696.002258,402.414044,161.701294,314.429657
697.747643,401.910000,158.764603,313.765503
697.169937,399.728512,158.447357,315.765564
699.068230,400.067319,157.453262,313.817566
700.931686,399.855877,157.145905,316.412811
702.196556,399.581860,156.942703,315.807404
696.991402,396.762814,164.065536,323.126038
690.582535,395.171963,171.419647,324.828037
695.371986,393.892180,170.380295,324.820709
698.737648,393.205550,170.757614,323.746948
697.955215,391.547072,178.626923,324.855408
698.125801,393.133436,189.825180,320.002258
696.795715,389.422026,199.848267,319.152374
696.452660,388.317915,196.907791,321.464233
697.629601,386.637297,208.291458,317.840851
699.006897,380.852782,212.272705,318.369354
700.094658,379.487578,218.847305,317.234039
700.154953,375.687697,224.089874,315.558655
699.641724,376.157881,230.513062,313.955811
701.431160,375.454848,231.543686,314.456238
702.114998,376.572752,236.341537,308.708221
711.578087,377.573195,225.910721,306.962585
723.367180,380.369124,219.513321,277.574707
747.819977,381.058958,199.906921,237.752533
744.594124,389.857664,206.812485,269.931610
748.847885,387.527235,202.648834,247.689636
747.531784,395.120940,210.453278,257.075104
746.791145,399.883299,217.689682,253.743256
748.374870,405.640471,216.691422,250.485992
750.905800,410.966353,214.637985,259.144409
748.600784,411.762358,214.451874,259.493439
751.012962,412.057982,211.997513,258.733490
753.392296,418.828123,209.949783,250.919769
748.125816,419.136648,216.087601,254.114609
747.791191,418.849516,218.974869,254.896515
745.927406,417.207136,225.936569,256.372314
746.849892,418.093626,223.031418,259.134003
746.998093,418.542769,223.112213,259.505615
747.254326,418.371863,219.154190,251.709122
744.458183,420.456122,215.347549,238.193680
742.184334,420.561964,210.231552,219.279846
739.078369,420.422591,212.748169,234.027466
744.874802,421.298056,201.417023,208.476608
738.323700,420.757704,212.434082,254.962708
736.808861,422.063948,210.488174,256.727539
735.608879,421.034796,210.766434,253.145828
744.980583,424.779341,204.154007,261.231934
744.924149,422.295195,204.278473,263.797028
744.348732,425.256331,203.580673,240.256836
747.313667,427.725195,201.057785,240.403214
749.593948,427.759321,196.886017,221.227661
745.082603,431.008711,202.223282,234.142822
746.677223,433.270132,198.479965,248.942856
747.342903,433.400717,191.810593,250.128098
746.285789,434.914656,197.093399,255.124023
742.693283,435.760527,199.181366,243.962189
744.908501,434.632399,195.140823,259.351379
742.848579,437.106802,196.721359,244.913437
750.004593,435.922690,185.552643,246.784958
742.882423,437.994826,191.482040,239.716248
742.848907,443.460425,188.349609,222.873672
745.186157,439.710211,188.529236,226.929947
741.568184,445.446654,186.529587,255.930328
740.923309,438.797728,187.579224,261.991364
740.014793,445.601401,190.582413,250.169418
742.511490,445.136519,188.715363,258.861023
740.516182,445.166357,189.085373,253.842239
740.881439,446.177550,190.835083,254.006500
742.189949,446.962202,188.289108,248.462952
741.868736,448.965712,187.975845,261.129395
740.547974,450.026732,183.738831,259.032623
742.810616,448.831366,182.581100,228.468765
741.687279,453.777365,180.273575,213.432419
741.990837,453.299719,184.261978,249.422867
741.544853,454.829642,181.242569,240.920151
739.361847,456.260550,178.683899,240.295517
738.803070,456.667898,178.472839,242.274643
738.581612,456.446280,178.377182,246.207993
739.340912,456.792921,175.121155,255.527283
736.361015,457.838881,178.579727,253.320862
738.276695,458.098227,176.531693,254.840866
737.766220,456.900046,175.026276,255.588669
734.213272,455.784010,179.059540,256.579651
734.279808,456.936613,176.306839,253.959747
732.107140,452.294005,177.835037,258.078094
734.092850,455.480383,175.929169,251.918594
732.307449,452.328642,177.344086,257.914459
730.126930,453.219435,177.102585,252.810120
730.220230,451.596281,177.394257,259.502716
731.367714,451.169417,173.918381,259.452637
733.201599,450.181578,168.950073,260.921112
734.107414,451.321425,168.841812,260.369202
739.890503,448.349211,163.353760,264.343536
737.900391,447.661085,164.358887,265.026428
741.530724,449.511183,160.989212,260.238953
741.893494,447.439802,161.192871,259.795288
744.864815,445.495116,158.583115,259.785736
739.337463,445.675413,162.969604,247.089569
744.121246,444.897131,159.996704,245.256973
745.596077,442.894224,156.926987,262.426971
740.961960,440.130522,162.613861,268.361908
748.566711,444.709593,156.049255,261.938141
745.327438,437.584349,159.817413,273.084015
746.138191,440.746046,159.720566,270.640869
742.113617,439.482832,164.196228,272.281067
749.593239,441.676726,157.755905,267.734833
742.606148,438.841566,163.962082,270.170166
745.724426,441.393614,163.283264,268.853424
740.630440,436.065550,169.902145,271.307281
744.732124,438.278456,166.751511,268.982666
742.644554,438.068358,170.927261,266.575836
741.547546,433.190565,172.595398,269.180176
740.170151,429.511107,175.070038,269.855865
739.628975,427.613158,175.550217,268.976349
739.004990,425.403731,176.200897,269.123230
743.589783,425.168104,170.951233,269.589966
739.293556,422.274763,175.387314,269.359436
740.307587,423.022124,173.463867,267.942230
736.468086,420.911085,175.341599,267.588379
736.015396,420.111388,172.545685,266.600372
739.035896,419.879957,169.113571,268.028931
738.475510,418.778746,171.064056,268.279816
737.075111,419.852995,171.428452,266.592499
735.752632,419.797102,172.400803,266.964050
735.700462,419.810606,170.136124,267.402740
732.686913,419.990675,172.145767,266.719238
726.530052,420.894560,179.150650,266.694061
726.895073,419.646483,177.200272,267.458160
726.954590,420.747099,178.215515,267.103851
724.224815,424.082274,181.707169,263.301300
719.154564,424.948241,188.249405,263.828033
716.351440,429.363707,190.658630,261.451080
713.158028,430.106291,196.988937,259.124237
713.053658,431.765074,197.256760,259.576202
709.407097,432.165663,204.759232,256.813232
709.053482,434.793967,210.420563,227.605576
702.138405,437.490370,220.901840,253.605957
698.701660,439.366110,238.038025,248.917587
702.715118,442.076826,259.972290,248.087952
695.407761,443.114249,265.545868,247.556320
691.687469,449.290533,285.134277,246.216446
698.422668,450.806502,266.851746,245.442322
694.950897,455.373595,257.443848,238.312653
698.133423,458.195204,258.822083,237.729980
691.135292,460.798086,251.056870,234.026779
692.978714,458.785933,258.731354,236.479797
694.668907,459.448569,251.556290,235.773788
697.998894,461.640593,254.847366,233.899384
701.573792,460.742895,265.603455,236.585648
700.659317,458.615301,264.613556,237.965225
703.814240,460.906538,270.988525,234.689270
695.665833,460.877066,281.917053,234.701218
703.151230,458.817831,277.036713,235.320053
699.816269,461.027083,280.048920,231.315857
702.960739,460.952986,275.369598,230.741638
699.486359,459.113081,277.939941,229.456116
695.902405,457.778929,271.519836,231.116486
700.279831,456.621535,269.288910,230.526489
702.220291,453.073889,267.902618,230.171097
701.042709,450.532759,261.498993,232.098816
701.402740,445.580305,262.994141,232.330383
697.546509,444.655577,267.173645,230.156036
693.208847,444.859785,275.209808,229.481995
695.551514,443.763075,267.900330,230.752197
693.580597,440.549002,264.185913,231.813278
687.927399,442.155279,269.601929,230.743790
688.951721,439.357252,270.973694,230.824951
692.964691,437.809935,263.104980,231.650543
698.108871,436.112128,259.225555,233.695206
691.730072,436.675909,265.301880,233.332901
701.702103,435.325918,254.686798,232.633469
704.235504,434.394003,252.948486,235.506821
694.503769,435.906088,264.759003,233.915878
696.823914,438.083311,261.510925,232.040924
697.504135,435.393721,263.610077,234.726013
696.834259,437.548491,264.460693,232.366180
686.293655,438.441130,279.258820,231.863373
694.599960,435.550200,246.199188,234.217621
687.021545,437.754050,289.891663,231.551865
686.365829,429.182295,287.589325,240.072815
683.162003,420.859152,269.314117,248.234848
685.234863,418.411658,279.710388,252.947342
678.739014,417.400145,235.978333,253.740387
684.377884,407.838774,258.805573,264.684784
689.321785,383.828795,229.350143,289.845612
693.983376,361.563978,214.578476,311.700928
696.224594,342.593382,212.401215,331.694244
698.972511,340.936812,214.220810,336.809753
696.853897,324.693205,213.910065,348.808563
703.263260,336.878279,205.111237,265.522766
705.081062,352.455870,195.132492,224.243561
707.836929,356.243880,178.180084,220.836365
699.904243,359.491499,175.946152,323.489197
698.684921,362.199660,185.172394,323.131348
698.067146,353.709029,176.614243,335.424744
676.802902,339.564268,180.914215,351.015900
649.062706,372.959090,199.291580,321.640320
658.349304,374.965788,190.388672,322.866791
656.664368,365.799895,188.441528,337.857880
653.713921,379.596648,194.223770,321.639740
660.191101,381.737944,185.313843,320.397919
654.931168,337.385832,183.568939,369.157806
648.108299,375.123091,181.295609,332.068542
635.489212,324.088591,186.867889,383.545624
626.901497,358.399672,184.040878,353.374023
624.266495,317.340407,185.996063,390.358276
622.847290,344.347822,175.992554,367.982361
600.670670,305.179198,193.761444,406.853668
573.928352,304.650526,220.981064,408.098511
564.339088,309.760161,225.850510,404.128998
596.569862,322.075224,187.152145,388.629242
566.182190,303.520689,221.839233,406.702423
568.479034,305.443846,208.335022,404.276276
573.905678,305.838743,196.933395,404.475861
601.551346,309.700377,169.576141,396.377594
600.675705,311.294295,173.718414,400.809753
608.284607,313.824293,167.040039,394.580933
599.565063,313.224455,175.812134,397.030121
607.447113,315.144499,168.200012,394.579437
605.352379,314.599974,171.075882,390.049591
611.186859,316.814970,164.451111,390.507538
611.061867,316.026076,165.451584,389.092041
613.928520,315.135466,164.050919,384.853729
614.682655,313.239439,164.121384,390.946930
617.608963,315.150938,160.900238,387.196442
626.241531,309.394636,154.086151,392.105652
633.681381,311.839888,150.447052,385.193909
634.474152,306.134672,152.199646,390.737274
635.745117,300.033629,152.793823,393.586456
635.979240,303.780623,154.066299,389.086975
641.934074,298.095213,150.586075,394.034088
645.668030,295.359694,150.108276,394.447876
650.501678,294.415663,150.806458,392.582520
649.582268,294.697142,156.090958,387.754791
649.617523,291.519514,159.650574,386.579163
653.045761,290.930464,155.467194,390.192200
651.877510,292.431593,160.027817,388.714355
652.007668,291.266936,168.136642,390.046356
654.651413,290.809767,167.896881,387.497070
655.074745,291.450682,171.360275,386.135162
654.645279,297.243574,175.138641,381.348816
654.868927,295.582487,178.069519,381.215179
658.778542,300.871702,177.127243,373.250031
661.482391,300.143462,177.100037,378.939789
661.809174,295.779936,181.722717,380.623871
667.178619,295.247023,181.773499,379.564331
667.237236,296.425093,179.980606,377.547424
666.984314,289.875654,179.835693,387.669250
664.587532,288.009291,186.590683,388.565430
668.762314,287.086165,185.977570,387.509583
668.222229,292.741408,186.067749,382.885010
673.338074,291.065169,181.319824,382.530579
675.737587,292.295943,177.364059,385.374329
669.705170,297.448424,184.617004,381.855865
669.990585,291.902754,182.433868,385.448425
669.268585,290.171187,184.077576,385.726379
668.548492,292.665388,184.609314,384.231995
666.942795,295.088240,185.303497,381.126038
671.124954,291.670500,183.649872,384.261322
670.937248,294.280760,182.560562,380.698761
673.692619,288.592222,182.845108,380.895172
670.209999,293.228514,185.382858,382.215363
673.212654,291.205824,189.533676,382.130981
675.177734,289.941191,187.604736,384.711639
674.932068,290.220045,186.961670,387.881470
664.512230,290.488524,192.169022,387.866241
668.975746,290.222594,187.950729,387.556915
666.451591,299.745619,186.170425,378.638062
665.597969,296.006590,187.131210,382.835358
663.851730,307.200484,189.268829,372.280579
660.538986,313.892775,190.363434,362.755249
658.303139,309.614760,194.438156,367.263916
658.815109,310.555235,190.708160,363.080353
655.887886,304.894072,191.888901,374.519989
658.404877,307.825438,190.903992,366.431183
660.935570,304.530226,188.315872,374.996460
661.212479,298.373579,190.333466,384.995300
660.144722,296.398588,192.774765,386.652069
662.393349,293.781416,189.325974,393.693298
664.349129,296.806868,187.067001,389.335632
661.113205,299.110579,191.413483,388.753479
660.284454,306.646101,194.322327,381.812317
660.823669,303.428694,196.684448,385.415466
657.851624,310.412794,194.004517,377.834473
661.165771,307.772658,193.691162,386.153076
658.599899,305.938872,197.247589,383.608856
664.543297,305.931776,190.898148,387.914307
660.568748,313.557829,196.392288,381.039886
656.921768,307.844328,196.732758,387.722137
652.992187,310.572386,199.525269,383.683380
656.475243,315.060042,195.556107,374.266052
657.738281,313.766569,196.283936,379.450287
657.506119,316.746809,197.783051,380.940369
654.689857,313.571455,196.175339,379.529114
659.068123,318.822615,192.030746,375.974304
649.641380,317.452238,205.457474,378.147675
643.879601,323.444029,208.491043,375.048248
639.370094,325.848952,215.718918,367.519897
638.189285,330.623274,219.257538,364.814270
628.745728,334.533171,223.448120,364.424286
622.818146,330.886626,230.772644,370.280121
625.550842,324.478545,221.808960,373.229828
628.755280,324.954497,219.805359,374.858612
631.482986,326.314192,218.085297,376.482849
629.568283,328.668852,212.677765,370.049530
627.517799,327.467894,213.575974,375.901520
624.591820,327.803053,215.965652,372.536255
628.670578,320.925337,215.247467,380.815735
628.404396,329.426665,222.758957,373.606781
626.534241,331.478316,219.933838,366.182678
631.422699,329.248488,213.138123,369.375854
629.389893,328.749815,211.181152,371.759186
627.125748,325.943999,214.558563,374.899139
632.664062,325.742201,206.532959,369.162109
632.921364,329.210020,208.414352,361.769440
633.497696,328.130690,205.458588,367.306152
637.036888,325.632094,207.618729,367.657837
629.493004,326.360716,207.846268,373.772125
630.990173,326.132521,207.872070,370.998657
639.490379,326.973570,202.634354,369.772369
641.127037,323.434630,205.277786,374.783234
635.430580,326.347624,213.937302,368.159027
644.202278,325.562697,202.798813,368.160889
634.638779,326.286574,210.920441,371.775024
628.186890,325.883055,218.456909,373.794098
632.352806,330.240553,219.670731,365.739868
634.961990,329.550185,218.904510,365.188721
631.163521,324.458906,219.857773,376.007751
625.962296,330.586546,226.154510,369.339752
628.567200,329.370650,243.067993,371.567810
630.398003,329.476790,217.892838,361.163147
632.278717,326.933195,233.325134,369.030975
626.831627,334.310667,229.483719,362.444366
621.929565,329.783858,239.133423,365.368713
623.223351,331.694090,231.956863,365.533600
623.613914,333.573576,236.179520,361.653778
622.983009,334.445357,241.211960,361.996033
617.621590,339.401182,246.406967,349.471710
622.553215,333.228026,243.146255,365.596588
623.423195,343.009978,244.422409,351.295013
625.238129,346.273787,239.362244,344.122986
622.592773,347.754225,235.186279,346.932129
618.764771,356.153944,246.179077,329.869385
620.653587,353.148405,245.507401,337.163666
625.543205,361.377302,235.013443,326.651428
621.252113,357.888258,238.679245,339.907593
625.514259,360.820814,231.358688,329.206909
617.566635,361.259672,240.122833,333.592010
626.309746,362.878401,233.171036,325.028870
618.658287,357.095320,234.626907,340.916565
625.128914,361.831404,235.567978,324.198669
616.104111,357.739241,241.425568,338.325867
628.135994,357.808089,224.254990,329.086853
616.641365,353.524596,233.534286,344.166534
620.126343,355.632078,227.624268,330.217804
617.598396,353.596587,237.362045,342.532440
618.502029,357.881590,231.432831,332.239044
615.622658,354.800276,227.750534,336.577087
616.508072,353.516814,235.691620,338.099091
622.052414,353.493330,224.704620,330.125427
621.660118,355.446287,236.617874,340.083771
622.051003,357.096754,220.918991,331.148071
616.358940,351.902861,236.269424,345.097748
616.635551,355.014509,231.877457,336.653015
616.595779,352.071074,230.359467,335.420624
618.143784,353.576948,231.610138,339.630798
617.929687,360.546004,233.032349,323.608215
618.470268,357.173918,234.541763,338.849945
617.690041,355.897795,224.447556,331.487152
615.535629,359.962385,232.693390,337.051819
615.398308,360.193007,228.361954,329.803833
616.798843,351.865462,229.442230,334.770081
611.344337,361.726485,234.245041,336.360413
618.425163,350.290755,225.803360,338.127380
611.981644,366.253645,233.186371,328.038391
617.645393,347.539259,219.652817,341.095703
614.821983,351.783003,226.505936,345.197693
611.268089,349.884642,219.267899,338.980133
613.170853,345.591063,218.973114,340.326813
612.228996,345.451552,223.012466,347.739624
610.753868,343.934462,214.564285,343.419312
605.079460,344.461714,222.296524,340.077820
604.069099,340.089110,224.200790,346.544098
601.022995,341.685316,222.725372,340.906494
602.846054,337.767988,221.243073,346.727844
599.937286,339.346632,223.373840,343.432373
595.973778,335.631621,219.853836,344.661957
595.534721,342.677458,226.266495,337.033905
595.604721,335.547575,220.117096,342.060638
594.203308,333.194227,223.835815,347.633301
589.036987,332.812956,224.557739,343.063812
589.459930,336.053145,232.680481,341.889709
588.178413,335.743239,227.977036,341.358398
587.935944,332.147475,226.263611,344.900879
585.926857,329.188307,231.235397,351.547241
582.739273,332.714247,226.782318,347.453125
574.578293,338.342909,238.321564,334.480835
574.825851,337.739607,237.265656,335.981262
573.447876,337.930052,237.992920,337.671173
574.561333,335.175612,236.109512,336.193237
572.953636,338.444563,235.204666,335.602356
573.796547,333.225676,233.376266,341.783783
571.875511,334.568388,236.422928,338.963348
570.485825,337.527937,238.533112,334.192444
573.269211,333.790709,233.723419,339.587799
570.762657,331.968977,235.122635,343.072693
571.284393,338.360441,234.581848,334.000824
571.559975,331.362959,232.711349,345.430115
573.563110,333.865370,233.093140,334.318726
573.565498,334.415785,231.386826,339.526367
572.030334,331.733427,233.192261,343.621063
570.653885,332.355421,235.005585,336.416626
570.608032,331.358351,233.800659,338.287598
570.722801,331.158690,231.948807,338.709015
569.120613,333.171232,233.957993,336.515717
568.149490,334.463698,235.538910,335.319824
570.477745,331.221144,232.750198,342.025146
570.750763,333.430540,233.251648,338.973053
572.865273,330.347502,230.673264,342.799652
569.860703,333.811339,233.651276,336.569977
570.975349,333.478331,232.876694,338.827423
570.573746,335.570021,233.985687,336.875244
571.644844,331.340956,232.239243,341.608887
571.282913,335.996153,234.585052,336.424957
573.825134,330.050932,231.052124,339.235321
573.391617,333.134856,230.230316,341.220551
570.891869,332.527464,232.640213,343.001495
572.938972,335.032027,230.234726,339.951599
571.651741,333.888838,233.226303,343.837219
572.809937,339.311552,231.213867,338.384125
573.967384,338.649855,230.461594,342.231934
573.404022,343.412749,230.578796,340.279388
570.502678,343.965498,234.863907,339.782654
571.689651,345.354796,234.948212,340.534454
572.474518,344.593123,231.191711,343.183289
570.683594,346.284682,234.441772,339.733643
572.078758,350.748823,233.493240,335.357117
574.847549,350.263762,231.830536,337.374603
575.043274,350.995314,231.820435,339.349854
573.505356,353.147307,235.481232,336.078827
574.230911,352.304076,232.826385,340.206329
573.140549,354.427580,234.061066,338.311737
573.969902,354.717070,233.513199,337.731293
575.638885,357.780806,233.613220,333.860535
577.722160,356.367201,229.000992,336.732788
576.397835,356.363920,230.651718,339.003876
576.224976,359.511183,231.296631,333.604858
575.659874,360.195296,232.349564,332.959290
575.507530,361.305052,232.052200,333.362213
574.372414,363.374678,232.610519,332.134216
574.056976,364.787108,231.595154,330.847321
577.341148,358.672041,228.329544,336.630310
577.220207,361.441939,228.146744,335.053406
575.832191,362.276472,230.651657,334.211487
573.402885,362.438154,232.598892,335.675232
574.437126,364.168089,230.853409,331.010651
574.083504,364.587080,231.218246,333.393616
573.139900,364.072661,232.143051,330.540131
574.143776,364.162535,231.000290,334.409576
573.433853,363.627180,231.571625,332.153748
572.907936,362.632704,231.238205,335.698486
571.526939,364.000166,231.901199,334.645203
572.239098,363.584227,230.303909,332.682648
573.930260,363.661040,230.361771,334.771820
570.101860,363.568022,232.050552,331.891693
570.406296,362.252959,230.608917,336.063934
569.209129,362.862303,231.102127,336.831818
568.969551,364.166456,232.724838,330.528320
570.100327,362.914839,229.924469,333.536804
570.240585,363.010435,229.342682,333.162140
571.194649,363.129942,228.776474,333.860138
567.959290,362.973845,231.671265,335.418427
566.246864,362.811491,232.262009,330.328583
564.954597,361.096434,228.824936,335.683258
563.320694,361.229384,231.830780,335.448975
562.372955,361.262724,232.202942,335.431732
561.423836,359.881529,232.836044,333.003204
561.796440,360.971464,230.893814,332.886566
561.439171,357.167525,231.646561,339.399353
558.983475,361.006560,233.572479,332.580170
558.825073,355.790160,232.817261,336.090118
560.673317,355.776427,230.612350,338.853424
558.813133,356.284941,232.951248,337.120209
561.322563,353.483107,230.817520,338.616333
557.863701,355.324583,233.371841,332.105865
558.287689,351.406889,231.226135,339.884247
560.985680,350.487456,230.530472,337.999237
559.623993,349.302733,231.140686,341.613556
557.938736,345.247557,232.652924,340.626495
558.261681,343.922285,230.925735,339.930969
560.497726,342.142363,228.846466,347.099823
558.842171,342.537321,231.850327,342.564667
559.688965,340.307707,229.513306,345.885712
558.252159,342.007780,230.663040,342.188080
556.903015,340.703886,239.354614,341.493256
558.942902,337.833693,244.754944,350.234619
561.977417,336.726073,240.579102,349.273834
559.347214,334.097273,244.744293,349.873962
561.359962,333.293120,230.962570,349.556732
560.380104,332.722975,234.831467,354.088135
558.435158,329.918303,231.827072,355.845917
555.406250,331.949721,232.516602,352.464111
553.193184,330.815687,235.920639,354.273804
551.274689,331.225584,239.687439,350.131256
553.361809,329.233916,236.393936,355.505829
551.540688,329.523131,238.106003,355.336823
549.698700,328.275908,240.465637,355.389252
554.079193,327.781416,235.565857,356.797302
553.118355,324.662611,235.159286,365.328369
551.016808,326.353667,237.974930,358.398285
551.803146,320.336867,235.973419,372.010742
549.145546,321.988356,240.642502,365.679199
550.490646,315.782027,239.464020,369.369202
550.369911,317.897627,235.175095,373.229553
544.326935,324.068220,246.142395,367.025085
543.534897,322.575835,242.643951,368.136444
544.945717,327.448302,241.122604,361.731720
545.073387,323.462691,238.931229,368.532898
541.384056,327.002272,243.662186,369.458008
539.471367,329.872252,248.863419,361.052521
542.843567,328.949156,241.287476,363.775665
539.818764,330.227095,249.148361,365.685974
543.372398,331.845213,248.217361,358.617950
542.278419,332.526961,253.562912,365.386536
543.270317,334.888167,249.342422,360.069153
546.676590,329.254408,246.409637,363.927979
547.918663,334.942534,239.435745,360.437958
543.381813,335.977248,246.334518,362.075317
543.072105,335.336836,235.478104,361.539246
539.469208,335.813856,262.783264,363.259155
541.981979,332.609938,241.250031,361.155151
539.961868,336.978667,234.879242,359.114960
536.536682,337.782133,239.919678,359.847382
534.639252,338.157072,243.713318,355.829803
538.948517,337.356566,238.952209,356.746735
536.329353,337.923445,240.146591,362.080383
532.260162,337.787794,253.351135,357.585571
535.088264,335.581724,240.938950,358.402740
533.317619,339.293394,247.118912,357.721710
536.717484,332.717589,244.825897,359.291901
534.470886,336.060133,247.978271,362.527588
535.790794,336.946089,244.052444,354.171326
537.329475,332.052321,243.130234,361.534668
536.350380,331.529112,246.892380,362.142975
534.255959,331.583479,245.330368,359.976013
533.516220,330.553084,244.864899,360.745422
533.739807,327.333906,248.445679,362.469177
532.405876,327.027647,249.612076,363.700714
536.920708,325.835173,244.295914,360.488983
533.575386,323.636549,247.083115,363.260864
536.084991,321.206007,245.205261,363.365845
532.448662,320.511259,247.443985,364.087738
534.153946,313.384733,245.712982,366.565643
535.507187,321.745573,242.369537,355.686371
535.397964,315.378508,241.670624,362.808807
535.604736,311.036528,241.013672,366.128510
538.826714,306.878584,238.554337,370.868958
539.610039,306.147291,236.455338,370.110718
540.163353,307.230589,236.333206,369.372833
538.988251,304.905989,238.903992,370.632263
542.020729,307.589003,236.794724,370.193237
544.680756,302.377837,235.997498,374.804779
545.458298,304.420759,238.141998,370.093567
547.690819,302.766478,237.956131,369.516998
545.993240,305.841582,239.904510,364.478729
548.218254,298.385390,237.315201,372.220337
553.087769,300.957075,234.328491,370.247498
555.535202,300.755812,232.618073,370.621094
556.849800,299.536177,233.035751,372.825256
557.688210,302.945189,231.963058,369.217804
557.514977,298.752791,231.316849,372.440735
553.435722,302.250853,238.701797,369.543854
552.088745,302.996611,239.035522,366.100922
559.399742,299.177214,231.387405,372.709930
552.834595,301.444960,239.229614,371.397095
552.005188,300.964033,239.543335,369.459656
555.788666,296.265394,235.436096,376.666748
557.751419,297.518065,237.148895,374.150177
556.661774,295.935118,238.031921,376.214630
562.456528,298.512831,232.158356,372.939331
554.529755,299.986525,241.690857,371.984253
550.976669,298.615904,248.459137,372.055328
552.260559,297.411558,245.152832,377.906525
558.258484,297.473662,239.188599,375.883026
558.860611,305.191740,237.894989,366.515961
556.110832,300.438780,237.519913,369.901886
559.887283,298.074690,234.121918,373.521545
558.135155,302.048933,236.872513,369.249695
559.648567,302.077315,234.175888,371.382263
563.355705,304.197340,230.410416,369.098022
560.123131,310.739699,232.495560,361.586914
558.096649,307.181837,233.219177,364.251831
559.797699,307.345717,232.827332,364.836548
558.951714,305.532515,234.193741,367.806824
555.741447,301.450941,238.209000,371.533691
560.295410,301.952269,234.397827,372.136261
554.794769,303.711653,241.449768,368.663147
553.030510,304.376219,240.746841,369.177277
552.807709,307.095946,241.881287,367.443512
554.260208,309.971358,241.753021,367.395325
560.472481,315.789076,231.485458,358.597168
560.506470,306.430235,232.567505,370.661652
563.884079,314.468214,228.786774,365.426270
561.432297,309.646345,236.082184,369.411194
563.289352,312.604780,235.806427,365.827209
560.205292,317.247343,240.425964,362.461884
564.423950,316.713316,234.745728,359.285553
562.728874,315.844099,236.961929,362.616028
562.318939,323.502348,241.518372,353.123260
562.430992,328.777067,240.045364,345.177704
562.307205,326.936339,240.244476,350.929962
566.124763,325.155287,236.342392,360.207031
565.186005,325.647505,234.518372,358.100281
561.109055,324.279600,238.016998,359.835846
558.919075,348.349531,241.907578,330.417419
561.405235,349.071059,240.752762,331.449341
557.904968,361.392592,238.553101,321.983032
543.545868,369.371229,252.455261,321.103271
545.801010,387.895354,240.664825,306.885345
546.924202,386.074339,229.546738,301.559845
491.462646,406.758589,270.815674,282.050476
467.056290,419.481200,292.510223,269.189117
394.758972,438.085074,345.560059,252.769455
339.549301,455.723616,397.464752,244.446594
258.281555,457.351927,467.521729,258.763947
255.737671,456.302824,467.580688,260.110077
224.473709,465.734434,495.422699,249.800568
190.303452,457.405653,448.500519,256.425049
76.875641,426.863982,518.504944,286.127167
93.237503,417.562636,467.225922,295.569946
88.526718,418.201140,411.639313,290.360321
86.855850,435.624098,419.802338,273.319214
56.738892,405.874678,361.963623,308.455261
24.693130,406.373534,337.535248,306.387360
2.461456,438.181608,357.035828,274.638153
0.000000,445.128813,372.291412,264.948456
0.000000,448.395277,393.163147,268.251099
0.000000,436.006682,391.437500,278.572479
0.000000,461.566420,409.428329,255.107178
0.000000,451.591383,381.886574,258.044800
0.000000,453.761595,261.130146,256.850494
0.722178,452.923666,238.067627,254.355942
0.000000,417.069014,181.927172,272.114197
0.685876,423.461455,183.406738,259.264008
0.000000,411.779021,158.809457,277.110199
0.505887,460.550337,131.220352,247.504700
0.000000,471.275198,123.322430,240.328903
0.000000,464.636656,118.236502,207.106171
0.000000,453.702376,103.380687,193.816406
0.000000,456.556349,105.885500,208.333740
0.000000,459.139517,79.062306,175.533859
223.291888,512.050349,81.737564,118.530190
337.457323,589.378706,144.919449,129.073364
579.327364,425.421141,138.079025,266.118378
636.286684,431.130034,184.594223,263.951447
