154.000000,415.000000,238.000000,58.000000
155.172287,413.251907,238.034027,53.216644
163.576187,411.039270,236.168427,54.878674
162.489845,411.658907,236.266708,54.054684
171.770065,411.215015,232.007172,55.236595
175.493790,409.738029,233.130035,58.417618
183.816315,408.434479,227.364380,57.847107
188.747116,408.665325,228.573273,60.482643
188.010918,408.167147,229.167984,60.952633
196.430557,408.952620,225.257782,62.223606
204.049675,411.146179,222.337173,64.673218
211.883934,412.072090,220.980667,68.550522
220.761742,413.686230,220.898575,70.925758
220.067284,413.662941,221.506912,70.473862
229.197830,414.836308,217.154816,73.874199
236.640160,419.029827,215.022293,82.494179
252.347740,432.089718,210.534439,81.265022
272.728378,438.526638,202.041595,83.950203
273.214249,437.885555,199.341583,83.268318
293.301582,454.063545,195.833298,82.140793
310.324928,461.337002,201.680283,85.422493
319.984703,461.692539,199.457840,82.247734
331.138702,466.164967,190.428284,88.292076
329.266998,465.779655,191.014832,85.170609
337.917900,471.964500,193.110672,84.664993
340.414436,465.846115,200.072861,87.848724
342.088264,464.266819,203.642929,87.391594
346.380104,460.338638,199.022507,88.770294
347.627823,460.318985,197.697662,87.835724
352.386986,452.526978,199.039383,92.750732
356.685425,451.062206,198.479614,91.855019
359.868828,448.847458,198.720657,92.616486
364.395134,445.084171,199.355179,93.421684
365.408447,445.467907,198.847839,92.712135
367.401016,443.912563,199.840546,93.159431
365.730919,442.673828,199.774979,93.676880
366.933968,439.554268,199.380966,92.947861
370.945412,434.848969,196.650131,93.245667
370.208656,434.483238,198.380356,96.647537
374.635864,433.812508,200.208984,92.512558
379.287476,430.119450,196.807312,93.890312
377.864883,429.557449,197.009979,96.995453
384.125977,430.010273,191.880005,93.381065
381.954948,429.649677,193.327225,95.785545
387.159897,430.053524,188.818146,94.729500
385.705177,432.012787,189.426071,95.905640
388.167038,431.010784,187.096710,95.811745
392.718491,430.487816,184.505341,98.051224
394.630295,430.572845,183.855621,97.163757
395.246292,428.960911,185.293732,99.609978
398.060127,428.141254,185.384506,100.634422
402.484261,427.829792,184.955917,101.103600
407.030090,427.376732,182.322205,100.982986
407.095741,426.639393,181.370590,102.835228
414.440628,424.245193,178.723785,103.090851
422.539742,420.435509,181.115219,106.477005
427.287613,417.290840,177.979034,108.994431
433.354240,413.057262,175.147781,105.807045
435.038849,413.204987,174.720154,106.347107
442.738258,408.258953,175.515121,111.409645
445.208702,404.072834,175.006241,113.311485
447.632751,400.288368,172.096191,114.925766
454.364601,397.093922,171.994308,111.078148
454.400307,396.576881,173.616196,111.025192
458.986221,393.631210,173.803131,109.446198
460.293358,392.391102,173.818680,111.483910
461.285408,389.504745,173.937668,112.477325
462.107605,389.415207,174.314575,114.153107
461.837700,390.120064,174.313797,113.885666
463.612289,388.822895,178.040009,114.714867
468.939323,389.413849,177.148758,114.253052
471.290009,390.751259,174.182251,117.331161
470.750832,391.246777,175.162155,116.647316
469.995125,396.385693,174.658554,115.961830
466.520630,404.218391,180.039062,123.684311
466.096458,418.010094,176.361465,122.334244
469.747528,432.591972,174.084351,124.337845
470.883308,435.404415,172.487656,119.958748
472.494415,446.220825,172.939392,119.933899
474.334816,453.677593,170.577744,119.728615
479.124519,463.445770,169.819931,125.437012
481.343834,477.443733,163.556900,122.862900
481.321953,479.226509,162.958267,118.298325
484.780518,488.721760,160.955750,122.380028
482.864235,497.909752,161.116745,120.031937
482.962082,505.535389,157.311371,118.808495
482.083961,511.267963,155.670334,115.914696
481.991821,512.862938,156.088867,114.718216
488.584946,516.746483,153.236847,113.415176
493.143707,519.345825,152.916016,113.871948
493.028046,520.107483,152.288208,110.057861
496.655167,521.655441,148.754913,111.797821
496.187500,522.119465,148.116028,111.733727
496.915100,524.059875,149.250488,111.119812
496.498093,523.212181,149.569611,111.938980
498.934731,520.732826,151.097092,115.671494
503.761688,517.372280,149.018616,115.556038
503.217628,517.634163,149.388168,113.665756
502.313835,516.762753,152.360062,117.251472
506.634682,513.862831,153.358566,115.558945
505.545448,513.381195,155.919296,118.349854
505.122513,512.106373,157.257233,116.500206
506.483925,512.127815,156.469101,117.423691
506.708405,510.823883,158.148254,121.027405
504.125221,511.193657,160.004440,119.732559
502.558769,508.852905,161.793839,121.834900
508.349014,506.925453,161.006134,123.888474
508.201355,507.519154,160.865234,124.077782
512.397514,504.447460,158.278824,123.210426
515.381416,498.175808,159.051987,124.962776
517.076332,496.322685,158.686020,124.556839
516.872314,495.918865,157.210876,121.229652
517.523010,495.051208,156.068970,120.918335
517.208443,492.088543,154.827682,121.248756
519.064507,485.612061,153.044449,123.555298
523.122154,481.030441,151.036697,125.018524
527.385719,476.327904,148.545883,125.435867
528.283936,476.577976,148.298096,124.515923
532.050598,472.719452,147.009827,125.482422
537.351906,467.538498,142.739731,126.620087
543.945801,463.953285,137.287537,123.245163
545.298645,458.464527,135.319031,124.154076
544.987717,459.345238,135.930756,124.165604
553.390945,453.094707,130.787811,122.916786
557.316269,447.987720,131.631622,121.541283
566.762280,445.104557,126.119972,119.916130
574.438683,439.518757,123.400650,117.655540
568.466415,439.982380,128.674347,119.496605
574.625759,437.350986,123.984200,122.242424
577.258160,432.038631,124.411537,120.851997
587.321808,430.067375,122.537903,119.839249
582.769539,426.022282,128.234177,122.227409
582.910042,427.497776,127.815720,119.900566
581.612740,424.033722,129.357773,122.698914
578.898537,423.878155,131.486740,123.898354
576.985229,422.524147,132.430725,124.714035
583.477531,419.132935,128.105545,124.138367
581.485786,417.495300,130.743820,126.131042
584.894173,416.758389,129.878586,126.195015
581.617699,414.164253,133.246048,129.374252
578.069397,410.693863,135.863770,133.115875
572.422142,406.767975,140.521988,136.628418
574.567329,409.050049,138.676193,132.637939
573.336555,408.280701,139.196335,134.310669
576.941010,404.486305,136.049072,134.828110
577.286964,400.262428,138.168442,135.318893
576.218025,400.160522,139.683273,135.538391
575.924553,400.318474,140.080582,135.852737
576.791725,398.506638,139.259933,134.915375
578.733261,396.046494,139.043793,132.706940
577.441292,395.158493,140.297043,132.198944
584.440422,392.500366,134.948929,130.302856
580.648781,393.093689,138.749619,130.948914
588.961517,391.506279,132.098999,128.431900
592.810844,388.094948,131.728043,129.366989
595.361542,385.586685,129.730957,128.305206
599.842640,382.048004,127.380699,127.451416
596.586212,383.816437,130.757935,125.977417
608.650066,377.357670,125.758034,126.595329
613.306839,373.102512,124.338837,127.495415
611.285225,370.912819,127.155014,125.718124
622.867683,370.343479,121.719162,119.852287
618.355164,369.340702,125.953735,124.432121
627.721001,365.468925,119.659378,121.610428
629.312103,362.672714,120.596252,118.950348
632.687679,359.428181,121.480415,117.562950
630.792812,359.926510,124.704781,115.910225
631.262283,359.349060,124.087677,115.913818
630.529236,354.667995,130.445068,119.033943
631.419128,353.259613,129.390991,116.923584
631.289680,350.258652,132.173691,116.899078
633.320618,349.014053,135.633179,117.289703
631.909790,348.052582,134.830566,119.210754
634.700340,344.913242,132.869522,118.497124
633.198158,342.777264,133.956650,120.109901
630.421631,340.365601,138.168884,123.575745
633.289513,338.688736,137.038589,125.394012
632.030243,339.575920,138.523865,125.083084
638.846977,335.895271,138.371475,123.850327
635.120728,336.230778,142.258972,124.485344
637.608490,335.146450,143.749084,123.220039
637.526573,334.777206,142.202347,122.622467
637.159546,334.647911,143.373718,122.489029
635.931465,334.349972,144.985092,123.071602
641.811813,327.959835,142.752777,123.571968
637.261421,327.666481,148.714645,124.939133
639.439980,326.118748,146.485092,124.691338
638.266464,326.522495,146.808075,124.630424
644.213753,327.121197,143.053391,120.051247
641.786026,325.071640,146.644318,120.541962
643.495613,325.228992,144.790878,116.270897
644.780586,322.690777,144.863449,117.865334
643.764198,321.905003,145.977341,118.078362
646.057587,322.273205,140.779358,117.588295
655.355698,318.282875,135.552643,114.214951
656.121452,316.625153,135.712723,114.416199
656.100792,316.495934,135.559525,112.106583
656.680817,316.925381,135.559021,111.861458
660.590759,315.832272,134.105408,111.878670
658.787964,314.772949,136.863281,110.949646
661.913116,312.276814,136.189758,107.263329
668.246162,311.261063,134.889816,103.419464
666.881897,310.877335,135.760071,103.532684
666.026550,308.958130,138.491516,104.531738
665.931404,306.740986,139.514633,103.467735
666.408302,304.374146,141.976913,102.733765
674.093643,299.644199,140.899628,100.959709
672.099953,299.404411,141.636887,101.974564
674.734489,298.256489,148.544449,102.937584
672.866943,297.533432,147.731628,99.211823
672.651184,296.573685,150.008728,100.368500
675.836357,297.624512,153.479935,94.023254
677.960701,298.387806,147.638474,97.960289
674.655876,297.014706,154.057999,94.867683
674.253777,297.422222,155.121292,92.305946
675.439995,297.765144,157.615555,91.325241
677.639565,297.361259,162.200851,89.880447
677.194962,297.434917,162.017975,92.665321
676.365150,297.952255,166.011887,89.834808
675.941902,297.643780,169.093491,89.401161
677.556679,297.217297,169.025375,88.978920
678.637276,297.420948,168.550522,85.147545
680.475357,297.586319,166.607391,81.777435
676.439522,297.664848,170.002914,84.005875
679.844467,296.009182,174.366669,82.936775
679.605637,295.412548,178.503815,81.618019
675.113716,295.082699,182.402939,81.284859
675.870331,294.506989,182.059143,80.789978
673.228004,298.107986,182.084763,78.862030
668.114563,298.074291,185.764709,78.587807
670.928467,296.549416,188.337524,77.279221
672.058174,295.804153,188.216171,72.731476
671.445335,295.331657,192.276016,74.231888
670.429565,295.008839,192.142761,72.381004
666.528481,293.504948,194.777817,69.727470
664.095795,291.588428,198.056335,67.916771
667.077347,289.487442,196.579926,65.810028
667.689133,289.750107,195.386871,65.665375
664.236549,290.229870,200.155380,64.553566
658.471985,290.079542,201.622925,63.105686
660.738884,287.885870,198.183548,61.458363
661.869011,286.419241,196.009964,59.171467
661.971092,285.753202,195.855789,60.138981
654.319473,284.193546,201.415802,59.996819
646.363487,283.522957,203.422073,59.545395
644.987633,282.540293,203.745743,56.719341
650.893974,282.878181,198.495621,54.371872
651.135056,282.670973,198.164154,55.246983
637.933487,283.840246,202.561493,52.814442
619.214050,284.502565,205.296204,51.898495
611.717026,288.011555,204.845184,50.433617
609.176537,288.794632,203.822952,48.031982
610.017181,289.292627,202.609070,48.374554
609.384254,289.565958,204.621078,47.254223
608.370483,291.297720,203.530365,47.100880
604.538445,292.935081,206.879288,43.657730
604.385612,293.813768,203.921585,42.385159
604.372093,293.556782,202.770584,42.146843
604.836906,295.532791,200.925797,41.213257
609.127426,294.710182,196.989288,40.184982
608.096916,294.968784,196.040604,39.433556
610.222145,293.605404,193.530624,38.223671
609.245361,293.785723,195.060059,38.836910
610.589828,293.897165,194.257965,37.676830
614.185577,290.719486,191.857025,38.725121
616.556313,289.488802,191.493362,37.057674
618.311943,289.227592,190.099197,36.963760
618.401978,288.827538,189.677399,35.589127
614.378029,289.273394,188.854935,36.841396
613.705566,288.913580,190.283081,35.731251
626.317253,288.827307,188.913345,35.250141
630.174507,289.105972,187.746902,35.552582
629.891426,289.649780,187.198868,35.141968
628.984894,291.012575,183.184479,37.021694
628.751541,293.119791,184.571228,36.009838
629.947998,294.892487,185.409302,38.357269
631.740662,294.061129,186.811768,34.432247
631.885033,294.535576,187.670456,35.647720
638.180664,294.605413,184.555084,36.770191
639.100548,297.066877,182.215744,33.449528
638.776146,298.799446,180.551559,33.828323
645.372826,298.993370,181.054245,34.077713
646.817810,298.079165,180.112122,33.398586
648.127098,300.119801,178.591782,34.961479
649.064369,298.750263,179.075790,34.066032
654.464996,299.682804,178.465820,35.113548
655.303780,301.874775,177.008682,35.594994
655.813309,302.134588,177.742371,36.208942
657.596130,301.817684,177.352814,37.002296
665.335030,302.868984,174.272324,36.643410
667.961227,302.083664,172.395844,38.522278
671.443756,302.212629,170.015869,38.169590
671.348930,301.567974,170.244644,38.693733
676.508545,301.194628,166.667908,38.365566
676.838730,301.634720,165.793915,38.791382
683.753548,300.496639,161.027512,40.779182
690.045425,300.765673,156.803558,39.962948
688.675453,300.140501,158.799026,39.632633
697.384430,300.999296,149.908417,41.614597
699.211800,301.985519,147.381699,40.923492
702.573723,301.275497,142.753281,42.051453
710.338539,300.544239,137.277786,42.539757
713.862640,300.271084,135.327911,42.240120
718.446999,299.773083,130.937637,42.688515
721.648735,297.710501,128.085556,44.470295
723.673492,297.199780,124.226410,44.250496
727.827579,298.136112,120.163353,44.611229
728.357979,297.684917,120.381943,43.728249
736.294067,297.325924,115.417999,45.584969
743.190525,296.976213,109.267754,44.452023
746.141273,296.922398,106.733566,45.317650
754.057964,297.812054,100.851418,43.904457
751.145958,298.091429,103.959732,44.766270
761.650307,298.800117,96.718826,44.250412
765.528034,298.397409,94.323784,40.760174
772.272797,297.516359,94.476166,42.956356
781.043606,296.119846,90.711586,43.652885
780.343109,296.521772,90.709015,41.320316
785.399250,295.081873,88.611565,43.029034
785.480934,295.351799,87.629105,42.254776
790.552486,294.973652,80.879829,43.635155
787.450687,295.552689,85.109673,46.447906
791.526371,295.351555,80.302544,44.966293
801.093761,296.789717,76.610207,45.003544
810.429935,295.372410,70.748161,43.276665
810.101738,295.510643,73.068283,46.100143
794.783077,300.618475,83.144661,45.114399
810.438980,298.659119,66.920410,43.534607
793.910088,300.911125,81.806931,45.770401
822.753458,299.065805,59.328075,44.796001
831.595694,301.242531,53.464741,44.068192
836.396490,300.931732,49.178608,44.635696
834.267691,301.144077,51.952442,44.044228
840.196907,301.996548,50.127548,44.040306
844.192894,302.402187,47.451141,44.037209
848.355896,302.510592,47.228394,44.583218
851.739002,300.111416,47.386909,49.113747
851.474045,299.928545,47.967422,48.848293
854.678225,299.412441,46.809628,48.875679
855.837704,301.754765,46.996132,45.733238
857.190598,303.009176,49.567535,45.331852
858.829296,302.301462,49.784492,46.742184
858.581530,302.288815,49.102917,46.379738
857.444613,302.939455,50.941540,46.199078
856.097887,302.882044,53.535519,46.767605
853.552063,302.447704,53.965897,44.390266
852.642839,303.121954,56.031551,47.142216
852.548435,303.435913,55.559258,45.165359
851.228745,301.547701,59.002625,44.659374
849.767994,302.377274,62.380730,46.299606
836.752850,303.685230,76.070473,50.912819
835.758514,304.039839,64.264557,45.015003
835.568710,304.891195,65.276672,45.397587
834.680927,306.007204,68.375298,48.817577
834.540531,305.627571,69.359489,39.662140
835.447083,303.512274,73.228729,40.240757
836.153896,303.622026,75.681557,39.587566
836.569210,304.306520,76.270607,40.963757
830.919361,304.774395,79.345970,40.428093
829.757065,306.136278,81.261566,41.177990
829.939991,304.425863,95.606499,47.129612
829.006969,302.660410,88.965340,42.399960
829.452843,302.836988,104.104599,47.247456
827.361668,304.321594,98.440208,42.854050
823.999687,306.206814,98.239761,43.132042
824.090351,304.764442,101.267082,43.289612
822.015335,310.192383,99.626282,37.684494
823.345505,308.423342,99.381042,38.048992
815.261391,311.389265,105.750412,39.358753
810.822807,311.738770,115.169479,43.462997
811.274940,311.849022,116.933823,40.828705
813.257580,309.633188,119.195595,42.577389
813.391125,309.581152,118.514351,40.717075
811.864693,308.977327,119.695999,41.306469
805.856941,309.858700,119.824203,41.855247
804.957886,309.545626,121.906525,41.525677
797.695400,309.047527,126.003456,42.462547
797.812180,309.343479,124.692780,42.009071
792.212471,309.300783,125.036179,42.482586
793.320515,307.785786,126.703423,42.551521
790.477394,306.897722,128.436508,41.893810
785.195549,306.603741,130.244095,40.749077
784.927147,307.399662,129.999619,40.307289
784.901451,304.840521,130.092728,41.579075
781.999336,301.843575,132.686081,43.227448
780.897720,299.228922,134.393097,43.441097
779.407707,297.303621,135.924637,43.647930
779.872261,297.329159,136.030289,42.131310
777.817429,294.044916,138.213196,43.749905
774.605240,293.796707,139.808319,41.333237
770.710732,293.726311,139.950577,40.542084
768.546013,293.584858,140.157578,40.993263
768.678513,293.089413,139.920563,40.177452
768.998154,294.913090,140.125793,39.919014
763.988716,295.823425,142.209366,40.948929
765.098816,296.004026,140.278290,40.843250
761.685822,296.866823,141.002502,41.599987
762.238113,296.872492,141.001648,41.859676
757.091232,296.727688,141.921448,43.689018
754.065598,295.783831,141.042633,43.343914
750.766861,294.930672,140.323639,43.730225
745.156425,293.062906,141.205490,45.107265
744.619675,293.085732,141.589294,44.158600
741.189766,293.821882,141.450974,45.267597
741.972336,290.489796,141.087097,48.111549
740.079597,289.941444,141.045639,49.653442
737.840858,289.879597,140.535782,50.419899
736.543503,289.267113,140.320251,50.365479
737.289917,289.077204,140.031738,52.633724
736.664970,290.252096,139.416672,54.140293
735.161850,288.183462,139.048370,56.665958
734.941788,285.890835,134.082092,57.553459
735.642563,285.859379,135.727844,58.443855
735.384399,286.453339,133.620667,60.295639
740.248627,288.297722,128.771057,59.386963
740.306904,288.201458,127.324577,61.118919
738.505962,288.148045,126.862923,61.914864
738.545486,288.904366,124.774536,61.548798
730.787262,287.712757,122.297577,59.565163
726.099548,285.358028,131.497986,73.493858
725.286583,281.519444,124.903366,71.998909
723.310635,277.684326,122.546303,72.753860
723.439236,277.402493,122.118446,73.464806
718.573917,274.703754,119.947044,77.145363
711.704575,271.240826,121.169983,78.083549
711.087894,267.319218,114.171410,79.888496
709.690342,264.410358,122.116966,88.786964
709.344746,264.203468,121.558525,90.686584
707.513607,259.529114,123.221169,94.161331
705.460407,255.552032,121.624687,96.812515
698.449944,253.036594,118.865097,95.542549
694.299919,247.673779,122.058090,99.214653
693.633354,247.329773,121.405136,98.474503
691.215553,241.559875,121.898575,103.310196
687.669262,236.150139,119.519173,104.247650
683.511452,231.239075,122.905167,104.378738
682.942047,227.344986,124.366852,109.399826
682.905041,227.417694,123.812691,107.910721
684.028736,222.359112,119.626701,107.440605
678.486809,217.856087,125.186874,108.860413
671.601021,215.634327,124.308792,109.434669
667.798874,208.803089,127.881470,113.337135
668.257771,209.088684,124.878227,113.074600
667.293816,202.664921,129.686203,120.533089
663.899590,198.857803,135.146347,125.361801
658.497566,194.361046,129.443130,122.120392
651.380173,191.180264,133.615906,121.009850
652.639694,191.260658,125.350525,111.751282
647.288330,189.854218,129.442902,120.210831
642.589012,184.516869,132.179916,122.666412
644.714203,181.117989,130.263153,122.317322
636.541702,178.438805,134.588562,131.213348
636.291687,177.612144,137.624237,133.534149
630.249863,174.872940,142.057129,137.166306
626.726173,170.287041,141.138138,136.305084
624.057465,166.819641,141.284027,136.042374
618.922592,161.088654,143.585693,140.034683
620.721786,161.480621,139.746887,137.521622
613.160156,157.117546,146.066559,141.411102
615.814926,150.989548,146.598083,144.455490
612.810303,145.242500,149.696259,147.765381
607.779282,141.587105,155.316223,147.773621
610.122055,142.219627,149.455627,145.564850
605.986893,135.340637,151.355225,148.558365
606.813789,129.926094,151.802139,149.764465
604.248360,125.364952,153.449600,155.794098
606.471947,122.527527,152.071030,151.945450
607.637886,121.903450,148.633804,148.929260
603.512978,121.103035,153.645889,153.139465
602.545967,122.533058,152.602066,156.554993
604.371094,121.257988,147.358673,150.127045
605.269135,121.175194,157.503265,160.747345
606.962509,119.803574,158.508484,171.735275
607.994118,122.865799,161.430923,180.150681
608.092735,123.329582,164.929001,165.451813
620.918739,135.248863,146.662613,160.806427
622.461761,143.353088,132.030121,147.196793
622.190735,143.472771,138.671967,153.241974
622.988297,147.901031,103.057312,148.033035
656.930290,9.441910,151.157883,163.576767
662.066280,22.485847,103.818031,236.017334
623.597275,154.824814,95.373718,85.746140
626.013096,158.179001,89.873039,75.435349
629.657593,160.066471,93.250275,74.909096
632.485039,160.853714,94.503128,77.097641
629.430309,162.515385,97.425362,87.991982
624.084354,167.178978,97.394249,73.689789
624.007442,167.235775,95.743355,75.814537
618.126915,167.425274,100.864059,96.084557
621.492023,167.198860,113.554741,140.698639
619.658665,168.424271,127.867760,149.437515
616.157196,169.218216,143.632294,160.432205
614.960274,169.192505,154.439957,161.469467
613.743774,171.240891,153.607025,158.061295
604.387772,175.864910,116.466553,100.733604
595.516525,179.114620,118.475098,116.032768
596.408089,180.797997,156.156693,150.984924
595.134560,180.776527,149.797073,149.344391
600.056679,186.248535,164.967850,151.667343
594.154602,189.207771,150.013092,137.863617
585.645203,192.174110,176.064850,149.082550
581.586029,195.214226,180.832855,153.080933
580.848259,193.451225,181.242050,155.858337
581.984268,197.926323,184.115173,155.125977
581.209656,199.749214,183.636383,152.340240
577.013039,200.139664,187.782486,151.320267
575.187737,200.106270,190.579147,150.601288
574.782761,200.163177,189.795410,149.803024
570.507774,207.291481,170.410507,114.481598
570.543526,218.041950,140.444839,82.836678
567.357765,222.727028,143.396927,84.688751
567.814812,228.099480,142.368820,69.592102
567.238480,227.458778,140.837250,68.771118
567.584480,234.944328,153.512039,78.210236
565.286522,236.139523,182.618576,95.778160
563.350929,236.920753,220.986588,112.888306
563.010445,237.328487,233.085464,126.348289
562.022530,238.343330,233.715286,118.853210
561.461342,241.457443,238.508133,115.672409
562.832176,244.409676,247.619736,124.407227
561.376991,249.655022,243.887405,112.542267
561.317299,250.892773,251.208328,117.397270
551.541763,250.471489,253.793823,110.148407
548.128708,249.693027,262.565125,111.939888
552.938858,255.684505,265.592590,111.383385
549.556549,256.895313,271.172577,104.221230
549.840073,256.252739,270.470947,105.328705
544.068054,253.848431,278.091339,107.551201
543.260040,259.301662,281.526154,105.145958
536.279404,263.401691,291.948914,103.720863
525.921600,260.123497,276.137665,97.370514
527.854950,260.280689,277.672455,101.279457
523.719803,254.269894,286.369934,104.240013
522.866669,250.770561,288.615570,102.857147
514.649124,250.127995,289.914307,95.502327
504.602432,248.190468,297.569092,100.309631
505.662766,249.145809,298.222900,101.052330
576.770889,193.087608,240.737793,161.159576
496.847565,244.637177,300.544464,93.182693
497.743652,243.461761,293.006256,92.966019
503.560791,242.406685,284.502106,93.779236
514.987930,231.022873,270.114197,104.715500
476.678391,243.208805,306.574707,89.273506
741.804476,124.531784,49.703152,211.916306
847.059624,135.469555,150.344711,106.168297
852.208076,139.728073,162.008499,108.277115
852.235390,141.465794,169.675735,111.341591
853.174065,149.052856,168.294052,113.238632
855.049072,154.890469,167.254425,116.426994
857.772430,157.561970,170.284515,118.832222
864.227531,160.186657,166.115524,108.989281
610.786697,252.227015,153.995560,62.272701
448.054314,233.385143,296.465515,81.988335
428.253578,228.395260,309.579987,84.837242
418.314796,229.831551,319.542633,82.741333
413.680870,228.546295,320.157349,83.603348
416.479698,227.914574,319.018127,83.698334
409.706169,228.370197,312.412109,84.185829
403.696800,230.076191,324.511353,80.583412
394.077217,230.386364,326.479950,82.585625
388.719933,228.990971,328.043457,82.398567
393.970924,230.076180,324.898834,79.275330
385.608421,226.682049,324.516296,83.072868
379.997902,225.747311,324.459015,83.016869
370.575478,219.813683,322.862762,85.155426
371.045616,220.015995,320.917908,84.064949
370.362251,220.220818,321.302277,83.899750
362.503181,218.855473,328.743256,83.516975
356.472740,215.816700,328.304932,84.831520
355.466270,217.496071,328.621643,82.853210
345.435356,215.480595,331.023926,84.837898
350.357216,217.870258,330.701019,80.340553
340.046608,211.774048,332.348541,85.090775
338.249870,214.872540,336.294250,80.934624
327.896263,207.725937,332.185181,85.164474
318.828178,207.402908,337.985657,84.303696
315.631874,207.516754,347.625275,83.805496
314.092918,206.684120,338.160217,84.976562
309.249504,205.907993,342.415771,83.469856
302.232368,204.997417,341.215607,82.479729
293.577110,203.415474,341.382812,84.911011
291.275520,204.011379,343.998688,85.002647
288.135841,203.135601,347.324677,85.819939
283.272530,200.434498,347.604462,88.202675
277.596901,197.884235,345.281708,88.668312
277.753151,197.458447,342.888947,88.405022
278.526024,197.708408,340.481140,88.850716
270.744957,194.132908,346.528625,89.633736
269.605644,193.892506,344.967590,89.095497
263.364281,193.074493,348.015015,89.512527
262.934471,192.928169,348.831482,90.500671
263.891151,192.423767,348.775177,90.989944
262.335014,190.303852,347.186096,91.080544
265.277550,186.596615,352.694763,90.646080
272.159370,187.546600,352.664703,86.927567
277.243370,185.991188,348.852234,86.983948
276.315941,185.721897,348.227600,89.102425
273.104897,185.430771,350.813141,86.304672
273.193703,185.310841,352.332550,87.862953
273.826363,185.521889,354.964203,87.032593
274.855247,183.553173,357.464661,87.545219
274.436623,185.574818,358.276276,88.236244
281.154503,186.460575,358.050415,86.716377
288.550652,188.046413,358.379272,86.521812
288.407814,188.534081,352.209442,85.082489
287.226311,186.652176,351.032837,88.822495
288.073586,186.150093,353.535980,88.496277
287.405342,188.262676,350.877045,85.932304
287.465599,188.522057,356.663513,88.963226
287.777031,188.847515,349.791687,83.975212
290.891075,191.182365,353.024536,83.693939
289.943886,190.190376,353.553192,82.325989
297.843559,191.677429,348.695129,80.797684
299.506676,188.327171,347.487915,79.938812
301.888405,190.554276,347.766998,76.609421
304.016579,192.604645,341.977020,75.300064
302.340935,193.595329,343.050903,71.930206
301.868202,192.635468,340.427582,73.332413
299.213951,191.058308,348.444824,73.134377
298.368599,192.248890,345.355621,77.075600
293.914497,189.222980,351.590790,77.244057
295.876732,188.930130,350.455322,77.488327
291.834953,187.327000,357.099976,76.879585
294.348274,187.908165,348.796356,78.258820
285.530586,186.192333,356.071320,79.970390
286.208260,186.189171,355.399200,79.132965
287.333351,186.724739,350.154755,78.768494
285.412056,183.239704,347.952484,82.793861
283.623604,183.502052,358.238800,82.731323
276.540382,183.898739,352.283783,82.459740
275.612495,180.250164,341.358795,87.086235
275.953758,180.671555,344.284424,86.467087
273.056160,179.891121,340.598358,88.633301
272.664375,180.257027,349.389252,89.459473
269.428307,178.408997,336.885986,91.557999
266.533699,177.539528,354.078339,90.747742
265.827431,178.315395,335.267181,91.611351
263.017784,175.602890,354.126099,92.566330
263.963753,174.614811,340.685272,95.276741
262.594261,172.411774,361.038208,94.900589
260.838768,172.329617,343.717224,97.431053
262.402290,172.208282,357.923920,96.723343
257.954704,172.134296,349.372925,99.795876
259.995247,175.097351,339.515656,95.707352
260.833763,176.533829,344.412354,96.190903
257.754616,177.736797,339.060394,95.746696
258.975639,179.240391,338.792786,93.657417
254.588356,179.126060,341.392548,95.076691
254.083733,179.317432,331.242798,94.736977
254.817863,179.325058,329.852661,100.019150
254.494865,182.474277,333.076111,99.556465
254.136208,183.428204,326.171906,98.873711
255.611198,188.226692,334.259583,95.875305
252.280846,190.970432,322.010437,100.297432
251.755791,195.240177,318.848999,96.492500
255.345924,197.818699,323.721832,98.832832
255.416832,196.550728,308.206238,99.382080
256.798744,199.012486,328.191681,102.191109
255.369499,200.707390,316.927979,104.392548
257.162590,198.372669,310.306091,107.994484
259.535866,197.322056,309.473602,114.757820
259.035881,197.222408,312.979004,113.066246
264.091927,196.380527,306.619843,116.045235
271.249214,198.647488,301.804718,116.488731
267.732491,200.278294,304.384857,121.119759
272.100502,202.967834,296.742157,122.758072
269.382973,202.492126,299.775726,121.058792
273.751808,204.017723,294.840179,128.578583
277.984932,203.817657,296.022308,129.992203
276.484795,205.325584,298.998535,134.856476
275.549355,207.247337,305.888947,136.140533
271.637047,208.593414,291.820068,138.306290
275.192772,207.254250,298.038513,136.090210
273.311378,206.496513,292.367645,142.834198
279.379555,203.948784,302.424408,141.424774
275.091423,201.721016,291.098816,144.631653
271.015114,201.625816,285.600677,146.442413
276.375313,200.563431,274.314362,144.186508
269.906715,194.361496,283.150360,151.441025
266.235649,191.504059,279.595764,154.943375
261.594658,188.998688,270.443604,161.182999
263.617729,186.754562,277.853394,159.945541
268.046867,186.382248,264.642578,155.877914
267.361603,181.413681,251.393661,166.436996
263.885445,177.832443,280.043610,167.758041
270.474220,173.062080,265.238495,169.795593
267.258980,173.901833,267.740021,176.691284
259.867851,173.928200,269.463074,179.259521
250.279167,177.704865,261.347595,186.293106
250.021172,172.679932,264.055237,188.738602
253.271278,170.174736,260.800262,193.575531
252.891243,172.879303,258.774200,193.154922
250.786385,172.481239,252.539703,201.045288
245.850441,166.111839,253.615692,201.937408
243.735336,170.977676,231.444290,206.520065
242.372154,187.155495,227.988770,193.545288
244.805069,196.497253,219.525284,183.969925
243.836159,199.165222,200.250275,184.304153
242.610283,193.813087,202.338379,189.969238
237.690269,200.693405,193.055664,188.651169
235.151672,191.804565,204.899277,195.428726
232.747437,201.225807,199.297592,188.919189
241.338570,188.502838,193.192169,194.079422
235.169762,203.871582,191.067566,189.352859
228.194969,202.455376,183.581299,191.163788
235.716209,207.037315,176.773438,186.934723
235.345428,206.554520,169.009933,191.724594
230.800186,162.203033,193.205948,236.509598
220.425575,152.324455,208.373505,257.283356
221.794434,155.952675,210.871506,251.869202
219.246796,163.002708,211.765121,248.806854
219.633713,162.684547,208.831863,253.585754
215.282143,195.715927,200.501923,225.038986
218.311531,163.965599,207.132599,260.249847
220.690086,197.359795,196.810791,211.750763
236.220306,162.523933,192.144882,250.990662
239.158012,183.372940,184.133728,220.340744
239.921486,225.873337,174.036224,161.283066
237.669556,238.135338,159.951950,160.158234
240.761551,248.201225,161.307510,148.193207
248.939850,251.914612,154.907883,139.195511
248.940994,254.830574,147.854568,142.194580
243.759186,258.195862,151.056931,132.161270
245.520004,261.146484,146.019485,125.444290
245.018494,266.795807,146.011948,133.132156
251.349014,268.274876,141.291214,120.079475
245.907227,269.604080,144.993942,133.052597
252.869675,271.938332,138.545975,122.755066
243.564613,276.346466,147.747772,133.894852
244.924347,280.678833,142.190781,124.268753
235.488976,283.855312,141.369324,124.746544
243.369934,282.596741,138.690414,131.270523
243.453423,285.604012,132.643005,128.070435
246.403503,287.648209,132.580185,125.343857
241.292259,291.103466,128.073730,124.589714
242.184280,289.660179,118.647232,135.381012
244.953526,288.549103,114.986794,135.185562
242.075172,289.531700,105.325897,135.051483
243.517784,291.858643,101.499451,179.881180
245.784378,291.150269,106.087234,170.926163
245.736191,287.979820,117.032425,171.286957
245.221909,280.751312,114.760696,172.424820
241.641602,271.197975,127.925461,184.570862
241.201153,291.063736,114.197472,176.660324
239.916317,285.083801,119.241447,183.163040
237.227562,260.682854,120.263184,209.289032
234.889091,293.227570,108.559326,204.315506
239.780514,292.053688,94.449333,207.699951
232.344158,261.021950,106.191612,215.488159
223.183681,273.564911,102.683647,207.235123
218.457039,247.421829,97.601776,212.415146
223.886780,289.951538,84.810226,176.159317
217.692204,245.156860,92.157936,212.070206
216.449944,253.407623,83.688354,225.128250
212.828785,253.857971,80.687447,227.520706
215.464558,249.182739,72.757820,209.253250
217.929493,287.640236,82.421272,206.893799
219.727871,254.701210,73.317619,231.091370
218.624487,245.028023,63.695225,206.618042
216.417866,282.171410,81.065926,208.349152
203.787598,284.949318,85.213120,199.484375
204.412815,254.471893,58.697487,178.779007
203.787094,253.074341,70.951126,210.585159
210.231201,303.474953,89.265549,197.695862
208.445309,328.837074,102.639702,197.514221
203.280922,331.652588,114.294403,203.642105
205.534016,332.628242,110.430061,209.738770
205.200832,334.946487,112.943291,207.710434
209.239574,339.755714,114.691673,209.341736
212.621193,346.547249,104.142731,197.530640
212.647549,350.545166,104.138481,181.362686
212.612247,350.777061,118.626137,213.857513
207.098408,348.956604,120.589668,210.462296
210.032257,353.724899,118.312424,208.104599
218.961666,351.981071,109.447624,204.016449
219.235859,353.126312,113.945625,210.823990
218.628204,350.378609,106.587570,201.862366
219.790062,339.873375,118.653687,247.182037
214.642132,302.303017,105.429466,207.353027
219.244930,311.194733,105.753593,225.205887
213.493793,314.535477,113.230049,220.770615
216.323273,308.264389,104.432358,206.640366
233.823174,323.758453,109.268433,231.700089
226.512226,326.275024,113.504097,209.977737
220.939785,309.149269,123.884148,232.814758
226.429577,319.518127,109.139244,212.376297
235.341026,376.061440,116.350403,170.770081
229.734123,365.986412,125.485962,168.687531
228.031410,353.888969,142.506134,191.412262
224.463791,324.086845,145.366226,217.357697
215.814018,348.359131,160.877258,197.911392
217.021172,332.425774,163.691895,214.987335
218.831856,403.720779,155.794464,142.931625
248.099648,449.914227,136.277435,99.800041
249.858284,449.579521,144.223541,100.282257
247.467377,450.627262,152.603500,104.323738
245.980583,447.835094,155.646362,110.442558
245.810432,453.246296,158.792572,108.478004
240.601921,454.156151,166.393005,111.687775
234.590645,453.654884,172.383636,109.343750
231.976982,454.912128,181.807556,112.652931
225.171883,455.351608,186.795563,111.047409
226.575142,458.599426,184.418915,107.209000
223.034431,460.828899,187.156097,102.044975
222.731277,462.497089,192.342789,103.042213
222.379578,462.591713,193.128098,102.914734
223.464294,461.843426,195.672104,103.492363
217.306801,461.114887,200.073273,105.256935
216.254593,461.267345,203.785233,103.532036
211.934830,460.356304,213.017532,107.003227
205.639984,457.217987,219.330002,107.640274
200.178162,452.932076,222.916672,110.273682
205.403984,459.294022,223.049744,108.316696
193.128815,457.665012,231.216537,105.607368
201.864082,465.110779,230.165070,102.247757
203.578232,457.049820,242.190018,111.798874
207.184067,462.505253,232.085098,102.179695
199.051697,460.593468,247.494247,107.688263
211.328964,469.906956,234.587173,98.926460
197.403900,463.915775,254.766891,108.437141
201.074768,470.626453,249.050522,97.776100
199.805763,466.623268,250.652008,102.484741
203.963676,471.623795,249.226196,97.488327
204.455666,473.211201,250.265411,98.132545
206.370422,474.228088,248.300705,97.086868
206.737259,477.860062,251.352127,96.032455
208.571426,477.599842,250.564713,98.131264
214.772659,475.676418,251.879410,97.003685
216.969276,478.744968,249.316193,93.344734
214.590019,480.072765,249.236877,91.246391
212.754738,481.391029,253.264862,91.745667
212.166893,480.254093,253.514221,92.238655
218.614059,479.961910,249.987381,90.641685
220.587128,478.677185,253.471176,93.814407
219.449257,480.284290,258.767242,92.652626
220.535469,483.921932,261.837250,87.847679
219.651466,483.967358,265.065826,88.685112
221.977043,484.312244,264.667297,87.990028
228.770042,484.138882,264.087708,83.212059
234.118553,483.663563,263.041260,81.913246
233.895042,486.361431,266.418152,79.732475
235.046700,485.948944,266.741730,80.884354
232.438179,486.917774,270.121246,79.472572
232.801003,486.978745,268.303558,77.764877
236.250465,487.926945,265.974030,74.460518
247.858589,487.308678,259.613922,71.568634
245.660774,487.538872,260.155487,70.454498
246.517662,488.260479,257.689758,69.606438
246.604668,489.028561,258.386536,68.519371
253.149834,489.673088,258.110352,67.555634
255.961037,489.226105,261.775177,67.942215
257.948250,490.180470,261.499603,68.159096
257.784050,491.391579,258.030212,65.641418
257.595970,491.613379,256.354431,62.285099
251.767555,494.462349,262.248138,61.549500
253.715004,497.937500,258.945099,59.548477
254.326500,498.750467,257.924133,58.776913
254.954521,498.924269,258.856934,58.860157
253.278542,499.039545,261.288116,56.003201
252.505699,501.724689,258.139465,51.511086
245.682060,504.685553,260.630371,47.349796
245.662895,505.528494,260.808350,47.706882
245.104042,505.732025,262.971710,43.788528
246.815392,506.602362,261.043518,41.109562
243.975075,507.231304,265.143890,39.875175
233.494438,506.767076,273.391266,38.091351
232.885658,507.311340,273.229370,37.199203
228.330330,507.343216,273.254578,36.725174
225.451683,506.864586,275.716766,37.566559
221.936256,508.414034,274.353851,34.373791
220.901619,508.574183,278.074097,37.783413
220.009499,508.586748,279.739380,36.271770
218.928825,508.857906,278.554688,36.158897
212.102547,509.862839,280.371643,35.278366
212.080482,507.133003,281.590118,35.722443
214.154762,506.060352,280.202148,34.988411
215.996574,505.616941,278.486420,35.468067
216.564171,503.182701,277.110809,34.696472
218.523506,502.374529,280.193542,36.775860
219.451591,501.232925,279.730316,33.866257
220.177696,500.701500,278.325500,35.961761
219.454857,501.223345,279.503448,35.550030
219.805992,501.283890,278.907990,34.337509
220.670052,501.044769,278.069061,35.411148
221.444420,498.577301,275.889771,36.024155
219.740807,498.001348,278.406342,38.574314
221.865150,497.470224,277.728821,37.468349
227.425743,494.647083,277.329803,37.586189
230.826454,495.165506,276.260498,37.639431
233.249779,494.122288,275.123199,38.849953
233.070213,494.153679,279.107147,36.897400
230.466942,493.583996,281.362549,38.818443
230.465813,495.876648,279.369934,37.428574
232.002663,495.048851,281.682098,38.057312
236.467232,495.593172,281.458893,40.263958
236.657600,496.053705,281.728302,39.786617
235.984856,495.975784,282.196716,38.976089
234.535927,496.498941,283.069916,39.466396
236.404320,495.925304,280.330750,39.202171
227.300911,497.877703,288.560944,42.293041
223.057060,497.139065,288.243835,42.093315
221.283211,497.007235,289.060028,41.352825
221.365547,497.264343,288.858856,40.976364
223.046104,496.543459,287.791931,40.980389
224.876930,495.777636,286.155304,42.107433
223.609657,495.170637,291.590179,44.963886
223.473808,495.376488,290.739685,44.296631
220.494164,495.136232,293.390076,43.934795
220.528358,491.372770,287.980865,44.527332
226.307304,489.918875,287.042725,43.217350
221.669914,486.878183,289.530334,44.781948
223.104988,487.141298,289.135284,45.935711
218.970100,485.457502,288.406586,44.521442
217.665596,483.614895,285.193085,45.654045
217.611275,482.717041,285.228729,46.845627
217.814751,481.398188,284.075623,46.157101
218.046593,480.718122,281.955933,46.054096
216.191154,479.844704,281.407898,49.574005
214.848625,480.211308,279.803467,50.166176
213.625496,480.305193,278.854706,51.795361
213.173668,480.454573,276.184937,50.720478
215.107353,479.620127,271.460205,51.964931
216.464211,478.471918,273.251495,51.264400
222.028954,476.898916,270.144897,54.821964
221.661461,474.628269,271.520386,54.489845
219.701042,474.448431,272.036987,55.859287
222.132164,474.434582,269.303406,55.647911
223.611595,471.111240,269.549622,56.837013
228.723732,469.188406,267.764008,57.113407
230.858940,469.492218,265.549683,60.165329
228.948143,469.805290,267.976074,57.207581
230.566719,470.334917,268.680939,58.627697
232.753914,468.279793,269.570831,57.866852
241.408928,466.917500,268.381714,57.945808
239.382286,467.836708,270.578918,55.573517
239.674385,467.879391,267.471405,56.538322
239.811272,468.241152,268.753967,55.995220
243.030952,468.792990,269.593719,56.229862
249.128716,466.788132,265.428528,54.789017
249.760796,466.889479,267.899780,55.198444
251.927620,464.829868,268.704742,53.847023
250.531517,465.336031,270.830261,55.130413
248.985924,466.356388,273.138062,54.195351
245.978310,464.212656,276.055695,54.269436
250.932335,462.409101,271.026611,52.453144
249.978294,461.559631,272.852661,51.033981
248.618431,460.991615,275.268372,52.591827
248.521660,461.780802,275.767944,48.493069
247.168465,459.156084,278.861298,49.464672
250.394325,457.779573,281.222382,50.170330
252.025444,456.948147,282.769226,48.622612
251.275017,456.513180,283.753296,50.161858
249.641762,456.254747,285.113129,50.749218
249.823174,455.863487,286.648254,50.275146
249.344032,453.885145,285.892365,50.539021
249.893959,452.395023,287.886566,49.927467
249.252785,452.650023,289.166168,49.249805
249.988152,452.326637,289.681213,49.289581
247.781364,451.918262,291.073486,52.432686
246.321785,450.149965,291.686310,50.428692
244.730217,448.027699,289.678101,49.022041
244.360283,447.485374,292.705139,48.395630
244.112358,444.175642,290.953125,49.475483
246.099297,444.837500,292.774353,48.134617
248.185738,443.700218,290.312286,49.899231
248.338463,443.504663,290.438721,50.207760
247.829399,441.413198,293.386169,48.027103
247.020180,441.029362,296.513397,48.077126
244.728935,440.332396,297.067871,49.547230
249.622505,440.207077,293.303314,47.427444
249.199577,439.178011,293.880188,50.320354
253.344429,437.953753,291.569000,50.288952
254.960716,436.717550,293.460754,51.421146
256.429573,436.641315,291.703217,51.811409
256.856300,436.413849,292.063873,51.863205
256.735191,436.396694,292.279602,52.317009
256.943840,433.906786,288.653259,51.487560
252.280785,431.955952,287.606079,54.773384
253.259102,430.010248,283.602509,53.061031
242.159676,428.224976,287.672882,61.374191
244.324654,429.120569,288.517792,58.625057
232.791237,428.176598,289.817780,55.153137
229.321587,425.896536,288.657654,63.243778
232.194496,423.472553,280.433319,61.847359
229.823006,422.834116,282.999359,60.942165
230.751091,422.377665,282.058289,61.083828
220.877068,420.608566,287.790649,59.487930
220.394829,415.687229,283.889282,60.331215
221.898827,414.291542,281.935425,63.085114
224.445244,409.856361,280.089966,67.590973
222.595390,409.872349,278.884277,67.747108
225.675606,406.552654,282.193024,69.490501
224.412285,406.655434,280.370728,70.013275
220.598305,405.510796,273.766693,66.453979
222.004982,403.406893,279.630524,63.972393
223.883827,403.192547,275.793976,66.407738
223.870689,401.157185,272.462952,56.216988
222.074501,399.114021,283.419159,64.235931
235.421349,398.221157,275.096985,52.670586
228.873055,399.031998,276.239594,50.848648
230.999977,399.696283,275.221100,48.994259
230.033913,397.706139,280.526947,52.092957
233.926247,397.368517,276.032318,50.937756
233.999916,398.598452,279.442780,49.898418
231.519920,398.545813,281.500183,49.879856
231.855782,398.554270,280.697601,49.909817
236.731941,397.192780,276.040924,48.648544
255.405235,396.050039,269.714844,48.039799
246.051521,400.268799,277.984528,48.553696
246.890724,406.412247,265.337494,45.732132
249.309914,405.426126,269.370636,46.863674
239.132027,411.587358,275.362762,45.615795
243.672096,409.864609,280.479034,47.373245
256.626289,409.695610,281.568634,45.132446
266.672691,408.288355,285.382812,48.603268
262.509514,408.171410,290.308777,48.821899
258.103310,405.477530,295.867828,45.960026
258.267632,411.405157,286.892273,59.249485
255.014961,442.701746,286.175751,40.738766
264.985451,439.133427,287.042511,46.066505
264.147804,438.477598,289.596039,45.277699
253.786003,435.127134,288.837952,43.547047
247.388939,437.503300,294.962036,42.030190
250.770210,430.687485,287.999298,42.526321
257.060966,422.470346,268.695374,43.314846
257.886208,421.566257,272.336639,45.152809
253.214943,416.806795,285.463593,43.310101
253.037102,414.669899,287.915771,42.949493
262.000298,402.581001,265.034058,45.469269
251.148903,397.274157,285.590729,42.185741
253.569496,396.756165,285.988251,42.019394
255.346367,395.468491,286.307068,42.904434
259.692940,392.003399,284.198700,43.246056
268.453346,383.021873,274.895111,46.195374
284.249184,378.959801,275.521759,45.646851
281.038872,378.271061,280.072998,48.094826
294.751244,372.778662,274.063965,45.694004
306.138268,367.032791,277.947083,48.358780
328.583870,367.326910,272.753998,44.816807
328.851357,368.493200,278.433380,47.092930
329.082100,367.806404,279.087311,49.015289
343.585533,360.606922,280.602051,53.517220
360.156532,356.252127,275.905304,53.400028
372.856834,351.246286,278.042236,52.269741
388.676018,349.553261,272.632019,50.273224
383.964226,348.697004,276.991455,52.030537
387.302635,348.958286,272.288635,52.601601
384.804985,347.903679,263.108032,50.890869
384.767815,343.264845,256.333801,49.983479
380.851997,337.557634,258.523712,49.575573
378.450615,335.196182,259.811646,54.157364
387.179176,334.925808,256.788544,50.741325
392.838707,334.519930,258.109070,51.254986
385.880470,332.550352,257.744537,47.091297
358.841454,334.796438,260.348846,49.797184
358.851067,335.615292,260.279694,48.568779
352.596886,338.875360,257.996429,50.035030
346.991081,336.731976,265.107391,47.357323
362.486961,335.690948,263.656036,46.859116
365.527824,336.145258,263.155670,49.356136
364.401955,336.397219,263.546814,47.317425
370.663002,340.086550,260.193542,47.746502
367.776634,342.617392,269.813934,49.210026
376.252647,343.336975,263.204681,47.654526
386.402443,345.819841,270.456299,49.135082
386.087761,345.702364,270.741669,49.317425
402.700310,358.912403,260.359833,45.562141
402.651085,366.142031,262.283966,40.281780
401.349693,367.509941,263.527985,40.638306
411.241631,367.563478,264.964325,40.248089
413.936897,368.226593,261.810791,39.600082
421.619728,368.049892,260.067566,40.966209
428.562248,365.428289,257.226227,42.380619
425.041084,363.272369,258.464233,44.208939
425.902840,362.551609,260.484802,43.991280
426.801903,362.504576,259.666107,44.098957
427.832756,361.953964,257.328217,43.866501
451.615112,365.241459,232.030777,40.212349
438.436531,367.874105,249.307098,39.112492
440.377617,369.209835,246.376038,40.287041
452.775185,368.442133,232.532623,40.996426
438.863106,372.120668,245.019073,38.621716
447.937546,369.369429,248.447556,44.266865
451.576805,369.511469,246.667755,47.054012
451.305679,371.164717,250.364120,45.935017
451.235809,371.708433,250.272415,46.240589
451.965637,371.421738,254.330093,45.986160
452.487450,371.582705,251.359833,47.459393
457.761070,370.078426,259.694489,47.731010
462.518562,370.306826,258.038818,47.699627
464.480263,370.060230,255.713074,47.819099
459.965569,372.161978,258.880341,49.402531
465.672600,371.565094,256.373444,48.989304
472.534096,368.297298,257.695984,52.716118
474.459618,368.600750,253.310577,52.062218
474.150497,368.604885,253.971725,52.875725
480.614586,369.681969,250.268158,51.490906
487.077354,369.160631,249.949249,51.419079
496.160454,371.447142,247.363800,51.658314
498.092331,371.233429,246.362228,53.142319
497.869965,371.806101,246.200333,52.143642
506.707329,373.915699,240.728058,52.586739
504.910805,376.151030,243.635193,56.003956
513.338722,375.616737,245.264526,54.203278
521.659508,377.974859,239.600861,52.085178
523.040329,378.504414,238.550949,52.890938
524.910133,381.693151,240.782776,52.126865
528.264595,382.903738,241.250061,53.132877
529.342064,385.313335,241.241913,52.657066
536.294029,384.283056,242.815155,51.065647
535.477417,385.180899,242.091385,51.967411
540.675049,380.683636,241.701370,53.734947
541.987740,382.734615,239.221985,50.216789
544.302834,385.066320,238.361511,50.807652
576.667740,382.038124,215.566391,52.871918
572.480179,382.717337,219.231674,49.142155
559.258942,378.595076,231.485001,47.416676
576.329124,378.286497,222.236786,45.318562
580.595406,376.733177,219.423645,43.847412
582.783737,376.814228,215.605362,44.371132
577.974709,376.255363,220.014709,44.283783
609.244972,376.091213,191.871887,38.480522
608.574982,375.563141,197.594650,39.483383
607.426987,376.377794,196.944656,39.678112
604.624870,376.380035,200.441101,39.385391
604.302727,375.598145,201.342957,38.792496
611.109467,373.534037,200.160324,36.806149
609.809341,372.708578,202.423233,36.984318
605.967949,373.767336,211.958008,37.439709
605.852737,375.083374,209.845596,36.646988
603.439568,374.805565,208.168915,34.554718
611.693398,370.327475,213.039978,38.039646
609.066818,368.514874,229.605484,40.507530
612.358299,369.623844,227.559631,40.368141
610.483093,369.902180,231.185623,40.491615
609.612854,370.198853,233.169876,40.918564
614.476852,370.480042,231.727188,40.656052
619.568947,369.915031,231.252502,41.355713
618.375244,367.516724,239.068771,44.265793
620.573334,370.021236,235.188095,45.128838
620.051682,369.381294,237.112320,45.633392
620.109665,369.412325,237.467606,49.400921
624.715202,368.651922,238.751892,53.696384
621.760086,371.314116,236.429398,51.130238
624.831863,371.130823,237.436234,55.314693
625.635094,371.492210,235.498596,53.691467
631.033882,370.602352,231.925568,54.990959
632.082710,370.813459,231.423309,56.677692
635.382599,365.330996,230.582260,63.105267
644.377838,367.691469,230.829208,58.129436
644.679314,366.437685,229.185791,57.197247
642.439468,367.676117,231.357559,63.805222
640.624176,367.314484,231.384018,64.186081
649.224640,367.309097,228.343796,64.210831
656.658615,366.873369,223.098038,62.125378
653.310974,366.569153,230.572556,65.629013
653.913521,366.431240,228.994537,65.059441
670.012428,365.715460,209.166290,56.097141
669.296944,365.495998,214.895966,61.418327
682.488304,363.473057,214.296265,67.108925
674.378944,364.232780,221.822235,66.915100
684.837425,363.082279,214.746643,67.418007
681.796829,364.084759,221.205521,65.977379
687.693611,364.701916,218.322968,65.835228
692.421875,361.751152,215.137863,68.156250
687.902809,361.793240,218.261566,65.036552
696.731834,362.903347,211.019409,68.824699
696.605621,365.941422,211.738449,66.617142
709.999611,364.513077,206.065643,69.547684
718.703796,366.251766,196.455124,68.044609
714.579514,365.829620,201.645462,68.045151
727.507782,364.945614,193.543808,70.024590
728.833481,364.053246,192.520889,73.605774
739.266861,369.007347,182.916763,68.314514
749.022842,374.467850,178.098099,64.547745
741.642593,370.169815,184.014786,70.506180
748.625389,376.687548,177.745483,59.859386
753.413712,376.449341,177.286758,56.475021
753.547394,376.036154,179.837173,58.709476
758.163391,379.426239,179.060562,59.155563
758.644142,377.918108,178.646179,62.488781
758.431557,379.088604,181.985962,62.135399
758.260551,384.592171,183.079865,64.849396
760.531601,387.534767,184.661423,60.854523
760.686127,391.037903,189.701614,63.634689
760.138947,391.145042,188.378189,59.547424
759.619118,392.277428,191.752258,62.677673
755.069771,396.592684,192.983093,60.865093
755.729721,400.681438,193.087509,57.299217
757.959778,400.805897,194.379715,53.866463
757.720650,399.917137,194.933105,55.536224
755.701538,401.633169,196.873367,56.633030
758.744102,401.845678,197.752411,57.232975
761.406006,403.061586,192.183121,56.058971
755.919502,405.771883,193.983856,59.573254
752.511108,406.122673,197.064011,58.755280
750.510735,407.224638,202.394592,60.017414
755.786049,407.868448,198.718781,60.116207
753.204773,407.010715,195.164474,57.859261
752.974808,406.341772,171.197220,45.760197
753.194199,404.976604,170.754532,41.972923
755.985901,403.758194,172.046646,40.615311
759.727722,403.919470,173.574905,42.274326
762.036049,401.372206,173.469360,42.468983
765.555710,399.988457,173.175186,46.575897
766.410484,401.461020,171.686310,43.928562
770.094841,401.547802,173.202057,46.772514
779.883034,402.164808,165.071960,46.413410
783.021393,401.441971,162.334732,49.477036
790.430916,402.963242,156.555389,51.714157
789.665382,402.829571,157.142059,52.015373
787.379494,405.991377,157.539886,53.410786
798.255730,403.302149,149.268219,53.618893
806.578026,404.542145,147.172302,67.969925
811.803436,404.977238,142.394760,56.551338
814.709358,404.653959,139.912231,59.950367
821.586143,404.505310,135.202972,56.832047
830.290428,405.261944,129.921967,60.296867
836.658352,405.994755,126.093712,65.245979
841.126106,407.101532,121.345184,77.036392
834.832626,406.534672,126.874405,87.363747
847.152527,406.259808,115.997665,88.732994
854.078209,406.487652,109.526428,88.706444
858.714695,403.185741,108.350533,92.884636
842.114700,403.135494,128.150436,93.203606
854.120159,403.746933,116.009453,92.330215
852.938068,402.660576,119.050575,93.226196
871.793034,401.992695,100.710884,92.364082
853.110416,402.024761,119.685310,92.235863
867.753887,399.313923,102.329948,95.117073
851.138771,399.688145,120.556488,93.130501
881.026100,398.453365,95.296356,96.131004
890.242298,397.576477,93.719795,95.991989
892.642838,397.355896,91.430252,94.935867
907.251884,403.132938,70.261963,90.949135
911.503139,401.893829,66.729271,91.508591
895.244026,403.035542,79.493103,99.246284
889.079048,401.840672,91.637848,98.404762
910.282997,414.232735,70.775726,85.505829
909.097370,413.270096,69.299568,90.795303
914.835592,415.477936,63.318180,82.454941
877.924274,380.642620,72.030586,111.089043
918.447624,432.243519,61.343994,85.976906
911.101791,433.082897,67.840530,88.092216
907.373714,424.827850,76.961754,96.569626
906.766048,427.937893,77.912376,94.532463
901.651928,427.093880,81.487083,93.919952
897.471859,426.817734,81.336418,97.814987
906.591980,437.572025,70.923508,88.094704
909.178272,437.450916,71.367775,88.130379
910.077412,439.026878,68.873726,87.429657
911.972614,440.210323,69.647804,90.031914
905.505203,436.931419,71.825211,86.608276
908.623928,453.355160,67.608299,78.980278
906.727924,455.402382,69.871651,80.146637
903.105778,453.177914,73.184975,81.277855
900.984436,449.635555,70.250504,71.524467
900.834698,455.140465,71.858910,66.238556
889.793865,455.652641,76.501579,52.674530
879.875416,454.750193,74.858803,58.051846
883.100288,454.675220,72.731781,56.834084
868.047249,458.870916,80.912628,55.921726
872.569008,456.387951,78.000641,61.513664
866.220875,453.839396,83.444099,57.650478
859.464432,455.420151,85.103745,61.327011
857.155464,454.327671,87.498749,65.928658
850.137032,455.525913,83.573364,70.357460
853.047703,451.682854,76.857094,84.245331
855.551739,451.842026,75.442436,87.200241
847.101933,450.934238,77.117378,90.302711
846.025352,451.258465,78.409882,88.136284
842.728989,448.029404,75.043137,91.475662
839.589096,447.105408,75.670456,83.548019
839.893749,446.347656,74.507774,85.631180
833.000343,446.046181,75.118683,86.332703
831.025856,446.085289,76.853668,85.395264
828.087471,446.433155,72.423462,85.628731
823.447006,447.561512,75.223648,85.297920
818.723080,448.722088,77.081108,87.678886
815.971756,449.117470,83.626358,89.420654
816.298031,449.097431,83.606865,90.970711
814.207592,450.303143,77.901360,91.200401
800.889378,451.629234,77.964668,98.038147
800.079964,446.940281,86.155518,107.440742
796.410389,456.165752,86.957008,100.939934
795.758041,455.904343,88.348129,103.151840
788.283085,460.585312,92.977394,101.144577
786.559917,459.377956,94.060936,100.102409
780.486774,453.025940,90.902351,106.499954
772.318718,464.152889,89.278320,96.914757
773.806316,459.926174,86.005608,99.469231
771.102943,450.293903,90.575134,111.377419
770.531002,452.214775,94.506310,108.397766
769.588032,459.432690,92.643196,100.407249
766.631199,446.499790,94.126900,111.130470
766.503151,469.731716,90.084167,88.354607
762.658630,470.549664,85.782303,84.793663
761.628731,462.376129,83.721619,89.737015
761.958542,457.481987,85.595505,90.253967
758.629826,457.364037,91.505592,85.039459
758.964668,457.109089,89.820435,87.336281
754.021675,450.111237,85.776947,89.937576
748.910442,451.218811,82.808495,86.563187
748.672894,442.294746,84.118370,95.139526
745.890461,445.289310,83.473763,94.829567
745.421230,443.755852,84.491203,97.725952
742.338566,438.791859,90.311775,103.416389
730.050747,446.646545,101.901299,102.064651
718.282097,454.208752,97.342438,106.219048
703.104694,463.715385,99.330208,102.327484
702.724949,465.504116,103.620247,101.450371
702.808765,467.112762,102.133827,97.813095
704.001945,467.869076,91.380310,93.366966
703.398811,468.825085,88.904968,92.968559
703.628700,471.246056,86.785614,91.534241
704.251930,472.533527,85.130676,89.899696
703.526386,477.758682,80.152168,89.731705
699.825222,481.776669,79.304405,87.121666
699.683754,483.990971,76.418488,85.635780
696.708511,486.789421,76.609360,88.606323
697.083561,486.694683,78.255714,88.005028
695.187393,489.067944,84.873398,83.705528
688.292835,482.371834,87.720345,87.885193
681.989433,488.295586,98.329071,82.957672
673.885555,494.137501,97.761467,74.654732
671.581768,494.453316,96.332664,78.016724
666.789303,496.991215,93.850670,67.866707
669.620358,497.379837,90.528954,64.571640
669.193336,492.758987,94.199921,72.031052
662.584232,493.645653,99.188911,70.603180
661.793911,493.257172,101.160393,71.096481
656.707272,494.258713,102.394310,70.700668
656.710205,492.728012,101.834488,71.076553
656.563938,488.086472,105.206337,73.527206
656.731678,485.304337,109.054512,73.835312
656.255146,483.156025,110.129280,75.386726
657.629417,482.885456,112.837097,74.096626
656.526104,482.302460,117.459648,74.021317
654.126541,482.175068,116.980972,77.691078
652.898514,481.205559,129.294601,78.154938
652.127686,479.707882,129.680862,80.855858
653.307499,484.139610,124.789406,76.686371
656.872059,484.391430,124.196877,77.863609
656.501213,482.170544,128.734406,80.361656
650.360504,481.956802,127.903915,79.503220
647.976746,483.065994,133.978592,80.205307
648.346634,482.158279,136.446335,79.971359
645.196785,482.840942,135.509949,79.372269
644.217148,483.011318,137.654221,79.547813
646.907181,481.696766,134.159531,78.529640
646.729828,481.975082,134.866470,78.064438
646.584373,483.084991,134.823700,75.915482
643.935394,483.334930,133.556473,75.922714
644.736450,485.500381,130.181412,73.180252
645.832924,487.677170,126.589264,69.831436
644.972523,488.927044,127.409981,72.964226
644.086895,490.768612,118.196007,71.785881
639.456764,492.508022,115.264282,70.104973
634.485329,494.789089,110.216644,67.173698
632.313316,496.028236,108.867645,66.989685
633.860172,495.737793,105.476723,66.410629
628.022537,496.945198,102.869827,67.170807
619.363976,497.414024,106.931610,68.121368
617.730598,497.339832,107.388763,68.042610
614.465191,500.010742,101.231285,65.291367
614.145058,503.653587,97.488647,62.018280
609.096138,508.629271,97.098541,56.133747
605.162460,512.291712,99.114273,50.774563
604.275093,510.641361,98.413666,50.164925
597.692135,509.273855,101.636070,49.792423
597.612885,509.253363,98.224075,48.091434
594.260155,508.448811,101.453522,48.372475
588.772942,510.226122,102.373566,42.311169
584.185764,511.047096,104.085487,42.826385
585.632515,512.255678,123.489807,36.657818
585.058868,512.380795,124.219193,36.265099
585.404518,511.159037,128.528381,36.369595
583.724701,513.110661,124.773514,37.627785
583.177254,514.621334,129.402527,39.368706
585.067917,512.315182,132.043961,41.146568
584.952126,512.500189,132.336517,42.294682
582.797043,514.987125,130.622849,41.170753
583.407249,515.119270,133.466248,42.403839
584.430557,515.147686,134.782028,42.228142
583.204689,517.319851,136.027954,41.783928
582.696289,517.265678,134.508163,39.392792
581.576614,517.916731,135.359665,40.165607
583.431236,519.805298,133.721008,36.937454
586.138771,517.369419,131.038208,37.441078
586.196251,517.142080,125.887543,37.233921
585.602615,518.306353,125.980362,35.554485
576.241631,517.850687,123.789093,38.132290
571.995785,516.799608,115.562614,38.073345
571.153255,513.568571,114.322624,38.369007
573.153660,507.716589,109.312080,41.939579
572.731762,508.451958,109.326225,40.721527
569.490509,505.906311,101.634598,44.770309
558.100552,505.730768,97.235313,41.440762
554.330997,505.304405,89.390480,42.643585
552.101940,498.890867,87.080956,44.435963
552.769619,498.107346,86.198265,43.984451
549.775368,497.071121,86.801483,45.605545
539.241302,496.566349,85.832474,46.851143
534.924152,495.448446,83.699257,46.426975
526.951771,493.381132,82.793312,47.368641
527.565628,493.151152,82.902359,48.181507
523.979595,492.727367,84.011986,50.020622
526.439243,490.402395,90.135353,51.324467
524.613968,487.980639,94.681564,51.102947
524.715336,488.018930,93.622383,53.772732
524.534630,488.991318,94.295593,53.039474
521.863106,486.064756,98.575012,55.497486
523.087681,483.010288,108.241676,54.395363
524.291920,482.641665,112.897743,54.809307
523.745220,482.800613,113.245171,54.212784
523.723053,481.590242,115.967880,56.796307
522.395245,476.860111,119.117332,60.804695
523.212387,475.540783,118.228683,61.436394
521.262783,474.423534,113.398521,61.883995
523.563969,474.828445,113.000832,62.749435
519.395199,472.633347,113.499260,62.153732
518.720642,471.751673,113.001389,62.282467
522.134495,469.939068,106.245369,62.420494
520.790142,470.949121,101.804222,63.806942
520.987240,471.024307,102.368187,63.924637
518.941868,468.036537,97.097206,67.030273
517.430161,464.302189,95.873001,69.410530
514.504723,460.240417,91.845428,75.110825
503.187386,456.443718,100.101532,76.446014
520.158672,455.968777,80.530907,75.701988
515.535355,459.538227,73.315750,76.155006
513.635361,456.982056,65.599960,74.951981
518.333380,456.223728,61.041904,75.771370
513.658609,455.077686,61.484188,73.845894
514.948067,454.998783,59.648285,74.928047
514.375799,449.353477,58.752689,78.235352
516.058372,445.786461,57.955444,80.199738
514.390968,441.559284,55.117432,81.330910
512.218388,438.922298,56.424080,84.557426
511.650888,439.198551,57.127682,83.288277
500.676144,436.353775,65.840202,82.494461
504.069675,433.558285,64.629982,86.373192
504.321316,431.623722,65.231468,88.549355
505.264343,431.260460,68.816025,88.570007
504.752495,430.741932,69.310669,89.346474
500.417339,431.803688,73.825462,91.075378
497.777744,429.625568,77.475868,89.652107
492.852543,427.885773,78.699013,90.454300
488.772541,424.588196,84.302986,92.106155
492.379299,426.532631,80.580650,89.842682
495.395081,420.535316,78.497482,97.181488
490.649620,417.947609,83.135223,97.746887
492.236027,413.536591,81.354012,94.919998
486.024231,413.933765,77.358475,91.995094
487.996540,412.845455,73.279579,92.949486
491.784077,410.807793,66.627632,92.378784
492.731285,408.657841,61.193909,92.188850
492.985062,406.139378,53.628311,92.970650
492.537638,405.117523,47.190273,92.995316
492.923260,404.087605,46.164207,94.261848
493.473654,399.726704,41.876835,97.691566
494.719862,398.266773,34.604664,98.228462
498.077206,395.642475,38.304802,97.583443
494.981125,397.406559,37.802322,96.591957
496.635880,396.793976,38.296127,97.104355
491.745390,394.818996,41.015705,98.283897
493.638554,390.849564,42.523567,99.605179
492.169985,389.528835,45.526867,93.257957
493.497129,388.093319,45.235523,98.397484
493.288506,388.138561,46.183472,99.211510
496.673706,384.520634,43.727219,99.876839
493.711786,384.649235,46.154964,98.883492
495.425770,378.682629,47.167091,100.929161
493.902536,374.531357,47.602840,101.703476
495.462275,374.876045,45.536800,102.478729
493.834364,371.414806,50.887928,103.229637
494.087893,367.063484,48.195782,107.985504
493.011421,365.505032,50.540924,107.455864
494.172045,356.620384,52.563976,110.378967
496.383524,357.054211,52.153255,109.909569
494.126886,354.226566,54.912380,111.235176
497.832127,352.283199,53.805763,113.212334
493.653870,352.355865,53.089340,110.708267
492.889528,348.818562,50.955151,111.897072
491.734077,349.130764,51.633453,111.879173
493.719316,343.390530,49.236919,113.645683
496.242109,336.609234,45.170582,116.817894
493.398664,327.156319,42.979481,125.964111
490.336388,308.734077,41.239197,147.259552
489.865423,309.800179,41.750462,145.993591
493.071032,308.593552,48.888805,146.522079
493.280523,311.236206,36.956669,140.120468
495.142473,310.268967,38.785320,140.956009
494.058746,308.706306,34.888596,138.440033
492.321367,310.176514,39.686474,135.661057
494.263172,308.032791,38.080666,135.767227
496.301125,306.456886,39.832642,134.537628
495.130329,304.374619,39.987282,132.214279
497.754297,301.441971,38.281765,131.315292
498.081253,300.241058,37.349564,132.031631
497.970377,297.983932,35.071743,132.332535
498.409296,297.699524,40.651577,128.275528
503.399786,294.385784,38.840641,124.817589
501.084753,296.344006,39.209843,126.732018
501.276320,295.147446,40.446003,128.478256
496.921795,297.202377,39.703026,123.354172
495.515068,294.146740,47.215179,121.177849
491.540485,294.864933,49.616615,119.520302
495.461311,291.991840,51.392395,121.501198
496.880644,294.961613,44.651478,119.140327
