0.012434
0.020365
0.020500
0.019674
0.019744
0.020185
0.021675
0.021955
0.020069
0.020192
0.021253
0.025732
0.023920
0.023680
0.023308
0.022756
0.022373
0.023695
0.023666
0.023900
0.022919
0.022195
0.024096
0.023163
0.024109
0.023872
0.023859
0.023147
0.023340
0.021743
0.025136
0.031163
0.022547
0.021569
0.020277
0.020310
0.026987
0.044351
0.020668
0.040074
0.023245
0.022294
0.020886
0.022752
0.036229
0.021800
0.040950
0.026715
0.041585
0.022010
0.020620
0.039699
0.021248
0.033406
0.020057
0.018523
0.038504
0.029003
0.024156
0.020930
0.021184
0.020546
0.020805
0.020875
0.025867
0.024868
0.019378
0.022232
0.020940
0.020743
0.020019
0.022667
0.020173
0.020422
0.020138
0.021467
0.039811
0.021092
0.037975
0.021077
0.020668
0.030378
0.020955
0.021100
0.021037
0.020841
0.048093
0.039967
0.029491
0.020684
0.020647
0.039500
0.021735
0.020161
0.019402
0.030219
0.029523
0.025924
0.020430
0.032488
0.034500
0.020749
0.020921
0.020715
0.020690
0.029671
0.019900
0.020505
0.043421
0.019610
0.021419
0.020899
0.029641
0.021909
0.022116
0.020743
0.031438
0.020471
0.022034
0.021410
0.020486
0.022124
0.021169
0.033454
0.044982
0.023812
0.021883
0.021655
0.021578
0.032110
0.029621
0.019995
0.048104
0.022724
0.021520
0.021507
0.020798
0.020612
0.020917
0.021544
0.022633
0.028758
0.020959
0.021261
0.029038
0.021526
0.021674
0.039875
0.021795
0.020100
0.021534
0.041039
0.022128
0.020332
0.020650
0.020597
0.021968
0.020728
0.021660
0.021905
0.021224
0.021262
0.022321
0.048757
0.027039
0.024402
0.021056
0.022089
0.051420
0.023905
0.022751
0.043818
0.021554
0.022512
0.022336
0.021344
0.024369
0.023215
0.022173
0.022536
0.031234
0.026260
0.020589
0.021733
0.020868
0.019385
0.021414
0.020321
0.020449
0.020449
0.021048
0.022857
0.041417
0.022299
0.022403
0.021819
0.023766
0.023353
0.029517
0.024748
0.024275
0.027888
0.027033
0.026594
0.027309
0.028576
0.044549
0.030409
0.029172
0.030042
0.030393
0.033233
0.032746
0.055667
0.034768
0.035567
0.058465
0.034441
0.040329
0.043236
0.029589
0.027415
0.034352
0.048749
0.055235
0.028113
0.025718
0.031443
0.026357
0.025169
0.024836
0.024822
0.024115
0.025108
0.022631
0.022993
0.022957
0.024501
0.025047
0.023897
0.049235
0.023356
0.024132
0.025561
0.023676
0.023422
0.023040
0.022373
0.024247
0.024453
0.024119
0.025731
0.024801
0.026554
0.027207
0.026932
0.024996
0.024656
0.047489
0.044859
0.024211
0.033788
0.028683
0.025850
0.027148
0.025311
0.025570
0.036987
0.026172
0.026500
0.024628
0.025968
0.025117
0.023427
0.033146
0.026433
0.023039
0.024567
0.024013
0.025333
0.025633
0.050947
0.023947
0.027464
0.023292
0.023965
0.022809
0.022469
0.022568
0.021430
0.021358
0.022454
0.022579
0.023145
0.031284
0.022033
0.022523
0.020513
0.021780
0.021809
0.021543
0.021267
0.019805
0.021394
0.020620
0.020066
0.020878
0.021093
0.020076
0.023282
0.020446
0.020047
0.024015
0.022086
0.022206
0.021194
0.023123
0.021895
0.028179
0.048455
0.022414
0.022538
0.022266
0.022528
0.021976
0.048789
0.028342
0.022984
0.021288
0.022002
0.021650
0.021785
0.021942
0.021352
0.023171
0.022133
0.022737
0.022714
0.022421
0.024753
0.022157
0.023108
0.021775
0.050528
0.022431
0.034705
0.022737
0.022698
0.022005
0.022028
0.023029
0.021993
0.023396
0.025893
0.023407
0.033653
0.024229
0.021935
0.021463
0.036749
0.022894
0.020835
0.022375
0.022365
0.021018
0.021939
0.021970
0.020593
0.021682
0.021145
0.020932
0.021243
0.021184
0.022450
0.022331
0.021904
0.021546
0.022791
0.021069
0.022179
0.021280
0.024176
0.021604
0.021150
0.031518
0.021804
0.021791
0.020342
0.021927
0.021865
0.020238
0.020359
0.019864
0.020119
0.019673
0.023494
0.042974
0.023044
0.037658
0.033646
0.034148
0.022790
0.041031
0.023996
0.024857
0.033211
0.025432
0.026499
0.026625
0.026152
0.026982
0.028316
0.026267
0.028669
0.027775
0.026413
0.026842
0.026542
0.027355
0.027770
0.028290
0.027206
0.025374
0.026337
0.044296
0.027313
0.025911
0.027069
0.026469
0.025227
0.025098
0.024419
0.024022
0.024795
0.026216
0.032377
0.023224
0.023499
0.022698
0.023040
0.022173
0.022756
0.038892
0.022791
0.021251
0.021403
0.028954
0.022569
0.022011
0.022132
0.022134
0.021076
0.021701
0.021693
0.021948
0.021998
0.022120
0.021679
0.022378
0.023560
0.021687
0.021941
0.022099
0.022277
0.023496
0.024148
0.022945
0.022499
0.022067
0.022976
0.022903
0.023155
0.022850
0.022648
0.023086
0.022325
0.023323
0.023075
0.021964
0.023132
0.024578
0.022708
0.022609
0.026695
0.024084
0.023983
0.023505
0.023523
0.023969
0.023988
0.023748
0.023034
0.022548
0.023775
0.035125
0.022037
0.023383
0.022129
0.023537
0.026771
0.024839
0.024270
0.024131
0.023097
0.024225
0.023672
0.024464
0.024618
0.024464
0.023796
0.023249
0.023389
0.022602
0.022568
0.023024
0.021579
0.023847
0.023206
0.022637
0.024535
0.022405
0.031188
0.022168
0.021372
0.022361
0.021581
0.020330
0.039438
0.033554
0.020225
0.020066
0.020063
0.020340
0.021457
0.021968
0.034730
0.022115
0.019404
0.018550
0.019626
0.024645
0.019195
0.019779
0.028264
0.019035
0.018939
0.020165
0.019807
0.020779
0.019588
0.021434
0.020403
0.020380
0.019193
0.019676
0.041626
0.019407
0.019839
0.019551
0.019567
0.020809
0.021208
0.020011
0.020349
0.020356
0.020234
0.020818
0.019627
0.026740
0.020444
0.020693
0.046078
0.020429
0.021413
0.047873
0.029216
0.020751
0.020695
0.022175
0.021086
0.028271
0.027608
0.031985
0.020982
0.020875
0.021438
0.020952
0.021133
0.020758
0.029612
0.024023
0.031019
0.020068
0.021094
0.023908
0.020130
0.020708
0.029036
0.019994
0.021519
0.032674
0.024543
0.021266
0.020295
0.020567
0.021121
0.020263
0.021975
0.021218
0.020103
0.025884
0.020827
0.042674
0.045016
0.020538
0.021910
0.021121
0.048187
0.020875
0.020550
0.020600
0.020913
0.020889
0.021325
0.020980
0.021555
0.020688
0.020963
0.020948
0.023693
0.037839
0.020909
0.020083
0.023473
0.021071
0.031042
0.024394
0.020103
0.021216
0.021645
0.026143
0.029075
0.027019
0.021355
0.020778
0.020756
0.020630
0.021724
0.021387
0.021028
0.044078
0.020606
0.021391
0.022081
0.028746
0.038297
0.026950
0.029562
0.020966
0.048230
0.036669
0.021098
0.022557
0.021690
0.049449
0.021830
0.020669
0.020592
0.021162
0.020943
0.019678
0.020707
0.021443
0.021357
0.020902
0.020951
0.021394
0.019872
0.021970
0.019420
0.019696
0.020268
0.019500
0.019652
0.019638
0.019073
0.030803
0.025636
0.020225
0.047379
0.028009
0.048134
0.020563
0.021197
0.020029
0.021203
0.021315
0.026996
0.022029
0.022085
0.021570
0.035516
0.023575
0.021709
0.029872
0.023316
0.024296
0.022449
0.022784
0.024006
0.036060
0.023349
0.023012
0.021990
0.023768
0.023660
0.030156
0.022782
0.023677
0.023574
0.022542
0.022222
0.022775
0.023776
0.022779
0.026020
0.024589
0.025079
0.023359
0.022160
0.023464
0.042766
0.022672
0.024147
0.022679
0.022457
0.050378
0.045926
0.022619
0.033693
0.022009
0.023469
0.023768
0.023452
0.034290
0.023265
0.023967
0.022916
0.021802
0.021244
0.022798
0.022694
0.023703
0.022163
0.021860
0.033535
0.022727
0.021237
0.022273
0.023066
0.022918
0.022898
0.025549
0.023293
0.023758
0.022210
0.021971
0.030224
0.021359
0.021122
0.021313
0.021042
0.030556
0.046602
0.020895
0.020238
0.019772
0.020238
0.019218
0.048219
0.021010
0.019089
0.027238
0.019149
0.019869
0.019378
0.025618
0.020549
0.020388
0.018852
0.023671
0.019948
0.019522
0.039556
0.042691
0.019343
0.018886
0.019385
0.020832
0.020425
0.033141
0.020371
0.022634
0.024805
0.020211
0.028895
0.026763
0.026057
0.019687
0.019049
0.018728
0.019200
0.027511
0.019490
0.030290
0.019564
0.018774
0.018561
0.018993
0.019474
0.020136
0.020339
0.020857
0.047625
0.018785
0.028906
0.020384
0.019471
0.020165
0.020540
0.020993
0.020228
0.020282
0.041013
0.036329
0.020019
0.021140
0.039805
0.020256
0.025353
0.020931
0.019878
0.022814
0.026094
0.021166
0.040750
0.021147
0.021069
0.020565
0.036032
0.025453
0.019816
0.020525
0.020110
0.047066
0.020463
0.020577
0.022240
0.020449
0.029579
0.021163
0.020572
0.029512
0.034855
0.020883
0.020806
0.019866
0.022344
0.047294
0.020608
0.020434
0.020988
0.020813
0.020918
0.021945
0.020363
0.022286
0.022438
0.021135
0.021355
0.020613
0.020267
0.021100
0.020501
0.019548
0.020937
0.024941
0.019021
0.020332
0.019247
0.020431
0.040361
0.019536
0.019367
0.020161
0.021206
0.019656
0.019734
0.020711
0.020580
0.020886
0.019500
0.019844
0.028672
0.020221
0.027877
0.020756
0.020203
0.020180
0.018978
0.020817
0.019748
0.019531
0.020043
0.019488
0.022442
0.018869
0.019173
0.020682
0.018948
0.019076
0.019825
0.019838
0.020096
0.030237
0.021281
0.020683
0.021004
0.021844
0.022218
0.022147
0.021953
0.022296
0.021996
0.022898
0.021962
0.023570
0.022565
0.024677
0.022893
0.022685
0.023914
0.024043
0.023532
0.023627
0.023060
0.022358
0.023029
0.022824
0.034160
0.023174
0.023078
0.022293
0.021354
0.023590
0.023033
0.022998
0.044376
0.023016
0.022230
0.027697
0.020780
0.022752
0.022649
0.021028
0.022005
0.020173
0.032693
0.022369
0.021081
0.019870
0.020735
0.022657
0.024162
0.025461
0.024278
0.024459
0.026090
0.025027
0.024200
0.025272
0.023708
0.024152
0.024648
0.026052
0.026950
0.025984
0.026341
0.027030
0.026322
0.022621
0.022620
0.020620
0.020699
0.021689
0.024798
0.023722
0.024953
0.023462
0.023079
