633.000000,395.000000,98.000000,66.000000
630.801498,395.082119,99.959503,68.489937
631.147915,395.626446,100.059334,67.792091
630.782372,394.786549,101.502548,68.185722
626.829407,394.611382,106.076813,69.196152
628.164021,393.847954,107.381371,68.275253
625.083019,393.022121,113.280739,70.025093
622.513954,391.683144,116.352219,70.397232
618.506393,391.249901,122.892822,69.873306
614.230118,389.623604,127.212006,70.767410
608.519936,390.699745,134.630173,67.461349
601.493774,390.620693,144.025269,67.261177
594.905212,388.768444,152.713318,67.562935
591.345703,387.631321,159.344971,68.813194
586.861412,385.663521,166.418655,71.492569
580.958702,384.665138,174.312637,71.434586
577.234558,383.888313,180.907593,71.293350
573.042046,383.522774,187.918655,73.691116
569.671112,383.107624,195.628906,76.228935
566.033745,382.841385,201.599564,76.981567
561.201080,383.542271,208.270630,77.964561
556.699608,385.027515,215.397598,75.669426
551.581024,387.340912,222.887512,76.325165
544.911346,387.635262,230.601501,78.608963
538.794487,388.594574,239.333328,80.654694
534.490768,389.598999,247.320038,82.076385
527.618065,390.651196,254.583633,82.124641
524.116653,390.810017,260.142731,83.428032
518.531128,390.398136,266.212708,85.991905
514.963333,389.492935,267.561188,88.151978
509.248459,386.494133,273.290497,90.109848
508.317429,383.593967,280.748749,89.917931
504.930084,381.727818,293.644165,90.704063
500.777832,377.674236,294.363098,92.668037
500.474762,375.485317,299.266296,95.263039
498.227997,372.109848,297.578857,95.174194
498.481003,370.894222,302.346283,97.711647
496.569473,369.457378,304.676727,95.905830
496.458450,369.680611,301.201324,100.361343
499.787521,370.218010,299.524261,100.602463
494.191376,369.146141,303.052734,105.357834
496.338562,371.101810,292.759094,106.786949
493.203430,371.282997,290.504578,108.650650
489.664291,372.207581,286.739532,109.828217
486.682816,373.382534,287.282440,110.036293
482.886261,370.854275,285.245239,112.601845
478.407074,369.491932,287.911926,114.089958
473.442490,368.287811,290.259979,114.946442
469.161575,367.471020,287.130524,117.168770
465.793213,366.447723,288.270935,119.801788
462.609238,365.554199,287.632416,122.214935
457.700134,363.204559,292.433350,126.793365
454.532516,362.138931,291.021088,130.719360
451.128708,362.589844,281.851532,131.325409
449.040817,359.913429,288.735077,137.743057
448.163010,362.001213,279.024689,138.737167
447.830429,364.029015,301.248077,141.512497
447.566452,364.202324,276.011139,145.760849
447.043900,366.415184,302.379974,149.883713
446.294952,366.710182,292.604187,156.520035
449.548538,369.669548,290.808685,158.066757
451.015015,372.439095,290.874756,159.547073
458.714935,378.734207,282.883362,156.732239
461.152328,383.029976,280.936798,155.823196
463.070068,386.833786,274.995605,157.977417
464.237213,389.707237,272.488220,158.588913
476.787491,391.529274,265.621185,155.938614
478.187027,395.394012,268.513580,162.375885
492.705528,398.416725,254.925186,155.603043
491.398483,392.543968,261.870575,163.741745
497.275436,392.764809,254.072479,161.593033
493.574913,382.044441,251.917374,169.338211
491.858299,377.981476,247.072647,168.400726
482.902779,367.900917,233.627365,171.853714
469.259483,357.045105,228.367447,182.305939
457.831940,349.342407,245.868103,194.723297
448.442596,343.399467,212.817322,190.106613
440.386299,339.675194,228.963303,215.908554
435.479233,333.394333,205.562469,194.329407
429.261513,326.602585,213.983505,210.145264
420.990379,318.354630,213.722672,216.634827
406.179710,299.343491,216.402481,214.497437
399.126862,287.065582,216.726074,206.271271
395.711151,286.698288,215.209595,203.875488
385.553169,273.465675,213.193039,202.758621
379.192398,272.371429,215.913727,209.139984
367.255051,271.935677,218.555267,205.185806
361.378464,270.786148,222.210907,203.780640
355.847107,264.347572,217.487244,204.211746
353.527977,263.975281,210.593643,203.200714
345.453308,256.927307,205.270020,190.344025
340.560585,256.091896,198.996933,181.077530
364.520981,283.910530,165.809296,151.854141
348.572067,259.202240,178.332367,175.319427
324.212807,258.054169,195.135910,175.694977
319.887779,244.630447,193.392899,180.784973
317.897812,239.672714,203.035919,189.954651
312.336357,239.031776,187.928421,182.099442
309.380081,235.981544,193.801117,181.983780
305.532288,234.681152,198.515808,185.223969
302.672813,233.732765,196.071182,182.892715
297.613434,229.974129,190.814026,187.537735
296.334061,231.316757,194.990631,189.738708
292.571854,232.367722,192.160919,191.112549
288.526291,230.787865,205.738129,195.223373
283.734886,231.575417,210.021683,192.996414
277.249039,229.102791,215.120209,197.112442
272.168175,229.127373,214.659012,196.397385
262.331955,228.979324,219.309784,196.707642
257.550476,230.120636,222.662659,194.105560
249.008026,226.336311,224.682617,194.987320
245.191010,225.105026,236.345581,199.000671
243.135239,223.440514,221.833466,188.453964
240.529800,220.417015,230.532257,190.858627
239.814705,214.359497,231.997726,192.592316
236.697655,214.213043,223.474014,184.180634
233.260941,216.091957,218.211700,179.370438
229.563316,214.923973,224.230118,174.519516
227.529114,214.298889,217.082275,168.548798
224.386124,212.465622,208.875458,159.123840
221.065163,213.608452,194.828232,148.138046
218.223587,212.395012,229.150848,164.599350
215.376396,214.013855,214.192459,152.755524
211.892303,216.411171,229.395935,154.155594
204.660919,215.832825,242.250244,156.146027
199.653900,216.254692,254.613281,156.300888
192.753502,216.665024,248.992142,148.422974
182.996048,215.415993,250.577301,144.878860
179.417007,216.487045,273.141632,154.294739
173.393402,217.682198,273.306274,149.826553
168.789642,219.476250,275.958496,147.113327
164.502960,220.822319,274.024292,139.768417
161.691833,220.998543,273.581482,134.688858
160.744476,221.487671,275.984131,131.134857
161.032196,223.416523,269.645874,124.682549
163.971756,225.364399,266.123810,121.645561
164.389603,226.098343,275.065460,120.586731
164.773102,226.509567,262.323792,107.580261
165.531296,227.716442,274.409698,106.607002
167.660431,225.877254,271.861816,104.250771
170.737823,224.557064,266.073975,99.329811
175.191971,223.149479,266.405243,97.732201
174.803619,220.978096,263.820068,94.247574
176.422256,219.617874,263.646027,92.580811
176.533722,217.922016,260.300964,90.811272
175.190781,216.493279,259.186127,89.836411
172.937637,217.419731,258.858917,87.672409
171.237930,218.597637,257.270111,84.795235
169.536324,220.127892,253.668137,77.843002
165.298149,219.054104,249.936356,78.039101
163.344734,219.988388,244.196274,78.046692
161.129715,219.646873,236.433685,78.961166
160.016769,219.984787,232.402924,78.152466
158.692032,219.573597,231.131744,73.780632
156.116638,219.072861,220.416077,71.823669
152.073280,219.681458,219.087021,75.844940
151.685623,217.988045,215.602631,79.774673
151.186867,217.813202,210.069138,79.187469
153.610878,217.917629,206.666794,83.849770
157.033424,216.734444,196.320663,86.078018
157.770103,214.636425,189.732864,86.217049
158.747986,214.557568,182.250671,85.631599
160.261711,215.006477,175.788040,86.093826
159.575264,213.795540,167.999680,89.010391
159.238571,212.059910,161.184296,90.580589
159.395180,209.431313,153.541611,93.122757
157.636795,207.017269,147.901642,95.869240
154.464973,206.035473,148.310776,98.285591
152.658531,204.062065,140.503799,101.732101
151.037956,201.632820,109.021317,106.447037
150.584167,200.198662,119.192566,110.304794
145.991219,198.329262,108.644272,114.754166
141.951180,197.377029,107.234238,116.792419
135.178219,194.632050,114.619026,120.946564
128.371098,196.330982,121.961662,122.128654
121.604599,197.345444,128.585114,124.834595
114.437172,198.285313,137.124069,127.782921
107.688957,198.561485,142.176346,130.759018
98.320045,198.698410,149.151413,131.464783
94.127159,199.656143,150.897110,133.750610
86.693619,198.447884,156.069366,134.947769
80.821854,197.454765,159.202728,137.893723
77.429115,196.729317,161.816513,138.177628
76.187813,195.881569,163.925766,143.507523
69.073181,198.120125,171.165161,144.070206
68.865219,200.245544,173.314545,144.193146
66.632584,199.713242,176.287018,146.017273
61.749352,200.268456,183.232986,148.844223
68.105103,216.272369,179.252869,128.753998
69.619995,223.850590,181.965027,125.493309
63.112495,233.204678,193.636887,115.630165
69.175385,234.487106,194.406982,112.955017
68.348221,236.018711,201.024628,110.777916
70.119247,227.378471,206.456451,116.527573
66.319801,209.947586,214.765915,130.862915
73.800667,214.059727,214.095749,124.394920
65.410912,210.960522,226.810196,126.887459
67.139320,211.145100,228.944260,124.151360
60.142708,209.448723,236.727341,126.207748
54.890137,210.544567,251.025696,126.149666
48.740463,212.478958,260.489655,122.897461
41.975204,215.683025,274.663544,122.159370
37.157944,218.625587,279.485748,121.059525
29.087891,223.638927,287.393494,118.219490
18.524185,227.623669,297.525543,115.013008
7.418396,230.838089,305.533936,113.575439
6.215958,238.432873,303.716583,108.853462
7.946198,248.341198,298.998047,104.712654
12.321396,258.675144,297.365875,98.685753
13.189407,265.233337,300.226715,95.143097
7.190720,268.125942,308.796661,94.547279
17.520950,275.999416,301.053619,90.492409
24.110306,280.925831,296.883820,87.312492
2.425003,279.828545,317.620575,91.743881
53.909317,295.881039,270.464630,77.762245
10.922958,291.492950,314.675934,82.680267
23.170609,297.297112,303.666595,81.536667
6.652145,296.287296,330.655853,81.587120
23.724106,303.587746,318.134613,72.019119
17.781723,306.321636,325.187592,70.735359
72.052902,309.424271,278.135773,70.076172
26.385803,311.660744,327.344238,68.823135
37.268219,310.051441,314.886230,67.595085
37.086975,308.588886,324.828064,69.780937
42.824219,308.450977,334.772034,70.451225
52.006836,306.683140,331.667480,71.309898
60.754211,305.695450,324.444031,71.473145
62.495056,304.353275,311.662781,73.610374
73.208160,300.899086,316.827332,72.528580
83.972672,297.808830,312.514618,77.212631
91.085938,294.404198,311.091003,74.354843
101.538727,291.889690,305.132751,74.474983
107.515366,289.590473,303.335785,74.157890
113.318222,287.438828,301.958160,71.307129
122.099396,285.535686,297.173706,71.821785
127.654388,283.536556,296.968872,74.977333
135.393585,277.666401,297.937805,79.858818
139.537079,274.013241,299.906921,82.116676
146.955811,271.226685,296.762085,85.589630
158.200424,269.088680,287.796539,88.608131
166.993423,266.562187,288.156525,91.950180
170.690308,262.760807,291.163452,95.876854
171.267212,260.947289,297.639038,99.241745
181.035706,259.727547,292.264404,104.471817
182.253769,256.334793,296.620392,110.817017
183.260101,256.217205,300.841003,112.839668
186.383896,255.410946,300.061493,117.112526
193.633575,258.053394,294.777893,119.024284
197.709946,258.493073,288.003387,125.241364
196.347092,261.368698,287.974335,133.768372
197.200150,270.278069,280.085602,135.360886
194.072144,279.420853,274.628113,140.555969
189.368790,287.231506,276.627106,143.234772
186.516724,296.296112,274.468384,146.850189
182.502518,301.618164,275.620941,154.161652
180.795883,311.647240,277.462189,154.515366
176.056396,316.715446,282.773682,154.593674
172.100632,320.421959,285.142487,156.984360
173.171585,320.522049,284.866302,158.002197
181.936890,318.661758,274.886475,159.873047
179.601364,314.840439,280.100861,162.531189
189.706345,309.573540,271.875763,162.424362
201.004990,303.744484,263.615631,165.473953
204.198303,298.010986,264.037720,166.372589
209.806091,293.664383,261.023071,167.954590
201.218796,291.060349,268.207794,168.863586
237.925407,283.785957,233.900772,168.737930
221.806923,278.066917,252.280685,174.199509
220.425644,280.499489,248.724884,170.380997
257.699631,277.888641,207.605621,170.187897
266.500687,275.626526,201.542816,168.067902
276.025131,273.973038,191.355255,169.505310
282.900040,274.234879,181.125458,169.501343
279.408257,276.825729,178.583939,172.481506
267.600822,277.706779,188.537369,172.611618
269.387970,279.768127,184.638733,170.775238
271.932312,281.089378,181.932983,170.312790
270.109627,283.719421,184.801682,171.695221
235.861397,285.358086,219.002853,176.399094
214.051727,280.393135,244.049011,186.893570
240.640564,285.392059,217.781738,181.317352
234.318336,287.324783,222.770309,183.681030
274.735275,286.915565,186.749542,182.143387
246.830925,289.153969,213.383682,183.232742
287.896652,288.725327,177.083771,181.529053
271.748238,293.107727,183.237350,179.566193
302.519760,291.816704,163.662018,176.414169
292.174347,296.290726,163.307556,177.477722
268.884590,294.176300,194.298813,180.653534
303.765190,292.600639,163.318069,178.957199
281.248611,292.657349,184.071014,180.561981
301.034111,292.793037,169.332413,177.116165
279.955750,292.169418,189.095886,184.295776
299.224312,292.251091,170.172226,179.463425
259.317810,293.407104,210.320923,186.190277
260.233109,288.705612,206.809601,193.618958
259.838493,289.601517,205.178909,191.770325
261.151047,290.590065,202.698395,190.456802
256.691017,291.407562,206.634384,191.560699
255.986908,288.929077,208.091736,192.302460
258.739670,286.694618,207.831085,191.619400
260.584473,285.330246,206.785706,188.913513
264.888390,282.839287,203.853714,186.313889
265.541672,280.692680,202.311554,186.872055
270.294456,277.945114,198.778946,184.741455
271.942673,274.452461,199.109283,185.969986
274.785194,271.508865,196.975510,183.433044
274.842690,269.316193,198.367783,183.739288
277.422874,266.769333,197.712479,183.406006
278.450386,263.375870,198.725876,184.321777
274.074959,258.961205,204.128220,189.284653
270.550659,256.103516,205.388428,193.001495
270.259514,254.336281,204.517044,195.667740
268.140259,255.190529,205.800232,195.949234
269.668839,255.368279,202.878021,196.300949
274.898438,255.305046,198.062378,191.454453
280.680130,254.098915,188.279572,186.089432
277.238258,250.720284,192.837814,192.209671
280.597450,245.539146,191.298325,193.135361
288.944550,243.777039,182.053772,188.548920
284.684067,240.436607,186.397186,192.935287
280.070732,238.379929,190.512405,195.153992
275.948792,237.999580,192.543213,197.463760
279.963547,237.335907,188.641998,198.570282
281.096977,238.388916,186.063797,196.228241
281.034843,244.032127,182.784988,191.605026
289.423820,246.802345,175.000259,190.243851
290.627579,249.539841,179.087616,188.373352
294.116867,249.674126,178.115143,185.351852
296.339622,248.396576,174.442215,187.042145
299.911003,251.507187,171.651993,185.004700
303.847481,251.123306,169.803940,177.633911
317.515640,247.830322,165.186737,171.949127
314.746353,248.964546,166.046783,167.716202
311.419395,249.611771,175.993301,167.782715
318.308418,246.862350,172.043381,163.717407
321.674225,246.695427,171.252808,159.673447
321.798904,245.999184,172.730316,163.990738
322.449142,246.028816,172.385529,160.419144
322.740967,245.318565,172.835388,157.823532
323.352684,245.608727,172.420609,158.129379
321.640396,243.686264,173.260223,161.026245
321.053825,244.185211,177.287735,161.226471
320.023071,244.174576,177.600525,161.656799
316.254532,241.326096,182.903534,167.453369
311.803337,241.134354,185.024124,168.934937
307.986740,238.849220,187.694244,172.085770
304.413101,239.440132,191.036957,172.396378
297.305817,239.546341,194.648865,172.918335
291.209976,239.935463,197.902679,173.876297
289.219780,239.500725,202.334549,173.784409
287.194351,237.988976,203.928680,177.498947
283.281754,237.685806,205.707611,178.453369
282.642029,237.348480,203.194092,182.749725
278.896080,239.912727,206.024796,184.048111
277.122009,243.122017,209.978027,182.538589
270.587814,240.767555,217.275848,186.200699
272.701744,244.848694,219.255386,184.308075
269.714180,243.233749,223.350876,185.643066
278.676201,246.876938,214.998978,180.477722
273.211662,246.271919,223.214127,180.138626
276.584328,248.790192,218.319138,174.559357
267.428200,251.804153,227.728806,171.000671
273.655220,252.640282,224.871872,170.080917
275.554970,249.694084,222.264389,169.739120
270.562370,242.841049,228.063980,174.381958
275.415985,243.728836,223.378784,171.761841
278.890274,241.427582,220.809540,171.672760
276.520683,242.255508,224.087601,169.848877
296.839134,243.058060,203.040848,164.364258
329.431923,240.492981,172.432419,159.732269
307.385094,239.380150,194.719070,158.466782
311.404427,237.691551,193.553635,159.548019
310.822197,239.190971,194.615067,157.689194
315.094177,240.821114,191.292603,156.672318
304.792046,243.971581,201.584488,156.915085
303.279564,244.552162,203.227005,156.744034
310.021233,246.418015,200.801224,154.970276
307.481842,245.805138,202.934326,159.599228
311.809776,248.983406,199.320511,155.960281
312.275063,251.245323,199.963852,156.503647
311.024139,254.926292,199.261353,155.542465
312.691483,260.081505,199.287201,153.052658
312.715233,257.422752,198.792191,153.983810
307.964012,258.713608,200.223526,153.445374
306.709633,261.912033,200.053818,153.505310
306.521515,261.208496,201.176819,154.808563
302.815811,264.010689,203.312347,154.123245
310.762680,263.802452,197.389740,152.840073
307.585655,270.785370,199.846634,146.587006
305.760307,271.116226,204.514908,148.663147
311.844185,269.563293,200.240036,151.110077
313.134598,269.007561,202.030121,148.652206
316.750137,269.065002,200.774933,145.796844
319.072670,265.204720,200.491501,147.812515
315.303513,262.316170,204.922638,148.324600
313.928009,260.569710,209.943542,149.521439
316.198349,257.024811,210.277069,151.099213
317.449577,253.539055,211.663284,150.072006
316.847504,252.301003,213.443542,150.419571
311.803185,251.442497,216.910355,152.188522
307.256744,248.082863,219.234741,161.089920
302.835258,245.415459,221.684280,164.774887
301.919411,248.158592,221.171371,162.899094
300.753799,249.350166,224.052460,162.835403
301.777763,249.519073,225.279861,161.260284
299.563377,249.096573,228.321304,162.733093
294.730286,247.254494,235.067200,164.800064
296.589539,247.829430,234.987061,162.731979
298.397331,247.270660,236.422623,163.622833
297.342445,243.902000,240.331833,166.170151
294.390610,241.465500,245.459991,170.093323
298.787148,238.926933,243.231369,167.695602
299.961403,236.890396,244.502792,169.940430
308.050293,234.618431,238.212097,165.565842
309.896080,232.983154,238.048721,164.764740
317.403114,236.176346,236.421677,162.620850
317.548950,235.840988,238.538086,164.407288
321.104980,235.016083,237.470459,162.423126
321.083046,235.221489,237.532150,163.325180
323.248962,234.880890,237.354614,164.779938
321.272034,234.307373,238.088562,167.153900
319.829468,233.452690,240.457275,165.389267
318.067459,230.702675,242.724518,165.315567
318.239174,228.162811,244.630783,164.055084
318.857391,224.653931,245.039124,164.052887
317.218353,222.206459,249.154602,163.279251
314.497681,219.071884,252.025024,165.451721
313.060219,216.808044,253.211227,164.516327
312.031181,216.618805,254.599625,163.104156
313.041557,216.689507,253.640945,158.343430
314.932068,218.571243,250.725647,154.988647
315.995789,218.050797,249.297668,153.203369
315.933640,216.631035,247.709686,152.860947
319.026131,215.496437,243.851791,151.742874
321.848198,218.070099,240.729630,148.532135
320.488815,220.683098,240.752960,144.075668
322.393753,220.712311,239.817047,140.293365
323.894379,220.523560,237.613892,144.161407
325.264435,219.499954,235.035522,140.138000
322.351677,218.430931,239.984024,142.537582
324.411118,216.552597,240.419586,139.551636
323.871811,214.457565,242.045624,140.073486
323.804466,211.347595,246.104141,140.487091
322.070496,206.119995,249.289673,143.011932
323.171822,202.033295,248.430222,142.350739
326.058006,196.624496,246.890091,141.787842
330.497307,193.088089,242.195450,141.926697
333.618233,188.876503,239.387497,143.055740
332.548225,185.501228,241.228806,144.437881
331.984970,181.899849,241.767975,147.968948
333.367828,179.739304,240.525391,150.746582
334.087250,179.958504,239.215210,150.520279
332.633583,180.455750,239.493454,152.311127
331.974159,183.415100,239.243088,153.021027
333.428093,186.775635,237.030472,152.966766
331.501945,186.344704,238.092667,157.308914
331.147652,189.726212,237.861130,155.125732
326.599197,187.440704,242.887360,159.325531
319.161346,185.876106,252.583008,163.752396
321.451813,184.028137,252.892395,161.700470
324.575005,179.882881,251.240128,162.707962
322.919746,177.724884,252.515854,163.584381
323.530510,176.269547,251.073441,160.112305
325.131866,177.923294,249.294250,155.156250
327.665779,176.875336,245.482590,151.200348
328.559113,176.467957,244.704224,151.261627
327.798264,171.702850,244.599457,155.223541
328.806374,168.651894,242.203110,152.927567
328.460785,164.500229,241.135254,157.320984
329.063560,165.821541,237.224747,155.214310
330.482841,169.164078,236.418777,149.945190
334.331131,173.642761,231.244904,144.484283
335.559799,173.496513,229.431549,141.900742
336.651421,167.759270,228.468521,145.050217
341.246445,166.985565,223.915253,142.137054
343.278107,165.956047,224.257812,140.142136
346.889008,159.793793,223.724976,144.149261
350.122963,162.967239,223.582565,138.273254
353.311012,157.867012,223.633652,143.867996
359.844910,166.763031,221.783142,133.027252
366.517426,163.495605,218.989014,133.835541
367.822189,165.621490,221.624176,132.759308
371.162247,166.590721,221.034271,130.601242
376.595543,165.836426,220.231705,130.950714
381.181244,165.151886,220.231689,130.968964
392.595306,156.823212,212.324890,139.347931
395.128235,164.288940,212.799255,129.772736
401.710373,165.778664,207.697723,129.690323
406.284393,164.472984,205.821716,127.505112
390.111267,150.762817,222.418701,143.223175
410.532692,176.002609,200.614365,117.979248
412.806831,183.612701,196.557419,109.039215
414.891144,178.121422,192.314514,111.555466
400.897713,195.697002,204.164963,99.310005
408.478592,201.301025,193.324432,89.409698
401.866074,203.621025,198.738068,85.038254
404.077568,202.675884,193.566910,85.560310
400.898323,212.216705,193.361679,78.958893
405.061653,214.861076,185.402023,76.149643
410.832191,218.106556,177.746628,72.281425
414.317467,214.378475,171.971146,75.942665
417.845650,213.678383,166.223801,75.653397
425.831505,214.989265,156.599808,73.487015
408.301567,212.207569,172.550430,77.802971
418.303947,198.235344,160.454239,92.607895
420.700897,213.316132,155.087280,81.159332
452.973637,213.221577,123.920403,79.137138
462.041496,216.271988,111.878189,74.862030
454.762054,222.192333,122.324799,76.576393
474.025158,224.382824,102.544197,69.377998
466.963043,228.977715,106.163147,70.366928
471.931343,231.050858,104.881607,71.660553
462.680714,209.922523,114.637444,101.621811
488.873066,199.048157,93.548271,94.258240
503.610943,152.842110,79.862373,139.623581
503.240520,141.298851,80.867195,148.451187
508.409462,214.226910,76.707901,78.322670
520.733307,158.026375,65.523895,132.032547
523.624992,137.374016,72.529434,146.249039
527.317673,135.860115,76.052460,155.064743
530.190296,142.801666,75.019310,141.708923
531.732105,161.073109,76.296410,119.435570
533.873032,185.967854,76.222565,94.963829
530.203033,219.203884,76.871674,61.235115
532.604008,217.568378,77.396446,59.105797
533.507195,213.928030,79.262009,60.296833
537.775394,213.694305,85.615898,59.738373
532.030258,211.911356,88.175598,60.966412
532.605293,213.435072,86.920120,58.765568
535.811981,212.687853,111.010223,60.284237
536.518356,213.298454,88.416351,60.778183
539.204269,214.186522,87.538574,60.584904
535.528431,214.823416,92.958824,60.050495
543.653656,213.941450,86.083710,60.627964
540.372471,214.406454,91.278893,62.218891
542.926674,214.002213,88.822617,64.028259
541.822006,215.061422,90.865173,61.894489
546.373253,215.723040,87.036270,58.498989
553.087624,218.462715,85.176804,62.443161
551.556694,219.147087,86.701157,64.714371
555.079430,221.348391,84.251205,63.766293
550.274925,224.744326,87.111313,60.268185
555.065834,230.559713,84.561874,58.017780
549.445713,229.592907,87.583885,60.617378
552.640228,233.712345,83.233582,57.424950
553.644833,235.184191,83.901802,60.104122
557.194061,235.275826,78.387817,60.685287
559.226322,237.314503,75.740837,61.477318
558.426403,239.591705,77.182808,61.493927
554.496277,240.814070,81.169525,61.062168
555.263557,241.949951,82.230850,61.317444
554.667652,241.919626,83.722038,61.344372
558.033001,243.809954,80.403542,60.866116
555.832985,245.591507,82.557816,61.540161
553.455997,245.191998,83.074150,61.093666
553.052204,245.294006,83.758232,59.990570
551.361012,244.529280,85.699760,61.031620
549.203487,242.734945,87.081001,60.733356
547.223862,241.135798,87.909607,60.006451
544.926533,240.505619,88.512596,59.383080
542.451160,239.700600,88.263481,63.134476
539.085155,239.673710,88.909859,65.437737
536.264828,239.499245,89.317787,67.246506
532.088120,238.874046,91.309052,69.077286
526.629417,241.926636,93.310074,69.453735
523.511765,246.125853,94.779816,63.362247
520.634773,248.190769,98.931015,64.101646
517.268559,248.745569,96.843681,63.689770
515.391899,247.498985,92.028702,64.070053
514.457535,244.045877,88.236481,57.243145
512.854065,243.256990,94.939392,63.454433
510.888306,242.016933,94.181458,59.278572
509.512402,239.530481,92.047707,58.531109
507.299881,238.603342,90.276764,57.859478
506.483837,237.285290,88.089638,54.833321
506.358250,236.472336,84.991356,52.151031
509.718544,234.869541,78.855484,59.322227
513.982643,231.048870,73.975510,54.373726
516.910183,230.698479,69.822334,55.019455
518.510281,229.520390,66.907143,62.066948
519.443169,226.973400,66.142929,76.325325
516.515129,227.142185,68.189163,72.174919
515.109070,225.726807,70.417358,65.385742
514.687672,223.976665,74.003960,73.317909
512.551510,217.132069,84.606789,68.169121
510.405960,215.624668,79.768036,65.150566
513.100735,213.234762,80.387917,63.022419
515.751041,211.471012,77.719414,64.589928
517.696014,208.161867,81.050354,60.993526
518.815742,208.000462,118.755264,53.572624
518.820477,202.874617,126.596840,61.735569
517.408485,196.066288,98.025406,74.431694
516.332520,202.423889,103.842316,64.928467
515.379982,203.649597,110.763321,77.182281
516.427975,202.649731,102.593086,72.814003
518.488350,202.751163,114.996201,71.265556
520.131168,199.509308,113.040245,71.510071
520.178383,197.490391,110.673264,71.962059
522.331314,193.407749,82.907776,79.004295
523.360970,192.328705,72.070236,84.766602
521.673813,187.825558,73.437500,91.105995
521.514366,185.148796,73.675125,93.052658
520.455906,183.494076,76.855522,96.974007
518.989227,182.972313,75.646423,99.780899
517.946571,180.947678,81.239273,102.673523
517.461281,179.111576,80.876175,109.519798
516.824711,178.407932,88.438713,111.201561
515.508259,178.000973,96.632866,115.495430
513.802074,178.994202,102.461861,117.448853
508.828930,184.412643,102.566475,109.080658
505.254868,185.340321,110.198059,111.309166
504.780212,186.076847,109.450531,108.370415
506.331287,190.614651,108.443779,104.567268
509.006706,192.780392,103.768478,97.794930
515.536167,193.079029,99.943077,99.029869
518.448887,193.926430,99.582268,98.995163
522.915504,194.125164,99.227676,101.867867
527.542324,193.206707,99.052406,106.131172
529.646187,190.216423,99.366470,100.434189
530.299885,187.443733,100.641716,103.621078
531.676414,185.185169,102.086411,104.880699
532.452503,184.410091,103.664177,107.731026
533.366928,183.992668,104.710388,108.925980
532.094379,184.073761,108.165154,104.755310
529.107307,183.436409,114.397110,105.692856
528.816631,183.910069,119.864693,116.664482
526.553909,183.485432,125.185181,117.590111
525.034103,182.741058,129.429504,120.180542
525.264328,183.444580,132.416077,133.366394
525.673721,182.696571,136.535889,118.339157
527.440910,183.383121,138.346725,119.201469
529.535751,184.279877,143.951477,125.329163
531.927818,182.224552,148.478561,120.558037
535.722824,181.604599,149.263428,98.672821
538.650703,181.367340,163.729935,133.803040
541.837875,181.809509,166.226440,137.443481
543.014412,183.534912,170.186539,129.559631
540.425087,190.397461,176.676590,132.692688
539.362450,195.707092,189.337753,146.036316
543.027344,204.673660,194.774811,135.763153
550.654411,210.619148,198.736313,143.194870
567.618797,216.700462,190.208542,128.404556
558.510696,206.955940,197.843750,117.707932
558.273621,213.070553,201.295319,97.756294
572.693039,216.737362,195.173462,100.914070
576.568970,219.030907,197.482513,97.127396
576.977905,222.584965,207.449982,109.343559
579.304672,225.670826,212.466370,113.534752
581.223602,227.963181,228.275543,129.897064
582.489822,228.881420,227.442688,107.263893
582.268730,227.283222,220.278610,92.038780
584.562065,227.538250,219.939926,87.524513
583.295883,229.645668,225.862305,89.129929
584.696175,228.877808,231.886551,87.798767
586.455719,225.407265,237.486725,98.062241
586.008362,222.742237,248.600433,107.254967
584.152657,219.421471,251.140640,106.203445
583.309250,217.715359,256.551453,104.808418
582.892593,214.594299,255.285217,102.951172
579.919281,211.548355,265.534821,109.507538
578.831726,212.179737,268.388702,109.395714
575.875656,212.384384,274.468445,110.399567
574.723846,212.955280,280.546356,111.389977
570.387100,213.985596,287.366943,111.365967
566.579742,215.922489,293.424957,110.930046
566.293579,218.952679,294.258148,109.884377
568.372223,218.656796,298.943146,114.890816
566.682251,219.837875,305.915497,117.980255
564.915802,226.961456,305.902252,109.369934
563.600342,230.595394,311.307037,107.268990
560.001007,230.818268,315.570770,102.561523
557.102570,233.448441,319.145844,100.732269
554.797379,233.117134,335.908752,104.402267
552.969208,232.663372,324.704803,100.144814
552.676743,234.335377,342.906799,93.361290
547.150864,235.441490,345.654419,94.986160
545.752914,236.786858,345.376099,92.844009
544.500015,236.710896,345.185120,92.620995
540.698166,235.796009,345.124573,91.237877
540.307129,235.491367,348.322968,91.824150
536.507751,233.527447,353.789581,92.300270
536.946411,232.302853,356.347992,93.058784
537.309494,232.208328,360.988220,90.431671
534.472244,228.859306,362.316589,93.811356
529.561523,224.381195,377.146759,92.659424
531.250427,226.228912,373.799286,88.131042
530.639359,224.696785,378.525818,88.563828
532.277130,224.912079,376.586456,88.141663
529.695206,226.037045,381.938843,87.955269
526.308701,226.239357,386.867737,89.819260
525.582748,224.876484,385.136414,92.241905
524.650970,222.672836,387.465424,93.197601
521.389999,222.384560,397.306335,90.518906
517.874908,225.390720,400.769440,90.736992
515.959305,227.136276,407.609192,88.340302
512.799774,227.906460,411.563324,88.280220
507.514160,229.759575,396.641998,87.996231
505.571457,231.338421,391.998596,88.259193
506.434799,233.319748,400.084290,87.996735
506.844681,234.996925,391.242859,86.725754
509.297195,237.080921,395.317627,85.696068
512.481689,239.129707,394.293488,82.636520
513.805603,238.596333,389.185150,84.436058
513.387787,238.098896,390.571808,86.920677
515.317200,236.970276,395.819183,91.975281
517.017471,236.722851,397.010864,92.788551
517.053513,232.658119,393.382141,96.101242
517.001968,229.325245,384.980286,98.380272
520.764771,228.716709,397.460052,102.371758
519.229416,226.513775,349.682129,103.136818
519.072372,227.295658,370.254089,100.064140
517.879974,232.225151,389.075653,96.706619
517.271423,237.482964,401.058197,89.993851
511.157166,239.480225,409.998260,89.910217
501.376968,238.658951,422.076843,88.933868
496.201401,237.792267,425.525635,88.204895
495.903519,237.834229,415.428894,84.528870
498.747589,237.293068,404.792572,78.006577
496.352509,235.949444,399.861786,80.675514
499.783142,233.220642,400.942230,80.711304
499.661926,233.026089,400.203094,80.562935
497.582779,234.512497,399.373413,80.629486
495.912247,235.093395,399.407288,82.131264
494.008621,236.530586,403.021179,83.715927
495.800476,237.129997,399.739777,83.247086
496.581833,238.379116,399.255676,83.126900
495.220581,238.718155,398.864044,80.550323
494.599854,238.670689,397.504120,79.502861
491.402084,238.176582,396.938354,80.604538
486.476746,238.697788,399.637054,81.319389
481.777252,240.821056,404.758942,82.799416
479.335999,243.138626,391.180084,82.861176
476.660141,244.314838,389.874329,84.806175
473.413879,242.344791,381.806549,86.826591
470.225052,242.432579,392.798401,89.351212
471.154922,242.375607,364.311768,89.020271
471.827927,241.941166,326.285645,90.115044
472.834152,240.837597,346.406982,86.809181
469.065308,239.613266,362.647675,88.983124
469.145004,238.356476,382.092468,86.811401
469.504440,236.922802,388.518066,85.336281
466.342041,233.612133,391.583282,86.426735
464.060272,231.445950,390.127106,89.638252
461.794266,231.539669,401.951965,84.960030
458.512360,230.581619,405.117035,87.721283
455.367905,231.392982,409.842712,79.657822
450.403046,232.237450,399.916168,83.985733
446.631012,233.323376,398.087006,94.977638
436.496597,237.191326,407.648987,86.986977
436.785477,237.859341,401.789917,89.769173
433.276886,240.518734,390.949677,95.582771
428.057297,242.074467,395.372925,87.818840
425.225891,242.230286,394.477753,86.607300
423.568771,240.002796,386.234192,89.727074
418.793686,238.541264,387.439941,88.663750
414.905716,237.506100,393.015320,86.619270
414.770081,235.738110,392.834625,84.686867
415.976532,233.851971,385.231781,89.777626
417.651001,233.197086,383.565399,88.056267
421.988785,231.553200,378.521484,91.057907
422.533508,229.044178,376.675079,95.783592
421.132874,229.275028,379.111176,96.250847
420.889099,230.560226,381.256317,99.489410
423.138947,229.216812,389.562225,103.572540
425.701126,226.315567,395.668152,104.690338
427.454590,223.767059,409.068451,108.227844
427.689438,225.579113,378.457275,107.801979
427.126968,223.799133,404.744934,109.344421
425.554169,226.790974,379.289215,108.360252
425.415237,225.554077,375.104492,112.657776
422.145020,225.799992,382.306915,113.218681
419.918976,224.607822,380.213470,117.364738
422.015610,229.499920,374.193054,114.453468
412.333450,230.887665,369.536438,117.292114
409.767075,229.095860,370.784912,120.266716
401.068756,229.557800,362.456329,120.062927
394.721573,229.422043,369.937317,124.229462
393.038818,227.943462,340.749603,124.333473
387.890274,230.024910,328.880249,124.838913
381.081146,232.759769,327.934174,120.747978
373.783661,232.636055,330.314667,111.588730
368.242340,236.851120,343.237335,111.490082
366.359787,236.748779,342.091370,109.545898
380.806641,234.118080,343.769684,112.243515
373.853256,230.837646,345.235779,119.371765
373.961807,230.830948,355.520142,124.146881
370.041046,234.887924,346.357025,128.359100
365.694229,231.600479,334.797119,139.384186
361.181091,234.584465,351.953766,145.955276
360.969070,233.072670,366.604370,153.246689
362.690063,235.271004,346.549591,158.068893
359.524536,225.775505,355.553497,169.666214
357.840515,223.308830,348.743927,177.613602
355.512314,225.259796,314.920227,181.841309
354.880905,225.017830,278.156067,189.986130
358.102310,225.427513,265.580322,189.125870
361.497559,221.622276,268.105621,198.900040
359.800346,254.911789,254.036911,170.948700
354.528946,268.772049,258.789185,163.554840
361.366493,259.051460,251.667801,177.249924
359.515915,256.872131,260.366638,185.612000
364.472374,261.056252,251.218857,187.775742
374.243477,262.218445,244.155777,190.988831
388.286369,262.962555,237.149704,196.264160
405.038818,263.152931,228.148712,187.419296
422.296555,264.225632,215.628357,184.314545
438.655289,256.958282,203.476929,189.245667
458.727249,240.131035,265.156860,190.842606
464.052330,240.905479,215.820053,196.999649
467.251007,236.142052,208.946869,206.842300
475.383675,234.502655,185.631607,203.232666
479.994385,233.547943,173.149933,203.762939
481.275627,230.257957,165.704453,203.842178
484.762276,227.329178,172.123428,204.952057
478.973083,254.051811,176.495941,176.594070
471.278000,262.163063,182.020569,178.579391
466.907402,246.050209,168.818832,202.670029
465.061028,254.584900,147.853317,200.941223
458.786591,265.462212,170.530670,194.598343
453.599709,264.533485,164.045486,200.278427
452.263603,330.560478,179.605026,136.757950
446.301758,304.552505,169.225372,165.321869
439.447426,310.843834,169.004959,162.161575
435.640480,326.911766,170.327164,147.899246
428.664101,303.100746,172.463638,173.135605
422.301842,306.434959,175.007248,171.928177
416.530205,305.353035,175.219772,176.864731
410.300316,309.204010,177.987961,176.132935
403.828979,312.668106,183.783112,174.475983
396.306931,314.133568,186.168823,173.798233
388.199509,310.473076,201.944397,180.222366
380.043800,309.545128,210.283646,182.665543
372.064590,311.316956,211.965271,182.950500
358.463821,314.474899,220.734497,175.016083
343.773026,317.772881,232.110657,176.492142
326.821907,317.718086,249.819229,176.708054
312.972748,320.952629,234.813934,173.325272
304.635933,322.963341,247.326614,174.582779
291.756943,330.856277,245.093689,174.543732
283.979767,336.301697,249.948578,165.181824
273.617355,339.113914,270.117676,166.410721
266.248535,349.181679,264.619598,152.353195
246.917709,355.925797,293.366394,149.759979
246.114807,366.351738,281.133575,140.477188
241.344604,374.859634,283.740387,130.325958
224.100098,370.605667,305.443329,131.168976
218.007263,370.223763,318.096588,133.353745
215.025208,370.735794,322.640656,128.613617
214.681412,379.606541,305.482788,123.140312
215.495895,380.611069,319.358337,122.689606
214.951065,383.866642,310.419434,123.416191
214.007401,388.381626,304.131958,118.974541
214.786041,388.373352,312.402252,121.150940
216.338501,390.773430,311.583221,120.435196
208.765259,393.822887,322.132172,117.117714
209.851364,390.307320,331.155334,118.088303
210.792084,396.128925,312.415375,110.574303
212.022156,393.192905,317.945404,112.747429
214.845871,384.284859,378.944275,118.897568
215.341415,384.755630,380.172302,114.206635
221.078796,386.913296,317.343231,111.755562
215.883804,379.006317,385.579651,121.030396
216.992584,386.919300,375.193634,114.543907
208.948914,385.471603,376.759918,118.202606
207.388458,390.239735,377.847137,115.017418
210.629028,391.861256,370.585602,116.391197
218.325089,396.084927,360.616577,115.080574
223.653763,395.205997,355.529419,121.862236
224.309723,397.914230,351.146210,119.061493
226.486404,395.101868,347.790527,123.404907
226.039352,394.665012,345.385437,126.400444
224.129395,395.358727,342.490875,130.391190
223.589188,409.933247,262.834717,123.798790
224.200226,406.513573,269.071442,130.531631
219.461754,423.195492,207.213791,117.882393
217.671753,414.039299,202.996979,127.231888
212.683907,416.220501,214.093826,127.033607
207.674744,425.507214,185.031097,123.078957
201.543602,421.110489,137.805161,128.212372
193.760361,420.108986,160.016968,128.212021
188.486954,419.572624,135.020996,132.293228
181.131866,418.764862,132.722321,133.278137
175.402618,419.067047,114.397675,138.096191
166.697739,420.795830,134.914612,140.835831
161.959442,421.130753,105.527924,148.892059
162.954952,417.233025,93.068214,157.983292
162.093563,418.308922,84.650185,162.079300
157.871696,403.165901,102.438950,180.729172
154.439274,417.073479,80.002769,173.109879
151.365765,412.652176,82.076729,181.001495
151.472729,402.167206,83.379768,194.259216
149.742886,409.345230,78.013100,188.653412
149.082943,429.717331,76.969643,173.133087
141.977421,431.778610,82.778099,178.966644
147.000278,407.830734,81.788902,204.182465
143.789429,396.457512,87.490204,216.373245
140.821362,392.374435,92.121834,223.719208
141.622242,417.630608,96.296074,206.815811
140.882565,404.753601,105.828712,225.724121
140.137333,419.271332,111.911217,214.822449
139.031509,420.972290,120.188904,220.531189
140.163757,430.253235,127.985931,218.807129
140.536186,450.685020,137.340012,206.055252
139.956642,466.969780,139.339005,196.722061
136.103859,474.500214,144.687576,195.310974
132.695625,468.859695,152.155045,200.229645
130.513130,475.032440,157.612869,197.294556
124.393089,479.626228,163.123032,189.951462
110.934067,490.565727,174.514221,174.402481
106.625847,529.024742,170.477829,132.777603
101.435089,532.409988,183.500885,134.389069
93.261436,533.637398,174.422104,130.453049
83.585281,528.889328,181.621155,131.685822
75.982338,546.069969,180.457413,109.929703
56.134644,545.692039,206.063751,148.696182
132.770592,486.552032,172.123459,230.049438
450.452545,178.993279,215.996857,93.673477
438.200745,188.227325,143.542450,47.174133
434.154678,192.907461,122.504852,41.848377
427.512379,198.665047,110.513054,37.001358
417.903938,203.346967,100.232986,30.242529
401.900768,207.489887,94.116875,40.559349
393.521584,210.677092,82.521942,41.839542
384.315315,209.730679,70.584503,41.836159
378.235146,208.202721,75.441895,40.228439
367.716362,206.980019,71.910431,38.136154
359.583431,206.460560,67.153130,36.388268
345.834061,206.121071,71.093475,36.637726
332.939049,206.452080,74.672913,37.314453
320.588470,207.378740,83.549164,38.065746
308.456043,210.987568,88.110954,39.931465
297.539654,215.318604,87.747658,42.963272
286.207905,218.431871,103.267326,41.155102
278.418976,217.023752,196.502625,42.439877
260.082581,216.936583,223.326385,49.337116
244.689781,213.467640,218.385452,54.317360
297.643295,189.840904,293.097565,93.029694
477.562988,156.430344,299.851318,154.310165
469.650696,152.872108,209.288269,136.172485
458.594627,159.783688,152.312271,87.962120
442.796463,160.844231,152.565399,62.474030
427.965790,160.074162,146.541534,62.033882
417.472977,159.740795,144.959167,45.695396
404.490921,163.535303,142.470917,54.940426
381.891731,163.220993,148.220901,44.774887
365.105309,166.236397,150.431351,54.939880
344.134193,166.898087,148.596390,119.927658
324.409256,166.593887,157.072693,119.316879
312.865738,164.043415,156.110962,121.916603
291.833412,164.505188,161.581192,119.606155
297.442753,168.775990,120.114769,99.745216
287.650444,171.884308,129.317795,73.709732
278.986717,172.043892,110.439957,76.850037
263.944778,171.205151,110.404175,95.224815
74.574173,203.911827,261.524933,71.460022
0.000000,203.865402,108.912487,68.024734
0.141825,206.459015,82.361259,66.742752
0.086733,209.049646,59.096077,63.815243
0.000000,211.984005,56.836946,57.844231
0.000000,207.429207,143.108956,97.045532
142.489270,190.469002,95.448410,99.918945
120.083508,204.791386,106.377335,98.303902
99.843258,210.285034,105.956863,93.787735
81.014752,206.254459,121.540573,101.178474
60.270787,204.077633,127.174866,104.075584
111.069302,198.021523,86.472427,100.065247
66.778023,188.335278,113.834435,117.254997
100.673275,186.405586,86.838791,85.008057
90.366421,159.423595,85.679398,103.452965
82.800591,157.378330,81.164146,89.261238
74.802884,158.634705,83.814865,87.593826
66.437230,157.261932,86.924652,92.026718
55.495465,162.588127,87.657608,85.540222
43.992764,161.764805,94.326340,89.460884
34.511536,200.665316,96.102150,58.840954
53.973732,179.288555,72.101250,85.663139
20.901410,204.707096,100.887772,68.330788
40.836491,193.238667,76.629242,84.335640
32.251660,199.675774,79.928513,82.031586
26.200428,205.374668,81.617035,80.335640
17.254403,204.146446,91.511589,79.327606
15.912556,194.289352,91.229340,80.358505
10.256070,188.082607,100.529861,74.903038
7.403378,179.490330,99.288986,76.225502
3.829991,171.368080,127.113861,80.279938
3.819409,165.671570,135.023941,78.559311
0.486569,163.498932,139.441574,71.412796
0.653485,161.613205,140.331833,73.535721
0.000000,160.237541,78.675828,59.135895
70.830296,182.261007,78.449348,36.640415
81.449745,179.574442,67.778778,35.034969
94.871569,176.247658,57.952251,35.766525
93.736603,168.740585,58.295242,34.764679
86.610056,161.152969,62.485119,42.366653
74.955075,156.815901,67.137581,40.555180
57.224427,151.344170,77.955093,36.737320
55.847378,146.422953,68.505257,33.625256
52.037403,144.703831,60.484291,31.758064
48.317200,142.548490,53.913696,31.640554
49.779221,143.853881,43.157745,29.860979
47.908139,145.876643,34.734352,30.535791
43.288014,146.979212,31.255577,31.667828
28.470442,149.617748,37.762058,30.974586
9.816971,151.184792,51.553101,33.079773
0.765812,153.292057,55.551186,34.477119
0.716225,155.209051,48.351761,33.949406
0.671059,157.435862,45.031937,32.340496
0.000000,162.634940,40.657152,25.994280
0.152745,171.608556,32.728035,20.130575
0.000000,180.546078,19.810931,16.909035
1.563449,166.474865,47.188328,59.853386
0.000000,109.759615,21.227506,24.995564
0.000000,112.983827,19.541132,21.253294
0.000000,113.618322,16.258005,23.013233
0.000000,118.879185,11.792669,21.957733
0.025748,127.128152,10.020943,17.130171
0.000000,131.142152,10.000000,13.499098
0.000000,129.065193,29.711328,33.855980
17.403903,67.698149,62.865284,54.615173
8.589455,69.550280,86.548286,63.170677
40.226971,68.853384,175.549927,197.050369
162.978817,296.759619,300.235809,193.014633
124.542843,302.464674,340.084198,194.895050
135.508542,306.129889,327.997284,193.646896
154.066937,308.051580,305.907593,188.850998
169.302319,312.689924,286.764221,182.750946
135.208630,301.435972,328.040222,194.324524
179.088421,303.691854,283.925415,178.706436
145.528546,311.020239,310.848999,172.738388
185.559002,307.519232,275.215332,164.595627
140.168377,299.952993,324.900330,178.417801
179.795346,294.986975,284.285553,173.066269
145.758877,292.129583,319.260712,177.733932
187.406018,273.161047,281.934692,191.692368
127.211178,275.804571,337.506012,188.280807
155.482495,274.512426,308.347168,189.671127
175.011609,289.134298,282.354980,172.616837
127.331006,289.918699,329.562622,172.078796
163.922131,278.529341,294.250488,181.427216
117.046856,290.819342,337.969177,172.292282
124.705395,275.420904,332.428101,190.319260
119.480237,283.277365,336.867188,181.294449
121.476910,280.459593,332.545593,183.978577
120.627057,275.913137,332.410828,193.223709
138.652844,276.733343,313.777344,195.177292
128.493878,275.327787,323.951111,194.830200
126.346829,281.680288,325.946747,191.503128
130.058941,285.251257,324.209778,190.427963
134.891781,289.952635,321.157623,185.066467
118.071805,294.458754,341.901215,179.872101
115.154492,297.275312,345.078613,177.982025
124.009747,297.351400,337.403259,176.826065
139.555325,299.264441,326.987274,172.183578
131.501172,301.699385,338.103760,168.103729
137.800671,304.618567,337.366455,166.942490
128.507962,305.712675,343.771942,169.844482
139.400815,307.731443,338.429596,166.103088
133.162808,310.483625,346.109467,165.045868
132.626721,312.081709,347.459473,164.853119
131.116696,312.606649,350.394928,164.839737
138.039517,312.238386,343.882294,162.582001
138.790951,312.307356,344.285553,158.778778
152.414593,310.095510,328.259949,156.674515
139.294018,307.362776,340.988525,158.861908
147.410412,304.024183,338.732788,157.866974
147.545865,302.748098,349.431854,159.652664
154.524395,306.006773,346.835388,150.773254
163.639920,310.007238,340.444916,148.629990
158.478619,312.634588,350.650452,150.127121
154.512433,316.074751,353.439148,149.855927
158.220730,319.403326,345.412079,146.640060
161.145611,316.896521,348.596375,147.864853
164.392117,316.639448,347.599701,145.480438
164.753689,315.940313,348.643768,147.131638
167.020260,317.308424,351.967926,143.217804
170.630826,319.071005,352.913422,140.172989
174.706021,317.273848,350.041229,138.839447
179.956036,319.228231,347.456360,135.798477
178.035275,317.243216,351.106476,136.938431
182.335034,320.128195,349.054932,132.378677
184.921139,311.522848,351.355621,135.925674
189.107449,311.950033,349.558441,133.642471
193.446805,311.165792,348.120941,130.236954
193.123074,310.652597,347.845184,127.594521
196.719418,308.600393,348.719513,127.720291
192.707470,312.280870,347.356934,122.299522
190.400067,308.923170,350.531067,125.197540
190.681653,312.756010,346.665039,120.959961
191.860989,312.640806,347.524384,121.945251
188.933056,314.079973,346.513306,120.375755
190.696316,316.867708,343.480804,118.193962
189.815487,317.356131,341.823456,114.795059
187.186062,318.798189,341.371307,113.109795
185.851773,316.458296,345.943085,115.379852
191.233288,310.206758,342.935120,121.952629
201.253033,311.044199,333.342041,119.721107
202.316815,313.517622,338.736023,115.737579
202.916317,313.477167,340.074921,116.445137
209.723080,314.519926,337.194489,114.469666
219.214627,314.854322,332.904633,112.076752
214.075970,312.892668,342.713501,111.942566
217.574917,313.049898,338.524994,107.217644
220.456204,312.238691,336.404144,103.290924
224.600140,310.319944,336.202087,100.758362
226.491986,310.669542,338.176270,99.442650
236.393719,309.174013,328.415466,98.085442
235.913235,308.756632,329.328400,97.078651
242.609494,305.882631,323.251129,96.630486
245.965268,303.977312,329.193085,97.248863
251.475216,304.063963,321.154938,95.849792
258.473294,303.180468,314.906586,94.863121
260.371167,302.561255,314.197083,92.903732
260.020337,301.195982,310.315002,91.731323
259.800000,303.162294,310.013489,89.990471
259.847317,302.479525,323.172699,90.841362
261.306302,303.479582,316.139374,91.451233
259.731534,300.914789,320.405609,94.080269
257.140316,301.812986,319.418488,91.738098
253.332928,297.432669,325.552246,92.748428
248.888836,296.824724,323.313049,91.698570
244.211972,294.867285,321.900970,91.741562
242.130200,290.646200,320.619812,92.581192
236.283825,289.931185,320.378235,90.674736
228.494977,290.972128,320.640991,87.904495
222.781353,290.320635,320.360046,87.667076
219.463101,287.319090,332.243134,90.179871
215.878170,288.172800,330.104523,91.609108
209.473889,292.806444,333.923340,88.745934
204.540127,293.512621,329.183746,88.951622
201.326016,295.921747,322.787079,85.850533
200.555859,296.012651,318.577881,85.822227
201.197857,295.739965,313.858826,86.091476
201.824551,291.531702,311.248077,88.834846
198.151394,291.751574,315.281219,87.951439
207.313870,291.739584,306.573456,84.143936
218.586041,289.859465,298.228027,81.724854
232.940396,288.634352,290.076263,83.178619
235.906598,284.818724,289.571350,84.922424
247.170987,282.485411,280.048981,80.904724
258.174435,278.850531,272.927765,79.744370
263.448163,274.135164,271.000671,80.547478
278.704342,274.133753,259.542755,79.280708
276.092282,276.189062,264.031708,75.615219
282.431912,274.381636,259.182098,77.734711
281.493054,273.515810,263.086060,77.901604
299.538929,276.362146,245.742172,75.717659
297.826008,277.371325,248.990952,76.063744
301.775258,283.123182,244.609665,73.439240
306.331295,283.262114,241.359161,77.087158
314.591008,287.334112,234.856400,75.396896
325.347256,291.558271,225.506439,73.690521
319.085858,293.337008,236.104431,74.191521
338.799603,293.354342,222.606018,75.842339
334.200291,291.161505,233.187637,78.435410
347.506291,287.179266,226.116776,82.752121
348.138928,282.670847,228.760193,86.768898
341.515973,284.315897,239.567383,84.227882
338.602337,286.057539,245.418396,85.304474
342.669690,284.129290,245.986633,87.021996
333.920407,287.703676,259.726166,79.823540
327.978421,290.367266,270.089813,76.863853
324.834500,287.827318,270.371552,80.179893
329.283902,287.621706,261.456635,82.127678
328.680203,285.982832,254.472809,81.164764
327.006009,288.838701,246.076141,79.032310
320.589901,281.388941,239.477142,87.750557
316.599019,283.453512,233.853134,84.824539
311.750714,283.013048,216.523438,86.449425
307.745907,283.580519,219.656647,88.310760
305.176068,285.199911,211.781921,88.314285
300.835774,285.168348,220.241928,92.153046
300.652585,291.820826,212.485138,87.602730
299.980549,296.885145,208.969711,89.418732
299.852437,297.527674,207.185593,92.360970
301.369885,303.542727,198.189880,88.060173
305.088246,305.567556,195.366806,91.690079
306.012921,309.583246,193.446472,91.684212
306.179028,315.313566,194.203491,88.713074
307.888157,320.876150,193.381241,86.497391
291.829823,320.927031,211.590134,87.297058
289.476765,320.995131,215.300217,89.013214
302.512196,320.329203,204.041245,90.616798
306.187092,321.035868,202.145248,92.192238
314.187779,323.382803,198.867874,92.496536
322.365239,324.420080,199.345291,93.769821
329.693715,326.519861,195.919174,94.283089
346.734471,327.631475,182.652664,93.485886
351.761677,331.861498,183.672653,89.184166
362.907269,333.081984,175.497803,90.739655
370.678395,333.044783,172.345078,91.468231
372.965062,329.807039,172.537552,96.216240
379.525532,333.615988,168.492599,95.956924
383.050381,340.625994,167.331085,90.131737
384.549542,345.561190,167.388489,89.060539
373.507130,344.013578,179.310776,91.626953
369.152691,347.180449,184.842407,92.136841
369.393223,349.312063,188.049149,94.047256
369.152730,353.348539,189.091354,94.329041
365.032544,355.720858,192.177368,95.517082
364.032139,357.494215,190.891861,98.932159
369.233983,359.371378,186.763016,100.161598
370.223134,363.796148,183.123886,102.085129
371.372540,366.845491,179.724792,98.229179
372.354001,368.291452,182.832794,99.420082
377.158879,364.208883,182.769302,103.463272
376.659497,364.187212,184.934265,105.223900
386.865780,361.817770,177.892548,109.063614
385.782948,358.946104,179.051926,111.040588
395.374768,358.523050,170.181091,112.663307
398.141064,357.192659,171.133118,115.084648
406.311955,354.253019,164.506485,117.239319
416.137234,355.272585,158.076080,118.743217
423.289662,354.807158,152.833481,120.770935
420.305409,355.068308,155.803085,121.897926
435.696179,355.987219,143.125000,121.982346
444.100697,357.182840,137.501755,125.889320
461.753178,357.123877,121.575211,126.554794
480.852734,360.302465,104.839905,126.297409
461.285664,360.830549,124.166183,129.446869
496.277798,362.189634,92.186432,129.451660
504.948132,360.564962,78.782776,134.709305
504.348191,363.352682,81.491631,134.589005
496.819790,367.160833,87.722198,135.054794
497.106926,371.006407,90.254005,132.601868
505.204064,374.242704,81.864845,130.840271
506.312695,371.025686,82.826050,133.664139
503.001351,368.684614,90.053474,136.140167
511.450806,369.148718,84.122276,132.454758
512.688988,372.623899,81.859108,127.986267
509.373578,391.390566,85.284027,106.550041
509.835595,399.792727,87.656685,98.819176
507.797738,388.099291,90.794685,109.809105
507.078484,383.827322,89.724373,113.964188
503.322308,388.267992,91.000214,108.038994
503.030404,380.809324,90.340096,117.070099
501.801659,386.049662,94.331520,110.918037
502.410721,388.225256,94.515373,109.261246
