0.012230
0.020056
0.020419
0.021574
0.021376
0.033638
0.020416
0.034421
0.020595
0.022997
0.021189
0.019218
0.034989
0.020538
0.020021
0.018902
0.019979
0.018685
0.020669
0.020066
0.020357
0.020017
0.019773
0.021052
0.020723
0.020825
0.021242
0.019777
0.021371
0.041253
0.020332
0.021855
0.020494
0.020903
0.021327
0.021981
0.022351
0.023054
0.022635
0.024607
0.020286
0.023067
0.021959
0.046277
0.044889
0.021665
0.021820
0.030442
0.021530
0.021955
0.020762
0.021487
0.025377
0.022598
0.021738
0.021369
0.022630
0.025403
0.021758
0.021179
0.022660
0.021870
0.022996
0.024296
0.020946
0.021936
0.023543
0.023064
0.022391
0.021125
0.022771
0.022683
0.021598
0.022769
0.021722
0.028345
0.031277
0.022958
0.021513
0.021183
0.023329
0.042463
0.023811
0.022538
0.022944
0.021199
0.021097
0.022143
0.031980
0.023729
0.022538
0.021032
0.021588
0.021109
0.022054
0.022258
0.022916
0.021969
0.021177
0.021818
0.021788
0.021756
0.021973
0.022611
0.022923
0.021852
0.022432
0.022539
0.040813
0.022848
0.037254
0.022179
0.022278
0.022635
0.022649
0.022875
0.034202
0.021915
0.022299
0.021213
0.021872
0.021042
0.022825
0.022090
0.022748
0.022087
0.022467
0.022657
0.021930
0.022545
0.022144
0.024364
0.021744
0.028195
0.021976
0.031059
0.022075
0.022229
0.021931
0.021352
0.022755
0.020616
0.021532
0.021233
0.022233
0.021092
0.021034
0.021218
0.022644
0.020824
0.020927
0.021052
0.019308
0.021505
0.019603
0.020256
0.021287
0.021809
0.021736
0.021022
0.020952
0.019396
0.020663
0.019597
0.020825
0.019584
0.019524
0.019485
0.021102
0.027470
0.019914
0.025674
0.043305
0.019819
0.020745
0.042887
0.029872
0.021609
0.021059
0.019702
0.019661
0.031092
0.020786
0.020754
0.019642
0.020730
0.021392
0.021883
0.021411
0.021549
0.021530
0.020844
0.020163
0.021663
0.021150
0.021607
0.020617
0.021617
0.021336
0.028359
0.040324
0.021819
0.024178
0.020755
0.020348
0.021651
0.020869
0.020265
0.021202
0.039310
0.022222
0.021807
0.019958
0.021211
0.019938
0.021556
0.021327
0.020659
0.020635
0.020827
0.020567
0.020562
0.031017
0.021380
0.022766
0.025530
0.021001
0.020730
0.021150
0.020313
0.020232
0.021538
0.020598
0.021229
0.020597
0.020879
0.020267
0.020741
0.019908
0.021492
0.021286
0.021223
0.020660
0.028954
0.020617
0.021746
0.020721
0.021440
0.020665
0.020958
0.021480
0.021623
0.020946
0.022744
0.026830
0.021281
0.022102
0.021348
0.021595
0.021335
0.021101
0.021039
0.022774
0.021831
0.040213
0.022775
0.021939
0.020993
0.021400
0.021921
0.021324
0.020960
0.021950
0.021445
0.020771
0.027542
0.020593
0.020616
0.026015
0.022348
0.022275
0.022426
0.022194
0.021617
0.022617
0.026481
0.020403
0.020867
0.027296
0.020952
0.025697
0.020607
0.020948
0.021560
0.020428
0.020766
0.021287
0.021319
0.022005
0.020882
0.021645
0.022019
0.021731
0.021941
0.021040
0.020768
0.020753
0.021133
0.021947
0.021763
0.021680
0.022355
0.021889
0.020980
0.020587
0.020540
0.020872
0.021376
0.020925
0.020951
0.021818
0.021380
0.020595
0.022275
0.021136
0.021850
0.020735
0.033922
0.021639
0.021290
0.021162
0.021257
0.038923
0.021454
0.020920
0.021080
0.022046
0.021608
0.020723
0.019952
0.020354
0.021771
0.020902
0.021163
0.021277
0.029029
0.021922
0.021794
0.022294
0.022068
0.021807
0.021758
0.039676
0.022155
0.023531
0.021465
0.021533
0.022816
0.022440
0.022367
0.022278
0.022129
0.020682
0.022099
0.020522
0.031801
0.021795
0.021748
0.021878
0.022225
0.021822
0.021466
0.021252
0.020965
0.021242
0.021477
0.020533
0.020810
0.020854
0.029813
0.020239
0.021634
0.021671
0.022193
0.022211
0.021243
0.022366
0.021747
0.020046
0.021369
0.021326
0.022843
0.021600
0.020323
0.021895
0.021738
0.020807
0.033772
0.020449
0.021110
0.031752
0.021593
0.020878
0.022094
0.020826
0.020606
0.026043
0.021857
0.022146
0.034066
0.040322
0.022495
0.023994
0.022041
0.026444
0.029306
0.023581
0.022016
0.023947
0.039380
0.027481
0.022600
0.022227
0.022638
0.037042
0.021779
0.022254
0.022993
0.022155
0.038139
0.021976
0.030780
0.022030
0.022566
0.022608
0.021526
0.021140
0.020958
0.021658
0.023209
0.035512
0.030075
0.021766
0.021834
0.021461
0.021848
0.021871
0.020664
0.031614
0.030141
0.021028
0.031418
0.028260
0.021227
0.021703
0.021372
0.020769
0.023097
0.022352
0.022420
0.021896
0.021395
0.026940
0.033542
0.022097
0.022555
0.021302
0.020187
0.029323
0.021466
0.021604
0.021953
0.022300
0.021713
0.021948
0.030185
0.028521
0.021949
0.021671
0.020300
0.020749
0.020443
0.021681
0.021207
0.020286
0.021605
0.021147
0.021555
0.021945
0.021066
0.019667
0.023993
0.025835
0.019970
0.031535
0.020458
0.021974
0.020643
0.020279
0.021010
0.020625
0.020174
0.025327
0.019136
0.020347
0.022473
0.039590
0.020345
0.020336
0.019990
0.019506
0.019572
0.019641
0.019739
0.020282
0.020976
0.020677
0.020286
0.024866
0.032697
0.020026
0.029500
0.040717
0.020178
0.019820
0.018728
0.019829
0.019724
0.025165
0.020231
0.020260
0.020160
0.019522
0.020144
0.020036
0.020339
0.030858
0.020033
0.023643
0.019590
0.039594
0.019175
0.020358
0.035639
0.019953
0.019760
0.019780
0.019946
0.019657
0.020423
0.027638
0.018351
0.019437
0.020122
0.038902
0.019693
0.018912
0.018838
0.019319
0.024486
0.019997
0.018599
0.026484
0.024342
0.029100
0.019947
0.018420
0.038668
0.020053
0.025616
0.020503
0.021970
0.019700
0.019547
0.019212
0.020669
0.023152
0.018147
0.028849
0.019444
0.019697
0.019154
0.019735
0.019492
0.019434
0.020890
0.018856
0.020611
0.019176
0.019914
0.018695
0.027104
0.020872
0.020011
0.040607
0.019743
0.020554
0.020864
0.025576
0.019815
0.032110
0.019560
0.023227
0.020246
0.018767
0.020503
0.019015
0.020737
0.020213
0.024062
0.019528
0.020337
0.020766
0.020215
0.020878
0.020607
0.018434
0.018654
0.020468
0.021684
0.020159
0.019222
0.019681
0.030278
0.020019
0.019920
0.018745
0.021743
0.020843
0.020248
0.020155
0.020893
0.022887
0.026318
0.026951
0.028054
0.019763
0.020889
0.025395
0.020878
0.021694
0.021143
0.021244
0.020942
0.020590
0.021729
0.021802
0.019478
0.020596
0.020078
0.021530
0.020923
0.021226
0.020531
0.019577
0.021718
0.019337
0.021705
0.020995
0.028128
0.021239
0.020252
0.021291
0.019645
0.021247
0.020518
0.025867
0.020212
0.021906
0.022490
0.021906
0.022039
0.034850
0.021460
0.034353
0.020648
0.023426
0.026698
0.037708
0.021928
0.021838
0.020599
0.022592
0.021635
0.022456
0.020983
0.021147
0.020620
0.033089
0.021561
0.023433
0.021435
0.023107
0.022288
0.027144
0.020537
0.021142
0.021359
0.021590
0.021758
0.021418
0.020515
0.021781
0.022057
0.021719
0.020856
0.025827
0.023239
0.022119
0.038221
0.022393
0.021514
0.021181
0.022114
0.022151
0.021613
0.021884
0.021448
0.021941
0.021314
0.020519
0.020849
0.021690
0.021226
0.022078
0.021829
0.021540
0.022480
0.021350
0.027800
0.029320
0.021704
0.030355
0.027673
0.021647
0.022075
0.020547
0.020383
0.020397
0.021082
0.022621
0.020429
0.021423
0.022047
0.029021
0.045856
0.021820
0.047560
0.021627
0.020842
0.020523
0.021686
0.022041
0.021840
0.044424
0.028785
0.027238
0.020172
0.022549
0.021292
0.051145
0.043865
0.023148
0.022618
0.031072
0.020912
0.021222
0.021388
0.021427
0.022495
0.020942
0.051566
0.023111
0.021985
0.022482
0.022225
0.021582
0.021183
0.023642
0.022010
0.021098
0.022100
0.021868
0.021321
0.020886
0.021796
0.021042
0.026387
0.022756
0.030325
0.022938
0.023524
0.022643
0.023731
0.023656
0.023012
0.022834
0.022504
0.022789
0.021345
0.034593
0.022763
0.021757
0.026136
0.021167
0.020681
0.022105
0.021001
0.022653
0.022872
0.021180
0.026337
0.022160
0.021913
0.021793
0.021877
0.021880
0.021272
0.021995
0.038580
0.021777
0.024816
0.020118
0.021428
0.020085
0.020956
0.020234
0.021039
0.021968
0.020213
0.021758
0.021515
0.021549
0.022634
0.022690
0.020688
0.021933
0.022668
0.021771
0.023233
0.023378
0.020991
0.021305
0.021971
0.022736
0.021858
0.024621
0.022681
0.022248
0.022037
0.022364
0.028306
0.021599
0.021322
0.021787
0.038961
0.022910
0.022080
0.021679
0.021173
0.025199
0.022119
0.020637
0.023164
0.021770
0.023141
0.032281
0.022672
0.022249
0.021240
0.020930
0.022323
0.022311
0.028807
0.039025
0.022372
0.022155
0.021294
0.020271
0.019841
0.019851
0.020477
0.020841
0.019312
0.021060
0.019207
0.019172
0.018929
0.020385
0.024255
0.020634
0.020015
0.020861
0.020437
0.020641
0.020358
0.020561
0.021238
0.028548
0.033885
0.021413
0.021375
0.021539
0.021759
0.020122
0.021458
0.021221
0.031488
0.022238
0.022334
0.021872
0.019912
0.019787
0.020495
0.020562
0.021088
0.021143
0.020864
0.019519
0.019434
0.018408
0.019672
0.019954
0.027528
0.020672
0.020176
0.019688
0.019678
0.020049
0.019746
0.020524
0.019660
0.018585
0.020349
0.019852
0.020035
0.020283
0.020650
0.021662
0.022314
0.020926
0.019078
0.020130
0.020276
0.020830
0.020427
0.020279
0.019663
0.019633
0.020671
0.023102
0.020692
0.020469
0.019659
0.020035
0.020080
0.020579
0.019185
0.018905
0.019389
0.018725
0.019424
0.019563
0.019738
0.018688
0.020720
0.020212
0.019782
0.018933
0.019783
0.019164
0.020096
0.019410
0.039066
0.020294
0.020295
0.034399
0.020060
0.018953
0.020863
0.018455
0.019726
0.019491
0.019697
0.020743
0.020914
0.030104
0.020377
0.019580
0.018939
0.018339
0.020017
0.018339
0.019599
0.019934
0.018400
0.018264
0.019690
0.019393
0.036122
0.030272
0.018766
0.020021
0.019730
0.019798
0.024553
0.019391
0.019748
0.020013
0.020256
0.020834
0.020143
0.020188
0.019019
0.019506
0.019807
0.019661
0.019893
0.018996
0.019411
0.019720
0.019446
0.021831
0.022664
0.022557
0.022269
0.023622
0.022847
0.023080
0.022506
0.021600
0.023363
0.022982
0.021286
0.023186
0.022438
0.022467
0.021801
0.021587
0.021370
0.022421
0.021168
0.022236
0.022968
0.028415
0.023059
0.023307
0.022836
0.022440
0.021929
0.022047
0.023010
0.022095
0.021938
0.023122
0.021948
0.022885
0.032344
0.021721
0.021553
0.021747
0.025652
0.021765
0.022108
0.022718
0.021992
0.023815
0.021585
0.021211
0.023079
0.021419
0.021766
0.025208
0.032479
0.022270
0.021475
0.022127
0.022027
0.022503
0.021970
0.022832
0.025201
0.022201
0.022962
0.020976
0.023368
0.022260
0.032709
0.021126
0.022327
0.021226
0.021156
0.024459
0.022162
0.028368
0.021729
0.020961
0.026170
0.026596
0.022431
0.021949
0.021873
0.021744
0.022172
0.021407
0.022763
0.022047
0.022372
0.020471
0.021803
0.021580
0.022387
0.023510
0.032227
0.022178
0.025334
0.021215
0.021515
0.020606
0.020660
0.019973
0.022144
0.021268
0.021607
0.021351
0.021648
0.021384
0.027070
0.022303
0.020252
0.020725
0.019687
0.021565
0.021388
0.019716
0.030392
0.020448
0.023740
0.021019
0.021154
0.019564
0.020718
0.019793
0.020161
0.020201
0.020670
0.021273
0.020592
0.029471
0.020723
0.020785
0.020121
0.020117
0.019817
0.019378
0.019105
0.019635
0.020931
0.021832
0.020478
0.019455
0.020847
0.027648
0.021207
0.020930
0.020098
0.019809
0.021569
0.021469
0.020870
0.019216
0.019406
0.019788
0.020675
0.019812
0.021426
0.024953
0.029646
0.020725
0.021814
0.020950
0.021084
0.020480
0.019996
0.020783
0.020065
0.020684
0.020751
0.020340
0.020583
0.019146
0.030625
0.021479
0.020547
0.020626
0.031206
0.020747
0.020660
0.020225
0.020301
0.049451
0.020627
0.020414
0.021207
0.020730
0.030980
0.020685
0.023263
0.025832
0.021163
0.020450
0.021086
0.020075
0.020753
0.028544
0.020063
0.020691
0.020230
0.020011
0.019342
0.020148
0.029124
0.021792
0.020239
0.022063
0.020388
0.020557
0.020220
0.020770
0.020450
0.020278
0.019888
0.018763
0.019781
0.018731
0.023754
0.019086
0.021457
