528.000000,125.000000,149.000000,69.000000
533.996719,122.433407,138.439758,72.518684
540.169731,115.823681,156.056381,77.816353
544.528358,112.671688,171.326187,82.091225
551.731506,108.956097,191.297028,80.365913
556.160378,107.965385,218.459305,85.627060
561.406105,111.519753,240.974808,88.929764
563.790779,108.067947,252.892776,88.497131
571.844269,110.910202,275.396637,87.874084
577.190933,115.930187,284.217041,91.125496
583.489639,124.451420,312.037903,90.093102
603.543610,119.048145,321.150482,96.847893
606.228271,114.131817,320.250275,104.144051
616.020416,112.399105,329.733185,101.870033
622.090744,113.516346,337.952087,107.132866
625.339096,117.159809,343.874878,108.708611
623.443848,116.539909,353.397003,123.375351
618.904694,118.995800,353.568085,120.288155
607.412277,119.203278,371.185852,122.154572
593.606750,114.752335,376.512115,119.949158
578.273117,107.332626,357.977295,113.676270
544.185867,102.447395,379.572998,115.315750
520.050003,102.759441,391.505981,109.469490
515.520905,96.186283,384.276581,110.052208
499.597244,96.608170,393.955566,111.315857
499.124130,92.516777,387.897522,107.542831
499.629135,87.586128,379.545776,107.666397
493.993347,84.606445,368.066010,107.087067
486.789078,79.047539,354.630005,109.156723
474.146561,77.034588,341.778015,115.426399
483.036209,71.772766,317.532837,112.280914
488.654419,78.041321,301.139435,103.071686
492.478699,80.927219,283.398468,100.203209
514.922020,89.911182,245.234604,95.333244
529.323318,98.796764,213.782104,96.685921
552.414154,97.827007,182.514862,92.286751
564.400917,105.280964,167.659622,100.067497
589.519356,110.408546,136.369400,97.521072
601.394276,113.473072,120.954094,94.399162
618.833817,110.091305,99.452454,84.091774
624.663288,113.067245,95.078545,92.651428
622.995445,118.346233,101.202255,89.100502
579.956085,33.767525,145.253296,181.138077
596.142502,111.501938,128.128265,120.203674
593.157097,135.493034,140.348343,100.215256
595.850349,154.322151,145.267563,91.683792
602.306931,159.816494,148.222992,94.488930
604.055702,178.448120,147.512131,86.452850
599.367813,187.990353,158.976166,84.044716
613.853348,196.036732,153.517792,75.168510
636.492897,194.894913,138.122604,80.924927
619.827637,185.724014,172.023804,90.613403
664.673630,187.167156,143.847076,79.711433
721.010864,181.986198,98.509094,81.837875
738.260052,180.210953,102.295815,79.409393
742.663105,182.643425,110.903557,78.661850
734.631523,171.540180,130.278183,88.798149
747.298168,166.423965,125.573433,96.234985
738.230873,164.773151,138.164627,97.852959
732.745796,165.869335,135.204483,99.278206
707.793144,169.852997,142.482956,91.047211
689.343765,172.481323,154.457336,82.890289
680.543068,172.850975,138.920853,85.014755
678.818596,172.497551,128.982712,80.730331
689.738529,175.022285,112.734703,71.387589
690.394852,178.043877,104.090057,81.121475
688.528843,175.108063,100.930504,81.037048
636.808899,173.361065,134.385132,83.347694
612.706017,163.033268,136.225388,91.514458
584.054840,161.692310,143.726685,99.137657
564.887642,177.064213,147.819382,89.985527
542.763382,187.264797,160.013885,80.664192
526.554520,193.981285,181.111786,80.343887
505.682259,203.943470,200.765182,75.456444
492.588600,209.986244,199.145248,74.172592
455.020088,219.910927,219.230942,71.571213
437.404144,222.837948,221.171448,76.119087
408.394470,231.357830,218.963013,77.259926
387.406227,237.106926,218.467209,78.027847
361.522484,243.333881,220.541763,76.605736
361.796860,248.451469,206.440948,77.207413
353.348557,255.917725,198.747650,76.568787
350.678772,259.218807,192.892334,73.120918
351.079567,265.539860,194.449570,70.684807
344.181763,269.876602,205.174500,70.992096
351.401993,269.364216,202.507904,72.022057
363.017967,271.785202,202.328384,67.640350
370.004539,271.447083,195.719559,63.487854
380.139572,271.253204,188.416840,64.148315
390.148941,261.183979,172.866241,67.483482
401.441551,251.437775,157.514114,69.525635
410.556763,253.586128,145.295837,64.275497
421.550179,250.198448,129.829819,63.497421
428.436272,243.248684,105.165604,71.361336
436.552830,235.696724,90.287468,74.681442
446.876804,223.697136,116.787804,82.048172
455.372047,209.047871,114.472366,90.719048
469.178947,205.164101,119.715439,94.788162
486.296692,204.678211,130.131256,85.244682
500.174629,206.275024,138.373917,83.106415
514.337196,202.854065,148.134476,83.766937
529.060768,203.977398,166.207108,67.093086
549.222519,195.359501,168.713928,73.554955
576.435440,191.444424,163.120483,69.578957
604.509109,185.215752,167.465332,74.359848
632.451035,180.159794,164.482239,73.284935
658.971901,175.474533,181.630020,77.247925
676.104752,172.927788,191.077148,76.878647
687.140381,168.025108,207.047333,77.861191
693.781265,164.227013,220.152588,76.574692
686.491890,161.527824,243.954422,81.195602
682.369186,173.722397,249.447205,73.139343
666.286316,182.798378,274.670990,70.008377
671.926804,190.368240,270.135620,72.264709
668.778458,193.819271,291.912537,74.049232
664.785904,189.407780,296.698059,78.644859
666.381714,196.104828,275.215363,73.074493
660.957596,194.135113,300.788696,72.506416
657.783813,191.146465,288.009308,74.708076
650.511215,193.301998,295.627258,73.844887
649.147385,183.671211,290.778015,81.152542
650.603333,187.143284,275.957367,70.164879
655.789612,183.239662,279.366364,67.893265
653.820480,179.110580,290.174744,71.091675
659.802155,173.950790,276.793610,71.690735
656.120911,168.742001,282.293304,71.715004
653.819702,177.590672,289.213959,63.298790
649.279129,180.575481,292.042786,65.275948
649.180023,183.297504,288.036652,64.796196
653.528046,188.835827,292.520477,65.295540
661.889145,193.543579,282.607971,68.625153
656.875244,188.651489,287.023590,70.684906
650.480270,195.930435,294.840027,71.214844
658.822693,194.519264,285.495941,77.272659
659.689835,202.727261,286.241760,75.865334
662.128693,205.667728,279.616364,78.420128
653.709167,213.168106,299.690216,77.569763
668.816330,212.153103,289.234558,74.724831
657.655685,220.011219,289.940674,71.873955
667.569321,220.399483,281.903259,69.561356
680.137985,219.721420,272.169312,68.997620
686.832581,218.116451,269.471039,70.483009
687.508972,216.787903,267.840424,69.338593
699.309052,209.199177,256.025238,68.128410
688.921600,208.219105,283.561859,72.532463
699.463715,206.951908,271.342743,68.815880
705.538223,202.205719,270.541138,73.816376
702.158813,200.057980,284.390228,74.729469
707.369034,190.720776,271.037964,76.995247
699.409607,187.637802,278.783478,73.878235
693.550034,182.477413,287.665955,75.716957
700.202057,180.522156,282.654388,75.063629
704.113220,172.959858,275.302032,76.716545
703.183090,168.827904,275.673767,91.106308
702.093384,169.252716,279.205780,73.008026
712.539780,167.067333,266.303284,80.510689
717.661560,163.598835,256.934357,79.491081
712.738388,160.392426,271.562317,87.140167
714.478699,156.928425,268.790009,90.931206
716.689285,157.113792,274.850281,89.510117
713.061447,155.919010,284.016174,97.189537
704.731796,153.438320,297.918640,90.423988
688.257828,146.223194,314.066467,91.818474
655.545624,144.792004,339.283295,89.090706
634.871445,141.845364,361.106567,93.983315
617.377747,140.007786,374.207611,94.168724
606.119370,141.164093,395.588867,92.483429
619.056412,140.339016,383.562561,111.200233
622.120865,138.217834,384.140930,126.809052
626.624023,151.373936,386.201752,114.232323
631.870804,158.412884,380.218201,106.825569
639.052719,158.183853,371.326233,97.943176
655.594788,160.276413,341.307953,105.763672
660.194717,166.076832,331.806213,109.294792
668.629990,166.918247,315.050232,105.788597
665.946213,171.553608,299.240906,107.469963
677.515884,174.338833,269.138916,108.130898
662.949493,177.050125,256.970734,100.793457
680.816475,177.442699,225.779434,98.276985
685.987762,174.656693,193.959869,107.059570
713.022209,173.427532,141.723434,93.786018
676.236427,168.987041,149.433670,99.122505
680.903946,169.684937,125.188232,97.652985
664.389778,167.622215,118.543594,104.701706
646.007946,170.186684,108.144966,100.369888
624.123226,171.656609,108.867256,105.248764
592.866959,179.797760,125.554962,99.679291
562.909180,179.124458,134.249237,109.359695
528.742615,183.487209,149.977020,110.415932
498.629562,182.640358,160.834045,117.326675
471.094940,180.940395,184.902435,121.929237
453.472969,179.138367,196.420853,136.703644
438.043442,183.461838,211.365295,142.121155
419.271935,188.747635,243.481918,139.623840
414.861526,215.006203,264.439148,135.437149
397.526031,216.585991,279.163422,154.978256
378.763657,237.277328,300.446594,146.317627
348.636597,228.207947,318.078278,173.535126
309.941940,228.196632,340.989929,176.687759
273.558823,221.417374,356.986267,178.916809
241.104324,192.771904,369.029175,216.868149
213.221848,196.401115,388.398987,204.897690
187.580063,185.169411,411.542786,218.124405
157.969711,179.323936,448.059509,222.182785
132.777084,164.958443,481.103577,239.383011
144.092773,163.513405,475.190094,239.298721
98.849319,163.246613,538.414673,238.547638
111.719254,155.204109,537.760620,231.950516
124.931992,167.537560,558.700500,230.354538
134.970383,171.056908,580.652527,245.743820
150.472977,179.228889,605.260376,248.230911
199.551895,154.083588,587.780273,285.578156
191.870956,152.057678,630.314758,298.709076
241.950516,137.554199,630.733032,300.795135
245.714035,138.444016,601.180115,320.362183
268.387375,139.033524,649.789978,316.346252
291.419479,146.539459,553.801941,317.546539
285.233902,162.119858,622.147461,293.552979
313.898605,163.655487,589.845642,294.872345
347.103729,181.361816,505.851166,263.569794
355.125763,224.557030,497.718964,225.244919
380.724533,226.075653,478.277771,219.284698
398.355652,239.355301,469.228912,209.872864
408.794144,244.048355,479.855225,213.085632
392.192307,261.005394,506.110168,185.020920
379.671524,280.061378,515.372070,166.124283
386.157196,266.084602,500.412323,172.185989
350.184769,281.024948,505.454346,165.982544
344.398727,302.790932,462.719543,146.318008
333.735916,314.426422,396.132568,150.958160
320.107422,314.531593,370.404694,152.805923
307.480438,330.539810,348.812225,146.878723
293.715103,322.624481,354.802979,159.009430
291.710495,334.420998,331.033020,152.359268
301.068954,334.147995,351.403381,150.134644
312.280594,335.560455,375.441284,136.683258
316.653763,334.825226,405.084473,134.524811
316.063843,321.802910,433.010040,134.839951
316.410675,309.711632,440.776947,134.291428
304.837204,305.495354,439.299622,130.851669
300.924057,294.656929,410.678406,132.711990
297.669571,284.576233,415.644653,144.651947
287.364243,276.879707,408.017029,171.416824
273.215561,278.769585,335.817688,145.034409
265.003983,272.167297,310.910889,155.669037
251.933228,260.901306,317.311432,171.979095
242.031586,262.296356,308.972626,155.681061
255.697037,246.344604,303.759033,158.893036
210.534195,250.151932,352.363770,146.988098
214.343109,243.020691,387.025238,149.189056
215.425949,231.882080,406.661804,153.699677
221.763580,223.896873,424.081757,158.034225
215.778595,219.168159,424.923065,166.613724
211.449173,210.731163,525.381348,174.996017
215.322464,202.630669,411.107422,171.787582
221.333191,196.732246,401.820221,177.689529
219.816498,188.051918,363.216888,186.035049
217.403397,201.144440,364.998657,192.961700
217.851913,191.617790,345.776794,182.143051
165.927826,164.668571,340.832245,174.394028
204.576080,177.166992,348.555023,163.814178
196.867264,167.844353,351.814819,144.328354
200.285492,147.435318,375.830902,179.634094
210.440186,152.407784,404.816315,162.733353
212.371063,159.756912,437.861542,174.628479
214.005264,140.473114,461.720947,166.583038
215.328125,128.727882,381.264801,146.106949
212.247421,131.124413,450.581238,187.095139
202.815048,129.570343,448.407166,168.008209
198.647552,131.495956,418.261810,148.982910
195.843811,134.811676,442.303375,160.838165
192.252823,128.933701,419.915405,150.545532
191.719894,124.319389,402.393860,150.096176
197.030624,122.919342,423.588196,172.305939
194.998978,125.892883,403.948975,147.623871
200.275909,127.454872,407.248749,138.589005
208.258804,121.645798,417.690063,139.229248
230.842194,120.158180,421.993622,144.532242
239.512329,117.484360,418.791290,136.615356
253.292419,113.593109,423.262970,139.960358
265.346130,126.457489,418.138580,124.436310
283.162247,127.010155,425.489502,128.799362
315.549622,137.339306,399.864899,122.739326
318.897263,138.650597,412.508850,115.179367
340.324783,140.084347,375.968994,112.904518
344.397217,141.812782,370.761871,111.042496
349.323120,145.640121,357.294464,103.798828
360.661362,138.647930,338.210022,109.361519
365.597198,138.029503,324.078400,111.075485
373.754227,137.733707,319.774902,108.102989
389.822403,136.327785,328.692688,105.661964
416.204575,130.035984,328.627625,108.778221
429.117767,127.641735,341.145782,103.995796
448.940384,117.462326,344.571533,101.328918
476.985016,107.418423,326.125214,101.152077
502.594223,94.725971,296.112244,106.644890
529.380280,90.606606,287.360626,105.253128
557.698181,88.891701,264.788422,107.310562
590.923302,83.796764,223.341049,103.696114
606.789040,84.146030,198.164444,105.000572
616.271309,86.820957,185.319473,103.567650
634.780861,89.741322,140.708755,107.191093
648.311043,93.183376,139.703751,117.417213
662.638924,95.621471,154.193863,107.905647
680.936630,98.741482,151.268921,111.104286
694.491226,106.814854,172.249390,100.134422
703.435471,109.267941,190.629700,108.597145
711.518608,120.243889,209.807663,99.830124
723.603821,121.840088,219.955048,98.314178
740.506386,119.345112,241.145889,100.344597
784.500435,118.217434,236.853226,96.830605
805.467361,116.027000,246.554626,99.233566
831.474594,113.885376,251.557068,97.633759
849.129776,108.565529,262.042908,95.093521
862.708084,107.105045,278.552734,95.301842
862.949448,108.006523,304.792297,87.791428
860.349808,106.775688,323.469788,87.623459
851.294876,106.714851,348.432739,87.057632
844.933838,105.359802,357.306793,83.528717
850.248978,97.698021,358.126892,90.081833
843.481567,98.269695,359.141388,88.062630
825.252487,96.139030,372.688354,80.944321
814.734436,88.553070,368.248993,80.149261
803.661789,83.289589,380.737854,81.247086
819.215347,81.598953,359.210449,81.444458
814.712173,82.117001,362.881897,83.367165
818.123611,83.890053,356.855103,83.804520
812.146957,82.512047,356.243286,85.277939
811.583389,84.696648,356.551819,85.786911
805.225464,86.374573,350.373688,86.428802
791.410309,90.040855,357.889923,84.472702
786.798431,94.702122,358.945953,88.097557
778.512146,95.705921,355.693878,86.210564
761.544388,100.516262,366.343323,93.027992
745.419861,107.240147,376.856232,90.208153
749.807037,106.098339,363.699127,95.743416
739.567230,107.867626,359.507599,102.026070
734.519653,122.290245,368.045868,93.950912
735.786346,131.083504,357.876190,94.187881
732.762787,142.713596,357.778900,89.442650
735.854691,143.279774,358.103333,94.139519
740.544815,147.238029,349.208130,93.526535
738.593796,148.323566,348.930969,93.338188
735.464050,146.940792,346.420197,97.500648
736.707825,145.204197,349.984283,92.669212
731.023438,144.231991,357.893036,92.846352
727.894302,142.266544,355.603210,91.119835
728.177109,140.013924,353.178162,86.164749
718.044006,130.405193,364.888641,81.157722
714.202240,123.492943,367.229034,85.722153
712.709000,116.139885,368.160522,88.093552
703.558014,111.591434,379.729218,84.469078
715.254639,110.199520,368.219574,82.272560
710.087433,110.626675,375.582306,85.639992
707.374588,110.045395,379.549072,86.316650
695.296539,108.106876,390.685272,88.060020
697.086075,109.127998,373.386353,97.673233
687.505768,112.852547,370.897491,98.190384
677.089615,119.419231,372.570496,94.871346
668.255661,128.148384,368.206238,93.125443
666.524460,135.625057,365.207764,88.833778
657.153503,141.388176,361.071808,90.169174
663.859177,148.287777,355.484802,91.036659
668.347977,161.052094,343.696594,87.385406
669.624329,165.675514,342.132660,83.083572
674.268082,166.199680,334.826416,81.855492
684.373932,165.209080,330.303070,81.100121
682.414337,161.183758,339.439606,85.406685
691.490417,157.541050,328.992645,85.879478
696.857697,142.771164,328.676483,95.748474
688.927444,146.246525,336.323425,87.830772
691.861130,144.075359,337.892273,90.644844
685.934479,137.477219,347.317780,97.813660
684.901154,137.301956,343.597626,88.218079
667.839798,134.296257,356.270752,89.336044
659.422043,133.184975,356.763000,85.722183
661.573792,119.976696,338.937347,92.033150
674.884201,113.936832,313.220703,88.071312
674.237076,104.615749,299.996582,93.400063
680.625809,96.562546,279.373657,100.038147
718.065804,92.705132,229.914505,98.415695
658.944321,86.775539,277.711975,99.834938
699.027611,80.059677,222.285263,99.045044
678.883141,76.701408,235.707993,108.261765
680.061928,66.981926,216.235855,100.285995
673.390671,62.202404,212.341614,100.969368
674.216522,56.832108,205.586639,107.973511
681.931427,52.898746,196.075043,107.096642
667.127487,50.622173,210.060974,110.070198
663.321495,49.363739,207.455002,110.867340
672.942421,51.605915,191.233597,99.615044
669.342003,66.174595,185.985092,98.306175
662.872551,72.703869,181.658188,100.808907
688.455086,83.647144,143.847488,95.781731
688.980392,92.214684,131.056030,101.669846
668.550972,102.111320,149.455704,110.268967
648.959145,112.690868,169.542740,108.945686
618.188721,114.269108,201.689178,110.305992
591.629585,113.957985,231.552261,121.150894
562.670990,112.014984,262.500702,141.250336
528.490250,102.766533,299.686768,164.356308
497.222046,106.041077,327.391754,167.294281
469.414352,107.496147,367.966614,167.843857
442.677185,100.947868,401.625641,169.159897
412.863937,108.281990,442.633362,170.169266
380.830856,118.868622,482.152283,163.883209
353.044586,123.474289,508.599701,153.099121
311.889297,124.587769,548.130859,168.847626
271.475632,133.189514,565.114075,162.533783
244.220810,132.270996,550.266174,169.990326
211.863449,128.564987,570.696594,167.271118
186.160812,130.509102,577.199280,163.231155
173.010391,125.674843,583.578369,171.854507
168.297653,109.116341,581.074768,184.615067
162.996628,123.298073,566.731995,164.071304
160.386978,115.847092,590.417847,157.898926
165.375412,115.885963,603.170471,150.652847
168.654800,89.896408,610.057617,164.833862
174.906326,95.296837,637.509277,151.601242
194.106033,79.929779,620.853271,150.449249
214.945908,62.877449,588.663269,156.831985
239.511429,50.399506,578.064819,165.384918
257.989822,44.899239,552.950195,163.230179
252.855881,41.706741,558.722473,158.154114
285.654312,35.037811,546.168701,159.861969
300.037491,47.647095,557.617554,162.031219
332.281570,59.520546,563.697754,160.362320
357.517319,86.357826,530.073669,161.046524
381.416916,107.156624,550.858582,147.047318
382.234177,126.340569,514.647644,153.285873
382.696701,142.316544,494.966003,143.314880
402.530807,155.309227,455.920349,135.843063
412.548233,166.264420,435.738159,143.888977
426.076172,176.947861,425.000641,137.409302
436.049728,179.042038,384.664612,141.299805
439.227768,178.188568,362.580139,151.686310
435.037216,182.795715,344.059143,141.207367
438.690735,176.449677,322.153595,138.663116
432.000732,172.762314,323.866730,141.938965
461.494949,168.033096,316.378662,142.127502
456.495941,156.381828,353.771942,130.473740
498.930069,144.138008,334.759644,129.101761
508.011612,126.435623,331.768433,143.814758
541.352173,117.511673,316.769562,121.881287
564.207413,107.067703,292.502258,118.294739
589.798309,92.583801,267.790375,127.744049
598.090500,90.360126,234.187378,118.031303
602.753929,88.253643,230.157761,123.862007
608.840683,84.865067,208.609985,129.596680
610.989418,78.687355,236.345901,140.366531
639.135361,72.050491,214.132385,154.093689
653.740303,78.773926,209.226822,153.894989
665.354431,96.433548,228.187469,141.097229
678.837311,111.400520,243.910858,140.893631
680.119736,120.371849,273.526062,132.466843
692.256577,123.551941,296.116028,131.056061
701.126160,127.915482,325.119049,128.988281
730.393494,129.876663,327.652252,133.170532
773.929779,127.379311,317.700409,124.391068
804.721313,124.083679,320.193878,118.994720
823.497040,113.080963,333.698578,127.108795
842.202759,104.644901,339.401154,119.623131
839.487061,100.800640,361.520782,118.980171
830.301468,97.105087,388.400024,110.965393
824.201675,93.446796,414.153687,114.695793
825.852219,93.343567,438.891296,112.225983
829.973984,87.687813,442.992859,114.718521
833.095337,84.402138,426.847809,115.700394
835.043488,80.382710,440.057587,112.316154
841.631805,75.801128,434.365326,116.889107
841.843002,78.827217,430.394714,115.166031
851.413086,77.078861,425.757111,110.962059
839.130402,79.064835,435.861420,112.707275
847.633270,72.008919,422.656219,108.738174
841.520950,71.145275,429.909912,112.277962
827.564301,75.709194,431.662567,108.152077
827.002533,76.828300,424.364960,105.198044
823.803955,81.747604,428.827423,110.809998
810.159286,90.062531,430.877747,106.862030
774.803650,98.479206,470.011993,101.479118
757.438095,103.189342,477.650574,100.868660
752.020905,105.221626,475.133148,96.819717
733.561691,114.277973,481.679749,104.782341
747.755341,113.543690,450.294037,102.180351
723.156540,123.730995,461.300110,98.118240
708.274734,127.707909,464.920410,97.470078
697.565628,130.612743,466.885010,96.465462
686.579193,133.542309,476.863007,96.191048
683.543961,133.009686,469.306152,104.197823
694.233429,130.327957,457.144867,101.724487
676.717438,129.404026,463.738617,100.885460
669.425964,125.750290,469.573029,101.987000
669.847931,123.773331,461.523529,103.422363
679.639206,124.279823,456.790710,104.871536
689.124832,120.011673,450.646606,99.233521
682.837845,122.405060,467.101318,98.031830
678.983353,117.206215,467.171265,102.542557
703.330505,116.019920,452.024323,107.400620
710.916733,111.843906,460.810486,111.439903
711.099228,115.047024,477.726135,109.024269
721.027573,111.719898,466.343201,116.887260
727.716446,114.420021,469.789917,110.497635
712.505219,110.186615,481.873016,115.479218
730.726807,111.281490,469.884918,115.734901
720.662842,109.790405,475.841949,117.215240
724.607956,110.856403,475.519470,114.122429
715.362503,108.405239,484.580811,120.497902
708.065155,105.763706,477.536102,123.620445
722.194595,106.034355,452.493164,119.759933
701.936935,107.395576,459.955750,115.548111
694.730713,104.680103,454.105133,118.776665
717.566284,105.291485,413.145538,120.918892
684.600769,105.502060,428.074738,125.220886
682.168396,111.567242,407.951813,123.141426
685.626602,114.358662,381.968628,110.362297
678.935013,111.827774,374.603760,117.386597
682.655258,115.376797,355.720886,106.330666
675.499481,116.633476,343.115387,105.427353
660.034027,115.246174,327.301483,105.805229
645.722626,109.725567,305.375153,106.534615
617.484467,97.920258,298.255768,101.811737
594.932373,93.565933,283.042328,99.471497
561.863037,87.168190,275.278168,106.841080
521.458679,88.455730,277.664703,105.579353
496.919098,84.657219,281.993378,111.365585
478.921799,83.158653,273.829285,113.801193
493.955780,80.135426,253.244415,115.225090
505.181831,83.153717,230.042252,114.777618
513.156693,96.184509,194.832153,100.528229
515.353592,103.333771,168.770874,97.914642
528.812737,104.310486,137.370102,94.448700
538.334408,98.187752,117.401039,114.116287
557.296642,93.094917,96.367073,115.953995
482.198029,75.373070,172.875366,130.913193
516.311356,71.417953,136.009369,129.794617
545.863811,70.315742,109.107887,130.448868
558.170113,98.136150,85.464218,104.217354
544.212227,119.307957,87.180008,92.796410
534.669312,93.189991,89.749237,104.767235
528.798313,88.068203,89.115715,99.433937
528.721657,96.888496,88.061569,84.226822
529.920177,97.970787,95.632912,82.841049
528.454914,97.836243,100.485649,80.737793
513.758049,89.490887,117.035873,95.563148
510.960785,81.060436,128.788483,92.807808
511.750069,68.824467,136.172195,106.598717
516.597603,70.551556,145.209183,95.583809
519.789001,78.955704,162.896210,85.141479
536.018417,81.510075,174.097534,80.181908
558.297668,77.751701,179.533966,76.884140
564.543098,78.130096,193.152542,77.897797
591.786949,80.243839,179.096176,76.891319
592.264275,82.366158,161.360519,81.645462
597.173569,84.594585,162.758667,80.759102
599.664383,86.414333,160.484619,90.255898
581.802330,110.133495,163.741440,86.444649
576.310043,118.209061,168.188843,83.627625
567.709671,128.351524,181.896057,80.441696
560.619659,139.805359,186.708099,86.541351
533.351608,165.240910,212.972595,80.587425
514.976349,174.754681,225.904633,77.113838
507.357635,178.067825,237.742584,83.181763
498.201973,186.690632,247.541458,73.304985
493.419662,189.542248,240.808411,76.239815
486.260551,191.322777,226.001999,68.107834
469.960930,184.544895,224.166183,66.649925
453.525032,176.056511,222.759720,73.671127
443.851700,168.134300,218.632996,80.866318
433.213783,153.335556,208.521866,77.075867
428.550285,136.850395,201.272873,79.345871
413.520981,121.825363,211.476379,79.994507
398.461411,114.965546,215.394470,79.482208
386.726471,110.502563,233.270599,75.575897
379.022263,106.482269,248.266541,72.815826
372.794785,106.265083,267.549377,70.953262
375.006577,101.913509,262.999084,73.455666
364.748367,101.445263,259.861084,76.820747
361.571213,107.849258,262.855164,75.660706
361.563385,107.667683,261.039337,74.101921
359.527588,108.950775,250.115570,74.201263
349.300682,109.110168,251.591049,70.981476
349.558792,112.109299,238.275452,72.598450
340.859253,116.873520,246.624298,68.977722
338.915039,112.019650,241.541351,73.841042
342.450172,118.727119,230.209122,70.827957
330.290977,128.162750,253.281845,67.754669
335.072433,139.529327,251.011597,69.344696
334.118927,149.745491,263.708344,65.477493
317.263992,153.193615,287.716370,68.046761
341.170837,158.108868,272.828339,69.829659
352.696609,165.103737,278.687439,69.202469
362.031143,164.714912,329.600281,69.739456
372.896103,165.686817,286.762878,69.755241
383.068207,170.713650,271.710846,65.470863
393.977783,174.938164,268.175446,66.229782
406.352570,177.962376,263.506378,65.115074
402.790192,172.365856,278.647247,64.651497
423.009125,150.199810,270.020782,65.482124
425.136581,137.061646,272.535583,66.418304
425.954788,127.706665,274.043762,65.341034
426.557739,120.840847,271.417999,68.475441
419.876556,120.022131,270.026642,63.146259
408.438309,118.958857,284.025146,62.845684
394.990128,118.141449,287.929993,62.449432
387.002884,119.855110,287.623718,63.627335
379.757080,119.422993,284.802338,64.458122
377.329803,127.041733,284.716400,62.841492
374.503326,133.181984,289.539703,63.196121
375.595169,137.418589,283.713379,63.578747
372.946228,143.804607,295.146576,61.534309
377.419067,152.252850,294.839264,60.098396
385.734421,155.272923,290.605713,63.803917
381.696991,160.496645,291.846954,58.944668
391.262299,168.719454,273.118500,61.708035
396.789001,177.409388,282.014740,63.059185
415.564484,179.364971,280.393097,60.336189
429.614487,180.349588,281.731506,55.088879
445.759598,177.821039,281.922485,55.902264
446.086502,177.631601,289.957275,55.496227
449.862823,177.050901,292.893829,55.396763
459.332306,172.574366,291.519257,58.109905
464.625351,170.433437,288.689453,58.973061
466.185715,169.493490,294.043152,58.034657
475.621902,167.811050,287.955322,60.951843
478.220139,168.552168,285.585327,56.997746
478.992294,165.798887,288.141846,60.562290
476.575943,166.931410,291.133179,59.589481
477.159348,167.529625,291.474731,59.291306
480.410507,168.198744,287.992249,63.080448
480.600235,170.896574,288.240173,61.727573
486.961807,173.231518,281.109192,61.347969
489.416016,175.808025,277.993500,63.029427
491.826660,177.769627,276.084198,63.184593
495.131287,179.845863,274.776764,61.299088
495.682251,176.628405,273.971954,63.633175
495.755127,176.472042,276.355743,62.996010
493.818985,165.353840,273.860840,68.166435
490.030273,154.939411,280.224579,72.156181
492.454575,152.221878,282.278320,65.951294
485.760544,149.656654,294.008972,70.105972
487.480850,146.540379,298.376038,72.064903
481.661285,147.768009,303.622101,69.951378
479.950256,150.686459,309.820770,68.155495
480.267548,150.068516,310.113495,71.790245
481.732208,150.472065,314.761871,71.531975
481.082428,148.729156,317.078888,75.224030
483.094055,153.995575,317.088470,72.502594
488.001328,157.599152,316.357239,70.298798
492.782532,160.294540,313.095245,72.788330
492.859650,161.740673,315.571991,73.660286
492.008057,166.191021,317.035431,74.432747
488.413254,167.666565,319.615906,74.968231
490.041458,169.946552,321.551331,73.308098
484.226059,172.606503,323.878662,75.057289
471.927475,176.279053,322.654907,76.986359
457.510880,179.357353,324.511475,78.011826
439.470993,184.922043,327.157410,79.873230
425.222824,191.150326,328.119263,79.353310
420.810165,196.005478,319.386230,80.076172
416.055588,198.355827,321.238586,77.631210
419.942093,197.883312,311.177612,75.398445
415.363785,199.502213,305.122864,77.185181
406.660339,204.270111,297.595856,80.830536
402.814850,209.481216,288.978180,81.981323
402.014206,216.895374,288.887146,74.121147
403.313766,216.066010,286.135986,77.355560
401.683701,216.981472,271.519958,75.521156
400.435745,221.435711,282.512939,73.154121
426.659119,226.237465,269.349152,77.307571
444.149200,232.904030,259.928864,82.847305
457.106430,236.569748,251.349487,83.306274
467.089622,235.050629,243.018417,87.248322
478.688179,241.593117,243.645950,90.354385
488.640739,240.909599,241.787704,86.667465
498.281601,243.380917,238.791443,72.882118
511.889854,239.401711,230.860214,81.830215
523.242470,235.995522,216.337357,85.758621
533.748528,230.445911,203.605881,77.590508
542.813805,233.205746,195.694809,69.481239
554.655571,237.151890,174.354233,76.421532
566.054192,238.280754,157.734116,73.409775
576.458549,247.733948,129.429001,73.740082
589.536060,252.204994,108.945702,75.524460
598.341702,257.646118,101.642799,74.893433
603.223167,265.370529,106.162003,77.752808
613.647072,278.189030,105.575943,79.069115
611.263760,294.256771,122.507179,78.292580
621.081024,306.862270,125.221222,77.867287
622.955406,313.217163,141.725693,79.168060
636.743828,320.809242,148.076706,79.360306
650.053467,325.998146,158.552887,84.382278
659.022247,329.062279,173.514313,87.251816
680.991531,331.197289,180.460938,84.134079
691.215515,334.864117,200.594757,88.526436
700.790054,328.052227,227.730713,93.371712
716.543709,312.797409,247.537491,101.842224
722.099899,305.457115,274.922668,97.987106
731.149979,302.272915,303.673828,101.658546
730.277069,303.891842,329.822296,95.755959
720.974426,291.215256,361.568817,104.252686
704.954208,285.001419,391.744995,103.421692
692.714294,290.836445,418.303192,99.708611
689.465240,292.969860,431.182159,100.141975
694.104507,288.820099,432.015198,98.040741
685.469635,284.582363,450.852692,99.539162
679.977997,280.381218,459.474274,101.025314
687.945999,281.443188,457.575989,101.305061
680.668716,282.254028,460.010803,104.807404
675.383026,288.608665,466.755157,105.108017
675.344238,295.158958,460.887909,103.310043
664.792053,301.262043,465.433929,102.676262
658.637405,306.725735,463.751160,100.021095
655.563171,312.617401,458.362152,99.197113
645.782623,313.862167,462.891876,101.732849
623.232010,314.801094,467.155701,104.002213
602.036484,317.108051,475.858154,100.996574
585.444626,313.283054,483.739136,104.292809
575.524094,312.257641,473.081055,103.022346
583.057709,306.641670,467.627472,99.078629
578.057037,304.165504,472.883331,102.751419
572.419281,302.494671,472.708771,101.827705
571.987946,298.501190,473.293610,101.957733
562.097000,291.832581,485.328308,99.580353
556.289597,285.432465,474.077393,99.941254
564.019135,269.901188,467.568390,100.856834
555.617661,255.125233,478.286621,101.241386
550.380814,243.138294,477.955261,99.392143
574.191025,229.564831,452.632202,102.703133
572.218033,229.310280,461.784241,97.375076
592.972855,211.832336,438.421936,105.308502
597.564240,212.046638,445.169586,101.060074
608.365753,209.022881,431.038971,99.236496
608.264023,209.173748,432.111572,95.992500
617.790161,200.221470,422.952118,99.427147
616.646179,200.944462,431.992523,97.530968
620.408920,187.489716,420.177917,102.777618
616.488953,190.885143,435.462433,96.701729
609.438858,181.701435,449.480103,100.636223
615.675140,168.376457,449.263031,103.731369
608.374695,164.881668,455.399445,104.515869
622.900421,157.828159,445.527435,105.289513
633.720367,152.247177,439.238617,104.093567
638.491531,151.372536,450.441284,101.575638
652.868668,156.589718,437.639160,102.474159
664.066833,162.876022,430.113434,100.796448
675.417084,169.194950,431.836395,98.526390
689.298981,176.036484,431.068817,102.572571
711.238419,189.552776,416.275757,102.811348
718.882233,204.502567,411.880707,100.367455
726.144608,212.972023,419.692383,102.400345
733.273453,218.508442,415.568359,105.685173
738.288025,223.800419,416.059479,100.773582
744.858994,221.611099,410.929504,107.064575
748.317001,227.788986,413.829041,102.947083
756.620331,229.317562,405.781830,103.527992
767.706787,230.775909,390.609406,102.880951
773.414200,225.604031,375.942993,102.543678
777.180573,225.833714,366.377350,96.914757
779.581604,223.544598,353.595978,93.759529
789.764526,214.558735,336.594269,96.321709
797.929642,208.173668,319.945251,94.277451
800.873291,199.208500,307.615631,93.101280
798.423553,196.631844,290.706329,90.971939
787.885468,188.530544,272.667938,92.716774
769.487137,181.889423,266.716553,93.729546
756.879547,176.906796,257.962616,88.241798
741.267860,170.109261,239.028397,89.185318
726.380127,173.362194,227.660553,85.555672
736.865471,164.770374,191.540268,88.544548
727.120712,164.811169,176.994751,83.211739
719.365135,162.560360,152.570541,85.918312
721.970650,161.147667,118.829483,91.484726
720.141926,158.513268,99.090782,94.999741
708.112537,157.163029,85.354179,105.565819
639.018784,134.774624,134.583130,126.343300
641.449551,125.325043,110.241554,116.001556
626.163033,127.878666,116.585526,120.621910
606.377254,144.198341,126.374245,86.924820
594.199879,147.201225,124.976799,81.483200
580.435570,144.797470,130.784897,86.618774
565.813278,141.333363,140.639771,81.478630
554.231564,140.277882,104.706917,84.008965
529.622520,142.698460,109.787430,78.952873
513.677181,148.551525,116.978951,77.586159
505.606709,144.887688,120.815880,74.963303
496.301453,145.775848,128.125732,73.594604
484.850563,144.884422,142.593643,73.141647
477.740608,146.985737,150.993820,72.766899
477.401138,145.724747,168.431732,72.025269
474.342857,146.557388,184.332657,71.682312
474.590630,146.296673,195.511368,71.797127
479.513893,146.899029,205.058884,67.507454
491.005951,148.239216,192.565063,67.445793
500.361290,149.291523,182.589920,64.918877
510.602089,150.933029,168.591110,67.138916
525.181419,150.129238,155.223465,63.187721
542.146927,149.703892,142.038849,67.107109
557.400932,148.985188,105.400620,68.910240
567.743629,146.587925,97.083328,71.672112
578.825069,137.751236,123.870918,81.323700
594.311207,135.876030,119.073509,83.145950
607.917995,136.943020,97.590218,82.636177
622.860863,138.334568,84.173660,74.891899
640.023205,132.187889,83.914680,81.781845
654.711750,155.883410,92.123741,60.546169
669.060875,155.447668,98.407120,61.749378
687.561401,158.725517,94.350616,60.587906
700.945129,164.928152,89.192230,55.896778
701.333439,161.255493,93.162560,61.651978
704.173405,160.984779,91.254021,61.116440
708.849464,157.886406,95.831741,64.259995
715.060150,153.133816,93.117950,69.786171
715.708828,145.482147,97.810829,74.184845
712.703369,133.522507,100.336700,84.473145
705.568188,130.102428,107.880287,86.001472
696.510284,128.819160,120.124420,84.024551
697.230793,132.483307,125.009270,78.018402
699.462685,141.960739,128.957260,68.829346
700.998199,149.362207,130.982117,61.938702
712.899693,143.409275,127.198570,65.765465
731.101196,141.695530,115.890594,64.605797
708.612709,139.961601,152.727371,70.677902
705.024590,139.880177,179.660751,68.567253
750.992661,135.829540,140.498901,69.470222
730.109390,131.941216,176.968628,70.055771
752.705070,130.949989,166.626328,68.767715
760.441742,132.217651,166.449493,69.911896
754.290436,131.682487,188.035492,68.907761
751.968826,130.566952,206.972473,67.040199
752.548233,128.324944,215.725098,69.249191
751.712265,134.432491,225.224304,66.033058
760.301697,130.853519,224.168793,68.476646
767.835754,126.645645,231.352386,70.250549
771.088806,129.564926,237.089691,71.086243
788.115974,134.302650,232.348160,67.883987
805.173851,135.333500,226.002304,67.064537
814.007584,136.477116,224.167847,68.149437
830.471283,136.646019,223.694183,67.132065
841.139008,134.513790,225.748932,70.627052
843.238167,138.224667,242.892960,72.372841
849.773933,141.374718,248.005997,71.219223
855.404282,143.297279,249.712524,71.128677
859.132950,143.762779,259.608337,70.029037
862.385681,141.249161,265.194672,73.102600
863.611267,142.642464,268.871490,69.107193
855.251785,143.603428,277.829468,68.277977
865.635025,141.943512,266.318542,70.050323
865.959732,138.482754,268.028564,73.041542
861.048904,134.296207,271.913757,67.351280
853.164871,121.974083,277.053223,68.725510
853.206284,116.415993,266.694458,65.611954
842.501724,113.943642,272.408203,62.028030
837.221054,112.830585,267.879333,65.430840
832.816879,108.925789,267.274109,64.931290
825.594009,100.116096,270.275452,66.769913
821.235474,97.594860,265.656891,66.512459
813.473801,95.991066,261.817688,70.082657
795.533569,92.653385,271.854034,75.324486
787.741257,97.403988,269.253235,75.019081
794.025772,99.861172,257.585022,74.866127
784.283768,105.538681,260.021179,72.638306
781.241409,110.709835,258.505188,71.510292
776.589172,109.550102,263.333160,76.118393
768.144104,116.411724,265.751617,74.014046
756.869873,127.399071,268.250519,68.833359
745.142563,122.836121,271.612793,74.029266
742.802734,126.899223,264.940887,70.770370
737.639694,138.896492,261.879028,65.745438
727.608902,146.253441,264.015564,65.020493
716.605133,146.980122,259.864594,65.108696
722.599731,143.859486,256.201996,65.524712
722.253807,146.252754,248.351913,63.141861
723.299385,143.688877,243.506668,64.425133
728.004303,140.153236,230.099701,65.646622
709.560371,137.869263,242.433914,66.640961
714.268311,133.919708,231.595612,65.400665
703.084221,129.011986,239.126938,65.354599
693.907036,125.479839,240.843185,65.396004
685.474426,122.536324,247.661957,64.357010
679.005775,114.510700,250.394424,64.276970
673.471313,109.052345,256.104401,65.723526
670.731888,108.166458,260.060181,65.565979
674.361702,106.005325,255.677567,66.721558
682.098946,107.232986,250.849747,67.093994
691.675423,109.037216,241.586075,67.001160
702.365959,108.778660,240.838974,67.627953
723.159851,114.615551,232.977203,67.936348
734.312706,115.252602,226.015915,66.407547
741.193710,120.039879,227.593872,70.660263
743.665329,127.230469,229.760498,75.725616
745.398315,130.181881,231.331818,73.390724
747.498993,132.850433,237.499420,71.328583
748.826111,129.152550,242.848724,77.164047
743.062134,129.072079,254.136688,76.270119
744.551651,126.134514,250.588196,76.977646
738.160728,124.047646,254.758163,77.463516
730.446304,122.515617,257.659973,76.790634
724.639557,120.833153,256.533356,81.427475
719.067497,124.500393,255.394760,77.035744
719.960167,128.897961,241.440659,75.825630
726.379578,130.651867,225.644501,73.187569
736.675270,130.854477,203.737625,74.365723
740.067383,131.396179,191.511200,76.383514
751.699516,137.091290,174.356552,73.298286
690.015961,130.958885,229.436066,81.824997
752.256508,138.562622,161.220169,76.732941
692.964699,137.005024,211.019730,83.979362
748.478813,145.818729,145.597275,78.516502
740.114639,154.241386,145.185974,79.286667
729.769524,157.308208,139.791733,80.739143
723.956589,159.877773,130.254425,78.906044
712.516197,166.568317,118.659683,75.396477
689.546085,170.792198,118.651878,76.338852
678.471329,175.789982,109.234863,73.212975
660.586304,178.538940,111.406616,71.187500
646.880268,181.720322,114.887627,69.435638
636.735580,180.070061,110.891724,73.926132
625.076488,177.486233,123.154732,77.083717
612.166222,181.772938,142.935104,77.697533
598.539352,180.387062,154.199860,85.701279
586.352486,173.786758,170.194016,89.409332
580.663933,169.799973,183.893204,96.304718
576.720123,170.384483,199.920898,96.439285
573.525391,158.267296,222.665710,109.811111
563.937492,163.233364,244.275833,98.348457
546.620667,159.591110,267.500916,101.002838
535.317688,160.947357,290.287048,103.357910
517.833679,158.218632,300.814819,118.366508
497.707901,158.810043,322.832001,117.315887
477.709076,159.708176,342.054016,117.364044
445.070801,161.162029,369.622986,122.531593
420.150299,156.305553,348.606873,116.839882
394.994949,156.699818,379.567413,106.994469
371.507095,156.696087,382.321747,118.336220
356.330338,155.015430,392.092377,114.508568
343.633972,151.767170,398.502441,108.882652
327.373810,153.697243,416.329651,105.900314
312.318985,152.051529,433.790985,110.311371
302.805145,159.133820,448.591248,113.649353
297.649780,162.204025,451.878418,107.499420
302.033890,162.680965,442.543304,105.848640
310.412964,159.833645,442.941528,105.690742
301.392731,159.146164,463.489685,108.026764
299.328873,164.106216,470.568939,106.760712
305.054413,162.364975,449.497742,110.140533
314.685394,157.987671,448.731628,112.764526
332.798676,161.916012,437.800354,108.654915
364.842438,161.497334,410.230408,106.022911
376.990540,161.572441,416.081055,106.364517
389.931549,162.632610,400.418274,102.619789
402.139160,165.454182,407.050049,107.710411
419.682739,166.064011,380.804688,99.087311
431.021301,168.965611,384.517944,98.031487
438.147522,172.195202,376.015503,108.296364
447.198318,173.952267,355.085358,101.800606
453.490433,174.453953,329.087250,99.242241
467.723190,168.811863,352.340240,107.737053
472.499481,165.598251,358.835632,107.730682
470.573608,167.961071,273.737915,113.278664
464.709320,167.045555,281.652222,108.286880
465.955429,148.383148,329.820404,117.972046
458.368256,136.542801,316.206604,115.259552
458.399780,126.588715,293.963318,122.036377
433.143585,142.252487,278.958679,95.949921
416.782379,140.239815,277.822632,84.523972
406.320908,134.886467,280.418182,81.547928
396.952805,126.863659,286.640411,85.739601
396.281937,119.390717,277.587372,88.420410
385.231873,121.420929,276.889465,83.994629
384.804184,121.798801,266.318390,80.112541
377.610840,122.481411,304.865662,90.285652
373.368027,124.544109,305.421234,91.572060
132.716003,95.621376,467.122620,124.404404
2.258820,94.223488,536.534973,128.883774
4.677795,94.078262,520.370850,125.748810
6.235504,94.289600,524.625061,127.434044
8.960175,90.116253,547.196838,127.962624
50.919189,84.336967,533.888794,131.681839
86.636230,79.589478,533.136597,126.717957
115.941315,78.295414,536.181458,121.958183
139.846741,69.934555,547.048828,117.975800
167.184418,58.936817,548.302063,126.953209
190.349945,38.963783,550.048523,139.142929
200.980896,35.575020,564.011597,141.476364
219.646057,23.972443,561.760254,145.694458
239.482086,17.344460,571.734802,148.019272
220.661896,9.415146,613.210754,150.267670
270.910919,2.818146,585.153748,142.806519
313.542236,3.703423,560.877441,143.916092
74.167908,56.474304,309.596252,116.333435
328.088623,35.545956,327.926819,115.542427
15.727158,90.588326,266.827209,84.191452
239.447838,43.243351,247.190781,118.757439
420.356873,78.746696,328.335236,107.098526
455.698898,94.981052,541.927185,116.675346
469.284195,108.555527,546.950928,114.042633
508.600113,129.540108,522.645630,120.365219
533.050293,152.033058,508.953522,117.272018
546.302338,165.447613,505.523407,113.315346
577.031494,176.609245,487.470367,115.531387
