644.000000,316.000000,103.000000,149.000000
644.624954,312.128853,100.774628,151.780075
644.295349,310.201576,100.048035,152.666428
643.204502,310.136192,99.155815,153.010818
639.164795,311.765762,100.570496,152.526337
636.161892,315.745918,101.490852,150.877182
632.002178,317.885582,98.607216,153.731400
625.319801,320.633957,98.627243,151.422943
617.869793,321.042259,97.506752,151.465347
612.028717,320.701500,98.530884,149.944290
606.212734,318.400352,98.429878,150.935989
599.270298,314.632324,98.447746,152.783875
590.242645,315.726303,98.856262,154.757538
580.978703,319.272781,105.081841,153.367584
574.248169,322.801552,109.100464,153.011703
569.493160,328.030136,114.256172,149.717560
565.837910,330.317490,116.512108,148.385529
565.446102,328.774742,116.065681,146.593338
563.532711,324.972672,117.103828,147.342010
560.976212,318.313202,117.865509,147.211060
561.155018,307.342949,114.612267,148.785416
554.950596,304.108749,111.775322,147.817596
551.905033,296.199051,113.727470,150.707001
548.606453,283.428429,112.972458,157.931778
544.047394,279.376427,112.418945,158.042313
541.326626,266.699417,110.703804,165.219147
539.495682,251.043488,108.035248,174.187805
533.586357,233.331612,109.372391,187.639023
526.402523,222.984360,115.023018,185.772797
524.055767,225.105629,115.965492,178.014511
524.985584,226.164307,119.550804,173.841187
528.268440,221.985802,116.349411,181.036453
533.313744,223.480743,116.797745,184.661499
538.403286,232.129234,117.516914,178.812149
551.231930,234.009361,120.578072,176.385025
556.787128,230.848900,121.613121,177.044266
562.021667,227.243416,121.298889,177.905197
565.889194,222.359055,122.223442,178.762115
571.211586,222.206787,120.776657,180.572510
573.887276,222.833374,119.460434,178.965271
576.501438,221.194687,119.689934,180.650421
578.069851,216.535271,118.259895,183.770523
579.835075,214.211639,115.185135,185.694092
581.599155,213.409325,98.813408,186.379715
578.027100,216.943497,103.171448,184.736237
569.888779,219.823364,115.991425,177.025146
562.683716,222.335442,140.125732,174.134109
556.396408,225.927246,145.544647,168.421448
549.603615,225.782211,150.975266,159.660004
545.339912,223.192505,153.191574,150.545410
544.487434,220.951447,154.151596,146.919373
541.448586,220.408081,152.932114,152.007690
536.611023,225.044838,162.493042,159.045456
530.706329,236.927040,163.962708,150.720566
527.709106,241.124702,167.177246,149.723801
544.198090,255.483513,151.065247,138.074600
539.393501,249.803017,155.793564,140.199936
532.559731,245.839462,160.461105,143.741669
553.632370,249.041824,133.713654,140.376862
517.167145,231.365158,159.781250,154.522980
530.208626,233.775482,135.291611,146.970520
514.628952,231.485840,136.981842,143.904968
499.409317,237.819099,167.769928,135.524704
483.603775,246.155109,168.528168,123.740501
491.712120,248.432774,149.548599,120.895256
478.606834,234.531250,148.211197,134.154785
495.613903,224.325432,119.213234,141.447647
501.022446,233.388527,99.251984,133.800949
492.357193,229.649117,101.067657,136.329208
483.307411,227.783051,101.370346,139.870728
480.081425,224.745407,103.937614,139.649139
476.120903,221.596558,106.713760,139.831482
469.516346,222.410980,114.090599,137.598083
468.991196,220.815010,118.141388,135.216293
483.889210,226.298286,115.766747,135.479355
451.124672,225.373375,169.412582,142.927017
449.663788,227.323097,187.213257,148.376694
513.262482,246.787743,137.232544,130.971939
490.485191,235.545654,173.495804,142.844238
530.662270,236.968819,143.270981,143.426987
537.806541,231.995087,143.469193,149.272278
534.814865,230.242485,145.303802,153.022476
539.543671,229.133751,146.703918,157.131668
542.259850,220.846153,149.797867,165.864090
538.443932,227.721207,149.336380,159.748322
542.435257,225.785370,149.633026,163.041687
547.708893,228.910217,145.906372,160.282349
540.617447,232.597961,156.654144,154.467346
538.038368,240.953323,161.329697,148.521942
536.755440,234.798111,159.088913,154.461395
537.416580,234.440598,162.032257,156.658356
538.116508,241.445450,160.878555,151.528168
542.790405,250.154495,154.719971,145.329376
543.906670,244.194672,152.207840,151.893921
546.313011,250.739281,150.818558,146.001602
544.943771,247.613472,152.514374,149.376755
547.692291,261.972282,151.319336,136.224014
547.364273,247.947937,148.163788,150.769470
548.090538,257.110741,144.378616,141.855118
551.783783,264.831223,139.245056,133.935516
554.383896,273.965946,133.102936,125.024162
553.097290,290.590698,153.146484,107.901978
547.988655,298.940052,166.833359,104.507957
541.883514,298.223579,169.469666,101.741013
546.016060,325.466812,163.559372,75.626190
575.402809,282.185101,137.037216,118.996620
574.869965,264.337852,136.371948,142.313614
567.318954,255.197792,137.100616,150.451706
560.552147,294.917049,148.057693,114.636604
572.747486,291.194614,125.140526,118.201714
566.112190,278.508045,130.538803,126.837059
557.740967,255.784805,142.210571,146.302094
555.319939,260.601173,150.102432,142.700424
557.068916,258.021622,138.625107,144.661469
558.471893,256.597923,141.438721,145.607803
555.310966,255.698860,139.844131,146.697250
554.417671,255.134071,140.786789,147.242233
556.669701,250.867302,139.582352,151.410416
548.836601,247.337479,147.672318,154.766266
567.341599,251.061661,133.927826,149.908295
540.135597,252.555489,171.968796,147.330795
541.951881,254.541656,171.851791,149.083862
552.988205,250.089127,161.031342,153.974701
547.947334,260.842316,164.036301,144.062256
574.060593,261.635162,135.815643,143.051758
585.605225,263.992126,123.300415,136.467224
596.770359,282.626343,112.563286,118.395081
601.076305,284.034698,104.648415,118.799438
595.158955,285.654800,109.074669,117.443024
595.278618,286.215752,107.203629,115.572220
593.239899,283.460220,108.757935,115.959869
594.858231,279.165497,102.947113,122.232361
596.643444,272.706253,100.374245,128.699921
592.773689,258.960655,104.150864,139.919449
598.042397,244.521751,99.970322,151.500931
597.466877,242.056465,105.469810,157.053757
602.404659,237.125175,97.372932,156.890152
607.158123,234.912895,93.974342,158.553360
607.312607,228.179604,88.735138,172.161179
610.703537,225.360542,84.254059,177.274582
601.194424,216.131607,93.573250,187.556488
604.463524,218.706085,89.365067,184.070435
592.090099,223.303490,101.842873,180.065323
587.931679,220.885109,105.141953,185.376694
589.035358,217.759995,107.787254,188.859406
593.875652,217.853607,100.454384,190.012207
587.496410,219.453217,106.516090,188.240295
590.547260,219.174599,106.995079,190.344528
588.518230,220.661606,104.762123,187.729645
589.178192,218.838661,107.501099,189.654526
589.802040,216.788864,105.415146,187.588959
593.460709,215.159355,107.117218,189.201797
597.649384,216.217125,100.634583,187.342300
596.837315,211.314659,103.147209,193.885025
593.995995,203.360069,97.669815,205.783829
589.537544,199.022194,109.909897,198.662521
587.713154,195.574715,105.040184,202.834030
582.011826,192.093307,107.699066,206.113373
578.278904,195.032249,103.178215,201.963028
555.210556,193.509003,123.479462,203.834412
562.428082,197.441055,114.668251,207.786102
560.303185,200.084152,117.098099,200.354462
561.794827,200.855141,115.288887,204.459702
562.794819,200.719795,109.543785,197.522995
559.537392,200.356201,116.641281,205.055054
553.857418,198.636986,117.834419,198.738541
548.316628,202.036903,121.661667,198.743698
547.421745,207.258041,120.544449,196.320770
543.371006,208.141769,118.859795,196.836761
542.680218,207.465004,123.318398,196.723679
541.671505,206.904655,119.144356,196.511002
540.684704,206.440430,121.207924,193.908508
535.984230,205.324768,124.284103,194.002625
537.080116,205.141968,123.427414,192.846924
537.086380,206.046127,122.997101,190.210541
537.705597,205.987625,122.002075,190.488678
535.841423,206.164108,123.005142,189.142426
535.856800,205.429581,122.459618,189.530792
534.034672,205.079659,124.018059,188.174484
533.512058,204.184372,124.707329,185.453339
533.665283,202.289665,126.916687,187.546036
533.474983,201.934059,125.609482,187.489120
534.420521,201.123093,126.182152,187.473480
533.490540,202.438004,125.843079,187.452728
533.339527,203.651505,126.206932,186.910675
532.653614,202.896202,126.545250,186.256241
529.382530,197.514229,131.382462,185.946335
523.604996,199.684830,137.502228,183.765778
519.989670,198.842484,141.290375,181.610382
519.186394,199.205856,141.500259,184.170502
518.500237,198.966705,139.975662,182.796448
516.357719,200.352173,143.445572,185.602295
517.290291,200.438568,139.787338,185.959839
518.375046,201.459953,138.165619,185.943253
522.291046,203.861794,136.092041,185.559311
520.108963,205.878708,135.454681,181.545502
526.401833,214.058182,128.576096,171.495575
532.106045,248.281891,121.293831,135.408264
528.544765,240.275787,123.669380,138.432739
503.830544,228.524734,147.737839,145.705292
495.490250,217.253365,154.174408,152.810898
494.638336,208.145035,156.059631,153.507050
494.950691,196.281380,153.436874,157.974777
489.480278,186.403976,157.142593,159.173126
480.448883,177.211288,155.737793,161.003387
472.032761,170.431786,157.126190,169.784439
462.466316,164.912476,154.270737,173.321533
453.860565,160.300064,155.436646,181.484711
451.481537,162.100677,147.839722,170.214355
437.953804,162.231102,153.079147,167.031448
424.442978,164.162964,157.593170,166.279297
408.384949,169.664772,165.704712,157.759933
392.407181,173.939072,172.116547,155.088959
378.060074,180.892532,173.131744,147.136627
367.115555,189.317612,185.292816,143.204071
356.871231,194.815048,195.425018,142.926483
350.981384,198.156425,199.995178,143.186417
349.193504,203.600098,198.782791,140.429016
348.342087,204.223221,196.150604,140.680206
354.907433,206.924858,191.052567,139.359756
352.173080,208.698410,191.930573,138.854767
350.027901,210.596481,192.326401,138.231171
356.537186,213.439278,189.700287,135.895859
362.758720,212.131752,184.231033,139.004013
368.596359,209.756638,158.484283,141.536041
369.156799,208.698631,176.203857,140.920303
371.682983,213.511269,165.401978,136.323166
383.149490,217.029930,157.412811,140.183121
395.767113,221.808601,157.909683,139.428146
401.774300,229.679077,152.498093,137.059326
403.970268,232.706184,156.855911,136.388657
408.771683,233.392059,159.223846,137.629089
413.095924,236.392799,161.056686,136.175888
413.845245,236.009682,155.639954,138.525681
409.086441,236.928680,155.656097,139.372925
405.713036,241.157753,155.625137,136.712997
406.862259,246.056587,152.072235,133.218124
402.472313,241.566086,157.519241,138.949188
401.581421,245.563217,156.959778,136.294281
403.822578,243.921661,159.693405,137.593201
404.798218,248.011192,157.871460,132.814224
401.013153,239.289246,163.890747,140.592407
400.839844,245.953590,159.347290,132.567184
399.008118,237.687714,160.403076,141.373169
398.848167,247.800850,155.358536,134.139877
398.528267,248.438629,158.418808,134.500732
403.516602,246.919991,157.988159,135.328171
405.130150,240.553329,160.604752,139.729889
405.742172,243.563622,158.644012,136.352798
405.125015,249.616081,158.535248,131.481705
408.735031,250.497208,155.859711,135.240875
409.345810,250.595352,158.106354,136.107269
410.015793,251.654686,161.630280,135.808731
410.477806,257.864365,160.779190,132.191620
408.560760,253.406837,161.011902,138.416672
409.154350,258.714272,157.014420,133.550095
408.646935,254.713242,160.481644,139.021515
411.381302,261.094109,158.785858,132.105301
409.242752,256.185669,156.579498,138.106873
408.251022,263.283195,158.826141,133.081253
408.625061,260.348038,161.444275,137.086029
409.176155,259.766548,163.220810,136.365891
410.280037,257.255257,162.689499,137.817795
413.493515,261.744835,161.242340,132.949844
413.299568,255.885727,158.635910,139.525848
411.767509,260.423592,157.742325,134.584641
411.421288,259.441643,160.430008,137.251175
411.563660,259.788506,161.844238,136.365982
413.296471,262.404175,159.195694,134.892029
414.745560,261.730011,158.692902,136.457458
411.352005,263.749809,158.498993,136.394241
410.361450,270.436096,157.367981,132.280823
409.493774,260.438400,161.972168,143.580109
412.910347,267.641663,156.690842,135.935669
418.482155,271.628143,155.447922,133.581299
412.513489,264.951042,160.539368,141.049637
415.360977,271.045044,159.620087,134.776672
414.150993,261.574196,158.154007,143.035995
414.324280,263.885880,160.761719,138.203156
416.756592,268.495888,160.389465,133.573898
414.095940,261.034988,161.125687,141.500519
413.720329,265.682922,156.440933,137.429565
412.554260,271.733353,157.630127,132.935699
410.862068,261.238556,162.689499,142.940247
412.192276,266.196793,157.949188,136.869720
412.353516,264.779762,161.851440,137.832260
412.793816,268.438583,155.277664,133.852814
412.778191,264.704536,158.845657,137.872360
413.345924,265.002510,160.516098,136.794357
414.592125,260.965347,161.878006,140.798859
415.321106,264.306458,158.480347,137.342346
415.878113,265.231491,159.872681,137.440155
418.345161,263.991135,163.600266,138.287323
418.718880,260.725868,162.273178,139.123886
418.979668,263.316093,160.834732,136.083572
419.174088,259.409637,160.075226,139.353394
418.183861,261.209595,161.264114,137.892761
416.914978,259.286026,157.649658,141.311554
416.383232,261.372879,157.985245,137.939545
415.297623,259.321053,159.760529,138.314316
413.881088,263.291214,156.948151,135.589142
413.650665,260.552887,158.116028,138.366150
413.902664,261.790749,157.331268,136.290695
418.865219,260.485466,155.803680,137.569473
420.415260,258.595840,154.966721,140.046173
421.457642,260.293427,154.258179,138.756104
421.614410,261.033043,156.520630,137.129227
423.854820,256.605965,157.326004,140.451584
426.155792,252.818985,159.341064,142.337982
430.903061,259.348450,158.092499,134.209167
435.455269,249.145935,155.351852,142.610229
437.779877,257.451881,157.413025,134.389206
438.277657,253.023773,156.799179,140.062256
437.088287,257.167053,152.200928,136.832092
433.214020,255.985405,150.095215,139.052017
431.884377,254.214905,150.898361,140.848267
436.414932,255.312302,150.476532,139.035858
436.265594,256.415092,153.228760,138.322647
441.879845,258.026741,152.288406,138.153610
439.293663,258.748268,151.325150,137.421738
433.080818,261.348221,152.410690,137.171112
428.094231,262.878799,151.117691,137.570648
424.848701,264.453232,152.653915,137.852203
424.336990,264.857628,153.825165,138.956009
429.633385,266.055450,152.650406,139.249146
432.824791,266.292374,153.518997,138.614655
431.960236,266.042542,152.142883,137.823486
431.259277,265.995567,152.298157,138.553787
431.737747,265.212662,152.535065,139.650787
432.066620,265.589676,153.675232,139.034576
433.043152,265.948494,153.674744,138.458298
433.165901,268.099617,152.017319,137.239975
432.748741,268.749847,153.834061,138.201172
432.862541,269.446930,154.031204,139.020996
433.513603,269.383545,153.622818,139.895752
433.696190,270.038414,154.628616,139.010391
436.004272,268.169716,153.499878,141.652328
436.186806,270.044243,152.357285,138.828812
436.230751,267.950142,152.674179,139.983139
434.548615,266.297562,152.197388,139.434174
434.640076,265.423744,153.025452,139.497360
435.394600,264.692039,152.879135,138.820389
434.839745,264.927032,152.769547,137.265320
431.748894,264.898453,153.004959,137.887909
426.700104,264.471474,153.452332,138.986008
422.286957,267.295662,152.014648,136.184433
417.314537,269.480278,152.687454,135.470596
415.257874,268.355820,154.641357,137.828339
416.958275,268.808357,154.701187,138.824936
421.051933,268.500870,154.130753,139.628143
421.395493,269.549980,152.917511,138.306168
419.623245,269.651085,150.338531,138.243607
417.197754,269.989304,150.058899,137.985382
416.741333,270.825935,148.642029,138.108749
416.412582,271.255623,147.623871,139.082626
420.263664,268.380318,146.634048,140.571091
424.464363,264.384109,147.730515,140.220062
429.728966,261.666443,167.846634,143.198303
427.847862,261.683243,150.308548,141.659576
425.890503,265.408813,145.512085,138.703064
422.036621,264.141830,149.910950,140.540314
421.586037,259.270813,163.001083,146.966187
422.060097,256.561485,177.804672,149.137161
424.983131,273.685196,146.996689,132.286163
426.056778,272.856110,152.883209,132.639709
426.486443,270.850937,152.453018,136.127472
428.556999,269.457680,151.747574,135.016647
429.446037,267.214195,153.481949,135.713882
431.087769,263.786873,155.912231,135.411545
432.317810,259.676651,155.587158,138.561005
432.488235,260.860008,151.456573,137.158646
430.524796,257.521286,154.771515,138.876373
430.886238,260.044510,157.837753,136.224091
440.288078,262.092949,155.528091,133.265701
441.520821,253.066856,153.444992,143.036392
438.460785,264.266525,154.053772,132.118744
427.302338,264.885284,156.034363,133.587097
420.800415,264.732857,156.090454,134.061752
417.247955,260.622620,163.610229,137.269348
425.848999,267.999786,156.825684,130.710754
414.365677,254.050850,170.159027,143.754013
422.054283,261.670128,157.763321,136.900772
403.820648,255.519226,170.098145,139.986389
404.131485,258.226608,159.613495,136.866302
381.684830,252.327957,174.191193,140.255829
361.454659,246.470497,187.600937,145.747543
341.789230,240.194847,200.302338,151.075821
326.868210,235.911728,195.033661,152.585968
314.497810,234.822227,187.623703,150.451981
298.147873,231.397141,183.004547,153.789215
271.718674,225.997475,186.921417,159.169418
248.377129,226.815636,183.952286,156.051529
232.654594,224.246658,188.235916,156.677643
218.779343,226.062874,195.387054,156.769028
216.755157,231.137733,197.550598,154.666855
220.346382,239.252251,200.653549,154.734390
235.030243,249.471634,183.544495,148.269867
234.392555,253.235359,177.746994,147.172043
233.751274,254.190315,173.585526,145.676865
232.224220,257.246574,177.177475,144.420059
228.852348,262.272171,184.533768,142.743256
230.739777,266.048134,192.824646,143.566513
250.280937,273.139450,192.900589,142.876556
267.561279,281.352158,194.359192,141.199310
291.737221,287.679581,187.303879,140.932343
307.876923,294.857254,189.649414,139.664642
316.694000,301.586212,204.263855,140.093201
329.838661,305.820633,204.157883,144.669647
362.876511,308.762413,185.754303,144.525894
387.264954,308.604973,170.533936,144.981705
409.008224,308.665894,167.189056,142.852783
423.840836,308.138847,165.960846,143.238052
440.217430,308.633682,164.164139,142.940948
451.166321,307.316696,165.638794,144.286591
459.987343,306.449135,164.253464,145.049728
469.659660,306.736977,161.436966,143.631821
475.792618,306.135719,161.221527,144.090744
478.149742,305.377365,162.077347,144.469147
481.067986,304.282219,159.252457,145.654251
480.954887,303.275688,158.933975,146.250320
479.977966,303.042603,161.433228,146.101562
478.663055,305.157539,160.777405,145.047531
477.731178,302.981583,158.732101,146.695770
478.004265,301.643013,157.642899,147.017990
477.491043,300.545135,160.858978,146.438354
478.719269,299.453217,161.140808,146.224915
480.935371,298.202469,161.334274,145.223541
487.990646,300.180977,165.219208,143.987656
505.089241,303.631248,160.474716,142.601761
511.565430,304.713974,159.651489,143.676910
516.447182,304.905441,159.644821,144.147858
520.335548,309.063599,159.617661,143.604736
524.857468,312.866325,155.385345,142.272964
525.641800,312.286034,157.433807,143.091934
529.844208,311.606262,155.298828,143.609558
529.261749,311.029106,156.408813,143.292862
528.866814,311.259613,153.675980,143.177185
525.798386,312.530632,155.349945,141.801346
524.854828,313.105156,157.637390,141.720413
523.838913,312.876335,155.761932,141.489700
523.832298,312.826721,154.785110,142.411133
521.728798,313.467003,155.507370,141.613052
523.066589,313.621490,153.506775,142.124756
521.899521,313.899315,155.194244,141.233047
522.609848,311.632088,156.398712,142.108200
524.002228,309.258209,155.652283,142.779541
525.927582,308.976334,154.778198,142.730316
525.290901,310.556366,155.675888,140.995361
523.807495,307.868355,155.367126,142.505112
526.528351,306.661026,156.160095,143.177826
529.494171,306.221252,155.565735,141.035889
533.454544,305.248169,154.844269,141.335327
536.505852,303.084259,153.028824,142.213562
535.534653,303.421494,153.103607,142.147858
534.352287,304.542488,153.130264,141.420944
534.224106,304.596512,152.872345,141.032013
535.741020,302.120659,154.790482,141.549393
537.161064,301.866104,152.895767,142.138458
538.433487,302.098824,152.721222,141.586899
539.810890,301.540855,152.077438,141.488724
539.965965,302.513786,152.319229,141.534378
537.902733,303.563164,153.506119,140.931046
535.844925,306.712181,154.742523,140.143875
535.037498,308.831779,154.164139,140.312210
535.946541,308.718521,154.739059,141.075775
536.099228,307.883194,154.625092,140.188202
536.783264,309.543983,158.853516,140.315598
536.372978,311.020149,161.331375,139.288498
540.514954,311.339523,159.390015,138.140961
541.925705,310.684715,159.005951,139.299881
542.783836,307.680466,156.714493,141.142242
537.458221,306.604370,162.529175,140.931824
533.536972,304.766479,164.897980,141.374023
532.764343,306.301445,160.572998,141.799210
531.205132,305.701920,160.141800,142.564972
530.380295,306.339661,162.446747,143.164185
529.079674,308.318924,171.041763,143.600800
530.807571,312.486786,165.355194,142.516785
533.961891,311.540756,161.010300,144.197784
535.600655,312.236580,160.436691,144.080795
539.073120,312.234154,159.380371,143.270401
544.786491,312.608688,154.220230,142.681366
546.584923,311.749245,153.813614,143.532700
545.669586,312.606659,155.916321,141.498535
546.235474,312.100380,155.583679,141.630234
544.933441,314.432617,155.588928,140.738342
546.279030,315.003174,155.071762,140.404419
548.200783,316.487045,154.106247,140.206757
551.205887,316.976082,154.469086,138.874863
553.879410,317.058182,155.516754,137.552460
556.919937,314.438210,153.268097,140.508163
559.588135,313.775978,151.519958,141.035385
559.466141,314.923294,158.754059,138.715363
562.834831,313.460312,162.393265,140.138153
567.918213,313.417656,163.203613,141.192337
574.503258,316.597969,163.128189,137.840012
582.128494,316.508957,161.659576,137.458282
588.711472,318.585602,162.981293,135.912781
602.548996,316.283943,158.611298,136.527451
612.359749,319.765923,154.917770,133.544083
616.180702,320.857025,156.232895,132.168640
615.636490,320.892372,161.121429,133.432907
616.050323,322.688202,165.082886,131.067688
612.888428,319.908440,169.501465,134.194351
611.135872,316.528008,172.227951,136.428543
618.274727,316.733131,165.753891,137.480637
619.584404,314.203522,166.120193,139.505798
623.505554,311.385010,163.992188,141.291992
621.963463,309.449043,166.694656,141.146103
623.297562,306.952499,163.795746,140.233368
625.949989,304.926567,162.031479,141.222122
628.052620,302.705559,160.628159,145.986221
629.325523,301.357307,160.573013,147.296127
625.987259,298.781998,166.928253,149.613800
619.362244,298.282249,175.091431,150.760208
622.464561,295.917412,173.118362,149.193192
629.833000,292.960014,165.065201,147.628372
640.214127,290.960564,156.553558,146.720413
637.685699,287.254303,159.736816,147.266541
637.733612,284.575043,159.619629,147.373901
644.533768,282.737221,152.502411,147.298386
647.172134,283.809380,150.570953,144.804764
646.110214,278.409348,154.633942,147.910492
647.804878,277.376320,154.816025,146.676620
645.576035,274.569626,157.465179,146.822235
646.982170,273.224541,156.396500,146.935196
646.493484,269.836884,158.046478,145.277344
648.640930,269.426071,153.692993,143.651642
645.831116,268.765953,153.277161,143.926102
644.963058,267.694931,152.368927,145.990875
647.440720,266.735046,148.153046,145.225281
648.155693,267.185959,144.786758,142.846527
650.017761,265.603363,141.666199,142.931824
653.502136,269.483154,137.277283,138.255981
648.964859,271.690712,138.000763,137.567184
644.355621,271.642845,141.903503,138.053543
646.433151,273.214645,135.316559,137.150604
646.634163,276.473480,133.529770,134.863953
641.437477,271.222755,138.623947,140.123947
650.824295,276.937614,129.043121,131.698563
642.049454,268.194397,139.552765,141.312500
645.409782,271.073601,136.703568,137.135818
655.334961,277.955414,127.415771,130.540222
643.458466,266.897324,137.724182,141.101227
660.629940,281.607605,120.496468,128.070984
652.217690,281.020744,128.316513,128.018814
650.451820,276.144325,129.726364,133.408249
647.511818,272.356041,137.310104,136.303726
657.303009,280.646126,127.148865,126.974838
641.692375,269.909042,140.711685,137.259674
643.274345,273.054611,136.555923,134.853851
654.105824,281.202477,125.090172,126.654129
641.863678,270.341057,137.290527,138.714371
644.068604,273.134819,134.923767,137.021439
657.495533,281.675484,119.609215,128.385117
647.094410,286.833710,125.865379,128.118042
639.712563,284.965027,128.819504,131.820007
638.816917,285.119133,130.526566,129.752151
636.576645,282.864494,132.775116,130.695694
630.554047,276.269264,138.545044,136.188278
633.281105,280.615097,134.333176,134.499481
629.634682,282.049622,134.827499,134.751526
638.165562,288.691223,125.102531,128.864441
617.869164,272.897591,145.402786,144.457565
624.865845,277.952469,139.619812,138.858917
633.569321,282.324524,132.646088,133.366272
635.304909,283.898041,132.200851,131.049988
633.132576,280.635681,135.088974,132.832642
633.615768,281.779076,133.074432,130.258194
637.257771,281.103317,127.481590,131.534149
623.940125,275.490631,140.768372,137.325562
633.315697,277.557846,132.567703,134.398163
648.412365,279.499580,117.698219,129.478622
632.581818,270.809265,135.974365,139.953003
645.625557,279.690193,122.802170,129.688461
630.088867,271.196671,140.187378,138.596222
645.052757,277.876961,126.135635,131.862717
631.837654,271.995148,140.276901,137.290955
634.210823,274.178566,138.149399,134.157700
633.851982,273.098267,137.823135,136.388916
630.999191,273.674026,139.811493,136.348114
640.269760,277.537224,130.029205,132.959915
627.623947,269.644302,143.703461,140.003510
635.005096,272.602798,136.825500,134.960052
639.744919,273.652367,131.766693,132.769547
633.123222,276.247795,134.070389,131.268204
625.739136,273.382095,139.099365,135.581879
624.523582,274.957687,139.414322,134.754059
627.475830,274.308342,137.946472,137.260941
619.238312,269.995483,147.894653,141.364685
628.106277,270.894768,138.775238,140.071121
620.639107,267.169754,147.871872,142.762665
628.605217,269.352318,139.948013,140.059769
619.457016,267.559860,150.274200,141.239227
620.332306,267.990593,148.030579,141.550064
621.434998,268.397858,146.334900,144.109558
624.122154,271.097946,142.665482,141.418549
617.631721,269.824593,152.783371,142.507004
625.764114,269.640182,146.089386,142.814789
631.741142,273.814178,143.881851,138.568848
641.985687,276.696388,134.107788,136.635056
639.142494,275.938255,136.920151,138.122330
636.511414,277.670525,137.808044,136.564774
635.251770,275.842224,138.449951,138.410095
634.169304,276.628708,138.720230,136.578766
635.531624,273.244041,137.016830,139.880875
633.696381,277.200752,138.542786,134.266769
633.077591,275.850571,137.015411,136.837555
633.116997,277.965500,135.750015,133.871246
633.978889,277.585396,133.658676,135.514511
637.155022,272.583351,131.404800,138.783371
633.721992,274.588181,135.107956,137.105621
631.151558,275.019608,136.398361,136.528473
629.542938,278.908325,136.191284,133.667786
630.828651,281.852013,134.365646,132.001663
633.551292,280.462250,131.128189,132.738892
632.653404,280.613831,133.207901,132.169128
634.590950,279.684547,131.973495,132.691025
632.697853,281.566162,132.330124,132.166504
632.367363,281.983559,130.857071,133.507248
630.024063,284.482796,131.909027,132.172775
627.993675,286.189522,132.859695,131.861435
627.373863,286.243889,131.767654,131.246414
627.603050,283.738548,131.488602,132.539871
627.893852,282.586700,131.959183,132.426575
627.755882,284.311172,133.285721,130.513519
627.734589,282.559029,132.412231,133.008224
629.009903,285.496788,129.633514,131.399979
628.520409,285.404449,130.197830,131.288269
630.166183,284.209518,128.673615,130.845428
631.144066,283.141068,129.492203,131.631073
632.922287,282.474831,129.002960,132.412704
636.526211,282.213280,126.618538,131.944534
639.818565,282.807274,124.020950,131.619156
643.701088,283.640610,120.211105,130.244354
640.588795,285.679626,123.931908,128.598694
640.766983,288.280094,123.950958,126.368828
639.606926,286.768875,126.212357,127.880585
638.787750,284.919296,127.992249,129.370575
642.574879,281.486641,124.032066,131.846542
640.915119,290.574539,125.366478,122.537323
635.492859,287.926083,129.040955,126.008125
638.750164,286.110847,126.723366,129.094040
643.564919,289.909546,123.702072,124.742371
647.737400,293.505653,119.918999,124.451950
643.764923,295.134247,122.577698,123.883301
645.457371,299.019394,118.793083,121.252960
647.170940,301.494858,117.406044,120.015106
647.142338,297.845592,118.594353,121.806190
647.173901,303.263359,119.416298,117.613358
645.240738,301.265358,121.237946,120.219833
642.018196,297.743118,122.299423,125.600128
637.158981,299.516106,124.748199,123.703690
632.855808,300.651173,125.420403,124.381554
630.848129,300.994431,126.258575,125.718719
630.887936,292.778725,127.515816,134.196030
630.841980,296.450371,128.733948,132.460403
629.418419,292.956253,126.740250,138.624603
614.197479,295.999664,137.944519,138.509888
607.952545,298.236313,142.765747,136.639984
602.649063,299.345634,146.931122,136.310196
606.196251,295.243332,142.795547,148.910675
598.246330,295.840881,146.719803,154.758728
588.388817,294.632996,152.665665,163.234924
573.158501,291.239662,154.779434,163.376205
562.955521,291.585732,154.045197,159.934860
545.275734,296.018272,168.036972,165.244766
535.421143,301.324203,186.376465,159.202606
522.971138,303.188110,183.545334,160.642090
516.212753,302.574867,187.490692,161.337448
512.487648,304.939941,185.764389,160.874451
507.929176,309.120216,186.782822,156.069992
507.658981,310.398773,188.388824,155.864258
504.470634,307.375214,187.404800,158.741882
504.884789,311.285461,186.373672,154.440430
504.844414,306.298309,186.808243,158.377686
507.556442,307.414978,184.247833,158.191040
509.544968,308.676682,181.170807,155.398895
518.087280,312.042549,170.113647,152.119614
521.356895,311.119850,166.908585,152.601486
521.370277,312.994186,166.345383,151.838348
519.724014,308.438950,167.731720,156.873749
513.071404,313.786140,172.786636,154.884384
509.516861,316.964310,176.287140,155.092194
502.447632,312.046562,182.280884,159.821793
500.800491,309.209122,177.078217,162.118561
498.541290,310.722290,169.420471,158.180054
497.354614,316.126335,148.922913,151.378677
496.777771,315.666946,167.889587,153.131195
497.423630,317.390610,158.607330,152.373322
499.054611,314.896713,158.834137,154.161652
498.768745,314.208504,168.125778,153.491196
498.425102,312.859978,166.606216,156.477921
497.237061,315.174217,175.180725,154.488663
501.168159,316.878227,196.236740,155.523087
509.999634,315.480843,191.945312,154.791611
516.932693,315.369827,189.925812,153.851715
526.199493,314.131897,181.654663,153.054993
531.590858,311.342293,174.631638,155.451340
542.705635,311.639488,171.067917,156.077957
543.237114,308.800827,176.093033,158.975800
547.288765,309.692451,155.750107,156.635788
549.715431,307.385132,144.459579,156.838196
558.043732,310.307785,139.926941,149.402374
556.100533,309.004478,146.902512,146.052383
565.152473,309.012947,142.923386,144.677658
561.331032,308.805626,150.038315,142.577469
560.332672,312.040443,149.587585,143.941269
559.362679,311.968681,151.043808,142.933060
556.485497,312.483459,150.890579,148.645081
553.927246,315.294220,151.282104,141.875610
551.032761,313.804222,151.210052,143.977066
546.774239,311.607353,153.670212,147.492874
549.271362,309.132744,149.969238,146.092300
545.646439,310.020325,152.146271,154.527832
547.809280,310.631325,145.965851,151.109299
544.305229,309.257538,148.972916,152.868469
542.222336,308.535423,148.787506,151.140274
536.040283,307.834679,149.045959,152.047379
535.071953,308.362007,145.466263,154.446457
532.505943,306.234291,146.563614,155.936142
533.337036,305.417854,146.014954,152.519211
531.207115,308.463615,147.565689,138.022781
530.221375,307.537468,149.562012,137.763687
529.922485,304.235703,150.038208,140.173065
533.404671,303.525574,146.943832,140.884888
539.405800,305.776093,142.796860,145.741516
541.193130,306.621201,141.254974,146.094269
549.377281,308.848358,138.459000,144.969421
553.935547,306.628036,139.585022,144.363678
556.786324,306.398567,139.567673,142.083115
558.997589,309.996445,139.050415,138.725494
557.276810,306.110825,140.960480,142.496307
558.052917,309.408478,140.355896,138.526672
559.389442,306.465286,141.062363,141.391571
561.342422,310.583382,141.043304,138.474228
558.636505,308.815956,142.683350,142.413193
557.582253,313.086838,143.000778,138.952667
560.254547,312.191658,140.639893,139.643845
560.364799,312.325844,141.904251,139.195908
558.360497,314.743698,142.586807,139.249603
559.337303,316.186333,142.185013,138.131241
557.293930,314.533546,143.267975,141.340866
559.073349,316.553818,142.340179,138.384369
560.947952,311.528931,142.236603,142.073975
563.077484,315.536987,141.471191,137.514038
561.460304,313.066345,142.127548,140.153381
561.485764,315.891632,139.819794,137.845703
562.637047,315.803078,140.507095,137.821945
568.457214,312.891411,136.233032,141.436295
576.141533,320.135834,139.578018,136.516418
579.950615,323.425598,138.138870,140.638977
578.382790,331.821465,138.748215,135.183853
581.573875,336.777267,137.497513,129.302765
584.768219,342.657806,138.666382,120.293518
583.083389,342.626251,140.423737,120.750671
581.744705,338.539730,135.379120,122.671455
575.905983,347.221149,132.726669,115.281639
573.187492,351.468964,132.526077,111.410339
574.046867,348.908463,134.805374,114.755829
578.849106,342.680511,133.711334,118.738708
581.522827,343.639729,134.202942,116.933495
583.600105,348.428249,133.955917,112.091621
588.484474,342.444077,133.140976,118.476959
590.330757,340.213142,138.185837,120.702988
595.968414,336.732632,139.091003,124.852974
603.374451,342.487598,139.426392,119.966454
608.242592,338.418217,138.213669,123.244194
609.811966,332.355736,136.770477,131.491592
610.296356,332.976006,140.606079,131.154068
614.039551,338.785297,140.148438,125.352074
616.140152,338.829792,142.305145,124.588219
629.333206,338.448463,135.652313,124.033920
637.174263,331.959335,130.665146,128.200043
645.231369,329.700287,127.165253,129.576904
649.288086,315.577049,140.687073,143.002029
648.964294,308.762451,156.337280,146.983459
652.401711,308.623116,168.379501,144.143295
664.254044,304.028305,172.319977,145.102203
668.745613,295.634476,184.153366,148.186310
684.139076,292.727692,180.679184,146.511963
696.026909,281.326431,185.478714,157.041656
715.976234,276.455635,182.311935,159.299484
731.799217,275.436821,177.785782,161.000748
745.830711,275.424522,171.027847,160.742447
758.965347,277.348679,170.141388,158.686066
767.157410,281.212006,179.639526,155.104919
775.691971,286.508156,184.132599,153.089462
785.365257,293.160065,185.361771,150.638367
793.201614,300.986542,179.889313,146.764343
796.732841,308.946762,177.762711,143.299652
801.291885,318.860443,171.993561,137.246704
800.285316,318.208565,166.133530,139.381882
796.458290,320.120079,164.743393,138.931534
793.368759,320.203995,164.037994,138.302765
788.592575,321.166702,176.512665,136.226593
780.222778,320.575638,179.195618,135.166473
771.027695,317.915749,179.012848,136.031662
763.729431,320.430481,177.200989,135.817810
760.629021,320.471634,174.597183,137.027679
751.986252,319.815536,171.153290,136.881683
752.387451,319.446426,165.416077,140.695282
749.900726,319.512077,163.261658,140.642960
748.409019,320.946098,162.909866,139.026138
750.265129,320.774147,161.075333,138.574448
750.750824,321.742996,161.522156,138.166046
751.271103,321.592247,159.251007,137.541702
747.800018,324.329468,160.663086,136.242920
749.074486,322.138435,160.975479,138.907822
751.111107,321.030983,162.468826,137.205002
753.450653,321.108643,159.887329,138.022095
753.025566,319.623390,160.471329,138.820847
753.151489,319.369225,155.642456,138.103958
750.438736,320.398720,156.135040,137.982529
748.534790,320.139458,154.082703,138.781326
743.675728,319.423859,152.552292,140.051880
739.578407,319.408424,152.338913,141.480576
736.418434,315.571983,155.429489,144.269791
731.668533,315.163124,152.642670,144.772385
729.492508,314.859283,155.291351,146.021790
726.112099,312.969154,148.840988,146.622116
723.623482,311.821457,146.637253,146.347504
719.252419,310.847458,147.548141,146.520599
718.276154,310.183601,147.761841,147.353683
720.531456,310.251610,145.108353,147.218948
720.189301,309.354439,148.229248,146.744003
720.550499,308.038193,152.083633,146.028229
719.147392,307.968254,146.606400,146.813309
720.197472,306.645149,152.333755,146.677475
719.553505,304.788628,148.702255,148.931473
718.985542,304.527222,155.969406,148.622437
722.976730,305.021400,153.271149,148.081711
724.774773,303.185883,161.401993,149.596680
727.989311,304.674042,161.309891,148.075806
730.818535,303.605751,166.467178,147.818893
732.236626,305.639771,162.454422,144.982727
737.627625,303.786652,158.888306,145.471069
739.000793,304.479767,154.261719,143.105164
739.728394,304.057480,159.897095,143.122772
743.079926,304.995827,156.124634,144.864365
742.421379,307.174324,161.197647,143.023911
741.886086,309.581726,160.066147,143.161621
741.258392,313.331886,166.769836,139.356125
744.105453,312.524086,164.804108,140.284714
746.534340,311.827751,164.574265,140.924820
747.303749,312.812607,164.854355,140.245087
746.922829,311.188599,170.221664,140.848450
746.079002,308.064316,166.266312,143.934357
747.186150,308.215317,192.250626,144.812958
745.539650,309.186249,194.802963,145.539551
748.089073,317.570961,172.564957,140.639999
751.595009,315.135757,186.688583,142.027740
758.455193,316.209747,181.696304,141.216492
764.479836,316.359116,188.427414,141.000519
771.010803,315.616127,185.598267,138.918259
771.403893,317.290810,157.126541,139.148361
772.341766,316.099663,157.580627,139.617752
774.248161,315.172150,157.537674,140.058960
773.601448,316.613594,157.632797,138.234055
774.957115,313.871941,165.017593,141.746292
776.793045,317.982780,172.497772,137.092484
776.756439,318.315735,161.180603,136.933960
777.521912,319.396675,163.672668,137.154587
776.006378,319.798592,156.077209,138.274155
774.521713,321.002045,161.295074,137.384827
774.820282,320.726425,166.697998,138.627716
775.026505,319.228218,170.469452,139.455734
776.276062,319.456161,195.363953,139.185211
780.963135,320.504417,177.003174,136.101761
779.191940,320.524529,170.241058,136.849625
779.827965,323.567307,170.318558,132.074921
776.757294,325.041817,163.506775,133.610886
775.713310,323.938194,153.880508,134.812881
773.435043,328.093826,162.451996,130.319794
771.231186,328.045815,153.288361,130.876572
772.398491,325.983124,154.944473,130.810425
768.733047,326.438728,153.750275,129.095993
767.613380,327.428688,151.986374,128.099716
765.961258,328.134262,151.002960,127.438080
760.600349,329.235653,153.551620,126.682076
758.997765,329.626637,153.487259,127.567467
757.282593,330.435574,153.789062,127.920418
757.173141,331.321976,153.770599,126.951691
757.002037,332.765392,153.967972,126.544350
760.235847,331.742500,154.304184,128.192734
761.832222,329.014156,155.653122,127.783211
761.146637,326.918934,154.033386,127.726830
761.330391,328.225990,152.801498,128.329208
759.794228,329.512196,152.765121,126.154015
759.071861,327.470741,153.234695,129.738388
762.547928,329.860344,152.505035,127.288284
765.424957,325.245117,153.714722,131.952759
766.979103,324.824791,155.007675,131.795486
766.699760,324.248688,155.658401,132.739380
766.546448,323.793495,155.290039,132.582443
763.179970,324.885223,154.482040,130.474976
761.135864,324.153183,154.281372,130.920929
759.302040,322.741707,153.955917,131.778732
759.125336,322.440178,152.483704,132.185501
760.219429,323.985130,152.014145,131.255692
759.881264,324.062302,152.448349,132.954315
758.831207,323.577583,153.295349,132.914902
758.338142,324.141724,152.876877,132.245728
758.009705,323.312569,152.634033,133.033371
757.643433,326.362411,152.462463,131.258942
756.390366,325.889328,151.735809,131.498138
755.302765,326.420883,151.874878,130.503021
756.230461,325.846725,151.487686,131.028351
758.616699,326.197273,150.358337,131.564011
759.630386,326.453194,151.662140,131.479782
758.420219,327.115891,151.545792,131.233002
756.598579,328.302582,151.865097,131.576660
755.533577,328.542274,152.230209,131.733994
757.997620,329.627335,151.730286,130.580780
759.291489,326.573349,152.231476,132.479950
761.280586,326.959076,152.008102,131.406128
760.708870,325.204636,151.819870,132.301300
762.270142,323.772774,152.306580,131.923019
762.868874,323.185074,151.672409,131.751740
764.855621,322.758766,151.442627,132.072189
762.546242,323.555275,151.984482,130.835373
759.102859,324.430176,152.040253,130.904480
756.458023,327.191223,152.187042,131.676331
758.171989,326.169380,151.809402,129.687729
761.493896,322.898094,151.974182,130.292984
760.626190,322.618355,151.344421,130.844711
758.072403,326.375893,153.387115,128.968063
756.060799,327.043484,153.146652,127.731453
756.792969,325.530846,151.711060,129.928360
759.466232,327.871338,149.035736,127.689026
760.024933,330.116734,148.581482,124.151665
761.526779,333.136356,153.456512,121.840080
812.019104,322.056122,159.500061,141.704468
763.063675,319.752899,199.151764,138.972290
760.495926,313.472450,191.948639,148.740341
810.945503,303.357658,137.705429,155.489334
761.255470,327.300026,187.954697,128.478378
756.772842,322.037766,160.002899,133.113983
764.422623,311.606956,179.027985,141.134720
757.166771,333.461674,159.221695,119.890068
758.424644,331.336422,155.194107,123.717964
758.607018,335.325230,152.429520,119.509880
758.446449,317.122002,152.874741,137.892776
755.292328,285.521866,147.850037,169.521332
751.444916,294.900879,142.940002,160.262146
745.711342,328.390327,142.852158,125.696335
740.643845,288.880646,148.336639,164.247498
740.093323,303.566536,143.398499,145.200241
733.508240,286.689934,136.893860,160.625015
723.507919,281.061836,139.376068,163.856796
716.671715,297.599907,144.208511,147.491776
714.515747,321.483929,135.932129,123.980507
715.138428,317.345680,143.662231,129.541000
716.962524,284.382561,138.873535,162.675430
719.613365,330.233494,140.137466,115.325127
716.271500,313.865143,142.450592,132.660522
716.860992,336.720016,134.889771,109.901337
715.380081,316.256142,140.334259,131.647446
717.125389,338.293678,132.870987,109.256454
718.280121,328.791573,136.924866,120.532944
717.979942,332.145042,135.193985,117.769424
716.620689,335.450119,141.548904,115.499237
717.430824,333.465355,140.148300,119.990372
717.883598,333.167091,144.878677,121.831467
716.165955,332.458279,153.130981,122.280342
713.795868,332.123859,157.258972,125.238792
712.037033,334.792900,156.998627,121.219864
712.915817,337.119106,149.452118,121.264778
713.588226,336.314888,147.396423,121.547897
714.347282,335.497341,145.141006,121.984016
713.762772,333.010139,149.195160,124.226974
712.680099,326.925735,145.956024,128.466339
711.825279,319.350945,151.848526,133.859146
669.272141,288.207191,199.067841,162.101059
668.834343,289.836151,191.710403,157.148010
658.982262,290.391068,193.646378,158.909332
642.725853,292.458153,197.334183,159.787857
628.556641,295.165649,194.146057,155.783752
636.698235,288.475739,178.205521,162.262634
606.091820,283.053207,198.266006,162.386261
596.879883,280.545784,192.848206,160.606796
588.561600,276.124466,184.961456,163.788971
575.468048,272.674026,179.142029,168.772003
559.354942,270.964035,173.738174,171.972809
542.237350,273.362564,173.117340,169.199127
537.973930,275.344849,159.534622,171.558838
524.415161,276.642212,153.757263,168.865723
520.339600,272.700409,150.465393,171.763062
514.102806,268.291504,148.558670,173.217896
516.788857,270.607193,144.251694,169.006805
510.916008,272.294464,145.737381,165.655029
511.885864,279.447044,143.284485,156.147476
516.770607,290.272102,135.472824,143.297531
526.172424,296.037209,124.946899,136.601425
511.617439,290.085670,136.986801,142.591904
509.658646,292.100784,138.308014,138.398041
508.120285,293.662567,139.939545,137.493958
517.303764,294.464584,131.381180,136.809601
508.028046,296.128578,140.005249,134.811569
507.347038,293.547356,137.950150,136.322281
505.772675,293.055962,137.978088,136.985672
504.632065,291.892670,137.269379,141.034424
501.969963,294.138901,140.524979,140.268951
502.725967,296.522942,139.089691,139.479935
500.980919,295.800850,140.142776,139.705734
502.759941,289.446831,139.777969,145.427567
507.309784,294.591721,135.764282,140.692291
502.150932,294.489563,138.114456,143.103516
502.705971,292.590828,135.088974,143.113815
501.324753,290.855713,135.540985,148.220032
502.718430,291.321732,129.532196,150.310028
504.536266,289.103020,124.089333,156.589310
503.908466,287.646469,119.152061,157.976532
497.989342,290.006721,119.119827,154.984543
497.911743,296.991104,113.352844,149.406036
488.285667,298.373657,119.514603,141.839966
483.364838,304.536011,118.640015,139.144165
475.276005,309.333427,118.544243,134.258133
468.831810,312.987610,123.615982,131.102722
456.703346,312.917725,140.945786,133.284729
451.985046,310.271324,141.154541,130.604263
454.183067,315.812565,131.938492,127.145744
451.672554,316.081596,134.739243,126.057755
446.513397,313.316597,133.125854,128.704941
443.532951,327.125645,137.238724,118.637932
446.856277,315.622017,131.659271,131.400742
443.530289,324.152512,136.705963,123.863922
441.724915,320.516991,138.183716,129.195084
439.534668,326.425949,143.807983,125.340912
440.989365,341.265453,147.771820,114.441200
452.617760,335.321983,143.639420,121.492935
460.694855,323.683243,137.569092,131.027863
458.833618,317.234604,141.550964,135.195282
454.494820,329.316570,145.583664,122.423012
459.412979,325.603676,143.034027,127.876144
454.572685,321.062325,145.540054,132.391403
455.161072,331.176830,146.981018,122.245033
463.101517,328.459560,145.329132,124.439705
468.868645,349.159508,144.687881,100.580521
469.655540,368.303123,142.170059,83.806168
467.055954,357.198036,140.154327,88.224777
467.524910,361.284126,140.395248,87.632980
459.357513,358.727238,148.127075,90.998222
470.235313,362.525223,138.946671,89.668732
462.275665,381.784622,145.272217,74.074127
505.559959,366.952499,103.608047,88.277191
514.404510,366.749268,97.569031,91.073059
527.121674,367.645294,91.647369,99.192932
533.662296,359.414970,88.420860,106.500778
539.416538,375.632580,85.677696,92.385201
536.600231,380.762550,88.841499,87.048752
536.742378,377.448494,89.638321,91.951889
538.372253,380.572514,88.042664,88.961937
539.428429,376.186378,88.981186,90.750656
537.281422,379.737316,87.437737,88.425697
535.854340,380.879799,84.722382,88.056870
533.439251,376.236275,84.771217,93.131607
531.476505,345.600208,85.512505,123.947350
524.308136,328.217232,93.492188,140.848495
526.656319,323.889801,87.594101,144.322937
523.743652,325.371758,89.235535,145.777969
524.328747,324.799149,90.043190,144.455231
528.418320,324.209625,89.230865,144.398193
527.312122,323.898857,91.045128,144.625076
526.096809,321.304176,88.467270,145.414291
522.999451,322.283539,91.575439,144.036499
521.938332,322.214943,89.930038,144.963608
523.329929,324.825676,89.978447,145.454422
522.475273,324.740150,89.583023,143.354355
526.150898,323.436394,86.412254,146.158463
525.698200,323.330414,88.267052,146.805298
518.733112,324.863640,93.738487,143.317642
507.047241,326.785110,110.500671,140.166412
501.139904,337.254471,121.510719,128.765228
503.178928,353.574680,121.236382,113.847832
502.928368,348.216019,120.535355,119.634857
506.348263,349.831806,120.485481,115.664879
506.732761,363.348621,122.703117,101.507408
504.487213,344.447887,124.060730,120.505287
508.800613,358.191219,121.704498,104.493721
508.752949,357.971508,121.640892,102.430641
509.088314,354.240715,122.193001,106.228470
509.331253,357.344563,122.799408,103.874596
508.811016,354.062759,123.094948,107.648285
508.318012,339.284164,124.271629,122.279694
512.696983,341.262428,119.781998,119.393784
516.633793,342.105988,116.888786,116.803406
514.828354,327.883255,116.355194,131.671234
508.396172,321.991798,120.401627,138.038925
508.831715,311.824028,118.985435,145.131607
511.466106,299.113548,111.569984,161.614822
510.048950,289.073303,97.369873,164.573486
501.864475,267.440605,126.283928,186.193008
488.740086,257.750122,125.660149,185.334351
487.535301,257.415825,123.814224,177.237747
489.232571,260.035858,125.693550,172.449219
490.184059,258.619820,128.115280,169.637924
485.525772,255.311729,135.812958,171.290665
484.873260,256.032036,136.932556,170.728348
476.031242,258.803185,146.077164,165.639236
472.499420,259.013344,149.196350,164.353012
475.801727,256.630806,139.975159,162.413498
469.676735,254.847923,143.804916,164.493851
470.409790,254.923409,141.022949,168.866074
464.888435,255.146317,147.329147,170.103241
462.458420,258.444458,151.613678,164.449158
465.020020,268.111801,149.700745,152.912201
458.979759,263.189278,148.850662,156.755051
461.530525,288.571274,142.625473,133.479401
467.344482,288.389946,134.864319,136.444473
463.037750,282.031845,139.006775,143.386932
474.053497,286.448807,125.984497,136.415314
472.741997,291.021374,125.503311,127.591103
468.319817,279.222656,124.219131,139.391235
454.238708,268.069824,136.796814,151.990967
443.526367,259.508171,143.708374,156.709610
435.810799,261.181282,146.821030,152.379929
428.146194,250.386360,149.912506,157.830734
419.825691,247.141006,148.447495,157.596893
408.579163,243.301323,153.329773,157.159744
395.777588,235.662926,157.624451,162.139359
381.319153,229.524307,163.897583,163.103363
368.594688,229.131165,167.898270,157.735901
396.747734,257.411690,128.286270,131.156601
432.418682,258.134705,81.966286,129.752625
425.252575,262.860241,79.949593,124.414894
411.862679,262.013889,82.040817,124.684807
402.437836,260.415833,82.383759,126.027344
402.532066,249.774788,78.230820,133.686142
403.377052,246.061012,77.066055,135.624985
403.070194,243.008247,74.372856,139.937057
395.779202,238.699127,79.355934,144.920563
389.956612,239.041359,86.958023,144.402664
393.071400,251.925819,86.170647,130.851334
404.211456,254.202583,80.684113,129.025528
412.068050,248.719986,79.338905,134.919373
421.694374,250.831619,76.528091,133.304504
422.456738,255.451881,81.464119,129.095139
424.473534,262.772736,86.835312,118.596191
421.496082,267.541908,100.794975,112.523605
407.460476,271.866997,127.172218,106.391251
390.715225,280.126129,148.723511,100.016907
395.279434,282.084599,152.899841,99.083733
369.990898,245.327332,189.615707,136.214966
381.797905,241.331268,194.230453,141.741333
389.502480,239.752380,168.024246,143.150269
401.164406,239.524521,162.172073,141.198151
409.902931,237.970467,154.926834,142.134018
419.230782,237.385727,155.965408,144.826874
428.534340,237.184273,150.647415,148.181564
436.309532,239.007172,147.621750,146.577942
447.439766,242.865982,140.682144,143.346832
437.144402,249.544136,150.373642,134.666794
428.425766,236.534889,148.664612,144.105576
418.559189,238.147728,149.519592,141.113663
411.766579,239.350121,150.675247,138.244583
406.906784,241.277657,146.691895,138.957138
400.740677,241.972870,153.424622,138.925903
393.019432,241.226158,150.220627,141.737869
387.191063,243.322998,151.935959,139.483398
379.753036,241.209892,151.551880,140.510818
374.515442,245.059235,152.724701,136.045593
369.005638,241.463158,152.410690,138.267838
367.754440,238.798485,194.953979,144.198196
365.586548,236.952148,185.029083,146.353333
367.057961,234.499962,154.408829,143.784195
369.160828,235.824966,152.882233,144.990753
368.224350,229.578300,147.803223,145.885452
366.331604,228.159721,153.281891,142.996597
367.886353,230.425797,163.145782,141.695221
368.537483,229.554390,148.604507,144.116867
367.710075,229.076149,144.812302,143.850082
369.379280,229.469429,150.393875,142.574020
374.266525,228.549797,152.849243,144.760025
377.051590,228.870850,173.334229,146.621948
381.069641,232.797440,168.423248,143.608368
382.758781,253.962669,180.449448,125.701065
382.291191,237.527199,177.158249,143.213852
377.021164,240.798126,184.052795,138.353943
378.272934,233.466675,181.823303,147.607178
377.471352,232.137917,182.049210,147.716171
378.061699,233.606277,182.847763,145.555817
379.758308,232.016159,180.838272,146.600800
380.286774,228.563332,178.600616,149.671677
380.710808,229.992325,178.276413,148.537689
390.115494,218.235840,166.827942,161.364197
430.001854,213.534889,127.967575,165.199997
418.539215,206.398514,139.928680,172.610565
431.411076,196.887520,119.865990,183.963547
426.741184,194.833763,118.631187,184.868851
415.436024,194.880142,124.879570,177.474579
416.790943,194.918968,122.870354,176.584549
407.298927,192.956223,133.609451,176.305511
400.801224,191.598236,142.371643,176.670898
391.277237,190.933388,146.049805,174.648239
384.226357,197.554756,147.529007,169.875168
379.907860,202.372536,149.759811,166.230759
379.274788,201.870132,147.130447,169.658600
375.330429,201.430038,149.675293,171.886932
392.970863,201.854805,131.967667,172.771347
419.383675,197.915161,103.255508,175.639526
420.004879,194.478615,101.301430,185.491013
414.835938,193.653542,104.732635,188.289352
412.466297,194.287308,109.618889,189.273041
407.433563,194.057793,116.003632,186.949478
408.214428,192.431923,115.703926,183.892746
409.777142,192.694054,113.012093,181.437210
409.975639,194.312965,111.020676,177.319138
409.678440,195.671707,108.974266,176.129120
408.897213,196.631042,111.057167,168.389282
412.441341,196.671036,107.677956,165.208344
411.347736,199.220039,106.163139,159.527145
403.672054,204.705399,114.683205,145.166656
401.476879,210.976292,116.439278,110.292717
406.330009,213.882645,128.332016,140.231232
410.549431,210.700195,131.347275,125.769958
421.767601,208.383003,134.772141,132.017746
434.555153,205.205933,132.489700,141.955444
448.639534,205.059052,130.890213,143.322266
469.286282,193.312485,124.696877,161.966095
510.455441,191.477966,109.361977,147.565857
504.784203,210.007927,137.083603,136.973587
474.273361,217.406982,199.345337,134.263550
482.442268,214.466911,206.292862,134.899002
496.518112,212.101578,194.539429,137.028595
508.946133,214.384689,118.998817,132.079376
520.737701,236.751976,93.053802,106.518265
529.329250,258.910099,107.742775,86.926872
543.370670,254.085293,95.770042,94.385567
543.812389,248.555286,98.157936,102.555901
555.151966,243.638535,95.287193,105.382416
563.458435,248.272579,98.497498,98.437355
565.358433,250.664974,108.302147,97.284981
561.434517,256.969006,120.349197,91.815529
569.083160,262.542248,122.443451,83.539467
569.176620,272.339710,134.008179,74.485497
569.202408,270.032352,138.199738,75.887993
579.717022,273.947575,125.616859,72.580559
579.533405,274.854088,119.085716,72.169235
576.663319,273.364861,120.821983,73.701035
574.142509,274.833378,133.440689,75.112755
572.318245,271.736443,134.368210,77.941605
573.070702,275.650566,134.440933,73.696365
574.472172,278.905151,105.146629,73.391907
571.815712,276.799534,105.849899,73.919060
573.859921,279.318443,106.496132,72.729233
572.550503,276.696793,105.767250,73.565125
576.516399,278.687954,105.076607,71.323280
574.812248,279.543335,101.084183,69.231079
569.606735,278.351364,106.593048,71.738037
569.086876,279.842495,109.353683,69.958565
565.620930,281.289776,115.565239,70.324959
565.121052,283.897335,119.318810,68.506630
564.689022,285.607227,119.277626,66.910454
565.605450,289.088614,117.847145,61.755695
566.749783,295.256365,119.084908,57.070980
565.271847,297.057304,121.273720,56.027328
565.062122,295.973269,121.865593,56.776302
565.625343,299.243221,122.305893,55.464241
565.728004,298.120251,145.642197,56.820473
553.527206,288.691999,164.171021,62.312626
514.079735,282.590923,205.351425,71.025124
512.801300,273.988220,214.227264,77.052429
524.632065,255.331490,213.695068,92.536362
557.542732,242.889858,179.788773,114.566841
650.556751,270.131100,98.134697,89.100777
649.830372,274.813614,95.286491,82.516357
655.643536,278.910114,88.401161,77.134117
662.964630,278.375553,81.121857,79.250755
662.543018,281.690830,81.482414,76.043877
660.038067,277.617134,83.121834,82.241867
651.894924,280.695652,86.349739,78.192009
647.321888,275.003971,85.286369,86.494926
645.180080,280.246574,82.088936,88.478622
630.578671,269.647572,88.666115,102.765221
618.826530,279.131233,89.373184,103.450394
606.576908,286.951595,91.017784,96.785469
598.838593,291.996273,86.850861,94.837807
599.523731,248.021263,88.966393,131.941025
602.417831,240.849915,88.860870,140.028534
601.713356,241.055664,91.985214,143.887909
589.739040,249.342247,94.874275,139.893051
584.838604,269.587200,101.485817,123.818733
586.404301,285.727272,96.001884,103.361099
599.846382,290.923683,87.243576,97.565811
603.103157,287.699322,90.138290,97.805336
597.588219,266.594261,96.518295,112.450699
599.260368,262.647045,100.785568,114.017677
602.012413,263.228672,101.728806,117.183525
606.956139,256.085350,96.210068,121.917374
611.517452,270.908009,91.696022,112.092247
613.768593,253.801254,90.057297,126.669159
610.653023,255.460014,89.683701,130.335526
609.452824,262.415619,88.685417,128.980713
613.118221,257.264496,86.196968,131.836243
611.998901,269.872158,84.633789,124.027840
612.575180,273.164864,80.146027,121.292892
604.147892,256.040993,85.820854,141.721176
603.311684,274.368454,82.853867,127.774872
596.683144,268.930855,87.886215,130.567581
593.106747,280.183205,91.495064,128.022964
588.917820,312.136463,92.085320,101.320000
596.838371,329.373535,80.206589,81.468475
598.611790,334.543301,80.218132,77.379372
595.245712,338.287418,81.603760,70.654869
589.272682,333.706493,86.960953,76.465614
588.954872,326.916588,87.184067,84.075912
594.152298,316.177681,80.796448,93.922623
597.381214,298.682533,78.299736,109.935287
599.267521,306.232010,80.600243,100.667419
602.102554,306.921936,77.930786,98.904846
602.046448,293.206879,79.532990,109.180969
602.432606,298.149738,80.668510,101.944115
603.029907,300.153900,79.671539,99.730682
602.403095,303.933105,79.188560,96.596680
601.714413,296.934174,79.434853,102.944153
600.156803,295.171684,81.544334,102.303116
600.949490,296.929047,79.936378,99.778687
602.671501,301.625347,76.819229,95.209602
602.168316,298.425568,77.856819,101.527954
601.661797,296.004280,78.953873,104.447891
602.634609,300.934963,76.767372,97.922157
600.519817,298.012497,79.704353,101.601776
603.121166,306.314915,77.818581,94.692345
602.412769,303.660995,77.916588,97.615082
600.594608,319.982006,80.683952,83.544167
606.059536,321.332848,76.515327,82.612808
611.121418,320.935619,75.989708,83.384682
615.043594,316.332916,74.526917,91.209137
617.412186,315.615433,73.885742,90.347137
620.355259,313.712765,73.173851,91.347694
621.193096,311.581043,73.259743,94.786736
620.976414,310.974895,74.681358,97.340034
621.470459,308.491936,74.704834,98.039291
621.212296,305.618027,73.337402,100.093872
611.582764,299.022736,76.217712,108.276184
615.384377,302.523064,71.016769,102.093399
619.537178,305.461620,72.291611,98.720161
627.169132,306.144894,71.350395,97.086983
626.933723,288.517147,73.454910,114.463936
623.747368,278.543159,71.161942,125.821793
630.878395,311.360523,86.450089,94.969017
633.149620,312.712185,83.745163,88.961372
640.560352,310.325165,82.501579,92.190094
644.444118,301.909336,79.276039,99.706718
647.407410,301.434795,72.512238,101.888649
648.556290,301.973122,69.187073,102.272751
647.120930,295.006485,67.029655,108.395325
646.899483,294.264141,73.288834,107.748848
645.846577,293.396580,71.519981,112.747826
643.718639,294.017963,72.565559,111.812187
641.553959,292.591103,74.322166,110.648911
643.420414,288.669506,73.656151,112.702003
642.376110,284.077293,75.800331,116.800064
637.345509,272.717026,81.050011,128.014221
634.570816,268.475479,91.489105,135.198883
625.553909,258.697998,105.847015,147.961792
618.708584,254.592392,115.822762,151.952728
610.459774,246.008072,123.692268,159.458099
603.755821,235.798256,119.943619,167.135910
599.354179,223.878670,125.713577,177.331711
596.228428,218.027824,123.840019,180.989456
594.136253,223.887230,129.006668,172.156509
584.152649,225.175499,143.006226,171.464493
579.783852,226.205894,147.227951,172.206802
576.878944,225.554550,149.196762,173.081512
573.656013,227.309074,151.976181,171.129288
572.902084,225.237129,148.925873,173.882004
577.993408,219.726990,138.779236,181.909729
575.693039,218.597206,139.623322,184.168259
573.932304,216.484703,140.013504,186.283096
573.719711,217.196053,143.687836,185.115097
570.602936,222.427773,144.831238,182.033188
570.653496,220.193901,141.845901,183.168411
570.260719,222.376755,141.412216,180.700592
573.042549,222.870316,139.290573,180.437897
577.295433,219.419182,138.000198,181.379349
580.557243,219.795708,137.405655,178.930313
579.494698,218.289566,139.519394,180.978424
574.091904,219.446266,140.992645,179.043198
572.651031,220.098564,138.222534,177.145950
571.550514,220.709373,131.309433,165.838821
570.281948,220.985657,127.235115,154.060608
563.072639,219.115364,137.224594,144.576096
561.799828,218.210106,139.251602,145.078873
560.288948,215.200920,145.609970,132.564041
553.710304,212.451401,157.431625,133.221893
550.542099,211.146194,164.266266,137.692780
544.914383,212.840302,168.906097,148.138184
544.264687,211.888107,172.587326,160.975494
543.486359,213.890190,172.128601,165.298965
544.555260,221.907196,172.506241,161.487000
544.722328,227.147575,174.530380,159.146133
544.569511,228.566513,177.293839,147.654205
535.832367,228.229050,193.541443,155.724091
533.510361,224.438904,212.689728,139.141479
564.684937,219.600166,199.065247,157.395859
596.363266,224.695808,173.646393,157.992844
609.634293,226.919853,170.105499,154.350967
675.384907,224.351517,120.048668,148.636322
681.412777,234.093109,126.064339,140.113342
687.147980,244.102875,130.237610,129.169006
695.418518,255.426399,132.371155,120.999619
669.697273,250.967781,159.265671,133.772507
686.132561,253.564568,148.001663,131.775833
689.160110,251.598648,153.697357,132.801361
693.655807,255.769974,166.186859,129.351593
800.165230,276.979103,133.310959,112.794052
825.257675,269.452705,102.664276,98.245468
815.602695,266.386730,106.213310,112.073982
712.342163,266.251156,159.982544,116.534584
695.335831,251.364662,179.099945,135.208084
685.089005,257.892342,193.265411,128.120682
718.272110,259.013702,161.050018,125.758820
684.350441,274.233955,194.108261,111.478226
672.706642,294.416706,135.030380,94.759941
672.974106,301.690372,80.738678,85.175438
673.427986,300.707340,79.439011,84.201500
674.018684,298.252407,81.540787,84.591591
671.954262,297.810059,86.717361,82.994659
671.931847,294.969559,87.826218,86.600006
670.908096,299.764679,88.381866,80.811707
668.904327,295.906723,87.832336,83.923401
666.306702,299.596489,94.563965,85.152054
665.868855,299.218399,94.845116,86.353363
666.001049,297.867573,101.715492,87.827324
667.636860,300.658970,102.808128,83.413994
666.268555,301.349792,105.816498,83.263641
666.631702,301.358986,106.632500,82.685501
666.944748,299.038528,108.728882,83.718536
665.838242,300.742813,110.692047,81.808716
664.916008,301.779552,110.463303,83.626564
662.693691,305.149918,114.592964,83.305054
662.840427,301.890018,117.558372,83.250298
662.823505,303.922077,120.701744,82.512932
662.234173,303.516884,125.848518,83.041672
665.640854,304.306110,125.926270,80.697807
665.923458,303.431580,127.872383,84.290253
660.748306,300.749413,136.331879,86.398178
674.917820,299.303467,116.704826,90.490387
681.752720,300.990177,92.521172,93.419456
678.053772,309.421787,86.996246,97.612267
678.043392,307.272446,100.993019,99.167999
680.740211,312.221272,89.252518,93.134514
686.954750,310.116035,91.735794,89.585190
686.741493,304.692806,86.368271,96.178993
688.382320,310.338505,83.026070,89.237816
689.159798,308.481300,81.689285,92.620865
687.672600,306.950947,84.134506,96.070702
689.898048,304.053246,85.908035,98.220474
691.949284,314.098850,86.371544,86.108513
697.955917,312.356693,80.051453,84.614311
692.792210,308.553833,82.062767,88.121155
695.834896,287.589729,87.068336,109.315231
699.455929,290.849472,76.905769,102.264679
714.613132,282.507278,79.209984,109.681732
719.046486,279.601643,76.842545,112.820183
718.032948,275.153938,79.455742,118.751877
715.184620,270.642155,79.649315,125.320610
715.194447,267.771515,91.525566,133.477509
714.010258,259.759003,97.404747,137.388275
716.079803,251.315826,110.144012,148.350067
716.625504,240.824501,129.228149,155.240189
716.730904,230.884361,142.647659,153.574753
715.459648,229.783493,143.666855,141.955322
716.204597,229.924019,144.317520,143.641373
715.772064,225.233025,151.228851,141.072372
720.042938,219.376709,159.180634,142.145538
722.056595,219.329323,157.740967,145.318375
719.342323,219.300865,160.843643,144.122177
718.345940,218.810204,161.666245,142.587570
720.408638,214.011169,160.936478,144.568817
725.698875,202.658775,157.857346,150.860397
721.822868,199.386703,159.989975,152.566040
716.669037,201.273666,164.235565,153.465393
714.480209,202.933754,165.747314,155.217361
716.465584,203.088326,165.925369,155.882462
720.238831,201.362106,165.771881,152.423096
726.008270,199.750748,164.693634,153.872131
728.456825,197.772911,163.864212,152.090622
730.129913,194.845627,163.793854,160.097656
736.406502,189.658127,158.365616,156.590027
737.381836,185.612312,156.919830,150.041275
730.207619,186.251495,164.387039,136.093353
729.264587,185.297737,166.905731,143.515823
726.351959,185.257744,172.413544,149.225571
724.911911,186.234306,174.358582,142.503525
722.744118,182.921341,177.603836,136.864258
714.423637,177.931297,185.028732,139.039474
707.200150,178.390831,191.620422,141.199020
703.369003,176.730316,196.649475,135.253021
697.032364,173.856636,202.916504,125.743973
694.590408,172.565636,202.692810,131.657761
695.120682,172.714920,199.174622,137.545532
696.434891,174.534004,198.853638,139.470596
701.622131,173.819717,209.415192,145.972595
698.874069,173.428078,224.612366,154.258560
716.514114,168.816948,227.152100,139.271347
746.161469,161.413261,209.154999,99.643723
752.968369,163.605854,201.276550,100.559380
754.686722,159.577026,214.483765,139.784943
844.546356,170.075226,131.318024,139.031464
827.690811,168.653374,157.651611,157.782211
778.315453,157.606430,213.303879,182.152954
846.608360,166.200287,156.842209,180.229950
857.967468,171.417496,158.606232,173.892517
898.494003,196.778114,128.710815,153.823624
939.078037,215.406456,95.415062,140.825790
942.717476,221.891068,87.047867,129.401489
939.293373,222.718941,96.563187,133.996658
930.341278,220.630920,110.086029,142.691742
923.740593,220.911980,120.852585,153.961166
835.292061,220.519569,199.819107,159.143021
639.648422,243.783302,163.790680,136.406509
641.061623,245.768562,117.022385,126.012466
645.788643,241.855713,105.855270,135.537140
639.422031,241.468864,106.679070,136.630661
636.245972,245.152428,103.263855,133.606796
626.911613,248.953201,111.055008,131.431763
609.931828,242.825966,126.435783,135.810013
634.019417,242.246658,104.682968,135.117126
614.046307,243.065979,121.571510,137.113922
624.652435,243.484421,111.744263,133.486938
614.814571,243.764053,123.111641,135.257263
626.382141,245.815254,113.618774,132.194168
612.888466,245.556366,130.164413,134.348907
639.983135,247.440498,107.545509,129.528946
630.457996,248.019775,122.877892,131.310516
674.894547,245.570808,279.327728,137.995132
919.876297,218.799698,122.421234,160.669312
924.784637,219.521309,121.649231,157.477371
927.149868,219.388031,109.389168,156.990143
927.080112,218.047905,117.547844,155.972458
928.054401,218.854256,109.044518,152.207230
928.190880,219.274811,113.463699,151.529266
920.266521,220.611786,112.121742,148.731293
901.746407,221.727913,133.379929,150.380325
896.519218,223.386948,138.315140,148.251587
881.400070,222.267303,148.762299,148.171234
866.193443,219.117119,173.281265,154.265671
860.800682,221.191765,188.282669,159.815170
841.686081,232.223305,216.342438,137.374405
813.280838,233.519966,247.967987,140.719498
806.286659,256.293308,255.643906,110.078758
806.828178,254.049332,254.849380,113.312622
815.190361,264.495506,246.087051,104.032639
800.602325,283.148056,259.169861,95.201233
793.828491,293.885410,258.396545,89.495079
807.938911,295.748043,253.135239,88.642616
810.232452,288.585808,247.000122,93.360336
799.492935,286.666061,259.746063,96.190491
799.872940,291.006367,162.588715,86.110771
810.549973,297.428696,139.272675,88.759705
813.471848,295.460644,211.896088,89.429390
813.319710,292.270638,129.028671,90.982132
819.577908,286.637707,117.029915,102.930489
814.303493,274.574253,120.764656,110.927086
812.875843,265.055660,123.304405,119.614174
809.969749,254.535984,123.012589,122.440758
803.368954,251.875774,125.116646,115.029854
792.895737,254.591423,132.902374,116.898727
785.438240,252.027313,139.295944,122.086884
787.977898,253.401859,133.636002,125.837730
789.012039,253.642704,131.273590,127.286522
788.969444,251.084084,128.905960,129.569412
789.483627,253.769543,128.746674,126.542244
792.624088,251.429981,125.335381,126.423943
780.390083,251.992596,136.575546,125.061287
773.238289,255.048485,140.880722,122.383163
765.653175,253.467979,142.504074,123.907333
758.851830,252.668495,149.241714,127.244583
761.261604,251.214741,141.849533,123.610527
761.855865,248.026672,138.317932,128.782074
762.453987,244.225723,137.508469,134.064514
756.586273,238.827950,137.566711,133.210709
752.560478,235.379616,137.602676,128.181656
750.019264,228.350998,139.138718,137.959717
744.408714,224.421265,145.198624,142.073517
741.411507,222.427635,146.084579,144.173203
741.897537,224.292114,144.004791,143.030487
738.430206,222.656425,147.972900,146.570480
737.313164,223.569229,149.343582,144.154602
742.523216,221.820541,147.878006,143.634583
739.527809,221.797836,148.378708,145.122498
741.437958,222.387421,146.707764,144.030487
736.949463,221.408806,150.424561,145.363022
740.742195,222.862083,144.064316,144.326462
734.740944,223.170723,151.710373,145.697586
737.079575,224.653992,146.832184,145.766449
738.481064,223.594452,147.517059,147.362640
737.552414,222.942894,147.390411,147.655136
738.257927,224.264069,147.157974,145.671051
728.661629,227.448151,159.467697,137.076019
720.697273,226.780930,168.134445,139.018250
708.506409,221.623764,174.157593,139.112549
706.827972,216.576286,149.866699,147.106552
701.800751,214.537437,129.364319,141.539597
700.528488,212.034943,127.913605,142.789276
694.221359,214.562141,134.879791,152.292068
686.952881,219.914543,141.892212,146.288315
688.022476,221.731392,147.081085,145.859146
692.220856,221.284988,148.142151,143.759521
701.076027,220.201729,144.900192,145.704117
708.490028,219.123055,144.978439,146.718277
709.821495,220.424461,156.852371,148.675827
714.948753,220.101730,162.908646,137.069702
731.589760,216.614151,151.670822,143.793518
737.923904,216.964775,144.174530,141.581406
747.400200,218.879684,126.734451,145.450378
747.359867,221.231255,122.858086,144.533859
748.283875,220.178978,120.881653,147.904953
754.259205,219.593750,120.109032,161.436798
784.909878,218.532616,90.873299,157.645676
787.189220,221.598015,88.093971,160.167526
795.746220,223.770500,87.063774,158.357224
797.603203,229.351242,91.686722,152.402710
803.200157,231.923233,102.220291,150.411987
800.183044,233.670677,120.165283,144.197678
780.235497,241.224991,160.691116,132.332642
791.550247,245.022530,164.718597,128.240005
832.321236,246.654724,141.238754,118.916718
866.914513,249.639637,114.898697,117.050713
848.277840,261.553295,154.293320,112.149666
821.810379,272.654694,205.084930,100.308319
816.390877,259.033066,179.892441,107.661804
829.319069,241.990105,145.963303,122.452560
842.608673,242.040699,145.757324,124.527702
860.600334,266.092102,175.911087,103.098846
864.056862,262.258541,170.566513,103.389381
881.255768,273.781731,153.044250,89.805649
859.159645,252.584248,157.775253,115.368034
860.119667,248.840240,150.354904,121.801727
856.223892,246.209332,147.106903,124.383614
887.195580,275.478458,134.704910,85.454979
884.279381,262.820107,136.062943,102.869034
873.004944,248.719894,137.684387,111.596863
877.699829,256.353615,142.499023,108.528091
896.351543,275.711353,126.660378,86.736748
945.033161,283.741135,90.884178,79.818542
877.834270,255.287739,107.462349,111.960320
849.623993,246.993176,132.210846,122.270821
840.101578,250.639278,140.877808,117.614601
848.150497,259.617802,177.382751,112.271324
829.726273,291.283360,201.332336,88.334007
900.803902,306.357815,129.715591,65.558754
910.880039,311.193407,116.170403,59.685696
914.382195,308.851379,113.965256,62.747131
925.120766,296.000549,103.887070,72.028656
926.199883,289.342373,105.508896,78.583595
927.648403,285.690590,102.483345,78.313797
919.727013,266.923595,114.965927,93.806740
926.959347,262.906097,105.302895,95.491028
928.685589,254.215778,101.111336,109.617668
916.404175,253.798672,110.533508,109.925087
913.324627,249.252945,112.087440,114.108704
906.479351,245.802032,118.885658,116.417084
887.964027,241.658585,136.468124,118.878662
861.881790,226.648811,151.173859,130.661514
828.681198,221.235901,184.259308,130.026031
819.068893,212.332283,191.446869,137.893387
795.787857,208.295273,206.827240,130.568054
772.277695,207.493027,240.123077,135.916687
758.881721,207.318810,250.556442,145.236191
737.015869,207.909882,262.631592,151.673248
718.515869,208.424339,260.187622,143.620712
712.189362,208.126366,268.584717,141.335556
704.991760,210.882126,270.588257,135.462891
696.788589,209.060997,269.716583,135.422714
688.705368,210.258034,258.514008,137.043655
678.068451,211.162415,252.404297,145.272858
663.605782,212.794960,251.179184,144.214371
657.883537,216.718987,246.686050,143.346298
648.366898,220.487648,246.245270,137.955215
642.814651,228.644581,231.283966,124.490410
627.041779,235.868320,229.159729,119.011803
620.850433,237.463673,214.567078,121.874931
616.909477,238.259621,191.323135,129.058670
605.826614,238.151711,170.506439,131.989944
600.973373,239.877846,160.297577,139.927872
600.495033,255.575748,152.922714,120.666649
597.411880,280.468044,133.286407,101.969765
594.455650,293.227669,113.421463,90.646561
599.721146,260.750439,168.256012,120.005348
596.439301,310.424191,86.737915,85.088020
595.017231,310.904106,80.273613,85.829025
585.539963,303.115551,83.771484,96.136147
557.219566,284.675198,95.396713,116.024788
551.036507,291.651573,99.655228,107.211075
509.341637,291.847286,137.668381,106.690010
435.572205,290.060097,199.552582,104.242538
431.544434,281.843960,201.443146,100.613228
418.886894,272.830475,213.396164,100.737366
374.352882,262.956081,234.483658,109.410530
347.264816,253.297882,277.144287,115.305176
330.188843,252.302925,289.358246,69.675522
294.347000,250.196159,301.015808,76.860245
261.094223,248.913109,226.662598,125.521744
250.284470,246.676075,270.567200,126.210777
236.534004,244.620766,243.416702,127.918320
193.410736,242.051056,271.489105,135.716187
176.131058,238.696587,265.682739,131.240067
168.992218,241.538628,253.533478,133.014786
156.210297,237.956825,260.059418,141.613144
152.982208,244.738556,263.178436,136.338501
152.209351,242.676270,259.336517,140.068909
149.505142,244.388245,258.829712,139.553589
149.634415,242.013855,256.613708,139.570923
147.989166,249.575111,257.146759,133.663193
150.165565,260.348228,237.203934,121.836502
148.223335,264.111404,189.355301,115.441071
143.273552,236.571373,254.855270,143.081375
147.794601,282.461491,147.283813,97.104301
146.439034,289.147362,135.857925,90.968277
143.440506,288.009396,136.885254,92.845650
143.472191,292.624046,137.308762,91.990738
144.764923,288.092186,137.594208,92.909317
146.347107,289.492180,139.275848,90.370438
145.545570,286.484993,142.023026,94.320236
153.344078,290.558681,135.291489,88.052132
151.929062,293.909081,137.310547,86.869034
151.235069,293.288052,132.698471,89.970161
152.278160,292.340359,130.515182,90.551521
149.797600,293.628017,133.986252,89.971504
152.669167,294.616501,130.584122,89.811310
151.753494,293.465214,131.463318,89.425835
151.963104,293.051720,132.332245,90.294266
175.506653,292.459053,111.611908,86.189194
170.251747,293.359924,114.965469,85.625641
171.741314,291.963947,116.921730,84.562492
151.156441,293.976643,135.370621,87.659081
166.763813,294.466007,117.540337,84.125359
171.895390,287.506912,112.712364,89.487183
192.856419,282.608624,103.310692,94.108192
217.041153,284.740360,92.605408,88.500084
220.896423,218.065910,148.569061,147.369003
224.773529,206.466743,136.459320,169.118423
227.189140,209.962616,129.250290,154.094879
226.494659,213.919441,152.213348,155.523087
210.047447,233.153778,171.810898,142.951385
205.245041,267.354561,195.352051,110.870987
198.933319,279.912117,216.004059,99.528824
195.861115,280.616444,230.433563,88.676384
196.325981,278.946030,251.555405,84.740540
195.290955,277.454361,256.567474,93.618713
193.326996,273.828674,269.406708,99.781036
204.520966,267.425392,261.596588,107.758255
210.683197,264.913303,260.876801,115.425621
212.695419,263.368057,266.908630,109.147095
218.099899,263.577477,264.604187,113.579697
218.614456,265.543621,274.231323,110.215645
222.591858,260.599998,297.495941,113.913742
233.824142,259.502071,305.472290,119.946999
255.213120,261.384960,321.561462,113.083260
286.028137,257.122116,311.043365,95.561340
305.356644,261.203876,307.304504,85.471184
331.653061,259.859772,291.058350,112.585785
339.577667,259.443642,286.095856,109.403824
347.260208,255.363422,286.945312,120.995781
525.464577,277.852482,159.616653,96.182579
551.471191,286.176239,150.461273,88.759857
571.858871,276.876812,151.037659,96.398079
566.527695,277.103752,174.426636,99.240219
512.118523,273.420258,253.579086,87.736786
507.118500,259.565250,289.874603,91.613487
508.727081,257.390022,309.991486,120.513809
518.531158,273.880417,313.713470,113.211060
529.571564,273.526791,313.644806,110.224953
654.695999,277.240868,197.603577,104.923203
641.090134,277.306602,222.578308,107.049423
706.368927,288.335876,168.793182,102.128510
596.786606,268.122009,286.153381,124.663788
610.212494,269.116871,277.865143,125.484062
610.963196,266.918175,283.886444,131.443344
617.398102,270.081230,283.886932,128.999557
640.479584,284.776825,258.380157,116.074493
610.415756,273.808884,285.064453,129.279724
662.975899,297.634106,230.364212,105.703011
693.589890,305.694164,200.494629,97.540535
711.909729,311.058945,184.440155,93.882141
732.975998,317.684452,164.751343,86.381554
732.357513,320.170185,166.688019,86.272697
732.220589,321.921677,171.033585,82.543884
737.688400,321.677326,171.952942,77.627861
735.559258,319.505550,179.342453,80.217079
733.811996,317.118996,189.679810,82.993607
738.984734,319.550114,185.313705,84.398582
626.642181,301.836117,299.950714,95.785194
633.622589,313.624634,295.293671,81.341339
661.781509,314.593334,265.707886,79.129707
672.646057,311.879002,260.069244,78.846275
686.736137,307.584843,247.947800,82.358543
694.861153,304.782356,240.736465,86.400101
778.068817,306.959091,151.112335,81.402771
720.075104,307.271732,215.860107,81.970970
786.672768,308.109570,146.260544,81.703377
735.826134,304.827793,204.354660,85.864525
769.979073,304.644535,160.332169,85.850792
690.803787,300.917889,240.636047,87.534126
721.645226,294.832733,202.868332,94.044586
715.960037,282.637478,216.865356,105.892311
708.262947,280.358017,214.021194,111.552856
694.347542,274.474758,231.290543,120.227028
691.616020,272.690685,237.040085,121.049568
687.584419,273.159634,240.391434,123.023964
682.850761,276.030621,239.348740,123.846687
669.016380,280.004765,247.232285,121.567284
657.984444,281.219032,247.068863,123.781143
646.858406,282.811829,253.859451,124.270355
634.203171,285.334534,257.297607,127.399689
612.050873,287.423531,256.403046,129.169510
588.618355,290.565353,255.766983,129.788269
558.715775,296.255020,254.315674,137.754089
533.340042,304.454346,249.037659,149.718842
509.085495,314.144142,260.088928,155.068497
481.469925,311.586777,274.167236,155.660461
490.632347,315.997513,243.209885,155.364624
482.718040,327.695450,231.964767,171.465027
440.555367,343.068275,252.313431,167.544083
402.195313,355.758530,258.502533,180.146240
375.089569,371.694817,254.706329,188.834213
308.920853,388.945618,291.710754,196.958221
342.628998,405.805176,239.364044,163.853607
324.436371,415.764427,244.451813,185.878708
331.745628,417.574371,237.717331,170.398346
341.023880,408.759888,230.840576,172.880951
335.413811,405.311661,228.103928,177.075989
332.341721,400.338425,224.665100,176.371887
314.387009,394.132385,231.171570,178.488129
310.952362,389.088333,228.697540,177.446350
315.088547,385.257248,223.709045,176.794556
307.644463,379.361633,227.837021,173.145538
314.857063,371.927856,218.628922,171.499725
316.997017,368.706047,223.179947,170.832504
317.333130,364.391533,227.602509,172.702744
327.577766,357.872116,223.486282,170.273438
333.343979,352.044174,223.546997,171.106323
338.945091,344.479851,224.679855,166.412582
348.857895,334.589561,222.174377,164.702072
353.401199,325.175156,225.517334,163.977173
344.865105,323.051300,232.780991,163.438873
340.922920,322.795746,236.793716,158.101471
344.831734,319.947487,236.837906,148.030777
348.890518,314.186699,238.393799,146.038254
362.819359,302.130310,236.242538,144.782440
378.793343,291.599411,237.886795,144.875977
394.703041,281.430794,238.688614,145.925247
410.542358,276.141907,236.722137,143.497101
413.784103,272.712952,240.234192,144.310394
418.722290,269.573936,237.870148,143.914841
424.639458,259.638733,236.129684,146.702057
430.182953,252.188263,235.127289,152.212799
444.352051,247.622955,229.107269,150.825531
455.654137,240.706985,229.570908,152.767212
463.635567,233.061470,228.528763,153.327774
456.742126,230.413025,231.277985,132.290741
472.296173,228.598763,216.162933,131.527542
471.655571,228.124390,212.140488,143.300385
464.804428,224.636734,221.851196,150.729309
466.750542,227.694893,220.083420,146.238480
483.832222,224.105133,206.344437,143.952179
491.515823,221.110146,194.904846,142.878983
499.216606,220.122337,185.070724,137.323654
509.977348,221.232292,176.470078,132.238205
519.042488,223.940331,173.584183,132.648666
524.507385,226.120499,172.719452,133.020752
538.252800,225.700340,161.780685,130.353012
547.635841,229.078453,155.037125,131.910934
553.879089,231.150887,146.726959,129.680313
554.724464,232.222961,149.070511,130.309174
558.268585,230.876358,145.372284,132.395020
557.317604,231.336998,151.545181,133.881454
565.130478,231.187950,142.638306,128.708603
569.159416,231.998928,141.380966,124.625832
576.708481,235.040871,133.485168,110.527664
586.062447,239.302372,126.215042,101.317039
596.282207,249.095615,118.610481,67.409019
608.704376,251.496634,103.431885,53.116718
619.889229,249.067980,83.232681,40.211483
636.645124,245.730165,62.803501,38.361874
644.600754,237.044197,36.145859,37.509872
645.973768,234.592270,33.447224,33.927414
640.683502,232.350698,36.272690,32.224476
635.098007,233.634551,33.770981,29.075853
628.037341,236.194301,29.654383,22.055170
616.605463,238.472862,33.365917,17.199196
584.861210,274.891651,99.840935,26.175476
674.099083,283.312366,45.959244,70.301056
666.077890,294.240431,48.491680,57.995647
643.000343,284.947180,64.043640,61.054302
626.772301,267.330887,78.100067,83.396721
629.788563,250.405834,66.937721,98.959747
626.225630,246.620533,63.812092,100.374435
625.034767,241.689850,64.736725,101.273399
621.580647,263.618660,65.490059,84.618141
621.335918,265.637470,65.105827,85.178909
624.735909,268.956848,64.251770,78.152489
632.552895,272.026157,62.045837,72.721786
637.526554,274.356110,60.298500,71.517235
645.334490,277.832607,58.179760,68.031067
653.490192,282.125784,69.858650,63.015789
660.360237,288.949324,80.534027,63.915035
659.797226,289.290836,83.395096,71.017960
660.145512,289.576172,68.840645,65.448814
676.736076,318.918207,49.948608,39.212559
680.878178,322.090107,41.951683,36.187805
683.243910,317.566792,38.145512,39.267853
685.529352,319.354750,37.380611,36.197964
687.082312,319.730982,36.261692,35.025089
687.927206,314.427366,51.745396,43.120083
685.066441,314.217957,52.177940,43.374443
687.217031,314.774042,56.853001,41.589314
687.304798,308.346941,58.990089,50.989185
686.080666,310.087341,63.328217,51.272118
682.688576,312.483782,67.647522,49.612720
680.233150,316.545948,71.758751,47.006943
647.965336,320.649876,110.179268,47.522385
645.110970,312.373022,116.205139,55.382915
645.020519,305.242300,116.812431,58.405590
653.098057,305.411598,108.094521,60.411140
646.552956,304.680866,121.680023,62.699142
646.856213,303.020584,123.469902,64.191338
648.041142,301.907169,119.813667,66.917068
646.942757,302.455170,122.683563,67.361382
647.674068,302.545010,122.784752,66.789948
647.495228,301.771915,124.621864,68.337082
647.854359,301.927872,121.779396,68.880119
646.586876,302.711643,122.927124,68.893845
646.067612,303.613583,123.778275,66.823273
646.519028,303.610298,115.376663,68.419380
646.695667,304.297718,111.821480,67.080399
647.804928,306.126152,104.501732,64.942177
647.474976,307.781284,114.969162,64.834183
647.129696,300.380417,102.034233,68.167625
654.094143,293.032009,107.036125,79.018860
655.447701,277.972076,104.533661,96.894798
650.853943,269.701786,87.423813,107.451859
642.129959,259.569489,95.012711,116.346458
640.556087,253.019230,93.054558,125.683426
634.794556,248.051136,105.323593,130.595383
620.804966,236.994991,106.991554,141.648224
608.393013,234.900753,124.358856,139.955536
603.981625,236.610935,125.184868,133.817459
600.144600,237.032505,129.315155,133.234512
590.811584,234.830379,142.031479,136.445465
587.440628,232.723934,147.208023,135.083405
584.446129,231.303684,148.804443,138.123917
577.982590,232.461514,153.180862,136.405792
580.322899,235.297810,148.024780,131.830246
580.938629,235.058521,149.235947,132.341232
580.118790,236.773792,149.842361,132.541672
580.596764,237.981312,149.786987,133.921371
583.550926,239.541615,147.937256,132.056564
584.482964,238.009655,152.094482,133.542786
588.374832,238.882626,148.136612,135.205475
599.040245,239.166470,137.872070,136.614655
599.216331,236.760654,136.666138,136.986954
607.714256,233.452618,128.823914,140.735962
612.209385,233.025295,125.730141,141.032745
611.891907,234.933437,126.831406,138.973907
614.153530,236.730228,126.075249,137.365860
612.548416,238.484219,128.071793,138.542267
607.737762,239.304363,134.335617,136.554626
606.074600,239.910328,135.660355,135.165451
602.993622,241.693424,136.350082,136.935318
599.825264,242.958462,139.184174,134.682770
598.287178,246.052036,139.242279,128.584488
598.758270,247.701473,145.476303,127.575653
599.427612,246.379959,145.116135,125.609550
599.637093,245.641109,146.777496,126.204742
602.621048,245.093609,144.872391,131.452820
601.525314,245.634548,144.665665,129.793060
599.638817,245.386707,149.749634,132.424728
598.143669,248.026737,155.148132,133.117874
597.669540,250.966946,156.718399,130.175018
597.012550,250.897541,160.338531,121.953598
598.419792,251.223206,160.905640,116.577782
602.250610,251.465691,160.325119,117.770485
601.424522,251.453461,164.452881,115.793846
602.032295,251.033531,165.560455,110.821815
603.000038,252.650032,164.787018,113.042976
603.501045,252.140614,165.888092,112.338425
602.805611,252.118885,167.645050,113.338364
605.320129,252.464420,166.215134,113.445450
608.169144,250.962509,166.148575,113.687370
612.040016,251.441631,164.899017,112.561218
613.653526,251.169521,163.388916,113.810150
613.787239,251.824852,164.185516,111.413124
613.810173,251.229908,166.428650,112.337570
614.967941,251.223530,167.854202,112.450668
619.325760,251.968857,163.792496,111.324516
620.801346,253.728115,164.228775,116.569916
620.385628,255.478508,167.070526,117.337624
627.075211,255.623402,164.959061,116.711716
628.332176,255.493946,167.612549,120.147446
633.901917,252.778290,167.256393,122.300133
640.697014,252.934399,158.953186,121.055420
642.564034,253.424927,157.228485,121.321983
643.476563,252.864124,156.731613,116.397202
651.092194,255.213989,152.098557,114.877647
657.409431,254.821285,150.469513,116.606964
