0.012786
0.025726
0.025811
0.048175
0.024262
0.025069
0.023543
0.026454
0.027086
0.035884
0.027057
0.028655
0.026136
0.039491
0.025999
0.026661
0.026875
0.034654
0.026960
0.025666
0.027263
0.027235
0.027472
0.044971
0.025643
0.025681
0.025982
0.027121
0.027367
0.037067
0.034855
0.054594
0.034285
0.027053
0.027070
0.044746
0.026713
0.025444
0.026363
0.034068
0.027525
0.027500
0.030470
0.030258
0.030349
0.037706
0.030397
0.029841
0.031704
0.029572
0.028885
0.030855
0.030388
0.029147
0.030686
0.030471
0.030240
0.029324
0.029880
0.030303
0.028891
0.028064
0.029490
0.027733
0.029208
0.031750
0.030961
0.030622
0.033354
0.030657
0.034439
0.031041
0.030529
0.031280
0.032399
0.029323
0.029680
0.030433
0.028051
0.029345
0.027855
0.029464
0.029549
0.035074
0.026940
0.034606
0.039307
0.027547
0.027204
0.027797
0.026643
0.025426
0.027819
0.027686
0.026828
0.026767
0.027668
0.027814
0.027105
0.026715
0.026437
0.034316
0.025735
0.028111
0.042473
0.032599
0.026801
0.026597
0.041426
0.027229
0.027021
0.026918
0.026385
0.026858
0.033669
0.051024
0.028621
0.026905
0.026340
0.030989
0.028504
0.028993
0.031137
0.028944
0.030816
0.030124
0.029226
0.029579
0.030319
0.051652
0.031358
0.030872
0.030490
0.027312
0.026185
0.033929
0.028534
0.027463
0.028277
0.029094
0.027679
0.029149
0.028100
0.026411
0.028022
0.027401
0.027579
0.040257
0.026241
0.027067
0.027692
0.027156
0.026323
0.027576
0.028354
0.027093
0.027643
0.027969
0.027580
0.026620
0.039649
0.025576
0.025516
0.025286
0.026403
0.030571
0.026210
0.025040
0.026723
0.027144
0.025894
0.027029
0.027043
0.032956
0.039776
0.025933
0.025512
0.024860
0.033680
0.036581
0.025434
0.024326
0.025396
0.025608
0.024860
0.024355
0.043126
0.025455
0.025752
0.029189
0.024284
0.029820
0.024878
0.038604
0.026775
0.025333
0.026091
0.027522
0.026445
0.026736
0.038727
0.026872
0.027142
0.028103
0.027991
0.026844
0.043322
0.024457
0.031199
0.027892
0.040143
0.041553
0.039170
0.028160
0.028685
0.027534
0.028189
0.026607
0.026944
0.026842
0.034538
0.027746
0.026379
0.027131
0.025811
0.026452
0.025158
0.035414
0.026074
0.025706
0.029077
0.024690
0.026341
0.026758
0.026132
0.026027
0.025022
0.026767
0.027014
0.046408
0.025469
0.025957
0.027245
0.024150
0.042770
0.030850
0.023647
0.023698
0.027208
0.031009
0.025968
0.024548
0.023853
0.025360
0.023519
0.027758
0.024734
0.030968
0.025371
0.038461
0.024551
0.031264
0.027713
0.026518
0.026164
0.026365
0.026568
0.026288
0.028206
0.027643
0.049865
0.036608
0.028214
0.025605
0.027626
0.029329
0.027083
0.025692
0.046727
0.026723
0.026593
0.028849
0.028558
0.025323
0.026196
0.026990
0.026623
0.025699
0.027829
0.032933
0.046868
0.028254
0.033457
0.026264
0.025928
0.030580
0.026580
0.025785
0.026144
0.026254
0.027417
0.035272
0.026384
0.026724
0.025629
0.025890
0.026841
0.026954
0.046334
0.033023
0.028312
0.029215
0.027619
0.035498
0.028826
0.026986
0.036263
0.028416
0.028670
0.028828
0.027488
0.028324
0.027713
0.028647
0.026784
0.027062
0.026827
0.028740
0.029146
0.027958
0.028715
0.028733
0.028749
0.037573
0.034699
0.028453
0.029949
0.029813
0.029502
0.029512
0.030040
0.039177
0.028546
0.027282
0.025857
0.035731
0.027029
0.026539
0.047553
0.027235
0.029574
0.029944
0.028423
0.028566
0.028310
0.029008
0.028113
0.031288
0.030259
0.046553
0.042179
0.031101
0.031566
0.027761
0.032259
0.029304
0.026990
0.029143
0.033354
0.032374
0.031676
0.034591
0.044337
0.031777
0.047508
0.028354
0.028571
0.027047
0.033016
0.026147
0.026674
0.025284
0.025619
0.025920
0.026290
0.028445
0.025437
0.024548
0.024050
0.027167
0.026386
0.025872
0.026585
0.024436
0.025495
0.025724
0.029980
0.025887
0.025306
0.026650
0.035516
0.030545
0.029876
0.035469
0.028472
0.029115
0.029213
0.030030
0.032638
0.029963
0.028473
0.027792
0.033561
0.026205
0.028205
0.026394
0.030093
0.028252
0.024601
0.025267
0.034039
0.025633
0.028267
0.026850
0.025822
0.036570
0.026962
0.053008
0.025912
0.025336
0.032414
0.052946
0.052961
0.025056
0.043969
0.025916
0.026707
0.025254
0.026359
0.024971
0.026967
0.027194
0.026442
0.027243
0.026214
0.029789
0.029638
0.033984
0.028646
0.026733
0.029198
0.025831
0.029941
0.030495
0.039407
0.026258
0.031322
0.026753
0.029202
0.026827
0.028971
0.029312
0.028475
0.027913
0.027106
0.039136
0.026777
0.032456
0.026629
0.026872
0.027253
0.027161
0.027327
0.025724
0.028069
0.028190
0.029179
0.028172
0.028541
0.028991
0.028938
0.029001
0.034210
0.029942
0.029818
0.031889
0.030055
0.030913
0.030457
0.029490
0.030079
0.030389
0.030771
0.029968
0.048409
0.036343
0.029490
0.050058
0.029392
0.027362
0.057153
0.055943
0.027879
0.030202
0.054846
0.024599
0.056613
0.025126
0.024581
0.028092
0.025598
0.029194
0.026189
0.027614
0.025175
0.030114
0.033555
0.030391
0.030049
0.029446
0.031347
0.029532
0.027365
0.034870
0.027465
0.032616
0.033363
0.031411
0.028061
0.031827
0.026242
0.025041
0.023797
0.052695
0.021841
0.023788
0.020957
0.036306
0.024733
0.024975
0.023664
0.024612
0.025130
0.045020
0.040591
0.047566
0.030029
0.025968
0.025769
0.026405
0.026547
0.029723
0.026266
0.025795
0.024572
0.024506
0.026480
0.026305
0.028135
0.026993
0.026875
0.028576
0.033823
0.031265
0.028851
0.025073
0.024970
0.023127
0.024472
0.023698
0.024392
0.030592
0.024105
0.030730
0.026983
0.041868
0.026105
0.026148
0.026451
0.025957
0.032501
0.027006
0.026804
0.025817
0.024918
0.026595
0.026989
0.035889
0.027465
0.026551
0.027718
0.026887
0.027242
0.027066
0.026364
0.036073
0.026852
0.026881
0.027636
0.027698
0.047843
0.026911
0.024423
0.026132
0.026278
0.027178
0.025719
0.027501
0.026200
0.035530
0.024591
0.024892
0.024876
0.025545
0.026673
0.025725
0.026545
0.035902
0.049441
0.027219
0.027339
0.026570
0.025719
0.024527
0.023945
0.025898
0.045555
0.025129
0.032044
0.026203
0.024055
0.025446
0.024053
0.024488
0.025790
0.058193
0.028033
0.028308
0.039062
0.028008
0.028654
0.029456
0.029154
0.031612
0.022847
0.023237
0.023670
0.023038
0.023972
0.024004
0.032150
0.032772
0.025283
0.026804
0.024161
0.024037
0.026290
0.026528
0.033850
0.023286
0.035571
0.024795
0.033832
0.023852
0.025606
0.024690
0.026368
0.025724
0.027324
0.025475
0.061635
0.025030
0.027344
0.024921
0.026765
0.025569
0.028376
0.026182
0.028036
0.024486
0.025295
0.026340
0.025740
0.027893
0.032564
0.024908
0.025618
0.028222
0.027086
0.025811
0.026934
0.032903
0.028361
0.029498
0.029213
0.026758
0.028024
0.025756
0.026131
0.042143
0.027772
0.025015
0.031610
0.025810
0.028025
0.024869
0.024527
0.031079
0.026181
0.027642
0.043388
0.043913
0.023544
0.040170
0.030885
0.024994
0.028276
0.025562
0.023885
0.024133
0.023910
0.038511
0.027794
0.023913
0.025113
0.023482
0.029443
0.023706
0.024185
0.030835
0.024838
0.024393
0.037268
0.034639
0.026233
0.031887
0.032238
0.026320
0.024600
0.024845
0.024711
0.025285
0.024671
0.025229
0.025255
0.025389
0.024422
0.025647
0.033158
0.024147
0.025858
0.039963
0.025596
0.023846
0.024525
0.025422
0.025859
0.051931
0.026694
0.025009
0.026647
0.039968
0.025912
0.023844
0.037906
0.029956
0.023954
0.023785
0.025624
0.029676
0.024647
0.023720
0.031551
0.025643
0.024938
0.025584
0.023894
0.034854
0.025695
0.028252
0.025426
0.025059
0.042541
0.026715
0.029479
0.025539
0.025762
0.027680
0.025812
0.025258
0.024785
0.024660
0.025262
0.024722
0.034042
0.032813
0.023749
0.030935
0.052719
0.024250
0.037414
0.024557
0.024171
0.025743
0.035643
0.024434
0.025886
0.024804
0.024367
0.025926
0.025675
0.024160
0.023781
0.026742
0.024228
0.026963
0.024862
0.024517
0.025378
0.023905
0.029739
0.024276
0.023650
0.024060
0.023418
0.023580
0.022651
0.023372
0.023189
0.022920
0.022150
0.022811
0.021779
0.023447
0.021838
0.024614
0.051329
0.025178
0.024747
0.024541
0.024651
0.033592
0.025705
0.025015
0.030398
0.025726
0.033062
0.025208
0.024342
0.025078
0.029942
0.047019
0.033992
0.026690
0.025427
0.025386
0.025216
0.025302
0.029686
0.037809
0.025119
0.039444
0.030382
0.024152
0.024636
0.035773
0.032190
0.025414
0.025265
0.026699
0.025259
0.024158
0.026153
0.030580
0.024606
0.024924
0.025609
0.025445
0.024746
0.029831
0.027545
0.026545
0.025471
0.025640
0.030346
0.023731
0.025060
0.024510
0.026106
0.024595
0.024892
0.026529
0.022886
0.024329
0.025660
0.024643
0.024903
0.024541
0.024530
0.023258
0.025030
0.024530
0.024314
0.024582
0.023422
0.039513
0.024175
0.042123
0.023490
0.024244
0.023293
0.024590
0.023570
0.023878
0.024625
0.032219
0.031925
0.024364
0.024770
0.024501
0.025991
0.023714
0.023146
0.023549
0.025535
0.024302
0.026205
0.023567
0.026200
0.023867
0.024336
0.022884
0.024803
0.023803
0.023337
0.024327
0.023266
0.032128
0.024850
0.024150
0.029398
0.024449
0.025439
0.023852
0.024810
0.041157
0.024090
0.024579
0.024127
0.025780
0.043950
0.024042
0.024912
0.025448
0.024354
0.024610
0.024623
0.025778
0.025382
0.024957
0.025915
0.025712
0.025456
0.029079
0.030751
0.036564
0.028729
0.030488
0.035219
0.029475
0.030507
0.029452
0.030669
0.028579
0.028678
0.038109
0.030395
0.029563
0.031744
0.032125
0.031053
0.026352
0.036802
0.060169
0.030153
0.026124
0.026156
0.026179
0.025002
0.024008
0.025750
0.030596
0.024973
0.028295
0.037260
0.048762
0.025667
0.045317
0.033707
0.025954
0.036915
0.025162
0.024589
0.026049
0.033404
0.024489
0.024471
0.029019
0.027414
0.027612
0.025591
0.023353
0.025213
0.024840
0.024235
0.023165
0.023398
0.024672
0.024556
0.034076
0.024867
0.024491
0.024403
0.023117
0.024267
0.030115
0.024624
0.025598
0.024865
0.023969
0.025074
0.023941
0.022311
0.023490
0.023307
0.049509
0.023234
0.025492
0.024992
0.023201
0.023713
