690.000000,264.000000,205.000000,206.000000
689.574844,264.906036,199.209686,203.446472
685.282997,260.697014,199.143967,201.309769
684.190483,256.378731,196.838943,193.521957
686.469002,253.421684,194.413315,187.239944
681.005043,251.519135,194.084702,185.245239
679.940109,245.483093,194.707245,189.616211
674.381310,248.433685,195.741226,178.581543
672.425713,244.806145,195.829422,183.054581
667.846832,246.192757,199.040588,184.359848
673.991829,251.980698,185.700668,177.544037
666.660858,249.155243,187.043579,185.229065
676.240555,245.472351,180.567596,187.578552
679.059303,245.682999,176.815353,190.062836
679.421349,243.290039,177.867386,193.244568
679.554695,241.527092,180.404282,192.278702
677.279213,241.601151,185.170212,190.339752
674.812935,240.306351,191.861923,192.541718
677.094238,241.471924,188.564941,191.701111
674.735512,235.020981,189.415817,196.634125
672.560631,238.022873,194.079300,193.503326
669.259499,230.323563,196.858810,202.522614
668.913445,232.152321,199.714188,197.109421
668.041878,241.466034,197.286301,193.569214
668.711914,231.255882,196.627502,207.066544
672.643311,243.259148,194.551819,204.924881
676.428932,222.620750,187.538437,226.339188
675.244553,250.679932,182.307831,193.567871
680.979431,233.746590,183.702026,220.265549
679.559349,150.810501,186.260208,312.371063
670.347298,132.661270,199.318100,338.653778
680.966789,185.115204,191.924210,292.306824
676.289505,145.372864,185.888153,300.908325
675.995506,140.672256,189.896317,275.088226
674.581573,152.785980,191.205750,260.248108
672.344917,151.927475,183.314438,281.818878
669.678963,133.971481,184.824326,288.797272
673.452919,141.612656,174.157516,297.538849
675.445351,216.059151,167.875046,224.829819
677.056206,218.997620,166.070755,218.856995
674.262177,171.559158,169.670105,265.916046
678.764603,195.777466,169.187836,249.441711
678.540428,216.601494,175.025833,225.885330
675.059761,207.862061,169.014755,230.953857
671.968773,197.196342,167.198624,245.438126
673.048149,196.465759,167.723770,254.046143
674.160988,209.433670,169.609543,239.803925
673.686119,205.738319,174.199966,242.449265
673.021080,234.129539,175.057022,212.023758
674.489937,208.166504,171.608627,237.288696
675.351875,216.409470,178.644028,258.068146
677.011215,248.190796,170.696075,238.704834
678.140884,222.347740,175.180634,250.352737
678.164948,256.954117,184.237976,232.805023
682.451454,255.064331,178.739670,213.992798
676.172325,260.445038,176.149918,250.412170
677.073898,257.711227,184.959686,257.100128
675.233963,272.677498,183.414948,233.374863
672.155914,279.691002,200.078247,233.816605
671.088554,276.081184,192.000443,231.506943
670.430122,278.395103,191.237350,231.132523
669.659454,278.959381,201.052490,255.830627
671.292152,276.919006,190.135239,275.446045
671.163071,283.718918,191.524872,271.226837
670.856682,284.481384,191.575638,277.708862
674.279518,271.989441,185.554306,293.086060
674.263016,273.899048,189.693512,287.997681
673.513466,279.720840,185.369858,283.954681
676.649200,290.684631,172.758179,259.810303
676.312401,299.731949,182.205215,232.819305
680.539330,301.518356,179.648453,217.797760
669.931755,302.854530,184.617752,221.576218
672.121086,299.170395,183.939835,226.304840
660.239822,299.511337,191.854279,250.418243
662.298569,297.657867,191.743256,246.622009
663.869011,295.849525,193.111160,241.641281
672.212502,292.022758,189.765854,238.603653
675.578056,289.933266,188.043533,238.144577
676.927185,288.585114,186.813538,242.402283
682.884018,290.581825,183.249481,241.501999
677.973351,296.972099,186.713272,244.590591
691.879822,296.282585,175.039368,230.995621
698.162415,292.902733,171.978027,254.332230
703.202049,289.450104,171.467117,264.927917
701.016113,287.990051,172.940186,271.649658
689.147339,286.056076,187.485718,229.535797
690.638741,281.608971,181.186020,218.968460
698.923576,278.056358,173.786331,241.753555
700.857704,268.581917,172.673935,233.231796
706.770416,260.326782,167.635315,235.638367
702.247017,260.284744,171.786362,234.227386
708.945763,256.089134,169.660110,222.284012
707.221581,249.548828,171.957535,252.347595
704.161942,240.608124,177.963654,242.117859
700.190742,238.809830,202.193405,210.632050
698.239487,234.003571,206.018158,216.738831
696.246902,232.841461,208.105011,213.830261
700.022919,231.341087,202.198975,203.969193
699.087013,226.933968,198.927841,199.516953
698.158813,220.239349,199.655090,188.918152
700.143723,208.846214,200.234833,197.762833
697.053558,193.598869,205.127319,211.169266
700.276649,197.409599,202.660629,208.974808
699.988388,190.166420,201.025848,192.562241
705.562607,200.867546,196.773834,187.957108
708.026329,202.005791,200.797318,199.522537
707.355331,200.152885,206.537445,206.345413
705.973000,193.216957,212.406723,218.644638
706.186630,192.570351,215.254120,211.741806
702.484802,187.368073,216.594421,224.306763
705.313957,180.959961,211.810379,206.567078
699.905678,186.506554,210.453354,208.898819
705.362724,177.662903,194.141068,212.016907
703.485176,173.693832,191.230453,215.851410
705.758057,169.453575,189.038330,220.626785
705.524765,174.055893,186.356354,211.050262
703.231445,149.841942,187.069092,235.091141
706.722160,171.205658,184.259415,216.423279
707.229027,136.805992,185.477188,238.459671
707.033234,165.149757,187.668579,202.711349
700.456100,142.033249,192.944733,227.328827
708.766785,152.021858,184.549316,223.069382
708.213257,121.729820,183.491394,243.419022
709.324493,154.690819,178.806763,217.180740
714.892761,136.131027,177.641418,221.160980
714.405731,157.574860,165.647217,201.872375
710.912468,149.825661,175.692764,207.104843
714.891212,153.192078,168.696213,260.646973
709.194878,149.381424,186.104874,270.582245
712.044411,169.691833,199.216843,249.064941
711.209366,174.967606,185.592499,228.564178
712.013451,175.854919,174.713455,254.255737
712.222092,172.853134,176.770782,268.244904
710.820892,178.454544,177.923157,261.668304
708.994759,181.241478,184.169785,255.784500
706.162308,183.684364,189.917450,251.120163
701.772949,183.365532,192.320068,248.286392
703.016876,182.815979,187.953430,243.605957
702.886055,182.509567,189.158188,247.844391
701.377464,182.202301,184.760696,239.903381
701.732018,183.022934,185.636307,238.100250
699.421890,183.828651,185.890472,240.394455
701.206970,185.998032,184.451294,216.698395
705.595566,182.325760,179.011017,207.231171
707.844795,179.511406,177.310593,212.030777
702.454071,179.782616,173.454285,192.430191
704.133781,173.777718,179.045486,199.892502
702.668739,167.884819,181.360092,200.657913
705.739960,165.918755,177.636902,201.097244
703.481804,165.655502,179.268204,199.320404
704.170258,165.678543,178.568359,199.049225
704.840202,166.150337,178.842361,198.198105
704.801567,164.747360,179.883194,200.214874
704.875122,163.264832,179.487244,201.236450
705.412918,163.594475,178.809601,201.067276
705.296562,163.092026,178.993484,200.633698
704.080574,164.381775,179.721664,198.822449
705.329422,163.879852,178.881439,198.670227
705.963432,164.244881,178.577896,199.921310
703.226395,163.720467,179.962311,201.930649
706.286888,164.162964,178.129959,200.793396
705.908333,163.999855,177.957504,201.544174
705.838318,164.547081,178.422607,201.264786
704.749969,163.301216,180.269653,203.766891
704.872581,163.025787,180.477982,203.583374
704.547089,163.890045,180.267029,203.087708
706.060303,163.712440,179.673645,202.092331
705.903114,164.154274,178.716293,201.613632
705.428558,163.132233,179.911011,202.014282
705.750427,162.894592,179.895935,203.309326
706.784920,162.337837,178.812973,203.834030
705.587189,164.165283,180.771790,200.556274
702.584099,165.935822,182.797256,202.005127
702.258263,175.106125,182.571854,198.478485
702.138428,174.949432,183.596985,200.064697
701.139549,176.554977,185.787491,200.204193
701.198448,175.427094,179.293716,211.233521
698.412689,175.299240,165.185913,233.039337
696.044220,177.090729,181.745483,231.458191
696.572937,174.543335,177.643250,232.829956
698.354263,175.910072,176.469940,230.538193
702.344093,175.882118,169.797897,222.685410
697.710892,176.055748,173.217499,231.726761
695.532990,176.664421,179.733154,215.209000
701.631729,179.036736,176.455536,203.480484
706.263130,178.879280,173.180099,204.994736
706.702606,178.817451,171.604919,200.305649
706.945320,180.954971,182.032578,194.965790
706.912323,181.048775,197.232849,211.913559
705.306297,177.635422,193.506912,220.534576
706.199539,171.777214,199.537811,191.355362
708.265068,173.398186,196.772232,226.769485
706.473778,171.864952,201.852859,208.741959
710.055397,173.017410,196.807175,222.798126
708.009132,167.890823,196.275803,190.554169
711.329895,167.921860,189.191467,193.881256
711.783463,164.553825,189.952423,201.630936
715.098938,162.075600,187.052917,207.742233
714.166779,159.688965,188.391785,210.744080
712.628296,163.939217,187.982910,208.679306
713.732269,166.310364,185.602356,209.144653
714.321602,166.371803,184.715378,206.432480
713.873901,168.699692,186.256042,196.719757
715.528351,164.616219,185.479614,198.750961
715.322601,169.479431,185.304260,194.064148
717.289604,162.822830,185.844070,201.445404
716.980659,159.082802,184.018661,203.464096
716.613815,167.600266,185.818817,190.776520
717.782585,163.565849,185.804031,195.699783
717.568283,165.161697,187.986847,197.308075
718.146767,163.486137,188.691391,199.208267
721.041603,163.203896,185.854599,202.972336
722.144279,161.252510,187.202286,202.762924
725.346840,164.436714,185.366257,204.627792
725.374405,163.649010,184.698822,201.207596
727.768898,159.338409,183.183578,204.021729
727.879982,151.253632,184.046494,212.571716
727.405746,150.034035,187.450775,213.183456
727.713455,142.913086,188.645416,219.738525
729.118538,157.953377,187.449875,203.865707
732.831421,148.158348,182.410461,215.475174
735.910873,133.327354,187.654388,223.337662
733.595490,147.648354,186.476562,211.799179
718.984924,159.737816,208.770935,205.004715
746.601318,181.480507,183.797180,194.072311
748.784897,181.733253,180.776276,187.638046
740.070473,179.656639,182.720078,186.483475
737.951828,176.915245,194.437408,207.882217
740.134605,180.502296,186.960587,201.954758
743.518456,180.253502,187.104446,208.879471
750.739365,178.003304,182.542999,214.903549
761.067398,179.247658,176.159576,217.401962
760.931625,179.071953,173.192230,218.327408
759.842361,177.766190,176.001007,225.179962
758.818481,179.381416,176.995361,224.187546
765.128792,180.099602,173.111435,219.768082
764.064430,179.690483,174.482285,214.666153
760.967598,178.542442,186.262436,208.731094
761.129799,181.347450,189.466599,208.527084
764.116364,185.642830,187.813293,204.095871
762.444008,184.035332,187.450424,206.347244
768.990540,190.497284,187.066833,203.835815
776.977623,194.679070,178.123611,212.838699
779.489861,193.883629,181.299637,219.202896
782.920395,200.512726,178.708221,219.727356
769.808723,200.343201,192.961899,233.501038
766.145088,201.160393,196.898178,235.562332
767.200439,199.382515,199.573242,245.382126
769.222313,193.490433,203.103348,238.412384
767.383392,194.567467,202.528748,229.640518
769.773178,192.220299,204.722321,229.375870
769.336380,190.009529,196.622528,241.214157
770.561264,189.052162,199.510284,236.030624
762.189468,178.831169,170.119232,244.143753
755.260101,174.882889,176.683899,259.688507
753.031471,175.562622,159.935959,279.386658
750.954498,187.564941,149.517639,265.864319
757.366913,196.326050,150.535645,257.586121
749.583054,193.339996,159.643219,262.132996
764.340439,203.886436,153.805084,251.878006
771.058990,201.589905,157.849670,256.481201
776.370628,201.181259,152.680740,204.366302
787.766945,202.576302,158.507187,218.076401
792.561089,199.905998,176.623428,225.712540
797.320671,203.025269,174.626968,237.488464
795.996674,201.221954,202.001648,234.678345
803.909317,202.462250,221.554413,261.012207
802.244438,206.901642,241.806168,263.367188
792.471931,205.508682,179.269882,266.596344
810.302895,211.162338,221.643967,260.492889
805.751091,212.221237,221.246475,264.080414
825.475998,214.189392,234.069366,265.013000
832.380486,217.816391,224.154922,274.127167
848.645554,227.514084,231.992706,273.861420
859.062729,249.196335,228.624420,243.853485
848.404457,234.272797,240.925705,250.638794
856.595589,246.090042,229.600327,254.800323
882.627975,265.939835,225.294220,208.721100
871.309326,235.162033,238.532715,235.916595
883.953949,249.436928,226.383362,216.267319
863.462555,225.033752,231.598572,236.308777
851.679794,230.529320,249.469147,224.343643
838.555756,229.588120,262.303040,233.809784
871.324303,242.698746,220.270828,249.933380
890.099884,265.081764,199.001282,240.790390
924.222298,260.219864,173.002792,195.769318
911.381012,255.943008,188.694275,196.181183
902.563354,253.083336,150.002197,199.174149
904.277168,260.224762,150.914841,190.558044
898.465485,262.730217,149.811462,193.975052
900.996620,263.867859,144.333847,194.724426
900.207016,260.528961,151.125763,198.397339
925.999268,299.571297,172.867065,165.657150
914.355659,274.914940,173.419357,186.116226
903.137070,258.288040,173.293671,207.625946
920.775078,249.800423,149.578079,209.517502
918.293938,242.804153,144.600479,221.739410
912.813766,241.348221,147.743805,202.823761
903.560806,250.798462,153.857086,173.040527
889.942162,253.744682,160.326614,161.139542
889.129608,253.292038,163.809448,162.240753
885.315071,253.876068,164.405441,169.339417
884.140869,260.351997,167.492676,163.522141
867.481026,261.184898,170.730270,165.879105
858.625198,264.132004,184.604218,165.095245
885.854584,277.141029,153.709839,149.943039
891.337074,285.457809,151.016220,141.422211
890.400009,276.583687,147.432526,140.441147
888.171616,280.284424,147.822357,141.863342
894.129272,293.086578,138.618896,128.537109
900.308296,294.699070,132.092331,117.803459
897.185032,292.291100,102.329826,129.373001
893.466888,293.515488,99.605286,123.599701
887.349319,292.823265,88.320099,132.858780
882.177139,308.647552,89.367889,118.685547
872.294800,296.871525,98.929871,118.258171
865.541771,291.495529,102.586929,131.329071
865.349403,294.237801,97.294601,130.273239
865.768089,293.922379,95.566971,131.131195
859.055000,299.067337,93.261459,128.881744
866.521538,297.874268,80.926773,127.476624
861.752010,297.628590,78.052193,127.023979
861.825977,296.729752,72.352074,124.354492
861.766102,291.453812,67.817253,173.849731
858.930588,291.913651,74.021362,195.828857
859.649956,292.629593,76.288071,171.775757
861.196365,296.359390,69.826172,153.279480
862.647945,301.067940,67.690651,166.432449
862.488369,303.672142,84.181740,155.901169
858.201485,306.291893,77.327957,141.339706
861.488579,306.914116,65.776169,168.738510
860.325092,309.746429,100.549248,139.148834
854.210434,306.961128,165.924011,136.471024
855.975105,301.651253,152.572586,158.029678
861.590286,307.179474,180.153442,141.734894
863.292061,309.693047,177.044083,137.689499
860.288116,309.212936,176.261261,145.102234
864.768173,307.901443,174.851562,135.155945
865.530586,311.930977,178.790176,141.191910
866.721863,311.665825,177.617645,135.977219
868.050743,312.440887,174.759811,138.089081
864.805557,312.830917,182.223877,144.196289
867.678619,312.426842,174.656708,140.468735
867.956223,312.201485,183.783447,143.611038
868.916374,312.391403,162.204514,121.320251
879.791405,311.323898,168.648788,130.574158
882.576881,308.661713,162.624527,135.648468
884.829308,312.705841,165.305344,130.004608
885.033371,313.369339,165.408569,133.784241
889.278496,312.833244,169.172958,137.730087
888.695145,311.498367,168.827209,139.580627
880.949249,311.988525,177.646576,139.951202
876.199425,313.291855,179.040024,126.801819
880.146515,310.718681,177.299835,141.208786
877.915291,310.371017,185.489029,148.621277
878.736633,310.110313,178.802521,160.779709
896.616959,306.527588,173.771423,133.217072
895.423889,300.926399,169.878265,140.875809
890.691544,305.125603,178.890320,140.265549
885.498802,304.823875,194.829086,141.516220
886.943718,303.690346,197.831406,143.180008
886.618317,304.385597,197.560089,143.146317
888.854584,302.091759,195.324432,144.373825
890.545204,305.670418,203.029129,138.322891
914.003731,298.856781,173.325150,140.943207
914.567238,307.093117,167.652664,118.574295
914.247765,306.145824,167.613815,123.101814
912.488976,304.652458,170.860031,128.362473
898.575729,304.950150,193.897461,139.742493
901.452797,301.244026,193.894119,136.342178
912.417412,301.351254,162.260117,115.540627
923.979362,304.093918,177.636765,125.765381
918.808830,303.356689,171.141281,136.160980
896.861725,304.603767,200.833832,152.443314
889.813126,289.372871,190.676392,162.695633
892.892662,286.863762,208.418503,157.106552
891.806709,290.316093,202.577591,154.239731
898.831932,293.046806,188.099838,149.006454
896.216003,292.953064,189.338531,143.485565
908.875534,292.337303,169.081177,140.798080
900.441841,286.751549,146.844009,123.497055
898.295708,290.167976,142.022995,128.489090
897.628113,293.014004,140.800140,115.568764
899.325378,292.832699,135.854706,120.933388
898.429375,293.058197,139.286362,110.581635
900.594902,294.372036,147.285873,113.314796
901.497917,292.766285,145.751450,116.116631
903.584343,295.308243,144.778488,130.446899
902.546036,295.896004,146.149719,104.681351
901.209358,296.530376,155.975784,111.585396
905.382324,296.843369,138.370880,93.483582
900.627220,297.580536,144.820297,97.501068
899.554710,296.013851,156.309006,107.541908
900.706146,294.770111,156.646820,107.265228
901.557877,293.515995,151.527832,110.120323
901.588448,293.381512,161.078323,115.019783
899.696808,292.259945,154.518707,119.963417
900.517036,292.782875,155.844193,107.040665
904.456573,293.382118,153.864471,106.392044
904.017517,292.612404,149.520660,101.305008
904.237694,293.123035,156.806747,112.256523
905.967728,289.932087,151.431519,116.093864
906.203049,289.390511,150.781189,115.639420
906.477722,289.155979,150.336151,115.414696
904.613319,289.795868,151.461746,115.081451
904.504311,289.477848,150.669876,115.502892
905.584183,290.105721,149.696228,114.582047
905.897339,289.661961,151.837250,112.647606
906.415649,288.737823,150.977020,114.117462
905.295532,285.626415,153.903168,120.750252
914.310440,286.863182,148.496948,119.334579
917.521942,288.083580,147.008453,115.611679
912.099670,280.500355,153.169342,121.677727
910.371017,280.406353,153.133667,123.381966
913.880455,283.865345,148.728622,120.906487
916.098885,283.168098,147.252762,118.281448
913.398590,289.909355,150.079987,111.392929
914.100731,290.310589,148.015182,112.985481
915.745163,289.460651,144.541199,112.759819
917.229416,289.875687,143.579407,111.796265
917.124756,289.857704,143.751312,111.523392
919.065445,288.548698,142.299500,111.872726
919.999168,289.586555,143.066696,109.882462
917.978455,288.435413,145.600800,111.425224
917.831215,288.325504,144.383560,111.798363
919.819962,286.753757,143.186951,113.218040
920.096443,286.569595,143.374527,113.023682
925.850723,285.682747,138.070129,112.450760
924.508011,286.459476,141.855713,111.753624
922.995155,285.539021,143.491837,114.052055
922.823425,283.961456,143.402435,112.933868
923.132156,285.759548,143.050659,111.577553
922.836998,284.227188,141.935410,112.451721
921.561363,285.190304,143.230148,112.891762
919.897423,276.077465,144.533615,120.158821
911.591904,275.906876,155.274048,119.488892
910.337448,278.482147,156.708801,115.305817
914.972816,280.365391,151.948441,113.041222
915.194443,281.250889,151.444031,112.573509
914.774658,281.016613,151.101410,112.598335
912.636826,276.910233,153.998657,116.044556
908.307472,268.612274,160.085709,125.967621
930.878639,278.305420,139.330704,114.503876
932.048294,277.413086,139.704834,115.273102
933.765236,277.793919,139.181046,115.162315
935.134705,281.970436,137.692413,111.026871
940.081215,279.729908,134.053665,111.655571
930.688332,279.733349,143.175003,109.462227
928.407501,280.426807,145.431915,108.111137
925.410049,280.345001,146.837341,107.299530
926.711784,280.170395,143.024521,108.752747
918.888832,278.863903,151.051712,109.013985
915.816025,278.879574,153.468384,111.032692
914.408020,275.626335,156.581390,114.135544
914.139153,276.559444,156.922714,112.544472
914.373390,276.618938,155.678238,112.963387
914.545723,275.977016,154.698318,113.985573
915.208839,276.178585,153.934952,114.088051
913.604385,274.911427,157.425354,115.396416
914.479889,274.716179,156.648468,114.322800
913.396248,275.424763,155.410965,114.205620
913.789589,274.144897,156.302628,115.721222
914.860016,273.588470,155.874786,115.329132
914.991455,274.604347,154.527130,115.140945
915.646812,274.103077,152.115891,114.133720
915.890297,273.385956,152.113968,114.570099
916.029587,273.077396,154.154419,114.972191
916.845306,272.483864,151.354095,115.969559
916.507385,272.209999,153.058685,117.132645
915.179062,271.770279,154.125671,117.028564
915.434258,272.057350,153.637009,117.826736
914.692505,272.225864,153.620453,118.179405
914.297577,272.617634,153.269501,118.543755
914.259621,272.553955,153.764420,120.965057
913.619240,272.485851,154.495804,120.938484
913.539375,270.887470,153.172867,121.480278
913.237976,270.289715,153.942780,122.420296
913.422417,269.757950,154.847519,123.587952
915.190994,268.749683,152.075867,124.034904
915.054062,268.805546,154.258484,123.632591
915.236359,268.709656,153.663666,123.635345
915.455978,268.051048,153.073120,123.182846
916.731476,268.630547,150.597565,123.643295
917.391174,269.608028,150.960724,122.363869
917.848831,270.404083,151.333191,121.079254
918.017136,270.969452,152.138672,122.115875
917.231018,271.512024,153.179596,120.619232
917.307259,271.365520,152.696426,122.424934
918.291916,270.975548,152.308655,121.251999
920.418663,271.291069,151.599960,122.773972
919.889885,272.661160,152.576584,121.109047
921.302101,272.352680,152.968826,122.838066
920.568832,273.409607,154.122681,120.210480
921.177650,274.149815,153.653152,121.141441
920.759796,274.115208,154.344513,119.071922
922.241081,273.155857,153.941879,120.787865
923.724136,273.044243,153.841736,120.615341
924.055367,274.153225,151.599380,119.491249
924.241692,274.035011,151.969284,120.399368
923.809822,272.571316,152.588821,120.620094
924.428596,273.299889,152.858414,120.983871
924.598557,273.437267,153.053406,121.070992
924.719254,273.031200,154.299194,121.608528
925.862617,273.212593,154.429886,121.639297
925.589691,273.329445,153.961639,119.056595
926.303101,272.810555,153.068878,120.365616
926.619049,273.041859,153.570465,119.324455
927.375481,272.413200,154.088425,119.513229
929.469536,272.407776,153.955673,120.129852
930.684669,273.007523,153.027847,119.220581
930.923523,272.827854,152.720673,118.846642
931.566147,273.660480,152.433899,119.146416
932.809853,274.733982,151.170975,116.753807
932.285187,273.121117,153.375885,118.761276
934.373215,274.282848,149.564331,118.495796
933.438194,274.194149,150.886154,117.687050
933.812485,274.459030,150.965149,117.464600
934.020454,274.105247,149.894485,118.900070
933.238533,273.736572,152.705582,117.781097
935.857498,274.609062,150.805054,117.788742
936.254478,274.727104,149.987656,117.978012
937.024391,275.317768,150.274490,117.655266
936.278061,275.319187,150.709900,118.084435
936.711235,276.908451,149.273666,118.363304
937.637306,277.320492,151.984573,116.582069
937.842590,276.857567,150.636688,118.123703
938.313683,276.567547,152.311325,117.344551
940.956375,276.772667,151.831970,117.947189
941.370865,276.387234,151.351868,118.801125
940.943138,276.535336,150.949753,119.325417
941.436279,278.220657,151.377106,117.437805
941.578629,277.517101,151.709106,118.638924
942.281036,277.936604,152.094757,117.384270
942.614059,277.866203,150.652527,118.569809
942.078072,277.350353,151.709061,117.981880
943.244911,276.798340,151.409256,119.243500
943.652054,277.649055,152.101868,118.634964
943.681946,277.841766,151.833038,118.711456
944.519730,277.556709,151.327148,117.910721
946.101006,277.663609,151.548080,117.786034
946.535934,277.647522,151.164307,118.461029
947.378464,278.077293,150.708313,118.207993
947.849670,278.558750,150.504791,117.499840
948.895111,278.128662,149.226044,117.997772
949.905785,278.286804,150.410812,117.823029
950.930023,278.475113,149.207306,118.741577
950.963669,279.356724,150.193420,117.438316
953.338989,278.951591,149.977142,116.775681
956.623238,278.733921,148.485916,117.565392
958.530167,279.468246,147.251709,118.587097
961.203201,281.278091,146.661987,117.219849
962.300125,281.653835,147.669250,116.567177
963.225723,282.244259,148.889038,115.569740
965.396919,283.261868,146.617386,115.202980
966.746346,284.064026,146.618484,114.217194
968.208260,284.886681,146.279556,115.150192
969.786804,284.751637,147.476654,116.999443
970.917900,284.998043,146.726974,116.294716
971.752846,285.602840,146.015030,116.050880
972.580505,285.604515,146.231659,115.950912
973.102814,284.771793,146.011505,115.447899
976.816757,285.281460,143.215332,117.230446
979.469727,285.687157,144.293793,115.856003
980.624298,286.510647,144.699554,117.786476
981.426010,287.247791,146.161011,116.887505
982.677521,287.240795,146.045013,117.137276
984.962730,288.642776,144.410629,117.023071
987.381058,289.666786,143.308044,116.367386
989.797806,290.775249,142.875488,115.328072
992.473137,291.531967,141.854172,115.190857
992.836311,291.897190,142.956985,115.461388
994.418503,293.007832,143.586792,114.904594
996.606384,294.206928,141.706512,114.840569
997.856194,294.480820,141.979050,116.409302
999.666489,295.908596,143.184753,115.693275
1001.213158,296.562157,145.058456,115.413803
1001.415192,296.610420,145.338593,116.212906
1002.268555,296.924129,145.061859,117.181557
1003.408501,297.823933,145.726059,117.347527
1005.981659,298.901134,145.304169,116.627693
1008.242050,298.242119,145.285461,118.863388
1009.133881,298.814011,145.933136,117.562439
1009.571770,298.996037,145.452011,117.872337
1010.848053,300.624523,143.939972,116.981941
1012.162270,298.291218,144.764114,117.682671
1013.049812,299.738369,145.876419,118.134560
1015.526093,301.155830,144.970551,118.602432
1015.747452,302.382610,146.690552,117.291206
1015.539482,300.728603,147.526108,116.509682
1017.656906,302.168156,145.788696,119.172203
1018.349625,301.993828,146.851318,120.073593
1019.886497,302.976589,146.632919,118.055519
1021.725677,303.717434,146.506989,118.610390
1022.472191,303.712757,146.101059,119.630241
1021.946877,303.567688,146.631363,118.592316
1024.587318,304.538055,145.631973,120.514679
1025.944946,304.382515,145.731293,120.368240
1026.633560,303.759064,146.165649,120.775421
1028.642052,304.074188,143.962204,121.369415
1030.147705,304.298557,143.967926,123.675987
1029.963806,303.615353,144.317841,123.869606
1033.316597,302.074615,137.704727,129.973724
1033.286354,301.898605,137.300369,130.809387
1033.730408,300.260109,136.130341,132.459793
1034.902344,301.368492,134.530121,132.528061
1035.292099,300.293045,133.610107,134.399292
1034.824966,301.309700,134.317139,133.324295
1036.209610,301.725945,132.697998,135.149765
1035.432465,303.361664,133.902374,135.337555
1035.701218,302.777443,133.877747,136.531387
1035.560638,304.455780,135.039032,134.808563
1035.665817,305.698563,134.694702,134.132263
1034.851639,303.347862,135.982422,136.539108
1036.090355,303.947289,135.266403,134.792038
1037.263786,304.190994,134.446396,134.966553
1038.418480,303.014557,134.945847,135.090668
1038.676178,304.054916,135.640594,132.998657
1038.600609,303.718842,136.892075,133.816559
1038.245155,304.659790,137.189896,133.003571
1038.221237,305.200134,137.498901,132.846832
1038.461014,303.519592,137.721741,133.570892
1038.305840,304.200394,138.327744,132.572083
1038.315308,304.984299,139.496063,130.885681
1038.396545,304.395203,139.053131,131.812286
1038.531281,303.383888,139.069977,132.618668
1039.403519,304.261169,138.218994,131.439240
1039.406570,304.577042,136.738525,131.519165
1038.865097,303.305771,138.219421,132.750122
1039.722214,303.949257,137.084229,132.038712
1039.620308,304.720718,137.652725,132.514099
1040.681633,303.713356,137.948410,132.985367
1041.206558,305.000351,137.391174,130.930054
1041.663429,304.416557,137.616837,132.118881
1041.497261,305.078514,138.165604,131.665634
1042.286522,305.356552,138.485764,131.980835
1042.645599,304.888245,138.271210,132.748871
1042.894569,304.789452,138.346573,132.877670
1043.064392,304.836838,138.876312,132.147705
1042.344742,304.442337,140.088684,132.177246
1043.753830,304.406044,138.662659,132.091629
1043.995529,304.118637,140.014160,131.914246
1043.921082,304.599930,140.292450,132.018127
1043.342850,304.597984,140.664856,132.121933
1043.208092,304.405670,141.348068,131.938202
1044.004387,304.066917,140.498886,132.863266
1043.723351,304.003563,141.319199,132.059067
1044.103096,303.268845,141.534927,132.300476
1044.444572,302.880013,142.462387,131.552261
1044.839264,302.805450,142.336700,131.261993
1044.567482,303.099457,142.208694,131.001129
1044.636032,302.564865,142.009705,131.554504
1044.056999,302.577240,142.097214,131.376617
1044.370209,302.733162,142.288177,131.103775
1045.225220,301.805756,141.653412,131.884735
1045.118263,301.566177,142.248550,131.680542
1045.138100,301.264221,142.345657,131.018707
1045.990280,301.423332,141.132751,130.452377
1046.331329,300.937912,140.703217,130.906555
1046.122078,300.760101,140.724686,131.144073
1045.991829,300.786621,141.324844,130.951630
1046.013390,300.585365,141.470322,131.134232
1046.430962,300.806557,141.117355,130.830338
1046.579590,300.806595,141.617340,131.137085
1047.168350,300.212540,141.380005,131.034485
1047.291306,299.725311,141.424255,130.641693
1047.494751,299.379700,141.555267,130.688873
1047.412628,299.694435,141.115448,130.104202
1047.763062,298.817474,141.122650,131.084747
1047.931915,298.559616,141.892487,130.930786
1047.578026,298.081810,142.319199,130.923691
1048.684975,297.935982,141.335098,130.768143
1049.066101,298.007866,141.728851,130.885971
1049.412003,297.811844,141.818909,131.003967
1049.349815,298.196495,141.871811,130.388290
1048.149300,297.273216,142.785965,130.494980
1048.437500,297.554619,142.579742,129.626328
1047.980537,297.712608,142.580338,129.743576
1048.563271,297.289711,141.918533,129.711990
1048.721657,296.922356,141.905838,129.636520
1048.357468,297.031517,142.155945,129.981430
1048.463478,296.775047,142.324051,130.238998
1048.619781,296.874733,142.588531,129.970169
1049.187195,296.710815,142.343353,130.161102
1048.081772,296.314507,143.127869,130.717697
1047.821457,295.784325,142.909424,131.110092
1047.368752,296.047211,143.177322,131.057953
1048.370720,296.465805,141.498825,131.269104
1048.290520,297.012817,141.348801,130.778229
1048.078575,297.688995,141.532700,130.586029
1047.829300,297.489059,142.572021,130.549866
1047.729088,297.870834,142.594894,130.360229
1048.533791,297.810516,141.846756,130.704926
1048.175781,296.802628,142.385590,131.220825
1048.744118,297.875381,141.210342,130.156982
1048.485336,297.780403,141.256165,130.478348
1048.059891,296.559776,142.143372,131.746445
1048.080414,297.049606,141.564667,132.324585
1048.835999,296.865799,141.976593,132.090576
1049.119438,297.862488,141.665268,131.288177
1048.122902,297.464195,141.801956,131.276779
1048.419479,297.483284,141.815308,131.304947
1048.958321,297.090660,141.842789,131.910934
1049.391640,297.679871,141.105667,131.589264
1049.377602,298.496979,140.805313,130.724518
1049.930183,298.653557,140.814957,130.664230
1048.352928,298.755974,141.235947,130.929184
1047.960114,298.691528,142.910004,130.743317
1048.471336,298.396576,142.766647,131.189667
1048.674408,298.604439,142.406891,131.487991
1048.919685,297.781631,142.763931,131.731995
1048.973366,297.650398,142.308060,131.229263
1048.683533,298.184250,141.571747,132.555725
1048.495903,298.021751,142.096725,132.613815
1048.476669,297.618538,142.943298,132.631119
1048.883430,297.760422,142.676590,132.857544
1049.065689,297.506927,141.990662,132.801910
1048.778801,298.061829,142.240768,132.506378
1048.446175,297.899422,142.395462,132.412369
1048.291985,297.849197,142.352585,132.048950
1048.298241,298.449867,142.336288,131.354630
1048.558899,298.681816,141.783539,131.340073
1047.722893,298.407837,142.409531,132.245209
1047.764572,297.887962,142.907288,132.488937
1048.751480,297.263336,142.078918,132.819183
1048.896286,297.365990,142.115051,132.350204
1049.207649,296.918907,142.231705,132.302292
1049.294655,297.421623,142.279434,131.718491
1049.619003,296.568581,142.907349,132.880142
1050.498581,296.478195,142.486511,133.654785
1050.944778,296.429512,142.602417,133.501297
1050.930069,296.899834,143.136475,132.576035
1050.483170,296.438965,143.781372,133.136993
1050.790009,296.570770,143.623016,133.049286
1049.680908,297.014603,144.285187,132.924316
1049.698242,296.562714,143.763885,133.209930
1048.916435,297.192047,144.441757,133.074860
1049.944847,296.716080,142.989975,133.350464
1049.230598,296.695045,143.494705,133.041153
1049.589806,296.698555,143.368332,132.848892
1048.479919,296.493324,144.067413,133.258682
1048.823051,296.754471,143.259933,132.707275
1049.352791,297.072266,143.313858,133.166046
1047.640961,295.995514,143.345978,134.226349
1048.629585,295.501671,142.458817,134.746140
1048.798950,295.627495,142.669647,134.332443
1048.093689,295.458908,143.861786,134.566650
1048.752861,295.450684,143.092880,133.861053
1048.966850,295.456139,143.066696,133.846603
1049.320488,295.883163,143.119064,133.197510
1050.402451,294.772232,142.128235,133.547546
1049.660522,294.791008,143.056000,133.139023
1048.897957,294.344803,142.995255,133.341187
1049.846596,293.923698,141.884537,133.779465
1050.202087,294.855751,142.292023,132.740921
1050.148331,294.570793,142.386292,132.710800
1049.640274,294.478500,142.589478,132.740417
1049.281891,294.302513,142.620941,132.886215
1049.328903,294.498802,142.340759,133.097153
1049.377380,294.004852,141.935577,133.525238
1048.586433,294.735390,142.983719,132.285233
1048.075310,293.888428,143.405258,132.869843
1048.924561,293.581390,142.545746,132.931061
1048.209358,293.398834,143.310135,132.421661
1048.877777,293.926964,142.505402,132.290878
1047.053703,293.473122,144.167831,131.980301
1047.038483,294.096115,143.753204,131.919556
1047.169708,293.257126,143.847687,131.976440
1047.392845,293.766220,143.507919,132.146423
1047.414497,294.368401,143.536209,132.126205
1047.575653,294.387642,143.390167,132.070633
1048.054794,294.203949,143.013062,132.969452
1047.843903,294.198067,143.089996,133.219315
1048.498528,295.404366,142.879379,133.020523
1048.358452,294.799660,143.566940,133.451614
1048.297211,294.964943,143.537445,133.465469
1049.038979,294.742462,142.693619,133.675323
1049.619949,294.635124,141.989380,133.656052
1049.340096,294.724174,143.143997,133.712143
1050.078857,294.524437,142.719879,133.858994
1050.421776,295.944389,143.097580,133.000534
1050.034737,295.985847,143.224686,132.977432
1049.580856,296.245644,143.836304,132.974564
1050.402046,296.122826,142.740982,134.021286
1049.858002,296.235397,143.468475,133.835205
1049.402855,295.317406,143.211533,134.255295
1049.513321,296.661018,144.260071,133.191849
1049.319588,296.705704,144.538345,132.984375
1050.155678,296.744705,143.818924,133.450928
1050.017693,297.480812,143.554855,132.777359
1049.756660,297.367188,143.517349,133.184235
1049.998894,296.585976,143.153671,133.354202
1050.230896,296.841293,142.830109,132.683838
1050.410095,296.649368,142.672150,132.723022
1049.753891,297.079659,142.544556,132.736526
1048.865288,297.448341,143.153915,133.661087
1049.226242,297.379990,142.437012,133.635071
1049.174942,297.217491,142.218140,133.364609
1048.826454,297.561516,142.111404,132.861740
1048.741600,297.189377,141.846725,133.032410
1049.310036,297.250275,141.369217,133.112518
1049.162415,296.981369,141.530731,133.002258
1047.764542,296.447945,141.241150,134.392227
1047.326523,297.009857,140.264832,134.376984
1048.722107,296.036026,139.226959,134.726013
1048.349663,296.496353,140.474289,133.658325
1047.453880,296.775078,140.717941,133.533188
1047.957489,294.956894,140.542267,134.726685
1047.959450,295.690453,140.710648,134.551743
1048.782944,295.977303,140.039429,133.401627
1047.499504,295.644165,140.671249,133.105072
1047.250221,295.888695,141.199295,132.905991
1046.909050,295.983620,141.490829,133.442703
1047.047165,296.393730,140.995056,133.828720
1046.368317,296.387459,140.340790,134.217361
1045.835045,297.172607,140.748703,133.513275
1046.908722,294.126877,140.376373,136.039917
1046.513168,295.165092,140.734436,134.413315
1046.309265,296.139351,141.397125,133.904373
1046.339615,296.197632,141.021057,133.227020
1045.321861,296.350853,141.169174,133.337631
1045.287079,296.715996,140.662750,133.610580
1044.986923,294.179428,140.670410,135.157776
1045.683350,295.726570,140.416901,133.684158
1046.126488,295.529991,140.143600,133.184799
1046.684166,295.997185,139.887009,133.197006
1047.126549,295.426178,140.067551,133.552887
1048.052780,295.373604,139.459595,133.293900
1047.764961,294.962914,139.912552,134.113815
1048.102959,294.348358,139.889511,133.926971
1048.188660,294.625069,139.373199,133.639420
1050.178139,294.008720,138.877640,134.042099
1050.515572,292.343468,138.487259,134.527573
1050.351791,293.285355,139.272156,133.911682
1052.186562,292.027832,137.989212,135.334442
1051.970329,292.296921,138.610886,134.989868
1052.297562,291.600044,138.499146,134.173904
1051.660355,291.129204,139.086365,134.300644
1052.030495,292.710686,139.122208,133.468307
1051.081665,292.671242,140.269135,135.028641
1051.269791,292.359009,139.383667,134.379181
1052.051659,293.431229,139.152451,133.520752
1051.153793,293.660782,139.760376,133.905884
1050.991524,292.729973,139.558304,134.475449
1052.104515,294.112541,138.927475,133.801559
1051.948097,291.273781,139.095169,135.455643
1052.151985,291.330444,139.071609,134.416779
1051.732025,291.574615,139.615936,134.318573
1052.315460,291.804932,138.641937,134.366180
1052.210564,291.845161,138.680283,133.542801
1051.140915,291.161697,139.455566,134.075195
1051.302963,291.278030,140.207947,133.728516
1052.163765,290.694244,139.640640,134.053131
1052.426682,291.657364,140.148254,133.646362
1051.690468,290.506538,140.674149,133.806107
1051.652069,290.423485,140.167999,133.692307
1052.105988,289.712540,139.464935,134.092957
1053.317787,288.529778,138.412369,134.824081
1052.557022,287.705872,140.294067,134.721832
1052.761627,288.452240,140.248444,133.797394
1053.249199,287.772690,140.234360,134.249023
1053.060417,288.294312,140.876083,133.349213
1053.679840,288.007492,140.284332,133.595642
1053.476311,288.533920,140.244614,133.401489
1053.630501,288.431274,140.801712,133.414948
1053.930527,288.436127,140.806946,133.375763
1053.608940,289.036369,140.960983,133.612961
1052.598244,288.796600,141.135086,134.000885
1053.392815,287.636314,139.940903,134.894516
1054.007561,287.233574,140.305466,134.007370
1054.723846,288.385002,140.073273,133.104599
1054.829422,288.636993,140.662292,133.189484
1054.158211,288.686668,141.282852,133.846237
1053.352562,288.294540,141.639206,134.273193
1053.179596,289.172951,141.453827,134.204544
1054.669647,288.300995,139.378876,134.723663
1054.123940,289.198090,140.132584,134.072113
1053.998451,289.750519,140.071793,134.058502
1053.891808,289.379730,140.152023,134.082672
1054.957817,291.181656,139.273972,133.769531
1055.996269,289.360176,137.902756,134.749832
1056.417549,290.066071,138.438004,133.339630
1055.910576,290.387100,139.501572,133.192078
1055.906837,290.616493,139.441971,133.166031
1055.144829,290.741379,139.883286,134.337708
1056.303902,290.966980,138.356705,133.905853
1055.684769,291.285744,138.698303,133.933914
1055.905098,291.342934,138.752213,133.513016
1055.682877,290.430748,138.720215,133.828110
1055.501442,291.272675,139.170914,133.708771
1054.636719,290.106438,139.035004,134.113693
1054.173950,290.165138,139.229828,133.335526
1053.170761,290.204239,139.822205,133.351990
1052.505890,290.525429,139.874176,133.323196
1053.065315,288.996704,138.790054,134.096527
1052.790268,289.569031,139.188354,133.381012
1051.775177,290.409615,139.668121,133.417252
1050.772331,288.285431,139.990524,135.230377
1050.393425,289.918373,140.287949,132.987320
1050.972946,288.721848,140.352844,133.980896
1051.001511,288.330338,139.584167,133.603088
1051.127808,288.455383,139.754974,133.080658
1051.314507,288.644836,139.252670,133.678253
1051.612274,288.449066,140.003998,133.681793
1051.673920,288.330368,138.987335,134.124695
1051.866272,288.797401,138.502411,134.443008
1052.133461,287.922729,138.636002,135.212311
1052.634735,289.036858,138.651825,134.299240
1053.508240,287.224869,138.508759,135.358521
1053.509109,288.363548,138.486206,133.241867
1052.836617,288.732788,139.294693,133.101288
1053.275154,287.340965,139.633133,134.210373
1052.905083,287.501648,139.183517,133.841339
1053.296776,287.174026,139.310043,133.957214
1052.302834,288.428223,139.724197,132.742096
1051.886780,288.730423,139.729950,133.289490
1052.061996,287.834473,140.364075,134.000458
1052.113197,287.872864,140.062393,133.500397
1052.185181,286.999069,139.807831,134.461853
1051.878593,288.007370,140.057846,133.787048
1052.903252,287.799568,140.179306,134.077164
1052.590904,286.386765,139.401230,134.509216
1052.437843,286.774788,139.479996,134.232376
1052.377113,287.686546,139.425858,133.928635
1053.094650,286.226471,139.002380,134.343353
1052.739998,287.158096,139.127884,134.222351
1053.194565,287.003838,138.909607,133.897873
1052.688293,286.403023,139.066864,134.445816
1054.126244,284.952431,138.059555,135.019424
1052.634872,285.515923,139.913574,134.225815
1052.130241,285.664810,140.159653,134.182434
1052.579071,285.873665,140.045197,133.940933
1053.473030,287.048859,139.560501,133.691437
1053.328934,286.091492,140.391235,134.902374
1054.477379,284.495865,138.921494,135.130127
1054.095055,284.871918,139.963120,134.485565
1054.941566,284.967857,139.247330,134.417404
1055.235512,284.291664,139.226334,134.682755
1055.740051,285.487854,139.286102,135.067413
1056.486366,284.859688,139.501663,135.043777
1055.747940,285.035767,140.094116,135.063995
1054.980888,284.533691,140.478928,135.172882
1055.408844,285.605164,139.603851,134.103851
1055.162628,285.697731,139.580963,134.118057
1055.973129,285.116257,138.722473,134.082092
1055.974258,284.798401,139.118225,134.084320
1055.448074,284.997414,139.794434,133.226639
1055.471031,285.101311,139.395187,133.739243
1054.867561,285.665154,139.828018,133.649155
1055.760025,286.066010,138.651794,132.759247
1055.632111,284.949654,139.071442,134.345413
1055.086205,285.641487,139.600998,133.759293
1054.990692,285.657547,139.437592,132.859863
1055.711899,285.891472,138.975891,133.370224
1055.036179,285.747826,140.097656,133.762558
1055.089363,286.074593,140.042130,133.001968
1055.045792,286.062729,140.331421,133.087219
1056.222427,285.642746,139.305908,133.522827
1055.999298,287.183289,139.483124,132.275543
1055.740448,286.642212,139.642242,133.797882
1056.989929,285.341698,138.610504,135.075974
1057.087212,286.643417,138.722824,134.293152
1056.925934,286.770622,139.553375,133.832687
1057.342636,285.893730,139.306519,134.098068
1058.060913,287.303871,138.777863,134.333817
1058.682114,287.229591,139.134521,134.056290
1058.695343,287.456886,139.329865,134.149857
1059.486717,287.330727,138.396286,134.426224
1058.270493,288.305328,140.004517,133.550446
1060.112602,289.555984,138.178696,134.031555
1059.588684,289.978813,139.048981,133.008957
1059.893806,290.498535,138.575027,132.872833
1059.704872,290.852722,138.827408,133.037689
1060.140533,290.771263,138.522552,133.604233
1060.162941,291.128014,138.314957,133.899277
1060.457420,290.478920,138.094345,134.456192
1060.926315,290.835571,137.966125,134.913605
1061.127441,291.579979,137.881805,133.792099
1061.249916,292.617012,137.751968,134.138992
1060.984085,292.244606,137.930542,133.535904
1062.141472,292.565140,137.932297,133.711304
1061.231644,293.125671,138.664673,135.129242
1060.562004,293.539436,139.832016,134.588516
1061.449310,293.967979,138.172882,134.484116
1061.772102,294.939484,137.867447,134.189606
1061.981804,293.763741,137.457870,134.925980
1061.998848,294.277649,138.168594,134.509674
1061.902199,294.207634,138.250565,134.436630
1063.109558,295.435127,136.936432,134.612381
1064.072662,296.546402,136.763763,134.499023
1064.329529,297.456749,136.890106,133.687546
1064.338768,296.781189,136.837875,133.670441
1064.249298,297.866501,136.941132,133.376770
1064.071678,298.006416,137.268661,133.955704
1064.220940,298.728447,137.368942,134.175705
1064.647827,298.444435,136.835114,134.751175
1064.077271,298.780685,137.524628,133.845520
1064.645714,298.461578,136.480942,134.374237
1064.410759,298.192886,137.513962,134.413208
1065.065010,299.121124,137.145523,134.081879
1064.512756,298.394119,137.570038,134.180481
1064.762009,299.419098,137.533875,134.360443
1063.572250,297.844017,137.266235,135.415451
1063.462280,297.636337,136.454010,135.925049
1063.673782,298.501549,135.248779,135.602280
1063.470718,299.035141,136.049316,135.773193
1063.477615,298.475410,136.602295,135.853409
1063.346039,298.811508,136.275543,135.559448
1063.388031,298.216331,136.920990,134.812241
1063.402519,298.308754,136.112411,134.834427
1063.545525,297.515495,136.674606,136.165451
1064.515175,297.722633,136.120193,135.202286
1064.421364,297.872826,135.691605,135.540939
1063.487854,299.105453,136.411469,134.179810
1064.004204,297.608826,137.055344,135.202240
1063.794441,298.271355,137.686539,134.493454
1064.038338,296.950409,137.369400,135.580597
1063.652390,297.226196,138.000854,134.554657
1062.668159,296.355255,138.314529,135.129120
1062.541351,297.524162,136.941986,133.038864
1061.526527,296.745018,137.121964,134.651840
1061.835503,297.868896,136.298569,133.855133
1061.903114,296.516647,136.753616,135.084167
1061.690247,297.468689,137.178986,134.339935
1060.925697,297.029976,136.962234,135.109390
1061.243202,295.453560,136.728836,136.237625
1060.588440,295.919342,138.055389,134.298431
1060.635139,295.334946,137.848038,134.214783
1060.289391,296.364311,137.370163,133.921188
1060.844040,295.550308,137.549438,134.360046
1059.419952,295.683655,138.030975,134.004913
1059.746620,295.917343,137.479446,134.338684
1060.174461,295.844398,137.253403,133.928116
1059.728912,295.564224,137.273712,133.652771
1060.464706,295.603889,136.859009,134.694107
1060.365265,294.635857,137.231171,134.701218
1060.118355,293.559364,137.074783,135.148087
1060.059982,292.881233,136.655762,134.986038
1059.899399,293.417938,137.029541,134.443878
1059.258438,293.142151,137.199036,134.078278
1060.044495,292.060097,137.259918,135.045731
1060.891190,292.343056,137.177063,134.968033
1061.213356,292.618378,137.219193,134.649384
1061.364006,291.843262,137.081894,134.657257
1060.685226,292.344795,137.321777,134.082169
1060.809570,291.891914,136.874298,134.607681
1060.730598,291.164810,136.730484,134.265198
1060.955109,290.652184,136.959259,133.792526
1060.686317,290.646797,137.086990,133.942032
1060.699844,289.621643,137.407104,133.802277
1060.339851,288.412201,138.126724,134.439972
1060.062012,288.856628,138.195221,134.140045
1059.392151,289.121994,137.927704,135.227783
1059.775970,288.938957,137.900848,134.222397
1060.241615,288.044502,137.269058,134.579666
1059.273598,288.929596,137.898209,133.683319
1059.557587,288.929192,137.487030,133.613693
1060.376495,288.692520,136.928802,133.434021
1059.499191,289.231529,137.122986,133.889450
1059.884239,289.582367,136.831772,133.424408
1060.421967,289.847031,136.570465,133.228027
1061.190460,288.768623,135.867218,133.559525
1060.943977,287.735542,136.172012,133.962784
1060.813324,288.079353,136.348358,133.816666
1060.684097,288.507263,136.720764,133.865326
1061.223679,289.569031,135.894653,133.959137
1062.053406,289.715324,136.083099,134.158371
1062.462410,289.418358,136.295975,133.746201
1062.167580,290.659294,135.598099,133.324631
1062.971924,289.924187,135.430634,133.872910
1062.454094,290.207047,135.751694,133.393677
1062.426796,290.366989,135.537247,133.694153
1063.059166,290.341057,135.517075,132.668503
1063.241783,290.157043,135.401474,132.651276
1063.471977,290.778900,134.663742,132.881927
1063.588356,289.853729,134.974991,133.671967
1063.483566,290.206223,135.421509,134.177185
1064.094139,291.199730,135.351242,133.615524
1064.548561,289.652748,135.295547,134.069290
1063.966225,290.191856,135.136246,133.587082
1063.390968,290.280128,135.039688,134.208145
1063.660233,290.556190,134.559631,134.205582
1064.110481,289.758018,135.040726,134.865707
1064.298996,291.101646,135.100464,134.280380
1064.306938,291.407578,134.997299,134.512390
1064.963806,289.993851,135.345184,135.862671
1065.725792,291.225380,135.080856,134.805069
1066.304901,290.536758,134.292877,135.015625
1066.316719,289.538879,134.318130,135.529083
1066.476967,290.696434,134.707718,135.272751
1067.247063,290.025764,135.157394,135.505508
1068.875343,291.551407,134.314346,133.232544
1070.081505,290.294899,133.182846,134.463699
1070.671150,290.432678,132.809952,134.152435
1071.336823,290.175049,132.382477,134.674408
1071.097305,289.718414,132.041016,134.945404
1071.209457,290.598885,133.042969,134.719315
1072.488205,291.965424,132.636169,134.644012
1073.272690,291.195190,132.049500,134.685211
1073.182098,291.493324,131.902435,134.711624
1072.503677,292.353142,132.833435,134.325241
1072.970184,291.788574,132.603607,134.882904
1072.685211,292.009148,133.110443,134.740402
1073.927559,293.463181,133.535965,134.009277
1073.466171,292.310722,133.281372,135.615585
1072.969711,292.038986,133.458862,135.182495
1072.808060,291.370872,133.403381,135.087265
1072.115303,291.308456,134.207169,134.576660
1072.693726,291.579483,134.746674,133.123352
1073.080338,291.588387,133.697144,134.402725
1073.952904,291.415558,133.860214,133.940521
1073.601082,291.550034,134.043655,134.134521
1074.354828,290.814430,132.931305,134.356827
1073.979393,291.851112,133.113998,134.199051
1074.078644,291.192505,132.559784,134.918365
1074.679855,290.448189,133.415466,134.035599
1075.516365,289.650108,132.776688,134.409653
1075.456917,289.917236,132.834305,134.423920
1075.879845,289.377251,133.124374,134.252792
1075.852516,288.760101,132.987686,135.620331
1076.587471,288.047592,133.764908,135.301697
1076.152145,287.843216,133.823425,135.242310
1075.452538,288.107040,134.008347,134.534851
1076.051048,289.045593,133.663925,134.268097
1076.287170,287.646034,133.708527,134.799393
1076.732758,287.359055,133.805634,134.411865
1076.504433,286.741135,133.508377,135.873901
1076.483856,286.226883,133.851532,134.929199
1076.744743,286.320786,133.759018,135.171692
1076.236023,287.114998,133.849091,135.363419
1076.363510,285.925293,134.388000,134.746368
1076.355904,285.788200,134.311234,133.629623
1075.314316,284.621399,134.327332,133.785248
1075.938614,284.113831,134.219788,134.585968
1076.434189,283.370544,134.718384,134.082550
1076.798264,283.316498,135.141968,134.708527
1076.988106,283.474197,134.588882,134.782043
1077.819038,282.569885,133.836258,134.635895
1077.718849,281.593620,133.963455,135.195908
1078.093216,280.542786,133.958130,135.177704
1078.123001,280.465927,133.864685,135.028198
1077.928574,281.219048,134.077820,134.931564
1079.334732,279.322021,134.215332,135.283966
1080.192345,279.019371,133.887192,134.459213
1079.360153,278.634300,134.390686,134.831161
1079.031975,279.365227,134.008896,134.688034
1079.340607,279.041779,133.990448,134.010651
1079.199806,278.748802,133.862381,134.834946
1079.133965,279.741158,133.879868,134.440079
1079.297043,281.159378,133.461670,134.698303
1079.087379,280.703270,134.071793,135.211960
1078.929466,282.314651,134.017075,134.539368
1078.810669,281.535034,134.068451,134.387360
1078.728798,281.515877,134.242996,134.285355
1078.918915,281.595612,134.050507,134.062653
1079.100121,282.609161,134.161484,133.541412
1078.897415,283.328972,133.631531,134.749130
1080.206139,284.821190,133.067062,133.396225
1080.208481,285.905357,132.840759,134.100327
1079.994949,285.341957,132.995178,134.277603
1079.401840,287.051292,133.339478,133.714828
1077.946800,287.427216,134.610947,134.208771
1077.594437,289.123428,134.061890,134.944519
1076.472694,289.655731,134.964493,135.079742
1074.912170,290.255211,135.850677,136.562790
1074.548950,288.811996,135.115021,138.094299
1072.924156,291.674973,136.349899,136.877991
1072.150887,292.376831,136.521317,136.854584
1071.363823,293.807167,137.020187,136.008377
1070.063400,295.357246,137.413391,136.754105
1069.230019,296.131897,137.224380,136.841278
1069.060722,295.555771,137.055893,137.584534
1067.543289,296.733429,138.668945,136.615204
1066.280045,297.394684,138.312927,136.954498
1065.325447,299.125900,139.642227,136.874146
1065.960167,299.630173,138.221054,138.318542
1064.760468,301.009415,138.966278,137.683960
1065.027832,301.243507,138.560150,138.005142
1064.146820,302.576279,138.833527,136.920532
1062.952789,303.356743,139.358978,137.014145
1063.367828,304.905266,138.506317,137.416245
1062.115303,304.547043,138.883621,138.021179
1062.614937,306.114662,137.974136,137.373672
1062.479027,305.708832,138.236252,138.097015
1061.437279,306.184753,139.480698,137.423981
1060.227081,307.548111,140.606171,137.192505
1060.226120,307.546051,139.392273,137.945831
1061.119102,308.550644,137.357346,137.928833
1061.065186,308.558983,137.398407,138.587143
1060.411064,308.243240,137.688278,138.436951
1059.440338,308.998650,139.282928,137.863327
1059.169052,310.755783,139.611389,138.182251
1060.547951,310.020538,139.217300,139.043610
1060.664238,309.960403,138.360519,138.452576
1060.094482,310.744652,138.544342,137.762558
1059.454460,311.210373,138.646896,137.517212
1061.173943,312.832451,137.778976,136.233627
1061.165985,312.334900,137.656769,136.979706
1060.423111,313.293365,138.271423,135.630463
1060.156784,312.779877,138.580688,136.756134
1059.864937,313.913536,138.087845,136.152695
1060.159966,314.444679,138.131149,135.679764
1056.962914,314.455330,138.305405,137.877518
1056.846672,314.006577,136.576462,139.300720
1057.934570,313.211853,135.204193,140.777008
1056.034584,313.429375,137.104446,140.178391
1056.669144,313.136887,135.750549,141.124878
1057.064079,313.910202,135.312424,140.922180
1058.340851,314.370735,134.607697,140.715164
1057.994522,314.851204,136.101624,140.372025
1056.766068,315.045769,136.888367,140.898788
1057.321709,314.263611,136.654099,141.199860
1058.358612,313.841721,135.693390,142.069153
1058.201004,314.690582,135.928894,141.416351
1058.312881,314.659225,135.898010,141.906494
1057.534286,315.931610,136.687927,140.593475
1058.328918,315.644051,135.762909,141.481583
1058.372421,315.789795,135.692749,141.097626
1058.164398,316.736725,136.529510,140.241608
1057.979630,315.962677,136.728149,140.997406
1057.162262,315.896767,137.046051,141.055618
1057.079185,316.199493,136.786484,140.863251
1057.498695,316.410675,136.561478,141.112213
1057.672302,317.191650,136.638031,140.101837
1056.237709,317.504852,138.153763,140.247650
1056.446671,316.102478,137.810303,141.606781
1055.883568,316.352676,137.794662,141.285339
1055.833389,315.915962,137.147949,141.515823
1055.695190,316.043594,137.210297,141.809204
1055.825562,317.280228,136.742950,140.885559
1056.051605,316.576248,136.643219,141.952087
1055.655342,317.155258,137.220596,141.608032
1055.524734,317.283493,137.186707,141.966797
1055.203918,316.859245,137.258820,142.109482
1055.911858,316.854843,136.526291,142.051575
1056.025864,317.120033,136.340942,141.417862
1055.310493,316.921700,137.515518,141.571548
1055.821442,316.000328,137.331696,142.059006
1055.305458,316.156868,137.717972,140.927017
1055.347404,317.170715,137.433029,141.063934
1055.118950,315.822205,138.321030,142.188507
1056.311020,314.356201,137.450623,143.102386
1055.524399,316.907707,139.265198,140.668320
1056.150620,316.606392,138.136841,141.443802
1056.298340,317.197334,137.446198,141.627884
1056.049400,316.993279,137.876389,141.673325
1055.945717,318.133034,137.799942,140.864456
1056.410217,316.907143,137.447723,141.893753
1055.314362,317.842331,138.896332,140.954346
1055.572464,317.357391,138.340881,141.834686
1056.259857,316.173820,137.557343,143.040695
1055.968048,316.291054,137.668671,142.207352
1055.488220,317.354530,139.077240,141.666946
1056.182373,316.728302,138.096954,142.020599
1055.749489,317.042458,138.548599,141.718399
1055.535049,317.191933,138.547058,141.741043
1057.047119,315.949371,136.902069,143.011810
1056.285576,317.980850,139.054062,141.527588
1056.543900,317.307480,137.992004,141.937988
1056.092651,318.621452,138.158966,141.296310
1057.595512,317.168816,136.601425,142.956711
1058.243904,317.698532,136.755569,142.331116
1057.406563,316.500893,138.003922,142.635635
1058.518105,315.470741,136.928848,143.504654
1058.280487,316.121544,138.181000,142.522324
1058.007347,317.424248,139.221725,141.681564
1058.826340,316.771339,137.550171,142.320206
1058.109520,317.325272,138.137924,141.495911
1058.572052,317.189774,137.670563,141.758850
1058.853401,317.715218,137.439102,141.769241
1059.435387,318.457443,137.297592,141.654419
1059.828079,319.229111,137.435364,141.640198
1059.364128,318.738541,137.481735,141.479797
1059.659088,319.610695,137.425507,141.147598
1060.449814,317.555054,136.675049,143.068390
1060.063812,319.319450,137.768463,141.536423
1060.779579,319.139931,136.725235,141.889725
1061.358963,319.981285,136.249756,142.059189
1062.794968,320.419075,135.589478,142.055740
1062.162888,321.437561,136.453979,141.373932
1062.635101,321.017776,135.956940,142.031799
1062.794754,320.521255,136.029907,142.606750
1064.176056,321.287315,135.156952,142.314438
1064.254791,322.768456,134.928131,141.165512
1064.795593,322.487755,135.269623,141.684799
1064.274712,322.262947,136.164719,141.406876
1064.715759,323.066742,136.402557,141.752777
1065.387886,323.003700,135.785416,142.436356
1065.955917,323.410614,135.506897,142.145294
1065.897812,324.040390,136.197327,141.616333
1066.623138,323.443367,136.206146,142.514908
1066.789665,323.562027,136.274460,142.107666
1066.819962,323.261490,136.472168,141.865112
1067.961937,323.286583,136.629501,142.172409
1067.312111,323.707588,137.606216,141.350723
1068.096596,325.830803,136.597794,139.801193
1068.565948,325.774170,136.422699,140.950714
1068.613586,325.580551,136.817963,140.901184
1068.607468,324.843002,137.196228,141.775818
1069.559357,324.903961,136.671417,141.365021
1070.058228,325.463348,136.901947,141.045074
1070.089661,325.659019,137.267914,140.586716
1070.254356,325.594620,137.331528,140.673218
1070.440094,325.686127,137.365021,140.595001
1070.374397,325.783134,137.436050,140.854477
1069.976967,325.275505,138.079300,141.454880
1069.959404,324.272964,137.529465,142.388367
1070.629158,324.205971,137.126968,142.866287
1070.536980,323.796532,137.439072,142.767380
1069.953041,323.939987,138.505630,142.614685
1069.653282,324.122986,138.940536,142.455536
1069.695862,325.172539,138.469086,141.934311
1071.663231,323.963394,135.920944,143.141296
1071.086609,323.951088,137.055084,142.058792
1072.133553,323.281311,135.721878,142.273529
1073.091347,323.235809,135.293777,142.297089
1072.257256,324.392632,136.847397,141.272629
1072.154770,324.325264,136.296448,142.014297
1073.896492,323.464317,135.188431,143.759384
1074.001930,323.990150,135.718033,143.273148
1073.544998,324.014732,136.504028,142.694199
1073.457756,324.680359,136.744308,142.325104
1073.619965,324.301964,135.811371,142.965195
1074.845886,324.951569,135.499603,143.193451
1074.847206,325.055870,135.716934,142.490280
1074.831383,326.064011,135.763412,141.741760
1075.181679,325.595947,135.563248,142.519867
1075.947525,325.651344,135.572327,142.766739
1075.641342,325.790230,136.037476,143.022354
1075.116356,325.736313,136.519516,143.832825
1075.003479,325.880028,137.232452,144.169418
1074.918922,326.158104,137.237137,143.435471
1075.955116,325.675133,136.248489,144.092392
1075.995888,326.117233,136.564713,144.050842
1076.665482,326.316017,136.371094,144.245193
1076.598625,327.444130,137.202377,143.213089
1076.824707,327.150391,137.073456,142.913422
1077.611176,327.394920,136.320648,142.818100
1076.936478,328.173691,137.479370,141.893005
1077.085777,327.453842,137.238876,143.037720
1077.272240,329.324654,137.457993,142.187881
1078.153511,327.902817,137.104630,143.637573
1077.897858,328.242638,137.315887,142.319931
1078.856575,327.611816,136.835037,143.242523
1080.148628,327.387161,136.356461,143.388000
1080.932617,328.279663,136.363678,142.123383
1080.231979,328.218422,137.120361,141.242569
1079.598068,328.078423,137.866150,141.951035
1079.561256,329.026703,137.493973,142.052521
1080.707153,327.948242,136.332245,143.039032
1080.963753,327.687294,136.598587,143.851944
1080.354347,328.699944,137.623550,142.903366
1080.957291,329.550453,136.605103,142.543839
1081.848572,329.322365,136.399078,142.281082
1081.664963,329.386047,135.594727,142.408905
1081.515419,328.872231,135.533218,143.187210
1080.897087,329.045921,136.063339,142.817551
1081.869820,328.745331,135.043106,143.355682
1081.429482,330.079460,135.919144,142.393967
1081.298058,329.458427,136.115280,143.294785
1081.406204,328.906937,136.227112,142.835510
1081.505196,329.692398,136.323196,142.267944
1082.009216,329.195549,135.727997,143.529343
1081.822006,329.483620,135.831116,143.133865
1082.469772,329.998726,136.043030,142.770523
1083.479080,329.352898,135.751343,143.879990
1082.897217,330.353065,136.909332,142.039139
1083.771446,329.543846,136.461533,143.277756
1083.926804,329.794754,136.200562,142.666504
1083.522552,329.367516,136.524506,142.587082
1083.614349,328.872322,136.627228,142.695023
1084.312737,328.736214,136.323776,142.671890
1084.242470,329.833656,136.978897,142.487381
1085.321777,329.182518,135.937469,142.546005
1084.220955,329.482521,138.076981,142.648636
1084.610214,329.054810,137.684021,143.049957
1085.493889,330.314697,137.152512,142.286102
1084.129410,330.872589,137.791687,142.929962
1084.315636,330.922333,137.409714,143.304047
1084.587860,330.456596,136.611420,144.482407
1084.630547,331.513817,136.701401,143.920395
1084.116905,331.609756,136.851303,144.196411
1084.972870,330.937859,135.662628,145.351974
1086.402420,331.064735,135.308411,144.745010
1085.851715,332.904388,137.306915,142.931549
1086.238792,331.997360,136.282028,144.390015
1086.535408,332.303879,136.850601,144.245422
1086.950516,332.040001,136.760620,144.898056
1086.491127,333.141762,137.547684,143.524796
1086.037773,332.967621,137.538925,144.012482
1086.525696,332.903145,136.409210,144.703384
1087.562691,332.717422,135.968399,144.927551
1087.085503,333.435478,137.083359,142.922287
1087.180084,333.268791,137.158173,142.459274
1088.075157,334.230881,137.022751,141.607178
1088.423698,333.932335,136.221237,141.678391
1089.222755,334.545006,136.098099,141.488937
1089.231369,333.312744,136.093506,142.552399
1088.612549,333.429230,137.325653,142.489166
1088.760773,332.958405,137.236298,142.703094
1088.698227,335.324646,137.925903,140.710602
1089.321114,334.137848,136.884720,142.853241
1087.589577,331.927551,134.237930,146.192780
1087.409332,331.431099,133.418610,145.667862
1088.288849,330.506165,132.756561,146.555084
1087.881767,330.219299,133.113388,146.341034
1088.605103,330.581154,132.659515,146.962540
1088.369736,329.979126,131.801697,147.000031
1087.821999,331.051094,132.242935,146.756485
1087.910805,329.409256,132.613541,147.601624
1087.768349,329.374184,132.849747,147.107132
1087.174675,329.544083,133.757736,147.439453
1087.217918,328.517136,133.522568,146.889099
1087.527061,329.990181,133.587082,146.154739
1086.821022,328.516891,134.099136,146.121826
1087.084915,328.851219,133.597534,145.610703
1087.464706,327.981537,132.772034,147.524323
1087.309013,328.109451,133.162338,147.326660
1088.548866,329.046013,132.715469,146.611557
1088.444008,328.692169,132.914078,147.136932
1087.982620,327.762726,133.163513,147.647675
1088.538757,326.911324,132.345795,147.683304
1089.193886,327.187721,132.551529,146.460892
1089.445610,327.358948,133.108200,146.698151
1088.423149,327.156967,134.368271,147.344910
1087.319260,326.662140,134.434875,147.309967
1087.594330,327.111443,133.666656,146.974350
1087.781456,326.942535,133.428513,146.732025
1088.274445,327.564293,133.341339,146.087387
1087.785606,326.631721,133.237839,146.265396
1088.004898,326.233246,133.135437,146.999847
1086.648460,326.160034,134.537888,146.066742
1087.693016,324.318985,133.460312,147.508728
1087.696518,324.661629,134.599731,146.762222
1088.201981,324.254143,134.765137,146.430161
1087.924812,324.606796,135.114761,146.444275
1088.568535,325.265007,134.569138,145.870102
1088.572266,324.398460,134.275116,145.840805
1089.271942,323.440376,133.489410,146.266617
1089.344971,322.337097,133.706329,147.551239
1089.062859,322.350143,133.715988,146.134277
1090.226402,322.677116,133.207077,146.107773
1090.139809,321.840034,133.355301,146.884720
1090.984993,322.579002,132.911026,146.513596
1091.724609,321.406647,132.493805,146.848907
1090.375793,321.441551,133.570648,146.971359
1091.022713,323.549355,132.275406,143.863846
1091.894257,323.419655,131.889740,144.453629
1093.126137,322.533287,131.128006,144.457687
1093.295845,321.966316,131.906937,144.599380
