0.011856
0.024619
0.021605
0.022837
0.021347
0.021429
0.021304
0.021718
0.021688
0.020707
0.022354
0.021622
0.021659
0.020756
0.020652
0.021437
0.021209
0.042640
0.022405
0.047950
0.020731
0.022421
0.022156
0.022115
0.042168
0.022241
0.022224
0.021967
0.022392
0.024670
0.021597
0.023664
0.021970
0.021916
0.021096
0.028508
0.021707
0.022166
0.025175
0.022816
0.022413
0.025300
0.022225
0.022274
0.024463
0.021570
0.022229
0.021963
0.021402
0.030986
0.024365
0.022774
0.023370
0.022660
0.021570
0.021844
0.022989
0.022724
0.022098
0.022780
0.022639
0.029299
0.022469
0.022301
0.022649
0.022097
0.029195
0.021587
0.022747
0.022986
0.032754
0.021505
0.020673
0.027790
0.022813
0.023374
0.022629
0.029382
0.022528
0.022474
0.041241
0.022079
0.021183
0.021905
0.021523
0.022820
0.022218
0.022901
0.022627
0.022718
0.022141
0.023464
0.021756
0.034977
0.022851
0.022030
0.022160
0.022454
0.021308
0.021921
0.023052
0.022372
0.022149
0.021187
0.022407
0.022128
0.037647
0.021270
0.023085
0.022445
0.022461
0.022565
0.022592
0.021451
0.022495
0.021887
0.021889
0.022307
0.022740
0.021735
0.022318
0.022269
0.022250
0.023322
0.024761
0.022544
0.021847
0.021602
0.023019
0.023183
0.030338
0.025742
0.022739
0.021386
0.023114
0.023124
0.022477
0.023244
0.029711
0.021486
0.021255
0.021133
0.022631
0.022017
0.021812
0.022055
0.022196
0.022770
0.035342
0.026514
0.024005
0.021823
0.022211
0.021960
0.021844
0.022502
0.021699
0.021913
0.022273
0.031752
0.025018
0.021185
0.041321
0.020856
0.020765
0.020756
0.022996
0.021971
0.021573
0.022338
0.024666
0.021014
0.020801
0.024355
0.022243
0.021560
0.023441
0.021184
0.026108
0.022991
0.022563
0.022228
0.021532
0.021601
0.021201
0.020350
0.022505
0.029462
0.021418
0.021392
0.020599
0.021821
0.021468
0.022347
0.022041
0.022263
0.021940
0.020407
0.021907
0.021810
0.034020
0.039883
0.022005
0.021201
0.036197
0.021515
0.040605
0.027722
0.025610
0.027363
0.022207
0.021450
0.020690
0.021910
0.022064
0.021837
0.021675
0.029628
0.022675
0.022299
0.022262
0.023392
0.027500
0.022091
0.028144
0.022324
0.022104
0.021869
0.020803
0.022614
0.022740
0.022195
0.021973
0.022761
0.022691
0.022814
0.022058
0.022155
0.022284
0.035072
0.021502
0.022498
0.022074
0.021638
0.022425
0.022983
0.036878
0.030281
0.022168
0.024530
0.022369
0.023249
0.022613
0.022938
0.021493
0.022671
0.022469
0.022513
0.021224
0.020444
0.021712
0.024106
0.021839
0.022203
0.022339
0.023524
0.022589
0.022895
0.030539
0.022630
0.022190
0.023336
0.021928
0.023232
0.022125
0.028179
0.022722
0.021882
0.041549
0.023318
0.022842
0.022413
0.021532
0.023390
0.039532
0.022726
0.032565
0.022154
0.020374
0.021670
0.020538
0.023360
0.021722
0.021623
0.021585
0.021628
0.026908
0.021948
0.022273
0.021867
0.020250
0.020611
0.021563
0.021166
0.021412
0.020539
0.021277
0.020997
0.020572
0.019420
0.021162
0.020779
0.020157
0.020416
0.027840
0.019755
0.020082
0.030374
0.021705
0.018998
0.020846
0.019990
0.019879
0.018858
0.027149
0.021003
0.019363
0.019949
0.023494
0.030423
0.020908
0.020600
0.019870
0.026886
0.021439
0.033601
0.027534
0.029185
0.020553
0.020208
0.021519
0.022324
0.021109
0.021088
0.021407
0.021010
0.020300
0.019852
0.020335
0.020819
0.020119
0.021100
0.030224
0.031203
0.046634
0.026953
0.021838
0.020991
0.020042
0.021343
0.021536
0.020028
0.020444
0.021462
0.021505
0.027566
0.021556
0.019380
0.021121
0.022343
0.031541
0.020559
0.019916
0.020971
0.022038
0.021703
0.020385
0.032287
0.021451
0.022607
0.021472
0.019483
0.024031
0.020137
0.020718
0.019303
0.021004
0.029361
0.021068
0.048543
0.020222
0.020976
0.020579
0.040936
0.020524
0.020667
0.021227
0.040553
0.020844
0.019993
0.030942
0.030506
0.020572
0.028093
0.020789
0.019585
0.019681
0.019488
0.020229
0.019874
0.020812
0.020229
0.036198
0.020673
0.026079
0.022440
0.020871
0.019894
0.024591
0.019421
0.019187
0.020551
0.020808
0.021223
0.020527
0.019651
0.020413
0.020371
0.025725
0.027158
0.026375
0.028829
0.020291
0.019487
0.020123
0.020877
0.019524
0.019472
0.021854
0.020360
0.020891
0.020818
0.021378
0.020528
0.030246
0.020747
0.021105
0.019587
0.021002
0.032891
0.021019
0.019389
0.020164
0.019527
0.046327
0.020689
0.019936
0.021536
0.020729
0.021062
0.020561
0.020991
0.022339
0.021405
0.019782
0.019493
0.024228
0.033769
0.048984
0.019798
0.021684
0.020484
0.024781
0.020352
0.022417
0.026954
0.020715
0.025718
0.024446
0.019249
0.038376
0.022375
0.023201
0.021544
0.020811
0.023242
0.021102
0.021036
0.021909
0.020041
0.021202
0.019558
0.021553
0.032726
0.027106
0.020918
0.019610
0.020732
0.027647
0.049172
0.021917
0.021070
0.020093
0.019525
0.026331
0.020184
0.020870
0.019544
0.020454
0.022935
0.034544
0.020731
0.022425
0.035082
0.020571
0.019629
0.020904
0.020023
0.020547
0.029320
0.022070
0.048745
0.036034
0.047605
0.020435
0.020804
0.019837
0.031506
0.020689
0.020066
0.019079
0.038808
0.021424
0.019566
0.019030
0.020838
0.020198
0.020839
0.020563
0.021016
0.019383
0.020974
0.021538
0.021598
0.020478
0.020897
0.020829
0.019981
0.021260
0.020683
0.019102
0.020056
0.020072
0.020847
0.019268
0.021201
0.021169
0.021021
0.024015
0.020898
0.020997
0.020362
0.019526
0.036082
0.021415
0.021018
0.019222
0.021652
0.020411
0.021171
0.020797
0.021342
0.020507
0.040031
0.020929
0.021048
0.020780
0.020672
0.020720
0.020381
0.019508
0.022007
0.021307
0.020968
0.019810
0.020833
0.020514
0.020489
0.021671
0.020111
0.019654
0.019441
0.021023
0.020757
0.020664
0.021012
0.019604
0.021190
0.021446
0.019499
0.032527
0.019677
0.019914
0.021050
0.020392
0.021047
0.019694
0.020797
0.020054
0.019942
0.021365
0.020651
0.020493
0.021018
0.020898
0.021159
0.021192
0.020846
0.020527
0.020543
0.020712
0.021244
0.019788
0.020929
0.021188
0.020120
0.019735
0.019545
0.030644
0.021009
0.020889
0.021555
0.019458
0.019992
0.019555
0.020249
0.029423
0.020229
0.020102
0.019827
0.020769
0.020791
0.020631
0.020670
0.020690
0.021234
0.019787
0.019814
0.019842
0.021588
0.021114
0.020784
0.019723
0.019125
0.020140
0.020259
0.020530
0.019960
0.020748
0.021016
0.021427
0.020630
0.021379
0.021017
0.020331
0.024236
0.021365
0.019790
0.019516
0.020628
0.021395
0.019901
0.020821
0.019270
0.020806
0.019244
0.021021
0.020846
0.020579
0.020532
0.020821
0.020368
0.020775
0.021254
0.020376
0.022028
0.020048
0.019749
0.020832
0.026601
0.020367
0.019931
0.019457
0.019438
0.020824
0.021282
0.020868
0.019231
0.020581
0.029495
0.022586
0.020825
0.021030
0.019465
0.030655
0.020317
0.021431
0.020782
0.019918
0.020582
0.019598
0.020649
0.020423
0.019935
0.020738
0.020366
0.021193
0.020708
0.028003
0.020117
0.020664
0.020301
0.019951
0.020765
0.019746
0.020008
0.019560
0.020733
0.020061
0.021355
0.040393
0.020889
0.020017
0.019717
0.020342
0.027633
0.020695
0.021864
0.021071
0.020670
0.021340
0.020996
0.021284
0.031237
0.020204
0.021409
0.020536
0.020616
0.020170
0.019533
0.019824
0.020948
0.019453
0.020414
0.021139
0.020721
0.021189
0.020611
0.020940
0.021171
0.019466
0.020820
0.020135
0.019467
0.020042
0.019508
0.020416
0.020214
0.020682
0.019643
0.020624
0.019502
0.021042
0.019401
0.020830
0.020001
0.027185
0.025018
0.020298
0.039811
0.020551
0.020760
0.020583
0.021880
0.021009
0.020268
0.048352
0.021187
0.021780
0.019705
0.020913
0.020958
0.019951
0.020560
0.020333
0.028860
0.020693
0.020584
0.020816
0.021142
0.031018
0.020948
0.019833
0.020839
0.020886
0.020550
0.027074
0.019595
0.019418
0.020988
0.021150
0.020291
0.021284
0.021371
0.021404
0.020813
0.020467
0.020406
0.020586
0.023026
0.021862
0.048279
0.021115
0.020716
0.019432
0.020709
0.020562
0.019553
0.020851
0.020437
0.019981
0.020464
0.020818
0.020579
0.019988
0.020170
0.020850
0.020676
0.019943
0.021460
0.019824
0.020721
0.020597
0.020435
0.019191
0.020861
0.021075
0.019550
0.020421
0.020796
0.021609
0.021169
0.021536
0.021466
0.020452
0.021069
0.021297
0.019394
0.026875
0.020941
0.020802
0.020588
0.020580
0.020445
0.019836
0.032525
0.020913
0.021000
0.020223
0.028129
0.020806
0.021038
0.020482
0.029086
0.020714
0.021155
0.020966
0.020548
0.020754
0.019564
0.020864
0.020238
0.021093
0.020925
0.020660
0.020843
0.024085
0.048340
0.019568
0.021961
0.021512
0.032012
0.020603
0.019359
0.020125
0.021068
0.034367
0.029569
0.021006
0.019262
0.020415
0.021063
0.030704
0.021376
0.021180
0.028077
0.037538
0.020779
0.020850
0.020826
0.019583
0.019453
0.020446
0.022940
0.020770
0.021071
0.020519
0.021361
0.020912
0.020540
0.046107
0.022146
0.028138
0.027895
0.020225
0.020930
0.020745
0.020238
0.020418
0.020486
0.020242
0.020728
0.021066
0.021674
0.030695
0.020540
0.020718
0.048087
0.021036
0.021188
0.020539
0.020612
0.021252
0.022477
0.030483
0.021051
0.019519
0.021184
0.020753
0.019518
0.019519
0.019626
0.020237
0.020522
0.019944
0.024857
0.020809
0.019710
0.022607
0.020388
0.019971
0.023741
0.021649
0.021126
0.020668
0.024367
0.019743
0.020239
0.021096
0.020610
0.046192
0.020294
0.020307
0.021234
0.020819
0.020483
0.020639
0.020631
0.021298
0.019561
0.020960
0.026548
0.026466
0.020780
0.029545
0.019757
0.019393
0.020327
0.020860
0.019883
0.019935
0.020812
0.020072
0.020008
0.021169
0.021188
0.021317
0.020285
0.020357
0.031692
0.032054
0.027971
0.020748
0.021311
0.020005
0.021117
0.020792
0.021250
0.026836
0.027852
0.024996
0.019493
0.020839
0.021112
0.020880
0.022927
0.020117
0.021082
0.020399
0.021140
0.026917
0.021179
0.020723
0.045314
0.024218
0.020718
0.019674
0.021025
0.020565
0.021059
0.020709
0.019853
0.032872
0.019857
0.022131
0.026114
0.021246
0.038191
0.020667
0.020155
0.020309
0.022550
0.026301
0.020433
0.019729
0.049127
0.019890
0.019769
0.020336
0.020619
0.023377
0.020944
0.022419
0.020724
0.020606
0.021584
0.023680
0.020686
0.037408
0.019728
0.030396
0.024329
0.020175
0.019778
0.038178
0.020945
0.020685
0.020730
0.020980
0.019676
0.036205
0.034442
0.020900
0.020068
0.019334
0.021014
0.031440
0.021133
0.020672
0.021021
0.021390
0.019663
0.020995
0.021007
0.019888
0.038871
0.019386
0.027179
0.019570
0.020223
0.019379
0.019125
0.024672
0.023475
0.019845
0.020766
0.018946
0.038158
0.019892
0.020781
0.021743
0.021847
0.024314
0.020760
0.021304
0.022776
0.021040
0.020952
0.021373
0.020696
0.019759
0.020715
0.035625
0.020556
0.024871
0.019924
0.030439
0.020893
0.032731
0.020573
0.032008
0.028287
0.020042
0.026536
0.021160
0.020949
0.041474
0.021164
0.019946
0.019711
0.021098
0.020563
0.020908
0.021256
0.025367
0.021234
0.019781
0.023847
0.025235
0.019217
0.021201
0.020174
0.019961
0.020928
0.021041
0.019935
0.019963
0.048591
0.038833
0.019879
0.020011
0.021183
0.025096
0.020177
0.019602
0.019892
0.029878
0.020567
0.020499
0.020691
0.020737
0.020760
0.020358
0.019443
0.019014
0.021455
0.032426
0.019742
0.020007
0.021061
0.020175
0.020292
0.020033
0.020691
0.021476
0.031767
0.020312
0.020707
0.021082
0.021017
0.033153
0.020592
0.028398
0.021265
0.020878
0.020787
0.027923
0.020868
0.021173
0.020681
0.037148
0.021364
0.020794
0.020072
0.019515
0.020016
0.020335
0.019452
0.020748
0.020686
0.031873
0.020670
0.021078
0.020982
0.021339
0.019823
0.021850
0.020554
0.019289
0.020560
0.019871
0.022216
0.020934
0.020852
0.021953
0.021019
0.020666
0.020882
0.020947
0.028948
0.019691
0.021592
0.019773
0.020604
0.033123
0.019729
0.020656
0.020450
0.019506
0.020519
0.038531
0.021308
0.020559
0.021104
0.019824
0.040226
0.020524
0.019743
0.025152
0.019529
0.019682
0.030439
0.022036
0.020506
0.019566
0.040899
0.020637
0.020000
0.021299
0.019972
0.020993
0.021633
0.019924
0.020951
0.021728
0.021151
0.020619
0.020511
0.021143
0.021252
0.020647
0.019778
0.021171
0.021448
0.020801
0.019517
0.019619
0.020926
0.019957
0.030446
0.020776
0.020748
0.020693
0.020787
0.022502
0.019908
0.020123
0.023233
0.020253
0.019599
0.020846
0.020528
0.019520
0.020654
0.021208
0.020203
0.020612
0.021644
0.020638
0.028677
0.021857
0.029257
0.021285
0.021490
0.020658
0.020634
0.026397
0.032486
0.020746
0.019519
0.019931
0.019658
0.025481
0.019865
0.021054
0.020268
0.046435
0.020075
0.026404
0.021456
0.019892
0.021413
0.020172
0.021412
0.020605
0.019478
0.019864
0.020067
0.033184
0.020836
0.031774
0.028723
0.019282
0.019953
0.020995
0.020956
0.019733
0.020853
0.020581
0.021341
0.020810
0.019869
0.021434
0.020867
0.020835
0.019683
0.040639
0.020388
0.019867
0.021364
0.021155
0.020896
0.047962
0.024964
0.020865
0.025309
0.021248
0.023207
0.035450
0.021362
0.021084
0.020615
0.020018
0.020518
0.021232
0.030883
0.028967
0.021608
0.020858
0.021212
0.020178
0.020803
0.020978
0.020753
0.020151
0.021165
0.019634
0.020027
0.021082
0.027975
0.020085
0.031772
0.035153
0.021352
0.021047
0.021093
0.020657
0.020457
0.019722
0.021765
0.020522
0.020964
0.021249
0.020365
0.019057
0.019391
0.020802
0.021091
0.020807
0.019679
0.021145
0.021216
0.021010
0.021302
0.019664
0.021921
0.021360
0.020694
0.019408
0.021199
0.031442
0.019833
0.021296
0.022350
0.021765
0.021056
0.020588
0.021642
0.020674
0.019326
0.020069
0.021322
0.019879
0.020168
0.020882
0.020403
0.020814
0.020242
0.021652
0.020237
0.021473
0.021376
0.021016
0.020577
0.020694
0.021107
0.020895
0.021028
0.031455
0.021173
0.022951
0.031497
0.021219
0.020601
0.028807
0.020909
0.020513
0.034153
0.025146
0.021829
0.021472
0.021265
0.021203
0.020741
0.020249
0.030725
0.019652
0.023099
0.023531
