449.000000,334.000000,411.000000,245.000000
453.982895,332.351860,406.052277,245.357803
455.172058,332.995621,402.935425,244.373627
456.057037,333.255341,404.178650,244.617004
453.956329,335.052353,404.638611,242.093903
453.973862,333.328842,406.146881,246.193146
457.293686,318.021988,407.744415,272.221039
455.309402,297.735229,407.158173,288.494995
447.135666,270.530136,414.771393,310.995270
446.760925,265.767761,415.815552,310.390625
448.740448,264.863068,418.995789,315.522278
450.737473,265.703659,412.103180,311.324493
450.062531,265.771683,416.192444,314.615570
449.454758,265.693451,411.485626,315.505676
448.019287,266.600525,413.434570,314.846802
446.535034,268.028488,413.132446,313.727203
445.757935,267.981552,413.781860,315.741730
447.714081,269.503342,411.384216,308.345001
448.345200,273.619019,414.147369,302.289673
451.044113,264.470139,409.359772,313.829010
449.921783,252.455124,408.173279,335.897614
449.257813,247.359024,402.557861,336.305878
448.803619,240.463638,387.828674,349.654510
453.326782,244.147797,379.479736,343.034485
452.362534,246.277802,385.711945,341.475281
452.406647,244.706909,380.735901,348.890991
457.273178,248.120102,379.100861,336.504181
447.839157,247.174271,385.635773,343.813812
451.616196,248.219345,384.355499,336.699249
449.415359,247.312500,389.931854,340.752808
452.813110,244.326981,381.902832,347.099091
453.501373,244.965836,378.917175,346.152069
455.030136,246.445023,378.376495,344.132660
451.405350,249.047195,378.320648,340.209198
455.719330,249.873337,377.258240,344.862335
453.326416,252.638428,382.669556,338.177979
454.763702,256.583725,390.141174,322.851959
455.319321,256.166214,428.518707,297.363373
449.951736,258.594482,482.456146,259.352051
451.115753,253.199738,523.423767,269.402649
476.656952,243.160858,551.011047,306.941833
471.993927,231.919769,592.947449,325.789246
483.532013,207.327652,587.980164,344.373138
495.305786,221.467361,568.829346,348.691864
485.021454,210.307709,590.234436,357.920349
485.314148,225.472641,581.928833,338.684967
490.902344,214.315353,584.511475,341.553253
476.357361,222.594727,601.896362,328.182007
498.478241,224.226364,576.261780,331.765656
493.975952,216.955612,586.613037,346.392609
486.390869,214.758896,575.475586,351.734283
484.952850,215.776764,588.462952,349.110901
488.535126,221.378036,589.096741,344.197906
491.162811,205.769180,575.957581,350.705658
475.260193,214.485657,595.159546,357.862793
472.022339,213.311981,588.903320,354.515076
475.259644,226.846893,587.038574,348.891541
472.979919,219.703583,598.830444,322.108337
466.205963,223.366119,603.506042,319.658508
472.366089,224.775040,585.152100,316.939545
479.177673,229.560379,581.660034,315.990692
481.541962,214.458420,580.132629,324.565704
503.539703,246.498550,554.224792,284.587250
535.388489,231.714020,515.292847,399.827942
527.143616,215.706482,528.225708,399.972412
529.209595,196.568756,525.129883,427.695129
524.520050,214.625000,531.954773,421.072632
510.059875,199.315018,544.407837,449.689911
515.780945,207.316971,542.923706,412.670380
545.411133,206.027527,516.417480,443.254883
503.407867,202.444962,563.766296,415.426605
521.023193,213.842682,532.155762,415.270325
531.653900,197.223221,519.086975,423.523895
505.050842,217.801544,519.496704,438.549622
512.934799,242.142746,469.322784,389.545685
553.767578,219.523422,445.307373,416.912506
531.702560,214.642563,433.748932,449.626862
554.786530,242.991135,407.731628,381.392120
541.811737,240.117599,410.023376,420.001740
563.376144,237.180786,398.205841,400.975708
527.272507,238.849838,432.928375,436.572296
454.510742,262.852997,505.250977,369.190247
415.186462,302.064667,509.046997,372.864075
459.627777,311.602921,419.156311,322.620819
405.504837,332.175461,460.973358,268.837189
402.605286,346.130157,492.225464,298.874451
411.276443,344.178680,486.361298,308.326965
432.041443,334.291428,473.615356,314.318268
443.629700,332.696716,467.138184,323.254150
509.891418,341.576920,407.045166,313.676971
541.898270,346.337570,362.633636,301.155426
450.639954,337.282639,452.697632,312.397491
462.031494,337.490601,449.778931,316.520142
452.933838,340.830551,454.646973,307.401154
440.741043,339.168732,470.654144,313.781433
435.498581,309.745880,472.927765,330.312317
418.830673,309.349197,486.521149,312.630707
458.819107,277.195938,456.408783,354.623871
509.499756,296.161438,400.104614,322.466431
539.548050,279.145905,372.446625,330.557068
493.273941,263.118347,420.129730,365.472168
526.917007,293.022034,381.334320,309.129395
491.723846,277.715515,428.287903,344.068604
527.190308,285.958282,381.911987,312.282043
500.274475,276.814865,411.000977,345.042755
526.615845,287.181854,383.064209,331.888611
516.579514,272.324799,396.570709,348.156555
497.569839,274.927429,403.673309,334.324463
490.901199,284.931183,423.639618,336.834045
527.039261,280.261124,390.934784,322.710175
548.824982,263.395828,360.200989,359.326263
544.574066,262.301987,367.454773,355.173492
497.935287,275.953827,410.738068,341.017395
490.830750,300.233200,412.031860,304.101837
499.581589,255.062302,407.387360,361.101349
480.887589,227.695557,416.484711,386.284058
538.290543,221.006561,358.283051,386.852356
495.259750,224.604111,401.511627,378.611359
492.435028,229.089355,415.612366,372.414062
506.406616,212.150269,392.379272,427.231689
510.292145,210.204117,389.803284,465.837372
519.681839,212.818619,397.893280,500.661591
524.652420,212.720764,391.250458,502.628540
511.244522,212.879822,403.948578,503.120483
516.620621,216.240860,399.105804,498.816620
511.883255,212.765335,400.620331,499.147797
518.749405,217.439148,403.553314,458.693237
503.218323,213.562378,426.370361,495.383301
512.025818,215.995026,410.014160,486.675232
507.421829,210.166214,409.413544,501.932220
512.799316,214.593872,409.776245,494.619385
495.989410,220.115784,429.465393,497.477905
487.848557,227.714890,387.440704,358.488922
495.503662,245.078339,367.571167,341.821106
500.173782,242.847260,375.147430,340.230286
487.751633,245.260712,392.294830,378.788635
450.049438,239.066452,414.826050,340.014923
409.626755,234.939133,443.316071,335.181915
400.930893,240.675934,464.711456,329.703430
394.925491,233.227875,448.787567,338.130554
396.415863,233.854385,447.202942,332.693207
390.124298,237.646835,453.817322,327.500641
396.476898,235.699020,436.965637,326.567169
393.514404,235.070618,439.359741,327.080200
394.239288,234.795303,440.835266,327.035858
395.024170,240.454300,442.149170,322.025726
392.151657,237.129700,446.943268,326.333374
394.424667,238.397568,448.167145,325.024200
391.318069,236.977875,447.080902,327.880310
393.606567,234.463898,450.516724,329.950012
392.170197,237.185394,445.750305,328.179626
391.470520,236.197815,457.204712,329.555542
392.181793,235.191299,456.837097,334.049286
371.731461,226.156586,447.372162,328.482117
343.028961,196.015930,465.160095,349.365601
316.828079,169.450287,471.357269,370.946472
305.295212,156.375183,443.773834,366.471680
278.747147,105.593582,398.143280,394.785980
247.194809,57.221252,359.255280,397.442749
229.366699,10.207535,328.155640,442.860199
229.285065,4.173965,293.493225,439.315033
227.328964,6.804337,291.751740,442.134003
225.629608,3.763885,296.513733,436.521667
223.976807,2.605682,284.837280,435.710144
235.846954,7.446808,278.691833,438.054260
224.112595,13.603989,288.641510,431.511871
228.107208,4.209839,292.366760,439.687988
225.628250,5.273621,286.512909,440.263062
228.903748,4.545120,288.932617,437.482391
228.568390,6.125870,283.529724,440.980682
232.886765,9.168320,280.938019,438.699982
230.364426,6.661438,283.083282,438.714966
232.331985,0.000000,279.616913,449.789276
246.065292,0.000000,246.948761,452.584671
239.308853,1.619469,244.516815,442.655182
237.645775,0.000000,235.747269,440.666191
237.086746,0.000000,234.309540,445.639690
235.188759,0.000000,235.353073,447.284475
237.411484,0.000000,239.720856,444.307338
235.764656,0.000000,237.126694,447.385068
238.323471,0.000000,235.763336,447.930266
236.637405,0.000000,238.361420,446.020477
237.062988,0.000000,242.002930,448.189804
235.149704,0.000000,239.773834,447.035438
236.144653,0.000000,240.738403,450.587833
237.902946,0.000000,240.726944,445.356249
230.808716,0.000000,241.201294,450.168740
239.206551,0.000000,237.897568,444.662663
234.047226,0.000000,238.914459,447.577715
238.027885,0.000000,236.244156,452.767816
239.549019,1.055691,254.307846,451.433655
240.068977,4.693204,239.572495,446.010315
237.065018,0.000000,271.533051,451.346356
249.101791,1.688238,278.471100,456.086212
248.909561,3.391211,237.999115,454.896698
235.630669,1.980429,254.472061,441.886597
250.482407,11.208456,328.970490,446.507812
272.798134,7.186224,217.601730,444.239899
228.627060,5.002905,284.479645,445.324554
253.017281,15.900763,240.516464,436.875519
297.724197,143.598379,331.097504,359.796082
296.458344,147.754263,386.514099,357.063538
302.419250,143.108908,397.045776,368.075562
316.177521,148.444739,385.606750,362.571136
298.615067,147.793921,339.214447,353.220917
286.734482,135.973776,407.281769,338.815186
305.823730,155.585715,416.681641,301.395508
247.016403,37.131521,505.214264,442.435608
299.579269,138.363501,429.642731,350.975311
300.045288,121.851324,428.008911,387.744293
297.764984,114.262274,418.244324,397.786285
304.131592,153.652975,418.875854,360.179688
288.554382,78.602972,390.901245,421.255035
270.348999,113.790030,471.327148,410.594788
285.954239,152.845175,439.944305,356.989380
285.410309,120.208517,419.477600,397.578369
295.649963,153.231375,409.800293,363.084656
299.846695,147.508475,397.946503,365.536560
292.610825,120.808356,400.202301,390.218292
289.435165,149.886160,408.355988,359.324158
290.174255,127.143667,395.943970,381.012634
291.687729,151.453360,386.510895,353.747498
293.056335,136.994910,377.996948,367.730804
295.828598,161.283438,372.552887,341.971741
286.455383,142.845038,375.484985,360.739166
301.615005,160.588248,363.694550,341.173767
293.833191,153.103415,373.301880,352.687256
289.528641,144.382544,387.063934,354.790985
289.210709,148.652472,376.245941,356.512115
288.874329,150.639975,374.148804,350.077148
288.950256,151.344778,358.427979,351.370667
300.505371,158.393317,364.842285,342.435699
303.621170,141.711996,332.318451,352.600342
306.111984,154.059317,325.390656,337.861145
296.500870,146.308905,325.437958,346.013458
299.665024,148.214468,320.719269,345.354553
296.524673,152.672613,371.967133,351.857941
306.405792,147.246344,417.717224,364.645172
296.159637,119.276327,383.478333,392.319092
273.830551,40.586752,286.741608,452.069580
255.400589,43.070914,251.947723,432.273254
277.086319,43.832175,296.656952,443.377197
249.098106,37.572562,200.103470,374.716370
264.675377,39.516165,234.761551,397.321716
235.432419,32.692969,230.339874,387.392059
261.557571,37.362997,233.935638,384.283203
225.458923,25.742728,214.539307,375.488586
196.084717,5.162649,304.814209,407.415466
245.003937,50.650412,260.318420,396.268555
256.232010,34.246939,285.790009,413.696716
246.838593,49.896261,231.048645,357.302612
249.151817,44.361288,184.452469,375.114258
262.728714,49.310370,275.248016,389.565216
254.179169,51.153891,210.944397,342.177979
227.181305,23.264044,333.221130,414.272247
245.829933,25.076391,233.639816,411.292938
240.826126,47.508932,318.782074,401.419067
234.805069,42.193777,262.417938,393.371887
247.760254,48.681906,301.974854,401.300537
236.824677,35.252249,267.046936,410.088196
232.248154,41.088263,315.599030,410.080963
228.960938,32.286612,334.141968,432.855530
217.973801,23.613531,305.437775,431.496857
237.071564,42.128149,319.190735,410.468109
225.036789,20.408942,292.658844,420.553864
210.630890,17.259299,338.073914,433.890869
214.633453,23.216742,268.512756,423.920807
215.157822,26.641501,342.229401,435.995972
219.663498,25.485998,348.421539,439.726410
206.272339,10.739203,277.201538,421.323883
197.558167,11.767340,343.571167,432.655914
206.810455,8.172659,379.783508,466.954651
227.323029,41.739950,278.824646,409.423584
227.365097,47.583594,343.669708,414.515594
246.669479,63.166861,397.844269,430.159485
245.144653,69.479788,372.823120,411.714783
220.511459,39.336767,312.711578,411.740936
202.424057,32.905264,395.041534,436.009583
250.964371,74.133734,361.640106,395.941071
235.499634,46.905447,313.469238,407.306702
274.410355,84.580756,427.707733,431.781403
240.363220,38.083258,385.163452,450.074738
281.799225,111.234534,344.337097,374.495819
252.009003,61.840933,356.793518,419.265320
267.444855,79.482611,314.017761,383.646393
267.818771,84.077307,368.393707,410.264740
273.880463,99.372412,293.249939,369.191498
273.274323,99.764059,377.182312,401.085571
276.444214,108.677603,362.320923,386.559875
280.479538,97.112036,392.046173,402.429047
243.487030,84.871451,389.916443,409.829651
265.622864,117.977026,379.783691,378.500458
276.212463,140.173117,363.211548,352.208862
289.711105,155.030966,332.113556,335.291870
270.308441,161.338858,351.224792,327.442932
295.627869,162.918982,328.724976,327.379974
302.544327,168.498038,335.067963,324.316345
285.522781,166.655401,360.630585,333.121368
291.189072,164.410773,364.197784,339.051666
258.064621,162.596686,403.828522,342.722809
303.706070,164.267996,367.780975,336.619934
302.940491,162.886771,370.009033,342.132751
304.723450,163.776221,369.760254,339.123383
301.715714,164.871725,373.735077,338.525513
303.556992,162.646155,375.751984,345.467010
305.576187,165.784582,382.237885,344.324310
305.604126,171.755652,412.418457,342.179779
321.230438,178.661169,428.486267,350.228851
330.704681,179.542990,438.689514,345.069214
322.581299,177.329031,446.753540,351.318665
291.309128,180.495413,505.101593,350.937073
325.463776,174.457007,433.809631,360.664520
249.631317,181.970633,541.931458,348.320496
323.689697,184.890906,475.388428,349.147919
334.904221,183.679907,465.238190,357.917328
327.995132,183.155417,459.972504,337.909668
323.540665,186.160132,483.284393,366.893524
335.308167,185.460074,487.327026,345.032654
335.586136,189.193136,489.439545,343.036499
333.694611,187.161337,482.091248,338.152222
345.949341,190.627447,480.230103,346.646759
336.369843,188.005759,497.074646,335.898193
340.397232,191.649054,497.626801,339.960724
350.218399,190.285315,490.934418,338.712860
340.233566,192.197943,502.931305,339.515533
345.267120,191.509253,496.108337,340.183685
344.589417,192.459784,499.750366,338.970367
341.833969,190.161566,503.629913,340.989410
348.246567,193.678702,498.917755,334.945374
344.588425,196.845160,504.183502,334.042145
355.536636,196.716925,496.061249,338.446320
357.515350,194.931326,499.901917,344.127869
360.200256,202.966025,499.253784,331.575317
356.647507,200.579459,498.256378,332.216492
356.271912,198.761221,500.902100,340.632141
348.115601,201.559790,497.798096,340.348969
351.585495,204.607214,505.823639,366.052948
352.298950,204.376700,519.587646,356.028870
347.141296,202.359381,517.821655,358.910187
355.733612,210.460028,522.725891,355.827057
349.170090,202.816931,511.009186,343.658173
337.513016,202.546591,454.614960,374.794556
347.230927,203.849905,386.630920,381.606140
333.466049,209.063177,387.597931,304.005035
332.840332,209.118201,368.085083,292.093475
331.178650,215.459326,393.577271,328.617035
329.210968,200.902579,403.830627,306.026428
336.667084,210.977728,368.101257,315.298126
326.073181,225.237036,401.206909,359.555878
324.588104,209.975012,508.776184,413.490692
333.419113,205.810492,461.845123,415.037018
327.840012,212.604529,470.313873,355.124725
319.239243,213.884268,440.249664,387.224915
124.540436,207.098501,500.163391,315.377502
143.862335,217.206045,595.761292,343.459167
306.777145,213.159750,457.866241,392.440186
137.130157,206.589514,601.871277,420.333344
242.261505,212.312445,550.365906,372.871368
206.856079,216.988699,548.875732,431.614807
324.691193,217.827475,469.371765,372.200195
166.549164,218.864966,587.161072,373.903534
140.673035,209.136465,618.782471,382.189392
340.409958,223.339941,442.941193,396.942108
315.782654,223.287298,535.162354,432.721710
320.391129,226.663428,486.656830,387.417450
331.390015,221.786810,400.833618,331.813507
108.334686,246.778647,608.345276,288.309204
78.119507,240.105246,715.848633,394.239502
87.493683,241.317007,695.272156,356.483215
93.990021,243.975378,677.509949,323.568573
86.944336,240.373053,737.171875,397.604767
166.128937,235.835821,615.069275,332.502960
84.378479,249.436865,695.426147,353.713226
90.226593,246.882651,697.615906,328.555054
195.782898,254.128454,528.119507,295.165497
114.765991,252.788809,661.926392,290.574280
84.630051,247.253607,506.522980,264.927399
97.204910,253.430540,429.180756,248.267990
108.985062,251.962912,452.574921,262.869385
96.936691,258.325796,486.166168,276.127014
105.249802,252.846701,420.462311,281.840210
100.611481,250.376227,436.370911,273.116486
110.939758,258.878134,438.359863,266.998169
93.867950,255.106406,438.383240,278.778320
94.178223,254.733374,538.132202,301.499969
96.457977,263.319907,427.865784,254.728516
99.170502,254.426337,401.824402,273.879059
97.868164,259.591040,402.128540,276.261932
100.527939,265.118002,449.941193,310.321777
88.965012,256.504187,444.133820,273.293427
91.239853,262.745795,416.658844,259.970245
98.535477,262.642508,420.475800,272.722839
96.533371,258.746329,408.709381,261.422546
100.718842,259.079672,412.107117,265.989502
96.107910,258.632132,426.818359,271.848938
93.388397,261.284781,431.471252,266.900452
93.298355,259.656821,423.365936,270.065186
91.463150,259.862021,430.010468,278.183228
90.421204,269.284445,473.559570,282.278809
90.452332,261.519980,734.117188,419.633301
78.861298,259.049902,666.600037,303.618134
89.033295,271.191885,625.884949,279.838562
82.488922,264.949774,615.591858,285.665558
90.614716,270.264517,587.093201,279.457458
90.332855,271.650030,631.857849,271.994904
76.526367,277.736624,683.143921,273.276062
85.815918,274.524435,653.372925,346.079834
71.416656,267.421377,679.002502,273.427551
85.134644,269.360525,668.282349,282.311462
108.920532,268.112822,684.074585,249.434067
114.075378,267.520331,686.534912,261.858551
100.946472,276.720717,697.596436,248.026871
159.766571,276.100210,637.824402,235.880920
89.269714,270.858893,695.521851,274.310822
192.003876,271.139792,605.477112,250.339844
91.434174,272.182638,695.072815,258.902832
99.785339,274.706381,684.656860,256.915649
342.455276,281.490080,422.449066,248.706406
335.106628,273.545172,422.498535,244.896027
324.613663,281.879416,423.952118,260.836670
339.141266,275.594504,403.818665,279.661743
352.168121,288.699377,397.600403,290.372284
339.017899,274.846274,400.126556,262.806641
326.916382,275.738257,416.664062,272.291229
261.782303,280.384360,464.586395,280.373291
285.793961,288.266119,462.062347,284.715851
336.499390,278.788580,413.737671,274.225616
338.198715,278.017706,404.681671,272.591827
345.956985,280.397513,399.763885,267.132141
339.611694,280.584334,404.274292,254.261185
342.923782,281.517996,392.491058,259.382629
342.920059,282.758414,394.542084,265.007141
344.639374,281.517859,429.310608,262.433075
333.453094,278.601050,437.698059,268.810272
283.251129,282.837546,480.652649,273.524414
334.939301,280.362723,458.415588,259.990662
306.558395,284.161368,465.480743,268.507751
334.875473,282.735663,436.338531,261.131989
338.080017,282.806875,435.943481,267.333557
216.447998,280.671454,564.583862,274.347565
257.589508,284.928915,502.203918,279.572021
331.427933,279.331229,452.489960,270.810730
290.165787,281.164999,504.639496,265.590454
336.187729,283.847357,444.446808,273.546051
89.385406,284.873694,679.736023,284.459320
109.754700,294.283652,677.295288,313.310303
98.725342,278.997961,607.207275,300.139008
106.191284,285.985876,657.913574,257.208344
337.340927,293.868964,455.677521,260.746857
113.283630,284.319449,667.238892,266.524841
343.152557,286.053450,455.568420,255.192337
73.570557,279.722708,717.048096,269.335144
63.321564,279.568579,737.699402,261.461029
72.387665,273.287237,723.634338,266.454132
271.254211,272.682486,537.393677,270.254456
78.748444,268.009756,724.967712,289.969055
287.852081,258.631796,522.737976,290.935181
84.389679,262.012854,719.185486,287.631073
364.207489,266.163107,445.840393,267.265381
89.725616,261.451987,715.848572,264.402100
95.430573,266.171789,714.015564,257.394623
440.839005,277.740988,389.455780,433.790405
427.591827,278.673880,376.646912,432.949280
346.713440,249.255530,458.614746,308.731415
351.863983,259.665747,462.866150,437.944061
331.807236,228.193426,479.962067,312.054718
314.690308,234.955282,486.485718,378.799561
369.359039,255.397299,432.855530,291.025879
329.331741,240.992789,472.954926,303.231628
330.257309,242.035391,490.241241,303.253845
338.167435,239.981909,467.174652,300.989471
322.371124,242.752325,493.952576,291.305817
338.553680,249.320776,472.546204,281.522797
327.038559,238.651572,491.212189,317.570312
363.633560,219.829794,466.109589,390.353760
301.703186,170.765326,506.541382,355.665436
310.483307,175.010428,500.519714,351.697693
304.678619,148.837775,506.502136,378.012482
317.519409,164.635153,488.629150,354.438232
304.705124,160.325735,502.017487,357.152283
307.489075,157.174673,498.760376,352.109924
302.348633,163.197134,502.499268,366.514954
294.751984,133.396567,523.386169,426.808716
285.254852,113.655630,528.027405,412.901672
286.140747,101.830359,530.508789,429.728973
280.352783,108.582800,536.044434,416.266083
283.079193,109.997168,527.418518,430.905853
273.383881,106.003989,492.798889,401.414429
277.848923,109.026755,479.991852,397.383789
281.012009,110.477545,511.564606,419.689728
281.329651,104.523947,523.071411,427.466553
281.412933,107.100348,524.124084,404.578400
294.608734,128.891516,533.206848,394.154999
302.337097,140.748129,519.629761,378.390259
303.984375,135.904730,515.821533,380.768463
294.102875,139.935538,514.068420,362.668274
296.485489,142.282248,501.994110,368.518066
307.658279,143.629813,468.540375,383.768250
308.193359,147.160879,435.049805,348.238831
302.183472,146.593878,455.827515,397.154327
307.385239,143.618780,418.311188,351.802765
306.223389,141.833426,410.676880,382.220764
306.624176,149.615073,492.521545,427.744751
298.093781,151.710516,509.704895,395.663727
306.010803,148.721670,338.085449,340.260803
307.261444,154.783041,465.375549,416.730347
308.844330,168.549277,352.408020,338.493286
305.792206,156.128866,330.754578,358.193115
308.468628,173.782934,436.874390,372.411346
310.145187,163.546088,324.663361,316.026154
302.890945,154.683279,370.536102,342.908386
301.384277,158.381064,334.085083,347.097900
317.105072,199.859732,397.702576,346.937561
327.808441,201.580923,346.850647,293.365417
318.626648,218.760046,533.974609,395.579193
325.857483,238.728644,584.557861,441.384186
315.261658,233.580389,570.862793,359.363312
319.978058,240.769720,579.418274,390.563263
316.101318,230.042563,550.983276,354.496582
328.969421,241.338278,572.183838,395.754272
323.765533,222.147970,512.888977,362.220093
320.610962,204.454733,415.670288,350.606812
309.422516,193.655325,439.565125,331.463928
317.494675,208.676977,479.010895,345.749481
320.058167,208.124472,563.087280,443.382812
319.216431,202.956244,579.992432,463.667999
310.072449,199.576117,537.273071,412.828888
319.693146,216.036536,453.141785,325.970062
318.593857,213.560217,418.415314,344.329926
319.443832,204.794501,337.416290,339.587555
331.391815,217.180655,317.997864,322.731628
325.871567,204.108877,292.581573,315.291321
312.469421,210.775519,276.769775,295.911041
320.625008,215.823553,182.027817,245.749664
312.894547,214.577627,294.825897,317.186584
328.255836,221.165945,207.912399,248.417297
310.892052,220.352263,198.824051,245.897324
316.529266,218.056174,312.388855,327.232422
322.853348,213.792761,296.318695,309.306000
318.347717,217.173819,272.636841,288.508850
318.800827,222.679022,316.934113,310.656891
327.504242,216.249975,352.399719,315.120331
327.397461,208.215384,269.508667,293.125305
313.762611,211.865347,245.475510,272.774231
315.526482,211.178946,234.291763,270.590881
312.803062,210.752493,216.942825,260.951355
314.722626,219.257178,344.707947,334.321991
321.092316,213.012274,411.998230,338.011749
327.557663,211.694693,390.060577,393.097473
317.933884,215.873694,399.174225,319.255707
330.070145,212.681189,425.609344,463.802582
322.722031,218.555899,368.371246,304.297302
323.557098,207.563666,327.607727,320.315826
319.175446,203.673529,278.659241,302.230377
305.673523,201.408621,337.069092,321.570129
318.710800,216.617834,377.695953,337.791718
327.326691,213.614783,419.677185,342.337860
328.831177,215.422171,423.316895,368.291809
324.526169,216.998740,418.938019,346.856201
324.762177,212.571585,430.394104,361.731506
321.287109,214.310995,435.972534,347.606445
333.352539,217.926626,451.592285,442.083923
315.516815,188.056555,466.847473,504.752289
318.159988,194.773337,398.421234,492.722046
261.705765,117.148337,293.219940,353.780151
269.671387,111.924490,239.557007,348.609436
268.993454,109.720190,225.899078,331.078583
268.912140,108.598700,251.771545,350.358917
271.795570,112.760321,225.067673,330.712189
271.179871,104.155524,237.735596,347.367462
272.387054,115.569037,224.680115,332.367584
290.352081,114.781073,213.557922,338.001251
300.322021,103.885046,431.645142,496.752045
359.363297,172.646002,377.362885,350.274567
323.818680,176.616217,393.964813,356.175568
349.133698,183.176092,369.307312,357.810455
345.160812,168.879736,336.652863,370.509979
350.375336,169.221503,380.242004,375.543365
342.104156,173.084341,351.509827,355.509460
330.598740,174.013434,409.813263,386.868927
336.000519,178.312735,390.414490,362.272888
321.213486,187.297323,393.455231,351.403931
315.405838,177.640692,379.861542,352.887482
315.279709,178.828024,327.284943,319.983032
307.978653,181.194144,416.299042,359.365662
306.689758,189.615576,412.057373,348.096893
317.631424,215.234122,396.458710,319.408142
307.720398,193.791785,429.163208,342.541718
302.279190,215.133063,410.586761,312.110992
309.371292,204.559271,434.612885,348.918488
307.562698,211.375998,408.084076,321.504639
314.934708,224.125082,418.588348,325.453613
313.316818,210.518774,415.700348,339.584686
309.568436,224.472693,426.356659,323.149750
307.066666,209.406790,424.644867,339.785950
313.928589,224.256995,421.838745,322.012177
309.803101,207.573065,411.890503,320.296295
315.717789,216.791785,427.405609,329.431488
317.431076,206.776327,413.821686,345.583496
313.547974,213.506933,396.149780,296.484467
320.749695,213.137671,394.845947,292.539276
328.909271,210.998373,396.139343,295.701172
325.641724,212.903784,402.912109,293.497162
325.156189,211.933066,405.218506,294.973389
330.861603,213.791815,401.402405,294.725128
329.838470,217.319845,400.680481,291.719971
328.983627,217.808462,393.620026,294.027893
332.730606,217.241537,393.132294,290.893921
329.387451,215.263769,388.064941,291.398285
329.240173,212.598089,388.276855,292.559479
329.958328,218.355124,394.553070,289.951904
333.173721,222.522146,393.214203,284.236389
327.903625,223.017630,403.581177,295.573792
338.433609,230.007651,387.518524,318.290405
330.754288,235.964316,400.865936,346.361816
329.946838,233.510931,413.507568,348.073883
327.860535,241.131110,425.049438,340.668854
328.769470,236.798529,430.298828,344.545563
334.148651,238.099173,420.154236,351.269226
334.239578,235.745306,417.519745,345.178375
334.260986,240.179251,409.061523,307.757019
336.895416,236.754996,404.954285,290.830872
336.921219,237.376227,366.069916,292.881256
336.929657,241.204428,343.200500,283.705933
331.205963,240.323462,395.483337,287.377655
331.899261,234.877402,373.074402,298.861816
338.538406,235.355322,372.828705,304.256439
331.822784,233.030798,354.273132,300.848969
330.163544,218.517752,389.193420,302.427063
332.189133,212.400290,316.409454,303.351807
329.329620,223.659582,326.520447,288.343964
331.573502,219.112997,328.957611,288.318237
328.763107,223.547522,356.933136,288.107513
334.518555,228.614554,306.632202,276.427185
334.631943,223.868979,366.278595,283.826050
334.314148,229.242880,529.552856,295.233521
336.931412,220.943869,308.136322,297.010010
332.809540,219.266150,542.986389,310.708588
337.338867,220.434958,538.152588,311.358276
333.290466,216.526800,538.011597,322.869659
328.131592,216.208334,556.529053,338.107910
351.660950,223.713507,540.353394,322.094147
374.769958,237.930105,536.258179,355.194885
322.485023,212.335760,217.888107,298.515900
332.273201,212.209463,198.597885,281.798157
330.261429,213.042181,201.284149,294.976959
330.840103,192.895163,204.933075,307.508667
330.302132,177.408728,210.651474,327.428925
322.038803,144.662863,223.494537,323.619263
350.016998,162.776221,547.066101,417.384247
291.271820,125.564215,585.882629,417.042877
289.539719,122.931113,262.306061,353.724121
483.428177,259.648138,415.362640,307.175568
297.720718,126.697745,267.868256,356.425110
300.845215,128.192358,292.739258,356.117279
438.064560,238.069449,466.192169,338.004700
300.629318,133.109152,327.559723,354.007935
291.873871,127.096838,620.446960,471.767059
290.474380,164.797873,273.624115,318.432617
291.305603,118.145819,623.846436,469.046661
289.805923,155.410712,280.237152,331.038605
289.408478,114.317526,620.513611,473.954712
299.821121,167.862341,268.334076,308.556732
277.865143,112.483450,277.136414,358.895447
533.492050,314.492865,411.633331,279.034332
489.685837,276.536886,459.474762,321.139160
264.081406,87.160818,275.169952,377.327820
445.971298,249.931189,480.521027,330.454803
253.108734,77.958761,271.816956,395.501343
227.206726,16.640036,544.028442,529.131104
560.974152,320.756888,370.296082,264.309265
234.098022,8.944006,323.605408,463.293060
274.311462,134.141150,303.128967,326.031830
245.650406,19.427786,335.716095,463.397400
295.907257,93.422583,303.554321,397.892914
243.251846,75.085211,387.760529,416.690704
289.595139,106.876074,347.087128,375.417328
264.825058,92.388159,387.539886,400.572845
339.581085,167.895880,309.372437,316.436554
296.133881,96.941183,334.776001,370.615112
282.233353,121.031058,343.700348,369.330505
254.473679,111.325903,362.008514,358.832489
231.423904,67.547873,376.736847,417.077271
312.580795,122.428961,296.501923,366.141754
285.298294,125.753958,320.463409,350.681091
259.468964,94.567465,350.081909,393.067627
233.761490,88.989111,379.079132,388.094208
239.516037,69.707449,389.575653,425.408142
317.303482,160.885992,314.632843,334.389923
309.330505,151.907950,329.645447,340.229309
282.159271,116.130408,361.506958,371.136200
243.594452,81.574133,401.793945,408.628876
226.302643,6.643713,402.881958,485.207245
229.824265,5.246069,366.036224,484.675629
275.319550,19.861792,315.482910,468.110199
266.879288,40.381338,329.744415,460.821594
285.800034,62.943335,319.280487,442.067230
562.876572,327.140959,381.845917,254.127304
309.305115,107.718222,636.908875,469.393555
283.653778,78.357291,351.011108,447.643250
569.672684,329.991644,369.329254,260.502716
266.650665,67.912543,492.025024,470.060944
541.432693,326.084082,390.563995,264.966888
250.140129,75.080679,237.525040,272.398010
263.672974,92.003790,257.212891,348.335114
281.694809,119.197424,258.721832,353.670624
348.486267,184.084616,565.873535,396.196411
364.425598,201.857230,348.968018,352.794250
504.469406,270.023550,435.365753,321.980774
306.963776,157.439490,573.938782,412.657074
303.132416,160.881445,257.189392,308.154266
294.644173,157.136252,235.905991,295.357300
297.603920,168.798147,229.057663,269.018860
297.270355,164.426596,286.878845,287.040161
306.172852,165.518347,380.793213,321.269745
463.527573,276.985205,493.831573,300.229706
313.302170,160.098776,328.930939,315.072021
316.984177,163.613791,270.892975,301.620728
317.823853,185.143545,308.716675,307.429382
310.331299,216.199713,297.855957,283.511505
240.856415,233.277457,634.792664,327.267761
405.544113,264.861807,489.000275,349.408142
305.863724,229.733359,335.281097,287.595703
283.938568,236.786200,332.125793,259.237579
319.259491,249.184622,312.930359,255.411560
317.882935,238.136984,296.026489,261.185181
300.861511,235.749914,313.022339,258.413910
326.059189,238.436346,287.018585,256.670685
322.168442,228.324621,314.844391,267.777924
324.828094,226.152731,326.045715,282.724609
327.736526,217.315268,335.829803,291.686646
316.081985,202.633124,411.778046,316.379059
332.514648,224.130789,417.931274,310.445129
333.793503,219.755209,430.434113,319.049805
334.141388,217.966711,466.455994,317.222015
352.292862,221.513266,352.714447,298.463135
329.438599,217.327231,383.641235,297.259033
335.963181,208.540991,379.641754,300.369598
338.105148,220.611594,372.030914,290.962036
333.231461,212.000250,377.559052,303.271149
333.462982,212.563818,374.018616,298.261566
334.759109,213.222021,372.743500,281.383514
337.637634,207.476919,363.643311,278.234680
337.644409,211.718497,362.289307,280.391174
335.003006,208.168158,364.517303,283.108307
337.940125,213.582403,365.925903,270.141144
334.889465,208.321112,367.044434,276.782379
337.125366,205.889029,367.040161,277.730896
338.176285,209.809531,367.900604,283.069092
339.685410,207.177283,368.181427,288.495087
340.827148,205.415503,368.691040,286.705536
338.065994,213.468542,372.214325,280.721283
340.454102,214.159567,355.370483,284.104858
341.802811,214.024802,347.049286,285.375488
339.366882,222.915747,351.853027,353.589203
342.932098,227.392416,358.111511,390.799683
354.306946,230.785101,349.807373,464.819611
359.046814,242.163718,352.852783,379.563477
359.512894,250.508459,357.390839,311.292328
368.630768,256.447211,354.542419,420.049347
380.909317,263.024939,353.962494,379.080902
384.623810,270.400442,353.730408,312.040955
379.534225,283.150915,372.837067,266.663788
379.994278,292.735144,384.072113,267.176117
381.335693,294.535681,371.413452,268.317230
383.673218,295.787543,374.051270,259.102325
378.341888,294.098685,377.094421,258.818909
380.781586,296.124754,378.424866,254.656174
375.117279,294.310095,380.352966,257.314301
375.325806,294.562308,378.493530,253.747620
373.838379,289.996283,381.814453,259.256744
375.896332,291.865919,380.793152,251.076065
374.319260,291.696242,388.108917,239.793839
379.066345,289.116835,381.885620,243.475601
373.881882,289.661368,384.199127,242.556824
374.628052,291.402792,384.374756,240.843994
374.770721,290.705435,383.583557,240.402771
376.707947,288.619406,379.635864,245.312256
377.189728,284.631506,399.690491,237.973358
376.318497,278.183470,416.510956,231.168869
380.782715,274.803496,414.881470,236.460800
383.654999,264.202780,415.601624,254.555298
382.978714,264.824225,415.030487,261.722565
386.664124,258.579138,415.866699,265.341278
385.111191,260.206366,414.665802,257.361847
384.482361,260.531134,415.842529,262.044586
385.022537,260.361609,414.287567,258.168915
384.742279,262.498480,413.871155,265.464142
382.733246,268.491995,404.097107,248.712830
382.216370,280.428709,377.832642,239.320236
380.446945,288.192015,377.644440,234.761032
383.340302,287.337248,373.739685,233.228500
383.006592,287.243925,369.192017,238.516708
378.707794,285.865515,373.452087,237.535614
379.945496,287.494757,376.245972,233.340607
381.504883,287.931425,376.125977,237.134995
381.814545,287.248038,376.452698,239.026184
380.341919,287.529066,375.843872,234.335220
380.167969,289.806906,377.564209,236.139648
383.025513,287.329169,367.899048,236.763580
380.780777,281.944861,371.925385,233.305511
381.592514,266.779120,364.081085,244.090485
381.343872,244.424048,364.829102,272.891815
382.906876,239.736853,376.516449,273.860077
383.978210,237.258658,376.684082,274.300598
381.593735,245.986563,380.892365,269.640564
381.863495,238.429083,379.905823,276.939117
381.612122,243.966696,378.969604,272.939941
382.408752,245.255499,378.427490,271.098175
381.924149,244.397040,378.429901,271.663361
384.257935,241.309531,374.239380,275.093384
382.645966,240.248968,379.235535,271.650665
382.940781,246.708578,378.777374,263.557739
383.875580,241.396399,376.222229,270.815399
382.531891,248.564307,377.074646,261.713715
381.690933,244.459769,380.461884,268.936829
380.465729,244.071753,380.221985,270.800018
381.712509,242.653769,382.302277,272.339844
381.443909,259.527563,406.000488,258.215790
382.209595,271.078642,394.196777,240.578964
386.527313,291.192374,362.858215,225.485291
397.820084,310.084288,341.119476,209.902023
409.985245,320.842444,317.828461,247.972382
423.795578,325.627623,291.968781,238.806320
442.330078,332.067160,272.019287,233.428101
437.111816,332.950087,272.919556,249.089127
439.888885,339.583342,271.115295,238.085312
446.773041,340.223494,263.801697,237.515945
446.465485,340.873106,263.977600,239.543137
448.939026,340.293768,263.061523,238.312042
448.773438,340.551749,262.022583,241.862976
447.673630,340.834257,262.360626,238.462509
450.636429,337.654150,257.053192,243.792572
467.028488,328.333952,228.011505,247.854721
454.667992,291.635306,242.342361,300.486145
368.339737,266.627890,326.294891,291.697632
396.086456,258.272803,312.018982,300.130707
417.563477,254.427588,292.778198,310.238983
397.445435,261.043433,315.004272,301.443695
398.603378,263.812811,310.712311,299.153473
402.009476,263.991461,304.984833,300.939728
400.249313,266.250082,303.905914,299.981812
410.233582,260.114264,293.861328,311.577911
394.464844,246.700766,304.969360,319.241821
374.370682,214.728476,325.333099,318.725586
368.886734,199.017767,329.474213,306.437164
364.855408,184.932761,333.295288,320.168945
362.239212,180.573279,333.975677,323.334930
360.502182,180.154471,333.151398,322.438782
359.036163,179.601263,334.283997,321.089752
357.278900,175.999823,337.476501,327.522125
357.611435,179.985785,335.769318,321.546295
357.056641,181.644995,337.324707,322.881683
357.728607,182.118979,337.144104,323.723877
352.725647,195.861166,338.352295,308.207397
347.055557,224.214346,342.941986,284.833557
349.039276,227.294867,340.497864,282.569611
349.548813,230.852042,351.933380,277.657898
351.492264,232.504401,364.676361,277.895172
351.442612,237.273321,365.403473,276.449615
350.660233,238.678595,381.143280,275.789948
351.295822,260.286627,401.122833,264.392120
360.846176,283.870657,399.243805,236.153259
360.565201,300.056166,429.562469,220.843155
356.285095,315.156683,451.454346,211.772003
353.933914,324.356703,475.765961,209.321060
352.077026,331.856283,491.956543,205.782959
347.846130,330.750037,485.903931,213.099701
354.270035,330.906058,478.680145,210.326965
356.672623,330.571554,482.154999,218.986816
356.281433,331.617834,483.108765,209.154999
350.413406,328.857489,493.530731,224.282013
354.824203,336.264403,489.970490,212.303268
344.179337,344.390539,468.928314,235.260101
347.076050,354.494040,495.328003,231.760132
352.289352,356.870283,484.049469,225.099442
347.583221,359.040243,494.432434,221.494263
347.052094,362.449522,490.185974,226.757004
348.942368,358.165083,493.335114,228.931961
347.593002,360.184599,494.746246,234.903671
347.876251,359.068228,494.486267,218.555725
347.906754,357.608099,507.754242,228.319366
350.610260,358.602782,443.225891,232.774338
346.608490,361.291579,526.501404,227.455582
348.031723,356.470557,362.377594,220.782562
348.861343,351.965796,505.860931,232.517181
351.601883,358.608992,352.387909,234.928055
344.959351,350.426192,515.405884,231.544754
349.361496,360.247694,360.658722,225.493057
346.495987,349.466009,384.359711,230.644073
368.080902,353.849699,499.207703,246.464462
373.340897,346.876280,315.083954,244.258347
379.259460,331.217467,327.551270,252.354660
369.247803,345.549780,323.211182,244.098724
374.593658,331.695700,393.620422,248.893555
374.362320,339.816931,329.630219,244.479706
374.802902,332.457243,343.530060,248.272079
368.329163,336.419241,341.710571,248.251648
374.119034,331.676420,341.753754,248.358139
373.965088,337.197218,344.505493,248.265152
383.660202,335.877966,326.375153,248.712494
391.377182,340.088698,340.475739,237.907974
389.719284,337.069487,336.506500,237.814316
417.605316,331.592383,310.345276,228.353485
388.529694,334.944624,342.308655,224.956863
394.515671,339.941786,352.671051,246.661270
376.584167,341.970000,349.991333,231.237411
367.960297,343.966055,370.367737,245.907898
371.508957,349.177138,360.776154,228.679092
371.196503,345.868658,358.234192,247.875153
371.840225,345.822241,354.195038,231.486053
368.855865,346.470274,358.026428,234.399460
369.424377,349.711104,355.621460,231.023636
372.512299,349.196615,372.661194,248.344360
372.470566,350.667380,352.692291,227.145874
375.125977,354.713400,428.768921,250.249268
375.557983,357.874983,361.326538,233.045242
373.357208,355.542525,508.001038,240.861038
383.111847,356.489188,394.114685,240.894958
371.711319,359.225165,375.559540,232.266876
372.853928,356.696623,405.453522,245.282333
372.863159,360.670874,361.807251,232.894012
376.098694,361.343725,320.861816,242.438690
376.905884,362.202505,504.519775,244.959045
381.485443,363.803290,318.364075,234.690826
378.034180,362.407324,501.623413,241.700409
383.889145,366.886748,309.116974,226.404404
378.664093,363.049551,486.204773,223.032654
377.255295,365.382666,362.405670,231.429291
376.827042,366.092261,435.490204,223.318695
372.324097,362.333197,333.779175,220.045563
375.991257,363.561529,479.383820,218.403839
380.804657,359.517790,306.014954,222.205673
386.447266,356.466841,316.092041,207.450272
385.782455,336.015723,324.860504,246.083344
389.621277,292.624686,327.310303,285.211975
379.969879,275.150641,329.164246,298.596344
380.074234,267.635016,326.769501,284.981720
376.066818,259.617079,342.670685,250.419693
368.476166,238.860541,347.462341,277.088287
368.285919,233.627615,339.285095,279.810242
364.439301,227.531882,339.102722,284.855347
362.905502,231.521887,335.413971,279.704559
361.431946,232.582175,333.262329,276.155273
360.789810,234.950262,331.354828,278.034210
361.943497,225.415686,330.679779,286.639374
361.320709,233.433096,332.783020,275.091614
362.739212,232.726157,329.644135,277.302124
361.137405,234.238180,335.120575,276.061646
346.139999,220.615896,347.893951,289.214050
346.669098,228.193472,343.480408,286.789246
337.417328,236.061865,353.937805,277.301727
329.987839,228.167105,374.982452,286.856750
329.402756,224.724432,370.477692,290.701569
330.593887,227.680029,366.936615,288.710907
329.865952,227.679846,379.746735,288.700287
329.811371,229.998328,364.015564,283.610321
332.385391,231.567297,371.415131,284.566986
331.177902,228.890753,368.154205,284.614410
327.841431,224.361914,373.277710,292.621552
324.030411,227.711691,381.552216,285.364136
330.394180,215.703726,412.768768,301.188293
321.497650,172.683020,446.975159,345.684784
327.422882,170.767309,494.195129,377.298920
329.296143,162.902090,466.907593,378.127991
329.699402,164.873175,516.838135,386.735870
316.974579,166.252569,530.811462,364.854767
321.985413,177.670203,525.230957,377.758270
318.454285,178.234991,530.433350,350.884796
311.883087,155.897406,558.512024,401.822174
316.705475,163.286886,524.386047,368.102539
319.849487,154.906546,538.947388,396.741882
313.013123,158.326239,518.530518,371.130035
314.972107,159.966315,540.046875,368.759552
309.232330,185.409949,519.714172,343.215302
311.550476,177.321402,569.879150,386.648010
319.431152,176.998129,536.398560,362.798218
310.515900,148.164603,569.844055,427.290222
301.216095,169.499380,586.571350,419.363831
311.313690,154.979941,578.537292,400.537964
312.345566,146.087775,338.726227,364.197540
281.084229,101.310599,630.327515,510.380920
278.835175,100.981329,649.346619,474.692047
295.743378,111.958777,483.064392,435.271332
262.528748,94.810614,297.795532,405.521027
288.040329,101.434714,284.151154,381.240479
288.433380,102.900442,277.566589,389.089905
286.936935,101.152853,278.221100,389.372559
292.461578,101.269491,270.860291,386.535889
280.597839,100.171744,286.923218,389.870178
293.161911,100.528921,271.642487,390.013733
284.318558,101.291083,291.436127,393.722565
285.173477,100.892691,282.937836,391.933044
290.227493,103.087652,273.900116,382.012238
291.839005,100.966681,278.108612,389.972687
285.984772,103.519018,278.149841,391.419037
284.122818,97.232947,274.092743,391.399506
287.936447,99.086233,311.528839,396.328186
286.432465,99.811255,278.160583,387.306488
283.841370,102.271384,293.559570,391.974365
288.221405,100.793341,280.084412,393.618683
282.222992,110.801825,308.989807,363.495392
275.273666,112.617941,321.238068,366.024780
288.800491,134.847113,300.614594,341.508820
311.859741,173.707861,271.817505,300.799408
324.453659,193.982962,246.085236,287.041809
330.004631,212.375998,227.380508,267.392944
327.165192,227.740546,464.272156,283.025421
326.613388,226.964133,454.087799,287.677734
335.275284,221.663779,403.260223,295.692505
332.637985,224.396261,257.227814,258.886108
328.029358,225.917822,316.530273,279.391571
333.623032,219.468603,314.716949,283.740936
331.722733,220.856436,324.677338,282.504211
333.551147,223.162329,316.230103,277.353485
399.727547,299.819739,255.994370,203.659149
330.694061,222.673544,318.570007,282.153809
333.916702,234.287344,319.407684,274.898499
325.794189,224.098959,319.037231,278.168945
331.280350,214.571310,314.631927,286.475220
334.509140,227.372732,319.640289,275.983093
331.504028,222.496496,322.108765,280.481903
333.848343,225.552222,318.701630,280.301727
337.298660,222.885824,314.132172,282.396362
333.689606,220.443320,320.702698,284.118164
328.782990,206.620123,314.173523,295.291656
331.132202,204.631567,329.746216,303.495087
333.209106,213.364462,325.337646,292.501953
331.051773,211.745077,325.308075,294.330200
333.025177,214.953009,308.015198,287.862823
328.961105,214.754446,325.837189,293.891296
322.802422,213.609961,223.684708,273.203339
317.746063,220.467108,248.298157,265.669708
318.423981,213.605627,253.047424,270.331024
314.890839,207.446280,296.427673,284.641418
326.875282,219.639319,210.086838,261.175629
318.685364,219.628638,318.283447,278.282806
324.568665,215.451025,294.526978,274.481415
316.567368,218.557150,261.455231,264.801270
323.590012,208.498755,261.723785,274.428680
320.386421,215.149344,210.198837,256.319031
