0.012738
0.019372
0.020101
0.021164
0.020969
0.023051
0.020919
0.020813
0.026922
0.020881
0.020439
0.020302
0.020451
0.030555
0.027347
0.019928
0.020450
0.021173
0.037453
0.020551
0.020448
0.021134
0.021088
0.022097
0.020620
0.028569
0.021452
0.021397
0.020953
0.021856
0.020674
0.021230
0.021842
0.021133
0.023274
0.021715
0.021243
0.020383
0.022837
0.021862
0.021972
0.022509
0.025542
0.021864
0.032903
0.019479
0.021061
0.021816
0.021651
0.021508
0.022463
0.020945
0.020572
0.020883
0.021324
0.021510
0.028286
0.026983
0.020995
0.020696
0.022307
0.020469
0.021206
0.021387
0.021796
0.023345
0.027727
0.021650
0.019709
0.020808
0.021080
0.020182
0.019861
0.020817
0.020623
0.020961
0.021308
0.022144
0.020955
0.021595
0.020546
0.030260
0.021820
0.020988
0.020987
0.020460
0.019921
0.021739
0.021262
0.028820
0.021842
0.019979
0.020821
0.021784
0.021283
0.021576
0.021107
0.020713
0.021323
0.020842
0.021162
0.020886
0.021279
0.020449
0.020037
0.020414
0.019500
0.019632
0.021347
0.020847
0.020322
0.020960
0.019818
0.021427
0.021855
0.020007
0.021861
0.020626
0.021261
0.020993
0.021230
0.020878
0.019762
0.019916
0.021592
0.019576
0.019872
0.019608
0.020635
0.019911
0.029996
0.020277
0.020710
0.021661
0.021769
0.019855
0.020049
0.021279
0.019769
0.021672
0.021054
0.026583
0.021077
0.029782
0.021621
0.021009
0.021350
0.020998
0.020788
0.021845
0.025594
0.021457
0.022028
0.021168
0.020893
0.021080
0.020889
0.021109
0.024871
0.021435
0.020181
0.031371
0.028002
0.021579
0.020903
0.032938
0.020537
0.030227
0.020268
0.020190
0.020765
0.021933
0.023663
0.020550
0.021547
0.022098
0.021279
0.020557
0.044002
0.021198
0.020913
0.025083
0.021885
0.022632
0.020596
0.020402
0.020220
0.020209
0.020108
0.020936
0.021493
0.024020
0.020936
0.020645
0.020569
0.019717
0.019944
0.022295
0.020401
0.019406
0.031110
0.021053
0.021598
0.021232
0.021492
0.021539
0.021781
0.021486
0.021681
0.021354
0.022127
0.025820
0.025989
0.021216
0.022672
0.022583
0.021390
0.022115
0.020297
0.020570
0.020383
0.022246
0.019883
0.021717
0.020931
0.029515
0.021430
0.030914
0.021675
0.021456
0.021827
0.021364
0.021313
0.019955
0.019822
0.021859
0.021143
0.032799
0.020075
0.021373
0.021784
0.021963
0.021795
0.021172
0.024568
0.019526
0.021222
0.020283
0.035059
0.021586
0.021290
0.025689
0.021359
0.021650
0.021954
0.023218
0.040583
0.023121
0.022164
0.028020
0.024148
0.022881
0.023739
0.032831
0.027743
0.023522
0.028693
0.022198
0.022567
0.022249
0.022256
0.047195
0.022714
0.022932
0.021401
0.022581
0.028129
0.021905
0.030711
0.022756
0.030856
0.032583
0.023600
0.024130
0.034544
0.031886
0.023644
0.040542
0.021344
0.020733
0.020004
0.024679
0.021166
0.021020
0.021326
0.021290
0.030977
0.020980
0.021764
0.025724
0.021040
0.021278
0.020901
0.020412
0.021732
0.020763
0.021147
0.021647
0.019947
0.019511
0.030555
0.021270
0.029958
0.022561
0.021281
0.031725
0.020079
0.021348
0.020598
0.021254
0.021216
0.024553
0.021431
0.020082
0.020861
0.020410
0.020170
0.022713
0.021458
0.021205
0.021939
0.020569
0.020137
0.020600
0.021422
0.021396
0.043732
0.020894
0.020912
0.024898
0.026446
0.025896
0.019636
0.035201
0.020967
0.020348
0.020851
0.021064
0.021283
0.021262
0.022553
0.020532
0.038969
0.020818
0.020928
0.020573
0.021257
0.022529
0.026485
0.021987
0.026892
0.019983
0.021602
0.020946
0.021201
0.019979
0.022730
0.020774
0.035915
0.030467
0.019737
0.020888
0.034804
0.020486
0.020324
0.019780
0.020915
0.020859
0.020932
0.022086
0.020619
0.021488
0.020593
0.031673
0.021130
0.022923
0.021606
0.021267
0.021725
0.020921
0.020758
0.022235
0.021647
0.021687
0.020778
0.021654
0.022080
0.034380
0.028977
0.021493
0.041366
0.020149
0.031314
0.021466
0.022231
0.024579
0.019813
0.030525
0.032575
0.024230
0.020580
0.020332
0.021506
0.021122
0.021010
0.021088
0.026104
0.021097
0.020907
0.022027
0.021973
0.022009
0.021824
0.022355
0.020921
0.019927
0.020030
0.020879
0.020900
0.021154
0.020031
0.020236
0.021440
0.021614
0.040238
0.021470
0.022036
0.019774
0.022012
0.021135
0.021995
0.020899
0.021377
0.021272
0.020767
0.021052
0.019999
0.020785
0.031448
0.021015
0.035256
0.035975
0.019837
0.020423
0.026126
0.020356
0.021574
0.021378
0.021139
0.022005
0.021327
0.021201
0.021252
0.021054
0.020975
0.021093
0.021005
0.021277
0.021392
0.040025
0.021997
0.020087
0.020510
0.021554
0.021067
0.020795
0.023569
0.019454
0.021029
0.021049
0.021139
0.021498
0.020816
0.020972
0.020551
0.020616
0.020113
0.020919
0.022545
0.021060
0.019241
0.021991
0.021261
0.040772
0.021402
0.021902
0.033696
0.019220
0.021049
0.019891
0.020509
0.024598
0.020631
0.021162
0.032102
0.020709
0.023669
0.021260
0.051152
0.021424
0.019772
0.028334
0.020305
0.022200
0.021558
0.021348
0.021049
0.031178
0.037426
0.020073
0.021181
0.028082
0.025450
0.020653
0.021348
0.021162
0.021890
0.020987
0.021393
0.021189
0.019551
0.020084
0.019638
0.028738
0.027036
0.021291
0.040262
0.038730
0.038547
0.043284
0.019515
0.021319
0.022038
0.019870
0.021341
0.029352
0.026977
0.020718
0.027951
0.021535
0.022058
0.020981
0.038062
0.021340
0.020564
0.021306
0.020961
0.019764
0.019870
0.027026
0.028696
0.020802
0.021267
0.040231
0.021216
0.020134
0.019701
0.024610
0.022254
0.020545
0.021203
0.021538
0.021498
0.020738
0.020459
0.019386
0.021260
0.038545
0.021579
0.020745
0.030166
0.020860
0.020664
0.029355
0.035571
0.020621
0.021321
0.021075
0.022456
0.020975
0.021116
0.020078
0.021421
0.020505
0.021942
0.021380
0.025250
0.020194
0.021187
0.020832
0.032463
0.021048
0.019131
0.019885
0.022641
0.019562
0.038743
0.021362
0.047698
0.027345
0.021758
0.030400
0.026056
0.029512
0.021233
0.020373
0.020647
0.019978
0.019098
0.019955
0.019216
0.019931
0.034415
0.019876
0.019604
0.027568
0.021348
0.020818
0.019444
0.021554
0.020913
0.021488
0.021223
0.020924
0.040187
0.021226
0.025136
0.020366
0.020567
0.020879
0.024330
0.020349
0.020936
0.019573
0.019305
0.019836
0.020741
0.020811
0.019716
0.019644
0.019687
0.020748
0.023061
0.021246
0.020844
0.019921
0.020933
0.020160
0.021586
0.019528
0.021004
0.020906
0.020615
0.024063
0.024201
0.020236
0.020160
0.021740
0.029765
0.022738
0.021907
0.021284
0.025651
0.021862
0.038321
0.020260
0.020456
0.021864
0.021576
0.021574
0.020807
0.021073
0.020291
0.021141
0.020969
0.022308
0.021524
0.031723
0.021474
0.021670
0.021048
0.032064
0.038618
0.020586
0.021235
0.021586
0.020738
0.022053
0.020318
0.031059
0.023550
0.021979
0.020963
0.020431
0.020600
0.020863
0.029946
0.027961
0.020841
0.027476
0.019810
0.021145
0.020464
0.020952
0.021173
0.020132
0.020608
0.020651
0.021655
0.021563
0.020153
0.020548
0.019417
0.020906
0.020142
0.021117
0.023896
0.019929
0.028060
0.020790
0.031426
0.021331
0.028955
0.028306
0.020194
0.020997
0.021456
0.021407
0.038529
0.021048
0.021107
0.020838
0.039816
0.021115
0.019901
0.020244
0.020930
0.020764
0.021006
0.021128
0.021480
0.020537
0.019807
0.022027
0.020965
0.019569
0.020147
0.019870
0.020027
0.020881
0.020033
0.023266
0.024519
0.019657
0.039511
0.020390
0.020757
0.020179
0.021255
0.020437
0.019365
0.020283
0.034775
0.020404
0.021039
0.023681
0.021273
0.020102
0.021317
0.026607
0.021004
0.041162
0.048543
0.020705
0.029023
0.026339
0.020161
0.019915
0.021107
0.021185
0.020642
0.023472
0.020256
0.047934
0.023670
0.027850
0.020632
0.024732
0.019966
0.021044
0.033038
0.021273
0.022142
0.021068
0.021316
0.021316
0.021059
0.021049
0.021535
0.020843
0.019513
0.020419
0.020267
0.021311
0.024983
0.021803
0.033487
0.021864
0.021546
0.020219
0.019826
0.021166
0.020119
0.040872
0.029472
0.020810
0.020860
0.020767
0.020390
0.021313
0.029876
0.021780
0.020725
0.021203
0.020398
0.021278
0.020975
0.021909
0.020834
0.021547
0.021424
0.020346
0.020662
0.021263
0.020545
0.020993
0.021527
0.020883
0.019783
0.021410
0.025033
0.019844
0.029019
0.021642
0.020510
0.021180
0.020581
0.020046
0.020387
0.021971
0.020888
0.020531
0.020148
0.020329
0.020609
0.021066
0.020408
0.021158
0.020552
0.022192
0.020867
0.020746
0.021237
0.020843
0.031838
0.021069
0.020833
0.020260
0.020984
0.021283
0.020943
0.021829
0.021425
0.021460
0.019769
0.019778
0.019805
0.021064
0.020032
0.020633
0.020607
0.021605
0.021545
0.020310
0.020158
0.020834
0.020897
0.021942
0.021364
0.026265
0.021454
0.020532
0.021526
0.021156
0.020650
0.020229
0.020731
0.020306
0.020637
0.020049
0.037612
0.020520
0.020044
0.019750
0.021051
0.020785
0.027364
0.021270
0.020927
0.020175
0.019859
0.020527
0.019704
0.020802
0.021232
0.021296
0.021212
0.021428
0.021033
0.019677
0.021158
0.021668
0.019454
0.021806
0.021932
0.022056
0.019969
0.020561
0.020038
0.020416
0.021435
0.019678
0.020940
0.021236
0.021279
0.021406
0.019247
0.019981
0.021061
0.030132
0.020135
0.021240
0.019917
0.021756
0.021402
0.021240
0.036628
0.019677
0.021186
0.020540
0.020203
0.020818
0.020252
0.019740
0.019599
0.020217
0.021112
0.020923
0.021012
0.021200
0.020848
0.021117
0.020039
0.020929
0.022202
0.022038
0.021510
0.020595
0.021694
0.021932
0.021427
0.032295
0.020910
0.032099
0.021859
0.021234
0.021786
0.025440
0.036322
0.020478
0.021707
0.037157
0.021150
0.019443
0.020811
0.020466
0.020811
0.023751
0.025539
0.019798
0.034053
0.020727
0.048998
0.021175
0.020130
0.028075
0.027522
0.019944
0.039373
0.030913
0.026778
0.030012
0.021005
0.019488
0.020696
0.019487
0.020850
0.020954
0.020594
0.020714
0.025329
0.020527
0.025723
0.025153
0.020983
0.020702
0.022384
0.020776
0.019704
0.021099
0.027357
0.020977
0.020928
0.019712
0.020247
0.020592
0.021447
0.034923
0.020938
0.032886
0.020494
0.020799
0.020541
0.020470
0.020563
0.025595
0.035813
0.027455
0.020631
0.021156
0.020252
0.019927
0.021710
0.021320
0.019960
0.018934
0.019890
0.021084
0.019993
0.023532
0.020341
0.020751
0.020337
0.026668
0.020720
0.020560
0.020866
0.031514
0.022539
0.024642
0.020352
0.020677
0.018813
0.026469
0.025457
0.025535
0.026213
0.022355
0.019467
0.020663
0.020396
0.025988
0.022514
0.021896
0.020881
0.020572
0.020632
0.020286
0.021508
0.030033
0.021213
0.026649
0.021635
0.022109
0.026874
0.020171
0.020600
0.021806
0.022745
0.031851
0.031386
0.020568
0.020127
0.020734
0.030040
0.021369
0.028637
0.020913
0.021544
0.020831
0.020281
0.039034
0.020503
0.020507
0.025811
0.020885
0.021380
0.022007
0.021046
0.022455
0.031057
0.021179
0.021844
0.019878
0.020513
0.020844
0.020244
0.019361
0.022244
0.031379
0.020890
0.020454
0.021210
0.020725
0.021308
0.025958
0.021426
0.020240
0.020265
0.034338
0.021011
0.021711
0.019699
0.020031
0.022256
0.025703
0.031552
0.022887
0.031332
0.026552
0.021128
0.021290
0.040752
0.020082
0.021044
0.021241
0.029404
0.019443
0.021839
0.020274
0.020756
0.029541
0.021100
0.021893
0.022143
0.021901
0.021022
0.023313
0.020966
0.021163
0.020520
0.035302
0.029699
0.027398
0.021346
0.019988
0.032282
0.022213
0.019842
0.021828
0.030400
0.020128
0.030258
0.020223
0.021390
0.020177
0.020495
0.031736
0.027673
0.021564
0.020335
0.020041
0.022233
0.019982
0.022452
0.020718
0.020188
0.020748
0.020853
0.021232
0.033186
0.030088
0.043414
0.021258
0.019983
0.020816
0.021456
0.026353
0.020562
0.021988
0.023180
0.019289
0.026737
0.030490
0.024535
0.020255
0.027913
0.021159
0.019380
0.019818
0.019701
0.020647
0.021403
0.028172
0.021433
0.028755
0.030472
0.030929
0.030527
0.019946
0.020617
0.024871
0.035523
0.019538
0.019098
0.019095
0.020240
0.020361
0.027699
0.020222
0.018932
0.019417
0.019027
0.020274
0.019409
0.026028
0.019492
0.018711
0.020234
0.019557
0.020730
0.020252
0.021415
0.018915
0.019921
0.019920
0.018706
0.048120
0.019356
0.018566
0.019952
0.043537
0.030165
0.020911
0.019334
0.020497
0.019167
0.019035
0.020151
0.039621
0.019016
0.020817
0.027759
0.019169
0.019177
0.022769
0.019775
0.021024
0.020358
0.020569
0.020559
0.019495
0.021820
0.020467
0.019061
0.020479
0.024575
0.020639
0.020130
0.022590
0.019850
0.019194
0.019148
0.019398
0.019127
0.018959
0.020290
0.019015
0.021017
0.021596
0.023319
0.019303
0.027924
0.019211
0.021596
0.019135
0.020004
0.018818
0.019891
0.019822
0.024494
0.019121
0.020624
0.020095
0.020254
0.021346
0.020028
0.018882
0.020465
0.019280
0.021270
0.033747
0.019669
0.018864
0.018642
0.031149
0.019953
0.020550
0.020631
0.027979
0.018479
0.020038
0.018836
0.023118
0.018824
0.027263
0.019967
0.020292
0.018846
0.018704
0.023268
0.020359
0.039401
0.030493
0.027724
0.018545
0.022242
0.020715
0.020091
0.019974
0.020227
0.020126
0.023091
0.018765
0.038617
0.019418
0.025357
0.020528
0.038940
0.020999
0.022679
0.020152
0.021782
0.022007
0.019763
0.020209
0.021054
0.025491
0.021238
0.021338
0.020574
0.020604
0.021943
0.019863
0.019895
0.019811
0.021302
0.019887
0.029686
0.020924
0.021677
0.021162
0.023490
0.024006
0.021075
0.022008
0.021490
0.022774
0.021372
0.021331
0.021604
0.040271
0.025933
0.026655
0.021672
0.021963
0.021770
0.022430
0.020996
0.021347
0.040582
0.031406
0.021174
0.021658
0.043115
0.019736
0.022236
0.029824
0.031494
0.021002
0.020821
0.021370
0.021812
0.033322
0.019406
0.021325
0.021968
0.020416
0.020002
0.019649
0.020557
0.019038
0.020630
0.020227
0.020661
0.020314
0.020835
0.020162
0.026278
0.020407
0.020140
0.022490
0.020038
0.020795
0.020740
0.020050
0.036844
0.040139
0.020805
0.020292
0.020508
0.021618
0.020842
0.020634
0.020569
0.020790
0.027548
0.020909
0.020771
0.019526
0.019996
0.021042
0.020224
0.027782
0.019969
0.020927
0.019615
0.026054
0.020995
0.020985
0.022402
0.022056
0.019880
0.019963
0.020662
0.022526
0.038134
0.020733
0.023245
0.020076
0.019910
0.021820
0.021633
0.021231
0.020222
0.022581
0.021582
0.021903
0.022364
0.025089
0.023834
0.024910
0.021708
0.025472
0.021270
0.021480
0.021343
0.020573
0.020808
0.027340
0.032280
0.023355
0.021829
0.022016
0.021203
0.021008
0.022122
0.022078
0.020641
0.021427
0.020565
0.022008
0.021478
0.024515
0.022328
0.021159
0.021486
0.020473
0.020550
0.019067
0.019533
0.020566
0.021362
0.029984
0.021697
0.019616
0.021673
0.021707
0.021382
0.019680
0.020266
0.020849
0.020310
0.021147
0.021330
0.020918
0.021705
0.033824
0.020494
0.021875
0.032808
0.020954
0.021406
0.020629
0.047017
0.033380
0.021112
0.020543
0.019953
0.027232
0.022105
0.029086
0.022184
0.024579
0.020895
0.020566
0.020594
0.020419
0.020396
0.040036
0.022978
0.026336
0.019838
0.020683
0.021324
0.019407
0.020067
0.020904
0.020088
0.020444
0.021376
0.021399
0.019808
0.021658
0.019860
0.021033
0.020320
0.019402
0.022409
0.020755
0.020972
0.020936
0.021757
0.021685
0.019860
0.020192
0.019866
0.021306
0.021259
0.020739
0.019918
0.020376
0.019951
0.019943
0.020820
0.021276
0.021606
0.021453
0.020499
0.020541
0.020178
0.021183
0.020528
0.025292
0.021643
0.021440
0.022695
0.021358
0.023313
0.019868
0.031628
0.020199
0.020995
0.020985
0.020289
0.022254
0.024059
0.033569
0.022118
0.021397
0.020119
0.020140
0.020677
0.020004
0.026711
0.019950
0.020505
0.019595
0.029163
0.020147
0.021729
0.021779
0.019310
0.019995
0.021969
0.021546
0.023344
0.021074
0.020116
0.020461
0.020136
0.020775
0.034839
0.020227
0.020548
0.020819
0.019574
0.019671
0.019228
0.020741
0.018964
0.020529
0.027402
0.027230
0.020541
0.018957
0.019639
0.019804
0.018843
0.019237
0.019085
0.019024
0.019233
0.039537
0.019536
0.019098
0.024571
0.020339
0.022316
0.021764
0.020622
0.027151
0.021043
0.022315
0.021928
0.021509
0.021904
0.022060
0.024057
0.023097
0.020877
0.021029
0.021063
0.022730
0.022102
0.022103
0.021722
0.020338
0.024920
0.021451
0.021586
0.018823
0.019934
0.020657
0.020331
0.038536
0.021836
0.020308
0.018633
0.019685
0.021837
0.021511
0.019772
0.022129
0.026402
0.028754
0.021598
0.020845
0.021464
0.023078
0.023358
0.022934
0.022231
0.022082
0.023124
0.021883
0.021536
0.021839
0.022181
0.020316
0.020894
0.022038
0.020467
0.020065
0.018603
0.020062
0.019451
0.019498
0.019299
0.020982
0.020824
0.020425
0.018790
0.020389
0.020332
0.019741
0.019630
0.020328
0.020685
0.019840
0.020350
0.019651
0.027316
0.042872
0.020253
0.027110
0.021254
0.025168
0.037861
0.021102
0.022070
0.020169
0.019985
0.019746
0.021773
0.021206
0.032021
0.022865
0.021847
0.020703
0.023139
0.023216
0.023879
0.021815
0.021933
0.021793
0.021834
0.029940
0.025255
0.030831
0.021055
0.020914
0.020412
0.023944
0.021463
0.024912
0.021751
0.021469
0.020750
0.034383
0.020488
0.021136
0.021973
0.020715
0.022390
0.022314
0.021619
0.020882
0.019700
0.020596
0.019229
0.020822
0.020704
0.019660
0.021036
0.034099
0.038722
0.021485
0.021359
0.021234
0.021005
0.033532
0.020742
0.020619
0.020741
0.019974
0.021117
0.019004
0.020535
0.020515
0.038105
0.020870
0.022937
0.024025
0.020458
0.028242
0.027265
0.021467
0.022232
0.021491
0.021998
0.021629
0.021851
0.023460
0.022068
0.028785
0.022678
0.022089
0.030569
0.022573
0.022317
0.024540
0.022491
0.022704
0.022239
0.022655
0.022107
0.021714
0.022543
0.021267
0.030726
0.023630
0.025277
0.021777
0.022836
0.021007
0.021304
0.021583
0.021372
0.032504
0.022135
0.022314
0.022542
0.035417
0.021647
0.048142
0.030591
0.024207
0.021984
0.021428
0.021254
0.021417
0.027032
0.021616
0.021776
0.021513
0.021681
0.020663
0.020920
0.043808
0.048746
0.025880
0.021392
0.025112
0.021531
0.021871
0.021578
0.021017
0.020768
0.020591
0.020749
0.020271
0.021422
0.021240
0.019666
0.033637
0.020203
0.021511
0.020261
0.019666
0.019037
0.036167
0.024600
0.030698
0.019259
0.020219
0.025224
0.028374
0.019865
0.019801
0.020213
0.020264
0.027156
0.020506
0.018592
0.020035
0.020177
0.019859
0.019922
0.019908
0.018207
0.024893
0.019856
0.019102
0.020671
0.024967
0.018929
0.028493
0.022737
0.019706
0.020049
0.020082
0.019363
0.019264
0.026289
0.019874
0.018823
0.019260
0.019963
0.020070
0.019811
0.018677
0.020548
0.020309
0.018990
0.020340
0.026905
0.019631
0.020101
0.020273
0.027099
0.029726
0.018922
0.019186
0.020070
0.020223
0.019307
0.019586
0.025537
0.021311
0.020375
0.020025
0.045468
0.019277
0.022028
0.030715
0.020125
0.020083
0.020938
0.020065
0.021491
0.021117
0.019646
0.021830
0.019819
0.020287
0.021060
0.023038
0.020642
0.021105
0.019802
0.020719
0.025948
0.026178
0.020846
0.020230
0.020622
0.020078
0.020231
0.021374
0.020127
0.021515
0.019938
0.020207
0.021348
0.020035
0.020699
0.020804
0.020493
0.021025
0.020054
0.020094
0.030391
0.021003
0.020631
0.031076
0.021267
0.021483
0.033970
0.028048
0.026330
0.020675
0.021557
0.019737
0.020703
0.020064
0.021442
0.020973
0.020957
0.019807
