177.000000,332.000000,30.000000,29.000000
172.699645,334.814708,29.070986,29.790674
172.812384,334.008745,29.285313,29.828396
163.261440,344.864833,29.069862,29.553858
165.115963,346.259575,37.382195,31.809265
203.378502,334.352833,36.995789,30.839409
236.379107,326.035217,37.377026,28.649612
269.414766,317.586140,38.686611,29.788139
269.123098,317.195993,38.275440,30.436337
335.457852,303.313284,29.752935,31.772022
369.261135,297.997775,37.191505,31.026209
400.805656,293.368649,37.309174,29.650322
431.049652,291.068186,38.705856,30.086773
464.082565,289.834962,36.591980,29.843580
464.705654,289.681387,36.776070,30.084370
526.863700,291.125495,31.379930,28.530275
558.236057,294.330026,37.863304,31.283796
589.204601,297.848501,36.940910,30.936039
620.460440,303.157303,36.286945,30.816727
649.475212,309.000757,38.314682,30.179531
651.080948,309.098341,37.407471,30.080647
713.876974,327.877691,31.507679,32.243748
745.157532,337.906260,37.072556,31.606869
778.652025,351.631975,32.272991,30.259060
800.157793,364.042686,43.940792,34.976028
840.311691,382.330289,35.825592,31.209661
841.095922,381.828859,36.398197,31.587521
906.472353,418.643149,29.314342,28.140551
938.842071,436.550582,29.345827,29.274599
967.950911,453.378636,28.536427,27.451040
968.949429,449.187133,27.008919,26.767458
960.468439,430.629853,30.263683,27.549704
960.680047,430.845078,30.064054,26.811546
940.245221,395.107479,29.255438,31.275116
929.544206,378.604041,30.522215,31.053484
923.204901,366.434614,29.685200,29.931736
913.222503,354.703009,29.908342,30.514423
905.705522,342.831713,29.048918,30.281277
905.450874,343.346353,28.822861,30.455366
887.513206,326.625537,29.587723,28.132601
878.292287,320.059126,29.796896,30.137829
869.974345,315.212274,31.394358,30.470907
861.797462,311.532398,31.989563,32.196320
853.039566,309.731617,33.264053,32.131027
852.208944,310.126403,32.990131,31.316095
839.004100,311.283939,30.844904,30.772720
830.701657,312.168877,30.617743,32.097328
823.158437,315.524171,29.913534,30.745977
816.076471,319.934310,29.800854,31.661798
808.856051,325.785334,30.540659,31.075825
808.534565,325.763343,30.364952,30.416559
797.108155,342.543482,28.033461,29.914722
789.226034,351.564867,34.642109,41.094959
784.284170,365.093319,32.638599,30.130539
800.257803,369.394916,26.200352,26.575350
790.780443,372.241652,22.637669,31.635403
783.328014,373.434907,31.009201,31.419622
781.206417,355.824847,25.191055,27.757082
783.602349,308.500280,30.085485,34.542397
785.490669,287.475555,30.887810,34.035320
788.658442,267.779598,31.851885,35.067608
791.790938,250.818462,31.314203,34.693920
792.511950,250.357037,31.067339,34.382092
797.100808,232.872288,30.217840,35.106518
803.856647,204.972027,30.667192,33.077877
808.027893,192.010447,31.149239,34.135712
810.782551,182.107157,31.148102,32.732162
815.007963,173.406115,31.238934,33.907104
814.862607,172.836149,31.008329,33.908684
818.023728,165.515104,30.546881,33.050117
824.923393,153.389097,30.739403,32.175484
828.132596,151.224926,30.223921,32.554348
830.623378,147.892122,30.816607,33.074829
833.670294,147.098276,30.820965,33.683914
835.856847,147.398857,30.929075,33.341999
835.648045,146.917751,30.924850,33.946453
839.409000,153.736101,32.155457,32.569458
842.977913,158.636505,32.228432,33.142551
844.540955,164.518215,33.386406,34.469311
846.923109,171.805820,33.172573,35.095135
849.202719,181.958212,33.059994,34.041222
849.184668,181.915001,32.753841,34.326130
854.085249,205.349916,32.870159,35.648224
855.519924,219.486061,33.375031,36.433430
858.224344,235.281620,32.885761,36.033932
860.294477,251.403156,33.864315,37.507504
862.347612,268.666424,33.805592,38.963955
863.154985,269.084150,33.214573,38.872566
867.165033,310.328398,30.930408,36.575996
869.904128,333.761759,30.524042,34.681580
861.296419,356.989264,41.106983,36.853477
859.214597,367.958490,27.383268,31.165329
863.264974,368.079782,27.211729,25.572466
862.734700,368.486099,27.257063,25.314732
865.822501,368.603474,28.363001,25.243954
866.829657,368.652606,27.425091,25.817244
868.023989,367.987716,26.832371,25.291113
869.330597,368.329780,27.660942,25.677267
871.272036,368.573299,27.128788,25.595333
870.837706,368.974888,27.041805,25.402996
874.393397,368.116947,27.396807,25.532772
875.211354,368.954577,27.637297,25.874220
877.220557,368.769497,26.769266,25.163921
878.359228,369.625078,27.242474,24.881729
880.224490,368.662240,26.694078,24.882708
879.983968,368.855349,26.933653,24.917374
882.228398,369.518785,26.980513,24.897081
881.585036,369.061916,27.547342,25.359966
881.778116,369.433674,27.768482,25.151287
883.227324,368.647135,26.915661,25.103394
882.602214,369.265872,27.633135,25.411634
882.710726,369.484706,27.585758,25.442442
882.917133,368.703662,27.299255,25.213652
882.479015,369.059731,27.797241,25.801655
883.189941,368.819688,26.868996,25.127016
882.553338,369.608204,27.549078,25.349987
882.784526,369.259756,26.713793,24.617775
882.633394,369.185547,26.847340,25.095173
882.810347,368.519805,26.900509,25.466955
882.763638,368.690384,27.056501,25.351673
830.791950,315.866268,19.939341,21.488499
820.961075,323.253938,27.457346,28.960352
822.900760,340.718975,28.019154,30.006107
823.001738,340.540135,28.401091,30.112001
824.996908,375.096314,29.782103,27.925531
824.404229,351.638705,28.716026,30.336203
824.216122,325.177454,28.292879,31.143059
825.818471,300.765391,27.812637,31.710669
826.251906,278.211637,27.386532,28.949463
826.666892,278.284100,26.949764,28.524952
824.019299,231.935509,27.245485,33.088753
823.536223,211.848087,27.958828,34.483063
822.957730,195.273584,27.747864,31.392551
822.480141,176.849224,26.859980,33.202156
822.362674,159.309166,29.413074,34.076447
822.084258,159.079329,29.221569,33.556553
821.654153,130.782835,29.435127,33.204998
818.057204,117.897656,31.669048,31.571669
820.223499,108.688455,29.720964,29.643637
819.892637,99.394318,29.107588,29.890343
820.248925,91.645634,28.902580,29.104385
819.348030,91.707150,28.976786,29.000931
818.773794,79.371124,30.041166,30.191933
818.636899,75.865660,30.120590,29.625149
817.063305,72.628536,30.236818,30.007874
816.551682,71.494664,29.180841,30.060881
816.350903,71.366072,29.031954,29.551281
817.136572,71.065474,28.993879,29.314785
815.031330,76.122497,30.182634,30.505625
814.878906,80.961551,29.770670,30.323229
814.448689,85.520405,29.865997,31.514542
814.084321,93.146086,29.549995,32.672207
813.822899,101.539583,28.498102,32.160267
813.875912,100.505474,28.688753,32.430481
812.902652,121.843258,27.393772,33.552612
811.950442,133.359610,27.911808,33.128719
812.598931,147.514332,28.660332,34.002335
812.417902,161.880684,28.460348,33.428535
809.462490,177.947882,31.151674,34.881420
809.069863,177.821152,30.982430,34.936134
809.626166,214.950109,30.401180,35.895962
809.732023,236.477310,29.215055,33.364098
810.640843,255.733486,28.570465,33.477310
810.947040,279.615139,27.719334,33.205688
807.298262,302.890055,28.958876,33.744099
807.258676,302.585127,29.693398,34.458431
806.529928,353.648838,28.084517,32.298386
791.260501,356.315126,32.660328,30.664707
778.063237,357.851436,32.371323,28.849245
761.528997,359.401595,31.166014,29.799936
746.524674,363.970726,32.406448,29.961266
746.363748,363.784375,32.204285,30.224455
737.840416,370.752087,28.919695,30.360855
743.265983,376.629690,32.941761,32.312450
748.046651,381.966616,29.576241,30.172199
750.113338,386.591052,27.160074,30.756563
753.655313,392.757720,24.758802,28.966471
753.252439,392.330678,25.860603,29.370970
754.111230,403.500645,27.513489,29.276993
750.893427,408.208625,27.485838,28.359140
747.704962,411.690195,28.681662,30.405384
745.254498,417.619626,28.052422,30.669767
741.272247,426.303384,27.703234,28.611319
740.538158,425.927624,28.213480,28.943695
735.148730,444.401669,28.404858,29.457962
725.658729,430.963552,26.313885,26.601322
714.053175,410.514645,25.612844,26.705902
699.899717,387.946049,28.086409,28.806602
684.375630,366.515728,31.165771,31.313576
684.368836,366.299082,30.061165,31.015636
657.119854,328.394121,31.369890,32.958836
645.259362,312.280664,32.048424,33.878544
630.697555,297.487566,32.397961,33.835575
618.391379,286.010155,33.836437,33.228996
607.562662,272.866188,31.178534,32.324211
606.605110,273.112850,30.883310,32.022156
582.779379,257.563959,30.612043,29.911549
569.579490,248.900032,32.563877,31.420677
557.314742,242.415644,32.084614,32.032856
546.475830,238.849370,30.139055,30.474058
533.713280,235.853191,31.692965,29.956619
534.535841,236.249471,31.770941,29.327253
510.479184,235.526163,30.921333,28.213215
499.286252,234.724722,28.833305,28.646420
488.539480,238.569488,29.520689,27.962381
477.253919,241.265169,30.452934,29.568806
465.536281,245.787100,30.660801,29.562466
466.058241,246.501517,30.586546,29.319437
443.418075,258.735280,31.318714,31.523558
432.381650,267.952356,31.996162,32.109379
421.407130,277.403144,32.256268,31.939142
411.670128,290.383587,30.070864,30.427048
399.898213,302.210501,31.708580,32.828320
401.208769,301.491976,29.880163,33.129673
382.046615,332.797964,28.824162,28.999752
372.127588,347.685780,28.578314,28.786697
361.219534,363.764624,29.925436,29.667721
364.197714,332.491421,26.554831,33.317108
364.835530,305.185051,27.667152,35.015587
364.216467,305.235613,27.932669,34.861561
366.820398,255.300566,29.054518,37.257313
368.015805,231.879427,28.992134,36.648800
369.896840,208.084600,29.229942,33.798428
369.880816,187.482695,30.174284,34.895039
371.146731,167.557566,31.138729,36.022076
370.592158,167.098585,30.826000,36.093220
373.848237,132.631304,29.614456,33.767574
375.852848,118.613510,29.840143,32.715500
377.796927,105.296803,29.532536,32.196175
379.458234,91.090191,30.297066,32.803391
380.906328,79.906034,30.543653,32.305508
381.294243,79.760769,30.675447,32.480453
383.847002,62.115633,31.435225,30.355320
385.908564,54.066865,31.056105,30.321722
388.511463,48.688398,30.621683,31.344479
390.015200,43.416875,30.265471,31.697157
390.934584,40.116245,30.951315,32.144669
391.696529,40.939057,30.815531,31.760336
394.559150,39.553804,32.161869,32.221806
397.208551,40.352043,31.928984,32.849312
399.430377,42.762833,31.479259,31.137077
402.123602,47.157674,30.253241,28.678862
406.145760,53.322603,28.950090,29.733509
405.802669,52.597289,29.109127,29.421091
411.669072,68.711334,27.583427,30.930244
413.393467,78.955524,28.209574,33.527481
414.718740,89.321978,30.146322,35.293919
416.935966,103.398701,30.563753,34.802734
419.653852,117.948503,30.221167,33.914524
419.844228,118.204525,30.070915,34.101028
424.165210,150.683020,32.037838,35.818630
425.765750,169.452269,32.247372,38.176601
428.786922,190.374001,31.944376,35.867012
430.516412,213.309038,32.387268,36.951923
433.158975,235.927671,32.222809,37.267712
433.223239,234.753242,32.241726,37.175133
435.506410,258.319277,32.532776,39.651417
441.391798,310.792801,30.597128,37.126579
444.609018,337.377033,29.185759,34.819534
446.714133,368.705479,29.292789,35.339096
450.229136,400.514088,28.501860,31.576813
451.424140,401.231691,27.773594,31.471912
452.917455,432.930192,28.079597,31.659719
481.464596,408.913078,27.680368,31.915756
505.869943,380.966904,30.230606,32.259094
532.463418,351.060993,29.404663,34.254372
551.789294,326.642691,35.967709,36.182117
552.101451,326.766304,36.172604,37.071777
576.440770,304.846418,36.116127,35.718861
626.526750,261.303431,36.768204,36.784878
649.714032,242.451496,38.057716,37.361168
673.877208,225.453564,39.101147,36.171364
696.813891,210.390484,39.104031,36.698387
697.123206,209.251444,39.726215,37.051357
720.114388,194.907799,37.280548,36.915192
763.162862,170.753670,38.534065,37.504745
784.737521,161.010155,36.929409,35.557999
805.278419,152.048618,37.907063,34.810799
825.396600,146.070206,37.005859,34.602905
844.076482,139.838678,37.173317,34.829617
842.987264,139.924713,37.175392,35.297501
877.896272,131.168848,35.351700,33.191235
893.815387,129.978775,35.248592,34.046600
908.652429,130.928463,34.441284,33.875710
921.768828,133.477560,34.051807,34.592106
933.300614,136.427832,34.752182,34.630955
932.981244,136.422756,34.409889,33.827232
952.225436,148.085508,35.453152,35.206547
962.283439,156.281469,34.420551,35.200825
968.553422,166.612713,35.066223,35.830513
975.764441,176.440071,35.448124,37.022400
982.561938,190.094328,35.136272,35.923084
982.211982,190.067310,35.551991,35.852226
995.653115,219.477913,33.635925,37.006577
1000.529143,236.634108,34.312260,37.517948
1007.391534,254.616522,32.945633,37.258717
1014.051116,274.586834,33.588490,36.326744
1016.123210,293.872805,38.567852,39.693508
1016.425746,292.785400,37.950603,39.965866
1035.879293,340.124207,29.581656,33.097702
1045.245211,365.193743,29.540770,33.960262
1053.906674,389.848110,30.733559,34.017372
1065.442936,418.687782,31.865335,33.402222
1067.806772,419.487303,30.800611,31.929935
1066.973437,419.044735,31.192944,32.557701
1036.460210,356.429335,30.137093,35.391270
1022.437247,326.286718,32.172291,36.261562
1008.726142,298.845428,32.933445,36.205719
995.238441,273.026049,31.708729,38.049618
983.363650,248.481207,33.848614,38.663113
982.995202,248.914394,33.955490,38.644760
960.954221,205.025648,33.260582,37.822292
950.346011,184.917221,34.239010,37.434761
941.375569,166.627035,33.036217,36.404308
931.631089,150.176043,31.742249,34.090412
922.562388,134.575120,31.489849,28.749304
922.456252,135.897943,31.513889,29.561054
905.259242,110.975641,32.723186,32.737194
897.500068,100.846233,33.474918,34.518166
891.303172,92.402985,32.945156,34.537125
884.438859,85.360613,33.441681,33.570522
877.627265,79.783611,32.440250,33.686119
876.864190,79.070127,32.422623,33.760273
863.830408,72.658593,30.431639,30.519224
857.777246,71.780985,28.969971,31.317989
851.652467,71.299679,29.494308,32.405739
845.602902,72.880447,31.204140,32.769760
840.570373,76.189812,31.488071,34.330841
839.650947,75.327475,32.485783,34.897373
831.540944,86.264187,31.213707,33.731438
826.025654,92.789814,31.822184,33.514320
821.647958,100.649986,31.221725,34.200516
817.799975,110.754133,30.954388,33.210026
812.662019,121.499769,32.254593,35.096561
813.080813,121.246862,32.310390,34.824574
804.250548,147.778276,31.415440,35.195812
800.811120,163.593771,31.546921,35.436481
796.097356,180.735622,31.904411,35.386955
792.988853,198.178268,31.483110,35.559753
789.247059,216.167006,31.260630,37.711582
789.384742,216.321007,30.926624,37.201874
782.857244,258.399776,30.112877,36.635475
779.292518,282.394413,29.658329,36.391930
775.320060,306.346672,28.559071,35.388351
772.752492,331.500151,28.649239,32.888996
765.677430,359.207886,35.710205,33.889542
763.505679,358.841299,36.843090,34.534031
763.543287,416.046548,29.144430,30.228300
760.352193,444.411179,27.612129,30.443069
756.367451,473.614548,28.190928,29.615753
763.396540,447.140255,30.526594,32.634979
766.384011,424.452538,28.814743,29.223267
766.376737,423.554616,29.039803,30.569067
775.259727,381.140246,28.047932,31.451799
778.880315,363.013485,27.767296,31.098747
783.044960,343.048950,28.906786,33.092438
785.916273,326.346964,30.472509,32.825993
788.845677,312.053387,32.099236,32.320648
789.132133,312.029633,32.165104,32.140144
796.217963,283.683952,33.333866,34.560204
800.166987,273.280769,32.363918,32.736534
805.331340,263.561993,31.618938,32.532578
808.346254,255.212521,31.358259,32.437729
811.402911,246.855183,32.778591,34.116455
811.331285,245.937933,32.927963,34.077114
818.690120,234.860033,32.580654,33.322330
822.621264,231.648951,33.502071,33.369129
827.080682,230.183580,32.409332,32.554417
829.849931,229.356712,32.851562,33.114174
834.135097,231.751360,32.176617,33.099934
834.781724,231.288471,31.404861,33.128601
841.096131,237.281956,32.547638,35.028809
843.797423,244.570904,33.273380,34.383667
847.472629,251.349819,33.930111,35.331512
851.022063,260.091110,34.511906,35.911003
854.638143,270.086979,33.765892,35.814056
854.579497,270.128057,33.301060,36.381695
862.089253,299.348814,32.366676,32.786404
866.295495,314.863776,30.375290,31.570566
869.824347,329.205994,31.097128,35.300285
872.376468,350.743601,32.625088,33.546345
875.970379,370.173382,30.877420,32.218903
877.381647,371.274136,30.411497,32.347946
883.048430,413.796650,32.120853,34.967072
864.626607,420.047024,39.618492,34.803436
829.898355,407.567696,31.546188,30.415443
790.310582,394.540664,34.920433,29.657618
757.565012,381.009281,29.839338,25.671066
757.130281,381.076536,30.542021,25.798595
701.901366,360.399898,21.374416,28.721087
650.681139,351.113528,27.247150,26.348848
617.843512,348.704244,29.525883,27.649092
584.208527,342.836337,35.914101,28.380617
554.911083,340.892628,30.029480,27.723938
554.709336,341.245844,30.988043,28.184834
496.203473,342.806925,28.168606,26.025272
463.183871,345.972238,27.570045,25.740850
433.611562,351.885885,29.973553,24.722622
405.310708,355.419203,29.034893,27.637386
380.703964,360.429697,28.625380,28.178608
380.007703,360.163733,29.387363,28.155849
329.170015,382.366205,27.262552,23.616383
306.529113,387.708289,29.324066,28.033762
283.109083,399.887150,28.984697,27.193069
260.674132,411.203494,29.465538,28.785006
241.343554,423.764281,27.323975,28.750788
240.318373,423.672077,27.225885,28.621902
192.252313,447.373623,48.954006,47.907440
163.607493,400.972397,91.400642,97.885979
207.813025,407.755117,45.465652,44.313091
232.675617,401.490442,30.431540,32.346958
247.470588,382.137026,28.311569,28.482159
246.319901,382.604915,28.837643,27.631281
270.700693,351.516202,26.622538,27.857725
283.112789,338.443431,27.950750,28.873323
292.987738,325.536417,28.976336,29.539204
305.270540,315.565711,29.233942,28.380190
318.180024,306.051937,29.938839,29.867935
318.170281,305.569325,29.798031,30.444609
337.178238,292.271844,31.279692,29.014952
349.407083,287.014118,29.785152,29.662453
359.293940,283.216541,29.835611,30.262077
369.737985,280.290036,28.131451,28.162771
379.785026,280.219874,28.989807,26.718790
379.933484,279.967257,29.042789,26.629984
399.841052,283.276443,29.587440,28.273636
410.362332,285.205613,29.034412,29.379347
418.618661,289.620131,30.608242,29.309864
428.733331,294.368820,28.956738,29.801025
438.105765,300.383419,28.957916,29.470558
438.586824,300.569965,29.206903,29.528389
457.014390,317.243402,29.191631,31.571394
466.119302,328.847210,29.474606,29.402153
478.411378,344.273617,24.820751,24.807426
489.847073,356.370646,24.160437,27.833340
496.299431,369.743583,27.256025,28.186388
496.734440,369.589594,27.546301,28.409069
515.754653,402.413547,33.964752,30.274439
527.346790,417.474567,29.536840,33.207909
532.531117,440.579674,31.836704,31.724258
537.064243,414.017048,29.686392,36.419426
545.121196,393.403406,27.214073,30.229328
543.788242,393.274356,27.510366,30.469484
550.766030,345.585250,27.003460,30.414045
554.082162,320.131021,28.730175,32.552460
558.028342,299.040415,27.618652,34.271851
559.269859,278.765539,30.300291,34.491730
563.786544,260.153915,30.081940,34.782589
562.794949,259.347574,30.715292,35.149193
570.066359,228.007651,29.600008,31.211363
573.173162,211.649567,30.539598,32.637951
576.394629,197.498367,31.627687,34.108837
578.988986,184.277758,30.646431,34.188286
582.147587,174.682882,30.448507,32.156601
581.653314,174.070114,30.623714,32.494549
584.088658,165.017288,30.802189,32.527782
589.809961,150.709071,30.338343,31.510962
591.723237,145.666116,31.797192,31.511652
595.790549,140.535404,30.405411,32.052555
599.124053,138.416444,30.737900,31.751749
598.533310,137.964499,30.987547,31.858335
601.048848,137.455912,32.397923,33.131432
607.577514,139.383217,32.403824,33.723354
609.140326,143.327692,32.685959,33.917168
612.934514,148.375639,32.258274,34.553757
616.029727,155.056738,32.061195,34.479584
615.524192,154.512526,32.195816,34.835541
619.544383,162.153269,32.440239,35.297356
626.833882,182.360319,32.026157,34.953293
630.143479,195.974735,32.952847,34.514606
633.782346,209.264025,33.326786,34.138008
637.782540,224.010645,32.073360,35.872139
637.931219,224.200035,31.975801,35.971645
641.368715,242.209702,31.671335,36.254208
650.239478,281.362564,31.486023,36.026485
654.213590,301.736170,30.530933,35.691048
655.415072,321.915180,34.125465,40.263203
660.173336,348.122097,30.316534,33.251865
663.663413,373.620247,30.007584,33.029018
664.019321,373.462444,30.260763,33.298206
684.948039,349.808063,32.687920,31.693365
698.703628,337.884325,30.488831,27.391853
709.928778,327.029839,30.351976,32.056614
720.716039,318.215340,32.484028,33.953663
733.755206,307.881191,33.013969,30.754711
733.688781,308.600874,33.191193,30.422310
756.445230,295.461441,36.193188,34.121128
768.983835,292.907008,30.791117,31.334852
781.908727,290.031204,32.370487,32.039204
791.991244,288.807768,34.367821,32.378365
803.568629,289.953156,34.334053,30.448460
803.545020,289.628852,34.844681,29.971502
826.718472,295.986485,32.036549,31.185040
837.299151,300.390832,32.696922,29.409090
847.578938,306.792395,34.105213,32.593605
857.935746,314.298492,35.186275,35.483738
868.455529,326.319174,32.205791,31.873268
868.677129,326.133059,32.227085,32.340118
887.591189,350.346948,32.311714,31.278093
897.361526,365.477440,32.007523,29.506351
907.237085,383.708333,30.874659,29.849756
915.192263,397.427820,30.584391,30.859207
925.204765,414.370358,31.061872,30.808224
925.025635,414.756061,30.954618,30.623045
942.071573,448.283970,31.729410,32.095730
946.375094,444.332350,26.990837,27.307335
944.587652,423.285447,30.193209,28.925699
944.250087,400.191714,30.914864,31.945997
943.065567,382.881882,30.983641,32.413136
943.139859,382.349148,31.640675,32.657253
941.495446,351.023939,30.900967,31.646225
943.028749,337.024708,28.698055,31.216831
942.764241,323.738176,32.743946,33.958939
942.771250,314.251478,31.652658,33.541939
943.324217,304.972080,31.224031,32.577099
943.024190,305.763180,31.496082,32.287411
945.393313,292.313475,29.582390,31.282021
944.545110,288.861231,30.846867,32.049469
943.869840,285.746363,32.323505,31.991943
942.936845,284.500895,33.109356,32.908157
944.096118,284.410210,32.940178,31.718876
942.796245,284.706607,33.183479,31.905745
945.180528,288.813046,31.109798,31.904202
944.595893,292.162416,31.636566,33.675400
944.667340,298.077456,31.830326,32.205093
944.713171,304.758549,31.708269,32.506054
944.766153,313.017859,31.663630,32.787880
944.346012,313.939655,31.577505,32.615993
946.155090,336.636625,30.306761,32.214134
946.005126,349.055471,30.428482,31.895042
945.790130,363.214823,31.355850,30.924271
945.878824,378.424647,31.604959,29.969816
946.078508,395.888721,30.716349,28.965771
946.607929,395.119679,30.937490,29.449076
943.980810,408.589904,31.347475,28.645422
941.258705,387.295667,29.296476,30.523378
935.302259,366.405726,30.946428,30.990484
930.612271,345.849955,30.835148,31.073555
925.148889,324.841652,31.783428,32.757160
925.744709,325.548964,31.961325,33.493599
914.850703,292.100243,31.673286,33.007526
910.037009,277.646080,32.384018,35.326511
905.067870,264.979757,33.789932,35.442390
900.065722,253.559986,33.708443,34.460354
895.812816,243.968384,33.367088,35.031132
895.491340,243.395834,33.091461,35.513725
885.707431,230.181149,33.002769,32.854870
880.388236,224.434795,33.061478,33.229595
877.062053,221.145985,32.612892,32.900646
872.637698,218.201221,32.595573,33.545742
867.851480,217.840977,32.663906,33.261349
867.547435,217.400463,33.018089,33.707317
857.506511,220.372337,33.574242,33.967503
852.757771,223.793192,34.019611,34.389572
848.261720,229.443174,33.482677,34.023613
843.217675,235.960878,34.261425,35.856705
838.520024,243.740061,34.343891,38.212753
838.284757,243.290550,33.478809,38.071613
828.724818,265.091568,32.965553,36.078007
824.060002,278.430586,32.977604,35.622246
818.381612,292.594351,33.047749,35.483665
814.131539,308.609999,32.576595,35.246346
810.411273,326.133654,31.881691,34.600784
810.259066,325.950953,31.465570,34.456360
799.019071,365.877287,32.794437,33.243141
794.101697,390.876741,31.206837,33.413284
787.607215,409.419218,32.953644,38.165947
774.367630,349.384652,27.756193,25.231264
774.981677,349.887443,26.730888,24.105581
775.053307,350.632991,26.795439,24.262648
777.394114,350.082035,26.230280,24.052723
777.390054,350.748569,25.709980,23.815273
778.928754,349.931571,25.798878,24.104544
779.833527,350.515306,26.203993,24.334230
780.705991,350.491487,25.733906,23.860674
779.717246,350.774713,26.190338,23.952677
782.072878,349.884524,25.541681,24.215315
782.875018,350.472726,26.170403,24.648569
782.852320,350.639369,26.328897,24.191122
781.872915,350.536381,26.302309,24.153698
781.943573,350.327654,26.009886,24.220665
782.245543,350.493208,26.270088,24.311096
781.832253,350.579395,26.017942,24.007572
781.672246,350.453942,26.484295,24.096712
781.397376,350.340105,26.217331,23.987740
780.334897,350.662852,26.656467,23.981688
780.297280,350.473412,26.281704,24.169010
780.363922,350.288216,26.051390,24.417095
777.459932,374.756802,31.167284,30.612720
765.813128,349.808336,35.377411,38.559402
756.671283,336.890293,30.549896,32.416958
747.149417,325.623111,30.953461,31.270033
735.738473,310.380983,33.257023,32.880219
737.325149,309.394424,32.113503,33.060078
716.544178,288.799417,31.673826,32.713066
706.464641,278.234331,32.157410,30.034065
694.332740,271.479649,35.318657,32.837086
688.283101,266.503925,27.198483,28.483601
679.965950,262.673496,30.477491,32.844242
679.631647,262.186159,30.403894,33.612038
661.132319,259.170363,30.376945,31.538572
651.537840,258.434838,31.287767,31.695429
642.288392,259.933548,32.225140,29.824718
634.409481,262.649614,31.749151,31.091621
625.506755,267.046339,31.053169,30.670502
624.768235,266.504116,31.496426,32.610737
611.154875,282.041525,29.117296,30.368958
602.852979,289.757236,30.121571,31.267826
592.878325,298.669657,30.643829,31.538246
584.613675,309.428136,32.024586,30.825014
576.820477,321.576721,30.472937,30.707546
576.621403,321.808710,30.880285,31.034477
563.365244,350.276999,25.422182,26.383789
556.518259,368.737559,27.734201,29.058935
560.316066,385.303727,34.205742,25.171061
613.095142,388.676025,29.477118,25.566738
659.981460,387.131878,29.952148,27.046284
659.493358,386.383500,33.230751,27.015696
693.425043,396.898723,27.395411,28.449453
702.775122,403.551606,29.984529,28.491510
719.141125,411.416471,28.300680,30.647997
727.790985,418.981266,30.868025,32.249622
737.136815,430.167575,32.026402,29.283422
737.737735,430.042257,31.847923,28.973160
764.124502,457.334025,27.371218,27.385885
774.750790,472.424319,31.437429,27.966986
783.206178,489.594318,35.335400,27.328373
806.963008,507.572200,22.280876,24.126287
823.702244,528.647958,20.083303,22.758142
823.934408,528.437976,20.305506,22.349607
781.000674,494.354961,40.390007,29.888805
766.430172,486.231044,24.644537,27.642530
741.074044,462.712814,38.501812,33.129963
717.555843,442.959538,29.499395,30.724466
693.844535,423.986897,33.050797,32.876301
693.293429,423.604834,33.677803,33.930832
649.789371,392.137921,29.314384,31.124811
626.467182,376.670673,31.733191,32.211918
602.970755,364.227001,30.453653,29.904255
579.443380,353.602469,28.106356,29.772749
558.816873,343.990573,33.841991,29.003698
557.748273,343.801628,34.419117,29.493420
517.960743,328.049546,30.688879,30.840693
496.638854,324.595165,32.212524,29.455845
476.419576,319.021562,33.195866,30.582987
456.684096,318.453930,32.409561,29.080433
435.573112,316.428473,30.678902,29.874876
435.697535,316.879506,30.743319,29.367235
396.661540,317.038092,33.839432,31.188965
379.976100,320.512185,31.059654,30.802454
362.460939,324.480939,29.729143,29.856646
342.223997,329.840325,27.875635,28.019892
323.607380,338.385320,26.049894,26.337847
323.851668,338.331489,25.880043,26.694548
304.847342,347.080748,29.037659,29.039154
269.950148,364.832956,29.485964,28.854988
252.271692,378.077091,27.361712,28.963810
236.208381,388.987296,27.029884,28.227430
218.449193,403.662065,28.988705,26.331018
218.675556,403.913973,28.807646,26.719627
210.478631,405.554585,28.567188,26.240892
219.854502,356.756238,28.625765,29.260221
226.551399,325.897636,28.072790,32.106392
232.798560,303.046896,29.896263,33.224041
239.223259,279.952177,29.197500,33.915142
239.468599,280.119797,29.555025,34.229942
245.910705,257.821907,29.357582,32.888893
256.169011,218.926783,30.449352,34.034908
262.631231,201.964041,29.559122,34.021839
268.328668,186.486954,30.615681,34.580383
274.025181,172.532021,31.339354,33.260620
273.796577,172.259933,31.201315,33.682281
279.920400,158.026541,31.773052,34.072163
293.173646,137.924051,31.186771,30.757893
299.802677,128.220482,30.522200,33.394493
305.968390,120.665791,30.681023,33.434647
311.917899,115.138072,30.592674,30.756350
319.092057,110.331964,31.146717,30.859318
318.652965,110.433825,30.942688,30.897020
331.120256,107.405808,31.603609,30.456656
337.905383,106.449222,32.215591,31.095552
344.426458,109.049829,31.576075,31.975437
351.382720,110.992082,31.801460,31.635244
359.213693,116.129638,30.854221,31.782450
359.082712,115.047112,31.782518,32.409981
371.771529,127.648247,32.588448,33.932106
377.262345,136.114855,32.267231,35.360386
383.907187,146.643774,33.049416,35.337093
391.583343,158.493195,33.649849,35.251411
397.805665,170.937153,34.212421,36.321014
398.200603,170.522797,34.659317,36.510109
413.455958,203.321112,32.270599,35.247524
420.264319,220.471870,33.005592,36.565010
426.986239,238.913321,33.180542,36.721844
434.472280,258.672039,33.025326,34.537872
441.008698,280.671211,33.522938,36.381966
440.976104,280.410460,33.569572,36.397762
455.604018,327.322094,31.066887,34.638184
461.455672,353.897520,31.425407,34.249828
468.653754,382.340242,29.465553,31.840046
477.056769,412.187033,29.031059,32.406170
479.892577,428.252770,30.472313,31.135595
480.850038,427.886890,29.462971,31.194626
497.114783,403.840015,30.381081,31.330086
506.303458,393.963173,29.348885,30.563385
513.953824,382.655367,30.033886,36.032787
520.317750,375.850332,32.075413,33.257252
531.208140,370.629015,29.755142,32.051037
531.200023,370.678949,29.290588,32.242214
547.874663,362.793766,28.031410,31.251945
555.678975,362.156501,29.446270,30.881502
565.414538,362.238730,26.955673,30.715624
572.521173,363.827821,27.859697,29.372068
580.638436,366.149217,29.104053,29.426893
579.344052,366.942368,29.695278,29.697266
595.359925,376.743835,26.215305,29.006119
625.075980,381.028942,36.153801,24.469276
658.672528,388.035620,36.602322,27.805195
703.392356,396.981810,33.694191,29.808689
742.117457,404.105888,38.510910,33.518707
742.679622,404.075691,38.775818,33.617065
825.363887,430.943687,18.152252,28.278198
866.346564,443.959511,19.393394,27.690125
910.686061,460.739120,17.557175,26.265167
940.377742,474.963951,27.686874,36.028671
990.909881,494.150082,34.407143,31.534981
989.970819,493.862286,35.234211,32.542259
1036.327388,494.782451,30.610245,30.791193
1029.628055,476.556528,33.775009,36.967434
1023.908605,461.813972,34.053951,32.691803
1021.726974,442.010239,29.789785,34.705811
1011.998347,426.497090,32.027817,30.580168
1011.264333,426.837432,32.000393,30.878794
1002.156590,401.872860,32.166759,33.191116
997.241408,390.116768,30.925102,31.712334
991.362860,381.352137,30.642572,30.991398
987.615530,374.824877,31.567560,31.164997
981.916061,368.636918,31.508352,31.134832
982.054090,368.423735,32.035076,30.859661
974.187699,357.443401,32.668217,33.160263
967.363858,357.488675,32.145565,31.809431
964.643277,358.583183,31.730877,32.227226
958.440988,358.452339,33.172840,32.836327
954.593394,360.079777,31.784836,32.738342
955.547083,360.280155,31.451220,33.094315
946.442554,370.362958,31.017973,31.904295
942.265241,378.808474,31.619183,31.032749
937.801939,387.501621,30.602427,30.384750
933.869032,396.671552,30.926706,30.203093
927.074986,408.079235,32.135952,32.194183
926.883576,407.091305,32.247013,32.326965
919.983517,434.811584,30.370481,31.772730
915.449631,450.666527,29.868597,29.805016
911.573590,466.170427,30.098034,32.724003
908.023217,486.831480,28.669804,32.229046
904.078761,506.608805,31.466064,34.545658
903.966340,504.149891,32.851414,37.448822
871.054452,492.345339,28.881023,30.543003
846.267579,470.920414,33.940861,34.313416
825.133077,453.158756,31.897343,31.505829
803.342955,439.042924,30.145983,31.150244
777.732532,422.015255,34.955055,36.527054
776.598409,422.826464,35.274586,36.849415
738.421178,398.284542,30.572132,32.159203
713.893563,387.639805,38.293896,32.063011
692.714749,377.710217,32.928928,32.371986
671.104718,371.567236,34.267094,33.510899
647.522788,367.190908,35.220100,32.386097
647.102466,366.720919,35.853058,31.947674
609.138698,360.769346,32.285553,32.418781
585.508492,359.279440,31.836407,32.159443
564.083539,360.921591,31.873585,32.364201
543.434230,363.026760,32.383621,31.681648
523.126416,367.668393,32.778744,30.951880
521.760961,366.925854,34.695736,31.545509
480.289392,377.227430,34.476337,33.753574
462.298036,385.586271,32.455158,33.678837
440.095023,397.692474,33.750816,32.227051
420.287044,408.795698,34.817795,32.231983
399.135337,419.955318,34.603386,33.791344
398.948607,420.757793,35.541084,33.613014
378.943992,422.113013,29.820793,31.224627
382.932420,396.931450,29.805500,33.791084
385.689601,372.629721,31.708542,33.313381
392.313280,349.391029,27.969591,34.018021
394.193107,326.213131,31.317726,35.426155
395.020167,326.516760,31.155930,36.098194
402.255033,288.967888,34.385494,35.942520
408.238406,273.127249,34.015076,35.164738
412.607068,259.056751,33.974056,36.762978
417.105700,247.181189,34.535294,35.466862
421.264293,236.286335,33.915054,35.866814
421.372848,235.696230,33.246239,35.741772
432.605744,219.147776,32.216389,33.393688
435.217961,212.335119,32.798840,33.691563
441.210668,207.980108,31.258541,32.428684
446.328950,205.213692,31.226200,33.042664
451.623651,203.572779,32.063969,32.917858
451.172805,202.636055,32.213707,33.177124
460.711797,205.201490,32.048977,32.787281
464.780280,207.468832,32.568489,32.802082
470.316136,211.680380,32.213238,33.065388
475.474858,217.772396,31.977154,32.640404
480.650046,224.340548,31.835854,32.721767
479.920781,224.153492,32.184063,33.081642
490.800947,240.648100,31.719797,34.607182
495.872771,252.153292,31.675606,34.713833
500.949791,263.578926,30.118689,33.076492
506.535995,278.235093,29.085548,31.890867
511.078574,292.418749,28.814934,32.011761
512.048625,293.256745,28.726257,31.304838
520.819984,326.439739,29.548071,32.168190
525.461329,346.968431,27.485626,30.188931
534.815681,366.568019,28.782402,27.553034
581.004062,379.546606,30.032394,22.482807
629.539547,378.257225,24.980497,27.195816
628.707205,378.664105,28.224329,26.980597
687.196636,401.584845,17.250822,29.014454
727.313666,402.709041,18.888542,28.400385
730.649568,400.955650,29.131046,33.943787
790.191623,349.627307,26.115143,25.904898
789.631045,350.738153,26.785812,25.175240
790.045745,350.869805,26.174797,25.125742
789.337234,350.671631,26.188650,24.779202
789.416740,350.768119,26.746191,24.936308
788.712087,351.025039,26.265438,24.684248
788.446700,351.049299,26.240692,24.847870
787.477672,351.153815,26.283905,24.826338
787.582464,350.237879,25.986078,24.869659
786.879467,350.517937,26.111128,24.983540
786.685094,350.783340,26.064838,24.866993
785.882924,351.236559,26.114124,24.610367
843.204547,327.271391,12.883919,30.187492
825.671443,314.297798,33.771202,31.686192
824.000590,314.498741,34.911461,32.433689
790.740109,294.621755,28.802708,28.630983
769.136149,287.873838,34.128456,30.900314
750.558116,280.267309,31.903358,31.918106
732.945952,274.975283,32.977104,30.165901
716.190084,271.058100,33.962551,30.489922
715.357387,271.120156,33.797256,29.930246
682.610473,267.283926,29.429939,29.877106
660.593301,267.272153,32.526661,30.546343
641.624892,268.053837,31.815887,29.242313
623.559840,270.988836,33.516403,28.962036
607.542339,275.052694,30.363562,28.870010
607.320796,274.081162,30.935402,29.540079
569.383452,285.765823,32.923813,32.665783
548.328544,293.010660,35.136169,34.476997
531.414405,301.151920,32.921326,31.951649
514.199607,311.648176,33.258804,32.754639
497.597651,323.753057,30.560249,32.533112
497.700703,323.414345,30.362600,32.772900
477.790711,336.811565,29.331615,29.826969
439.483570,373.499480,29.756155,28.052198
420.684273,387.469710,30.828817,30.894011
401.811416,406.790178,30.485710,33.346458
386.415790,426.167627,28.770004,32.747871
385.980125,425.330133,28.815069,32.809837
371.995708,442.111348,30.528870,30.726610
383.005547,393.024321,29.682074,29.253422
391.274450,363.419613,27.539316,29.154106
395.670337,335.954226,29.910065,31.238352
402.195685,311.043699,29.868813,33.296360
402.166787,310.113871,30.304951,34.269802
407.326047,288.900789,31.853344,35.689594
418.183900,249.273285,33.051548,36.507202
423.751077,231.385393,33.080860,36.449398
430.699523,215.523556,33.296303,36.107384
436.468719,201.209673,32.775627,36.044903
436.101920,202.015369,32.358345,35.704781
442.465957,189.775736,32.340355,34.116085
453.801566,170.435890,32.085991,32.877037
459.323588,161.787735,32.040970,33.460152
465.268525,154.704567,32.237659,32.252327
471.473187,150.120735,32.685772,32.601601
476.268031,147.275629,32.053024,31.379978
476.053855,147.057446,32.170540,31.687895
487.871013,143.894352,32.166473,32.181534
494.076718,145.201668,32.578320,32.367287
498.489989,147.202030,33.184166,31.362656
505.624444,151.178504,32.112492,31.572626
511.235682,155.742723,31.769318,31.541630
511.044038,156.009920,31.884632,30.903736
523.043860,170.791002,32.763084,32.196369
527.414161,179.449589,33.448036,34.574875
532.771499,189.755592,33.344582,35.052254
538.761661,201.385933,33.953918,35.716560
544.273925,215.336206,33.864693,35.482029
544.496623,215.703369,33.251373,35.534050
556.446282,248.172915,31.505863,34.500660
559.919282,264.387156,33.193211,34.019779
566.256672,284.341604,31.074476,35.367184
571.323235,303.603029,30.678701,34.258686
576.367311,324.295420,30.246708,33.455784
576.943709,324.487925,29.728371,34.201832
583.621081,369.095676,30.840317,32.767563
587.905463,394.165998,29.557472,32.032848
587.353173,395.659608,29.783085,30.564749
585.155062,377.999984,28.077547,30.800379
579.817502,360.832453,28.715710,30.114262
579.481455,360.055047,29.232042,30.208853
573.969290,323.258715,30.151484,33.163158
569.407601,309.618003,31.408543,31.555864
566.611583,297.415077,31.159729,31.744202
562.381413,285.448576,31.522762,33.144001
559.587173,274.444477,31.293022,33.456139
559.684758,273.881897,31.200756,34.371735
554.116904,257.139236,32.131905,33.181671
551.540500,250.409662,32.285400,33.948025
548.519254,246.994280,32.584026,33.621929
546.552184,242.581272,32.821190,34.769737
545.070956,241.053186,32.456604,34.372631
545.256730,240.959623,32.090977,34.067585
542.969913,240.879223,30.675840,33.409248
538.545504,243.505239,31.711473,33.996861
536.459181,247.826805,31.573420,33.219528
533.608277,253.136854,31.976109,34.421635
529.474977,260.117990,32.875904,35.134045
529.781213,259.373075,33.045841,35.317554
523.564132,279.589048,32.918800,33.895817
519.769263,292.041559,33.680000,34.368572
516.304780,305.460312,33.342365,32.881790
512.122403,318.364965,32.934521,35.237095
509.309022,335.093668,31.899479,34.292110
509.534700,334.852877,31.540667,34.081280
500.773014,373.802765,29.413465,33.047516
495.751666,396.905301,27.242401,28.319693
500.657768,401.931587,30.823400,30.192078
519.832599,394.808599,34.271988,30.249746
543.082314,391.568321,33.070774,30.517303
543.096616,392.634670,32.963604,29.058784
587.535729,383.664040,31.931263,27.419556
607.128243,384.571149,31.057346,31.011343
629.985373,384.394650,31.443399,33.233559
651.549009,387.580418,29.962412,31.009331
672.735609,391.858525,30.915796,31.633093
672.888670,392.332378,30.506266,31.620247
717.894979,405.346119,31.185984,31.026421
738.187148,413.005707,33.206062,33.032944
758.580665,423.596479,33.817299,32.650455
780.719872,435.382860,34.649174,33.599194
801.429614,447.490921,32.740997,33.493896
801.578492,447.940439,32.836552,33.759640
846.150983,482.246181,36.177685,30.443718
867.616263,498.539551,36.728096,34.112778
889.923396,518.173098,34.830933,34.091427
903.962390,511.718578,29.818268,32.961617
907.633742,478.334469,31.278419,32.943680
907.567626,479.066612,30.756126,32.665199
918.565907,415.899311,31.523022,26.986414
922.886189,376.308688,31.382351,36.129055
926.059527,349.384484,32.433716,34.663811
930.080058,319.740848,32.917770,34.702961
933.762975,296.193423,33.480663,36.755970
933.056361,296.250607,33.692520,35.948471
943.462523,251.790158,33.132515,36.417801
947.276361,233.029248,33.020969,36.989975
952.059289,215.586108,33.882603,38.257359
955.216634,199.570176,33.681286,37.973763
959.136064,185.138759,33.263432,37.950428
959.465293,185.407943,32.925255,37.286938
967.092359,164.090381,32.586071,34.399616
970.036422,155.129827,32.582161,34.309174
972.697909,147.346356,32.849197,34.683853
974.805762,141.020425,32.018425,33.744362
977.875366,136.581052,31.748236,33.385925
977.596750,135.717664,31.452639,33.523880
981.672368,131.636050,32.933163,34.706745
984.044448,131.747659,33.590340,34.127678
986.871800,133.913918,32.499783,33.253563
988.461513,136.263135,33.289978,33.872986
991.673936,141.226701,32.889103,32.353554
991.803681,141.069327,32.817097,32.339855
997.633315,154.242560,32.123802,34.500774
1000.808791,163.156596,32.070473,34.416782
1005.241811,173.402974,30.470211,34.233322
1007.676123,184.888824,31.277933,35.034664
1009.871887,199.118396,31.316626,34.166813
1008.831319,198.835984,31.532589,34.272102
1016.139992,228.224133,30.640402,32.896881
1016.451135,243.822953,33.442280,34.590202
1020.259097,262.092858,29.351654,31.742989
1023.969388,282.518712,31.164883,33.653976
1026.432384,302.720840,30.410337,31.737621
1026.330499,301.589968,30.411716,31.862600
1031.960392,346.610092,29.874754,31.222620
1035.544888,372.505239,27.380079,28.397169
1040.266010,397.010805,28.158323,26.827765
1044.137328,410.213459,27.245445,28.121401
1040.435230,390.986017,23.276617,26.799238
1040.423669,390.393237,22.766155,26.791576
1025.981861,344.736218,28.235617,23.385008
1022.679828,314.519743,28.187874,32.463818
1016.738900,292.724346,28.326458,34.411819
1011.096522,273.737635,29.685158,34.763523
1006.664612,253.850742,28.740721,35.020027
1005.184614,253.602627,30.412798,35.367729
998.290344,221.552860,29.906752,34.220558
992.414412,206.377012,32.437973,34.755360
987.194076,191.872795,33.212326,34.221497
983.307937,180.964594,32.651123,33.408413
978.709369,170.358707,32.548561,33.206276
979.698050,170.433226,32.627686,33.846775
972.094698,151.628359,31.809778,35.340374
967.725251,147.004488,33.039532,34.134228
964.259482,141.370340,32.926010,35.021954
959.748065,138.907352,32.765144,34.415108
956.209489,138.371874,32.888546,33.223751
956.304841,138.415245,32.454128,33.119781
947.692208,139.463844,33.359478,34.068954
944.105857,142.312727,33.532196,34.136570
940.904716,146.972679,32.802551,33.774124
937.010861,153.577860,32.643345,34.548397
931.583749,160.155060,34.197414,34.998459
931.836026,160.044022,33.740086,35.333923
923.416976,180.827604,33.799332,36.023640
917.470403,192.175835,35.074986,37.117508
912.735332,206.171764,34.583565,35.849266
910.015195,220.541765,33.029957,38.049450
904.621791,237.497643,34.313423,38.538742
904.512816,237.192923,34.864899,38.816868
897.007958,275.196600,33.523876,35.189548
891.962951,298.384329,33.006836,34.233738
887.983373,320.467920,33.337254,35.045849
885.755072,349.805879,28.631914,31.098036
881.632977,374.936335,31.575977,32.669155
881.379205,374.223698,31.922497,32.721230
873.279776,427.078548,31.660173,35.423180
870.565474,457.870073,30.890535,32.597546
864.751605,484.739066,30.793510,31.788973
853.044749,477.897926,29.031609,30.675674
834.245540,452.797898,33.051407,31.570532
834.676053,453.216963,32.666012,30.343075
798.787719,411.159197,33.767212,32.826328
781.329515,395.450212,33.658382,30.137196
764.871745,377.675707,33.625084,32.334652
745.367080,359.038500,38.315369,35.939938
729.798738,348.866619,34.696331,34.306816
729.569619,348.912844,34.341930,33.851192
696.696731,327.941666,36.504700,36.264420
682.181352,319.304462,35.319393,36.013527
665.770511,314.424004,35.835457,34.908981
648.469497,309.315733,34.885696,35.174854
633.296744,307.599993,35.651886,34.670498
633.488187,307.028215,35.739719,35.039196
600.768771,306.375412,35.644112,32.766068
586.251885,309.029387,34.170513,31.805820
571.344739,312.232941,33.447315,34.065186
555.708426,316.172230,32.334702,32.828331
539.967366,322.662912,33.008900,32.788296
539.280454,322.333828,33.146976,32.571541
508.270565,342.485394,30.614843,31.012579
494.397120,353.309798,30.398157,30.812654
478.073372,363.951213,30.794485,31.477564
463.497352,377.778560,31.650696,30.746759
448.198062,393.052322,28.905090,28.320541
447.765907,393.017579,28.974386,28.187681
432.899084,407.776639,30.197527,29.699575
404.664939,443.953059,29.153381,29.196192
391.594651,463.690178,30.023251,30.996826
390.599678,453.997750,28.445707,31.927000
395.045341,432.359533,29.104033,32.629665
394.688463,432.070213,29.949488,32.614662
399.784283,410.311394,29.780172,32.877289
408.009338,374.950962,31.977583,32.876274
414.183648,359.351643,32.380749,32.189308
418.165189,346.118589,32.324924,30.771992
423.456712,331.012381,32.700695,32.972324
423.183755,331.462128,33.417492,33.677963
427.929927,320.839552,32.274284,33.753452
436.177911,302.871719,33.122097,33.650543
440.877368,296.617657,32.681511,33.001213
445.066686,291.408287,32.193851,34.213791
449.410462,287.858463,32.758068,32.792503
453.952851,286.398933,32.439495,33.416458
454.203141,285.644068,32.503689,33.754955
464.394179,285.769089,32.230499,32.323746
467.772437,287.743645,31.920441,33.053345
472.400952,291.146322,32.578220,33.520405
476.336564,296.012484,32.583050,32.715313
481.471173,303.025995,31.527805,32.641918
481.761904,302.361937,31.712030,32.561680
492.169650,319.177629,30.613655,32.768017
495.822776,328.824625,31.583405,32.945675
499.596672,341.255965,29.260817,31.162401
503.047248,354.373640,27.357758,31.450611
509.829070,368.485743,28.526749,29.435863
509.068105,368.437263,28.590504,29.612061
519.290124,402.366552,29.091946,29.285145
522.262963,419.354749,29.111462,27.879568
526.768993,421.901883,31.226171,27.725912
526.518302,404.028399,27.811401,26.827501
524.700023,379.514479,28.917900,29.850124
524.973854,379.311935,28.499342,29.938576
520.229681,334.047380,30.080462,29.118076
519.856974,312.553557,29.106119,31.512972
518.402808,295.679145,29.637924,31.272562
516.517972,277.593778,30.015842,31.360304
515.014723,263.225647,30.060656,31.201736
515.923190,262.831053,29.581429,31.419163
513.509771,237.923981,31.002581,33.316383
512.739702,227.433140,29.939554,32.892670
512.584217,218.581131,29.905462,32.252312
511.047436,211.117221,28.842550,31.378496
511.012797,205.588354,28.804237,30.609600
510.934756,205.654167,28.844643,30.816658
508.379312,197.157763,29.260845,30.287266
506.127690,195.267119,28.982258,30.066721
503.731894,194.844889,29.150848,29.822269
501.701852,194.744017,29.087307,29.652157
498.804008,196.961724,29.442610,28.499685
499.301642,196.769204,29.486603,28.779547
492.818757,205.303098,28.635540,29.446226
487.872372,210.841457,29.297247,30.038055
483.055487,217.927477,30.290621,30.472477
479.258319,225.328899,29.311531,30.956665
474.433733,235.349498,29.538446,30.742311
473.503949,235.377992,29.801807,30.805624
464.638094,256.724191,28.300791,30.464376
459.906701,271.172807,28.040218,30.172598
454.238772,283.631433,27.722343,30.618673
449.047744,298.680959,28.123871,29.412657
445.162489,315.091227,26.840334,29.397861
445.365650,315.419155,26.396612,28.708847
453.741260,296.198592,27.563637,28.331858
462.168513,279.934097,28.174034,30.576836
470.823628,263.274596,28.019642,30.943644
478.897019,248.864466,30.086636,33.339474
489.071713,237.255958,30.561543,31.227358
488.321902,238.046626,30.238426,30.937693
510.009619,217.958188,28.916445,29.750738
519.717422,208.782428,28.382065,30.573801
530.077889,201.085861,30.240337,31.174622
541.429746,195.472376,31.540104,29.025509
553.156047,191.972537,30.299858,30.465754
552.729976,192.422408,30.882027,29.839144
575.366297,187.348487,30.690134,29.775957
587.094267,187.057750,30.824007,30.036478
599.457761,187.374402,31.500324,30.137533
611.228630,189.174269,31.634367,32.071934
623.456494,193.542649,33.192310,31.556578
623.280543,193.772371,33.335152,31.076839
649.497549,204.862436,30.707277,31.956051
660.298629,212.314627,34.589432,34.387119
673.496934,222.670353,33.367687,33.687202
687.248916,232.589289,33.422226,34.510937
696.809638,246.004875,36.484131,34.111877
696.285674,245.407227,37.170151,34.186142
726.141540,275.727444,34.725586,36.216835
739.111976,292.805109,34.687958,35.117565
753.014619,310.351240,33.189678,33.963963
766.542695,331.949736,34.108639,33.448292
783.462929,356.837078,28.426100,28.926842
782.956181,358.111850,28.320959,28.463907
811.184522,401.354969,28.932560,32.306038
824.573833,426.866743,29.875708,32.475559
836.958973,458.940573,30.035284,30.908207
846.488210,467.183830,35.471577,36.740295
845.418270,440.680269,30.173117,34.425335
846.163313,440.271132,30.114473,34.321308
845.601486,390.646955,29.096861,31.746532
845.219834,366.367609,29.007504,32.335957
840.179988,344.611041,32.140816,31.273066
839.664783,321.564150,31.237631,33.341557
838.983410,302.274965,31.570211,34.283428
839.192837,301.406368,31.462011,34.888573
834.081737,268.494032,32.913033,35.073551
832.811196,253.488823,31.860912,34.599228
831.574012,240.332809,33.084351,35.941315
829.630398,229.459242,31.739431,34.175282
828.758172,218.715036,29.870098,34.572033
829.037925,218.086742,30.501862,35.310722
824.902755,202.717268,32.220108,34.434452
822.576394,197.094713,32.862179,33.490337
820.593812,192.625099,33.656658,32.210251
819.191260,190.473589,32.862350,32.802807
818.791990,188.939697,30.413134,33.214096
819.357437,188.750734,30.183546,32.915905
814.927953,191.070255,32.504169,32.025719
812.334674,193.227562,32.949181,32.360306
811.439221,197.794155,30.363255,32.457527
810.515955,202.460443,30.919123,33.489788
808.050321,209.575766,33.365406,35.038853
807.989749,209.193979,33.127525,35.407742
804.985591,229.718645,32.170540,33.948498
803.751716,239.654411,33.666870,35.861374
802.479379,253.044750,32.898556,36.576546
802.317907,268.352648,30.582262,35.316906
803.217624,284.076794,31.168266,36.020622
802.788259,284.673630,31.155888,35.881485
803.356022,320.239058,31.240271,34.706165
803.364914,342.410891,30.372114,34.559811
801.544454,364.825537,30.886555,32.870350
803.232443,387.618509,30.945177,35.042400
805.370767,410.827154,30.331753,35.766743
805.194955,411.424839,30.204693,35.672050
806.909488,453.129677,32.701317,30.099716
810.118625,427.857422,31.221046,33.521202
813.090464,395.693220,30.564447,34.532871
814.967695,366.150301,31.900988,31.708591
817.092334,334.596134,29.408592,32.372238
816.990060,334.843327,29.644512,32.841339
820.549533,276.700077,31.245979,37.926929
822.020825,251.113251,32.208363,39.358044
823.098063,227.345039,32.919228,40.332531
826.326041,205.323658,32.766251,39.240910
826.705794,185.743826,33.568146,38.821213
826.937745,185.341322,33.485363,38.991211
829.663409,150.133587,32.833046,36.581699
830.915521,133.743145,33.344433,37.908527
832.422214,119.744518,32.179451,36.031696
834.434259,109.407343,31.792093,34.594185
836.119143,96.597874,33.061150,36.067875
835.107776,96.904379,33.961845,35.793228
839.059384,79.036482,33.028645,34.977844
840.994294,72.114370,33.462093,34.269577
843.393821,68.730532,32.564896,34.669228
845.637736,64.629309,33.217049,34.528107
847.652320,62.987385,33.334869,34.585987
847.726052,63.714197,33.590221,34.618782
851.891836,63.687243,31.349077,33.021385
853.529652,66.847292,31.890829,34.639671
854.898435,71.037128,32.818638,34.537861
856.392888,77.775209,32.946995,34.444374
858.206014,85.707972,32.853916,33.308037
857.951432,85.634872,31.977871,33.555172
860.783995,104.524117,31.402834,34.403759
861.734139,114.942488,31.187756,36.142944
862.859952,128.335842,32.224064,35.150394
863.758302,143.111338,32.548214,35.393913
864.527375,159.203590,32.494610,35.686855
864.749101,158.845263,32.656872,35.975121
866.269088,193.886637,32.937286,38.353996
867.166243,214.550423,31.065432,37.691921
869.062774,237.346779,29.651230,35.394131
869.490409,259.493113,28.374847,34.821144
869.342155,279.901255,28.404341,36.170067
869.365261,279.777500,29.069967,36.791569
871.930050,330.273136,26.870581,32.356663
874.459566,359.916741,27.509089,31.134806
874.404876,389.868257,27.990005,29.224787
874.849312,415.749068,29.258085,31.965345
872.826243,444.066305,29.786705,31.025558
872.411395,443.442625,29.804405,30.996765
834.635036,383.435820,31.672438,34.417183
816.056218,354.218597,33.801785,36.205097
796.605058,330.138947,34.422123,34.503963
778.036056,307.120360,36.724815,31.211843
760.357444,284.452290,34.432930,35.051281
759.413096,284.674404,34.678909,34.960918
723.144973,243.433575,37.982224,38.015408
706.098203,228.249559,34.137455,36.234253
689.100717,213.163565,34.296215,33.472191
671.020537,199.441113,35.749817,35.005703
654.545951,187.044083,33.723526,33.386387
654.522561,186.060110,33.655209,33.358177
638.232690,176.321637,33.493893,31.785669
603.810916,158.028286,34.320518,34.108471
587.332913,151.798943,34.267673,33.161732
571.502427,146.633444,34.536724,32.110817
555.993110,143.087180,32.100677,31.198126
554.806525,143.038110,32.959137,31.736437
541.202462,141.950714,33.319378,31.348164
510.028295,142.080154,33.420124,32.055775
494.531922,144.525385,33.717510,32.986298
479.795680,147.559012,33.348656,30.890676
465.129967,153.017424,31.798674,32.832832
465.488859,153.882795,31.755648,32.451775
450.555226,160.260235,33.744465,32.465908
424.497720,176.724255,32.363293,33.220242
409.387437,187.559189,33.296764,32.788731
395.793553,199.320578,34.654621,33.309364
382.259593,212.484520,33.636787,33.537083
369.517518,228.315638,33.662899,33.342606
369.656333,227.905111,33.712296,33.629311
343.808012,260.237505,31.787523,34.319427
330.782538,278.579037,32.628189,34.223690
318.449456,297.174107,32.820538,34.263805
306.327781,318.556620,31.133041,33.523041
295.208335,343.003221,29.167007,30.697115
295.170097,342.978745,29.121901,30.718798
280.091777,363.356763,29.008812,29.953836
285.441425,343.756033,28.964331,32.327065
291.952371,321.006008,29.099072,33.113796
298.198192,302.997992,28.540428,32.664955
304.755311,286.990202,30.173611,32.177544
304.417753,287.010525,30.813112,32.447842
318.271930,256.307014,30.821297,33.136341
324.423630,243.137871,30.435743,31.006702
331.894253,232.007450,28.484488,32.372250
338.807427,222.074173,28.785717,32.697498
344.151063,213.636839,32.284145,32.187004
344.148114,212.696976,32.496174,32.582951
356.619976,198.990467,31.813360,32.943523
363.020408,194.305664,31.751495,32.348438
370.436573,190.390514,31.576895,32.116192
378.514249,189.158884,29.437870,31.084045
385.365001,187.181871,30.332787,31.620880
384.874897,187.952546,30.821234,31.756182
398.428825,190.108259,31.930220,32.846764
406.255232,193.957790,31.618029,31.765667
412.834683,199.427622,32.274036,32.748550
420.124690,205.170212,34.110512,33.062794
427.874234,212.716581,32.267445,32.998833
427.570764,213.046232,32.510418,33.096321
444.787827,234.034464,29.698635,34.742493
449.869571,246.304878,31.705101,34.655491
456.208356,257.894197,32.386616,36.109985
462.958793,273.141930,32.828781,36.951405
468.658992,289.773632,33.856697,37.281353
468.707124,289.994751,33.582272,37.452854
484.646952,328.392229,31.286493,35.205688
492.036394,352.496168,28.101755,30.299156
498.226651,374.427029,27.409946,28.309521
506.078140,396.116972,28.975798,32.787926
511.607770,422.590497,29.462315,28.532770
511.065919,423.003030,30.328365,28.867342
522.194531,405.738954,25.998035,27.917437
520.427387,367.171872,25.953100,29.959112
519.125261,331.037132,27.893991,36.431877
515.775918,298.994308,29.312359,35.134529
514.445733,266.625277,30.109447,37.386364
514.465090,267.148230,29.527246,36.436329
512.896266,214.466324,30.962288,38.242455
511.985813,189.724192,30.272024,35.207005
511.155544,166.357090,31.462393,35.360214
510.509949,142.721972,30.228971,34.633068
509.030595,123.147905,31.344860,36.596867
508.956388,123.490417,31.401798,36.166801
508.386066,86.636980,30.249044,34.449978
506.382973,70.476549,29.885893,34.508083
505.054978,57.845089,28.663174,32.975685
505.246840,45.211779,28.364550,33.438564
502.927629,34.892861,28.253794,31.683699
502.815676,34.205864,28.436716,32.660034
497.295459,18.498798,30.105751,31.437950
496.634786,13.063830,29.131382,31.284006
493.557827,8.906243,29.494574,30.538542
490.649661,5.716301,29.715233,30.250610
488.292679,4.646709,28.899534,29.932869
488.658453,4.601127,29.224993,30.152483
482.236680,6.851521,29.880688,31.014181
479.510956,9.179582,29.155088,30.236219
477.207433,13.517384,28.777271,29.777962
474.918248,18.392472,29.823429,30.596830
471.198011,24.621166,29.613588,30.417656
470.835929,25.107328,30.155273,31.862583
465.861248,41.934263,29.490026,29.208454
462.941928,53.245006,27.916725,28.885080
458.671576,65.061175,28.225922,28.573725
455.506699,78.281570,27.454100,33.235764
452.064089,92.000622,28.891718,33.276207
451.256205,91.790852,29.193521,33.271873
445.141974,124.051941,27.775177,32.997269
442.207384,141.181890,28.322367,32.144382
439.041525,159.226490,27.394106,31.353386
437.232976,178.621554,27.166431,31.517771
434.837208,198.715762,27.966772,31.820887
434.060527,198.414873,28.413429,31.911999
430.261205,242.379383,26.720005,32.710838
427.863471,265.195252,27.236328,31.714949
426.817296,288.897929,26.786732,31.363352
426.748805,314.252662,33.747490,26.019625
464.903394,316.424357,37.642078,26.045176
464.498923,316.640039,38.170013,25.601681
541.042117,321.359123,13.190834,17.900162
562.033047,329.026656,19.956274,19.522608
604.296584,329.557017,12.264206,27.334330
630.685506,332.500626,21.143147,28.249840
656.712491,339.789607,30.933338,29.224123
656.979144,339.167327,30.512642,29.213327
709.104216,355.762708,30.630968,29.973326
740.756951,369.210692,30.202374,29.844294
766.837436,381.213623,33.200096,30.756996
797.965064,396.985519,31.981201,32.118492
826.158361,414.463834,30.594606,31.811827
825.744768,415.014303,30.801020,32.189159
882.252763,455.869896,29.972103,33.892845
896.143952,458.540098,50.436825,46.772198
944.408130,500.369648,37.295158,37.262482
983.871635,530.608469,30.580488,35.158680
990.424156,531.413921,30.046476,29.525925
990.220492,531.139456,30.218315,29.246838
965.386823,495.489429,34.578342,35.109810
955.619366,475.410753,30.138327,34.798656
943.003512,467.537247,34.324150,33.625214
928.998735,456.752177,30.160471,28.347452
921.400010,445.659869,30.974285,31.648813
922.362323,444.776265,30.498955,31.972357
901.650189,433.394230,29.075573,28.971779
890.943023,425.855518,29.560303,26.680382
881.842084,422.204129,29.762470,28.881704
873.194434,419.524917,28.690399,31.261858
861.911872,419.289303,29.050842,30.175972
861.984200,419.257446,29.971462,29.871292
844.384943,421.315102,29.797632,30.023193
822.054266,490.964380,27.048052,12.855648
832.207956,479.073206,16.510485,22.207943
818.897431,442.177299,30.088261,24.354322
811.221519,444.463699,28.882256,28.813810
811.526088,444.394471,28.911728,28.767437
797.018769,462.990688,26.489124,30.984243
778.014256,443.069922,29.305311,31.255966
761.748981,422.962533,30.326513,31.606388
747.027716,408.614154,30.152826,29.680016
729.228502,392.073333,31.429644,30.973000
729.593640,391.298973,31.654827,31.295340
690.368926,356.437057,35.478767,38.199547
684.522397,352.800034,28.739910,31.414083
671.689660,344.416057,37.874760,34.267807
651.516957,334.989960,29.205853,31.039816
633.973386,327.549613,30.288319,30.861656
634.328769,328.070389,30.274055,30.687994
603.885173,317.207954,32.654694,31.360388
588.746774,314.606237,31.962177,30.929010
575.241384,313.456272,29.624493,26.685957
560.442108,313.738926,30.952772,28.582167
557.180518,313.608844,64.720215,28.877792
548.536427,314.257400,29.893087,29.107735
515.101923,320.307435,29.375925,30.192829
499.891763,324.832951,29.764484,30.380491
486.429091,330.270078,29.739502,30.470989
471.568797,339.819494,30.577942,27.651468
449.119681,349.521298,36.327049,29.856594
449.576407,350.060162,36.267235,29.813520
429.151430,372.880550,28.037188,29.371519
411.243971,383.989444,31.644487,30.832474
404.128493,383.877705,28.084122,31.681486
395.585996,365.378225,29.086231,31.016870
388.866068,347.975665,29.404306,33.351532
389.583790,347.705018,29.381292,33.125797
377.002742,316.000103,30.021187,31.046049
368.919354,301.975410,30.490421,31.309912
363.820745,290.048995,29.241764,33.809654
358.386364,279.635144,29.017706,32.783016
351.513915,270.346881,30.136871,31.472549
350.521924,270.692026,29.753803,30.784380
337.938878,255.516810,32.907948,33.170052
331.522241,250.386903,33.462795,33.437588
325.430129,246.951291,33.763123,32.981510
319.737718,244.608432,33.157696,32.423103
314.661172,243.724662,32.835155,32.278458
313.890809,244.254863,33.020107,32.269447
303.589166,246.595948,32.540630,32.315044
297.959058,249.073304,32.231251,32.943295
291.456866,253.286340,32.500450,32.958797
285.731324,258.842942,32.493069,32.767803
279.944827,266.592572,32.608727,32.864460
280.307111,266.479030,32.409611,32.036415
267.728952,287.924341,31.847055,31.247553
263.362493,298.713062,31.112202,30.452108
257.632551,311.954949,31.237535,31.789364
254.852242,326.906339,30.292217,31.729160
249.377197,344.987328,29.451490,30.549849
249.089838,345.439972,29.483286,30.569975
244.430863,364.179566,29.556194,31.684078
235.205322,403.567769,27.152143,29.208439
234.174516,398.694034,27.045513,29.166710
232.210652,372.229753,28.662556,31.812984
232.350539,348.969406,29.795242,30.900290
232.558545,349.888902,29.737415,31.099827
232.580356,322.624515,31.568687,32.858383
233.380319,280.429305,32.170040,36.863808
232.947345,262.734149,32.025764,36.771759
233.838317,246.616694,32.104691,36.727539
234.638787,231.847823,31.298412,35.826042
234.864789,232.024495,31.597431,35.937313
235.475827,219.335843,30.852650,36.064846
237.238027,198.373725,30.047810,32.498978
236.979160,190.008491,30.471930,32.051819
237.703200,183.055051,30.200287,32.274113
238.785444,177.735826,29.923647,32.188961
238.152205,177.816961,29.884781,31.587984
238.829563,173.908303,30.351110,31.904629
240.040836,170.461441,30.707861,31.944746
240.293050,171.076634,31.402073,32.127186
241.315199,172.754027,31.849016,31.900467
242.175269,176.356868,30.795914,30.665108
242.841828,181.336683,29.843319,29.327379
243.000078,181.727725,30.001230,29.191612
245.669165,194.571787,29.045885,30.189798
246.139087,202.067597,29.416359,30.403255
246.779688,211.301139,28.961115,32.473572
248.364203,222.108409,29.103012,32.381218
249.262530,234.741502,29.292946,33.044689
248.974224,234.715446,29.185980,32.807312
250.979617,260.533952,29.400856,34.675716
251.202262,277.347861,27.765518,32.221786
252.202892,294.556886,26.486380,33.315853
252.250173,311.482024,26.696049,32.146942
253.024797,329.905075,27.397943,31.635801
252.505687,329.891332,27.569817,30.939625
306.132624,336.842246,26.307947,28.295486
351.966873,334.802714,28.969587,26.213966
396.804583,325.395728,31.746912,27.043877
441.929160,322.656309,36.892426,27.390070
488.278558,322.763341,37.865063,25.722805
488.775393,322.777930,36.533379,25.689003
545.795871,274.561481,30.337425,71.422325
623.019391,326.072207,35.915562,29.114250
667.282851,327.820243,36.552155,31.134033
709.345569,334.986866,35.236382,28.236914
753.364705,349.029562,32.351597,24.241030
754.845170,347.205644,32.922085,25.793179
698.306603,345.935903,28.441311,33.063801
677.847745,355.267515,26.615276,24.751940
676.204489,355.461831,26.921381,24.339642
674.051819,354.576812,26.808989,24.451027
672.433384,355.293571,27.017324,24.262686
672.703188,355.091031,25.963572,23.980083
669.187204,355.030839,26.326265,23.808025
667.522491,355.043447,26.975904,23.914850
665.046817,354.611087,26.949432,24.165619
663.716282,354.841991,26.952948,24.152098
663.303714,355.098586,26.890015,24.403740
663.474362,355.051970,26.316463,24.217936
662.127416,355.048240,26.670513,23.934456
661.012134,354.928864,27.093552,24.117565
660.640304,355.261586,27.054153,24.133411
661.807785,355.416326,26.062757,24.317753
661.388574,355.065921,25.962605,24.068863
661.316931,355.115688,25.777155,23.931158
661.163301,354.909890,26.045656,24.387074
661.380215,354.882081,25.924444,24.416058
662.546513,355.084271,25.903845,24.779247
662.064776,355.372650,26.213409,24.528837
661.846596,355.385922,25.967176,24.549709
662.791373,355.403481,25.450043,24.425983
662.797073,355.386190,25.893179,24.379549
662.761655,354.909343,25.760563,24.385017
662.796066,355.129132,26.304808,24.414623
664.273140,354.909063,25.300611,24.359560
664.275981,354.917546,25.757042,24.239658
663.486906,354.827479,26.180399,24.371323
664.919077,354.885851,26.022219,24.595583
665.738354,355.098749,26.002363,24.524485
666.290533,355.378951,26.383951,24.461006
667.849420,354.717785,25.579060,24.394072
667.950085,355.244155,26.297453,24.457115
667.494930,355.004283,26.211866,24.467918
671.054410,354.799568,25.721447,24.390066
671.329963,355.145204,25.977486,24.424717
673.118617,355.572421,26.094574,24.380821
673.238194,355.428322,26.399206,24.830130
674.729145,355.479558,26.648794,24.645306
674.476552,355.515644,26.451221,24.501783
677.330980,354.662351,26.310053,24.633564
679.834371,354.849050,26.001499,24.448032
680.921334,354.338611,25.490383,24.534203
681.671288,354.590375,25.836561,24.220394
682.343513,354.904140,26.063375,23.983040
683.222833,355.029571,25.956608,24.083466
686.190187,354.840725,26.875660,24.524382
687.536576,354.312795,25.686039,24.655483
689.164455,354.480783,25.348249,24.420795
690.576413,354.963405,25.863201,24.254135
690.930932,354.800432,26.037693,24.655489
691.970170,354.203313,25.775074,24.801266
694.211164,354.285845,27.310711,24.952616
695.879075,354.300015,26.391117,25.228367
696.917314,354.401589,26.240620,24.941998
697.961826,354.371825,26.414106,24.972488
698.455122,354.855120,26.655542,24.639658
699.306228,354.372575,26.030128,24.466183
700.976482,354.868429,26.017118,24.426912
702.550606,353.447580,26.400000,25.624628
703.459511,354.269891,26.415854,24.881771
703.933043,354.624898,26.765848,24.867237
749.888862,302.558565,25.476967,18.690575
748.963153,283.897249,32.303383,36.336761
740.892179,313.464582,30.743486,34.813469
736.813206,330.451754,31.414068,34.772385
732.120094,348.060404,30.696333,36.337158
728.650141,369.940292,28.180857,33.916264
723.846282,393.172842,30.458374,33.146095
724.265354,392.969374,29.025061,33.365746
714.580499,439.099649,31.264355,35.181885
711.514989,462.095302,29.552082,31.404051
698.227408,449.228680,27.852844,30.746593
676.124422,429.899739,28.784029,30.491144
657.542512,408.575793,26.786640,26.573233
656.857972,408.607786,28.116550,27.461990
615.147473,371.230139,34.057106,34.083862
594.721156,355.719916,34.538784,30.865782
575.145377,342.191483,34.121922,35.019024
555.921103,329.349718,32.900654,34.091377
537.190175,319.558607,35.298836,34.372498
537.058370,319.274542,35.340950,34.750793
500.306161,303.805788,33.820419,33.096870
483.797822,299.369240,33.080063,32.740078
466.078012,295.935980,31.497015,32.583923
445.447724,293.192461,34.906990,33.282707
428.634727,293.126232,35.231487,32.747395
428.702878,293.322470,35.047287,32.831955
394.858685,295.136349,35.305840,32.333363
379.253541,298.618265,34.098221,31.766579
363.780863,302.541346,31.986525,32.677010
348.256013,309.013191,33.169662,32.309994
333.429931,316.144398,32.392994,33.129230
333.258172,315.699318,31.744461,33.137814
303.117703,336.345813,29.216431,31.768637
288.966166,350.378100,30.522833,30.346182
274.230524,363.243290,27.367094,29.105259
258.364192,377.789005,29.162144,28.538990
241.417970,394.765285,29.959427,27.383490
241.395452,395.383170,29.816948,27.785124
216.624525,419.753850,31.482565,30.286989
217.425919,402.773008,30.416887,34.084488
224.313843,376.144362,29.974443,31.528387
230.345545,351.250523,31.565687,32.435352
239.174391,324.898972,30.073385,33.122890
239.345905,324.758532,29.773218,32.998131
252.418688,282.085777,31.511808,35.410328
259.507768,262.611515,32.154144,35.459667
266.262099,245.605135,32.218555,35.808151
273.206049,229.104698,31.764982,35.397953
280.268863,214.517698,32.539639,36.070442
279.852712,214.420851,32.382088,35.678719
295.277476,191.017725,32.008877,33.885094
303.207233,180.805515,31.995127,32.746479
311.398491,173.028276,31.462999,31.815712
318.345212,166.072487,31.630455,31.509624
326.888999,159.097478,32.241215,30.525713
326.288841,158.836833,31.984301,30.887671
342.813195,152.003354,31.455826,28.706362
349.701150,150.027480,31.998596,30.884718
357.319884,150.867510,32.114277,31.145302
365.525369,152.349533,32.057495,29.815243
373.631503,154.102947,32.493969,31.965900
373.410468,154.266993,32.355183,31.621971
388.314153,164.694403,32.799416,33.382782
396.168401,172.282057,33.155678,34.330841
403.161115,179.796522,34.833961,35.071976
412.030307,189.851458,32.966564,35.073418
419.330716,201.442856,32.671318,35.274456
419.407405,201.706930,32.288219,35.737503
434.922849,228.021154,31.189034,36.193130
441.830930,244.930347,31.663124,35.622196
449.102910,262.003620,32.084755,35.250629
455.355891,280.668591,33.547009,36.025181
464.077489,301.093794,31.953896,34.250626
464.241128,301.814547,31.774582,34.111244
479.083224,348.625656,28.103573,29.362591
486.360090,369.834008,28.434118,30.645853
493.138724,394.255398,29.678257,31.823170
499.111641,418.533618,29.464830,29.766577
500.889287,413.995522,29.965996,30.273083
501.144918,413.359302,29.470938,30.436392
511.804397,396.731267,30.916706,29.596994
516.913658,390.413624,30.462557,29.777721
522.543567,386.165713,28.974545,29.478025
526.015133,383.383291,30.608515,29.586678
531.767989,379.699967,29.682560,30.006502
530.943903,378.859215,30.432249,30.935520
536.968492,380.070680,29.379929,29.675249
558.909747,383.175734,39.877941,30.734444
608.430088,401.237481,31.510477,29.429094
646.035216,416.856682,35.510380,37.064930
708.894273,354.369255,27.955414,25.524769
709.383486,354.417396,27.614241,25.045691
708.615957,354.611630,27.093603,24.720118
705.328698,354.686604,27.857254,24.867487
704.508613,354.872372,27.404392,24.745480
702.627453,354.449303,26.094942,24.571323
701.245945,354.781373,26.968805,24.854494
700.630317,354.862091,26.904331,24.745136
698.896071,354.899010,27.484035,24.638737
695.567888,354.656511,25.785200,24.251465
693.626647,354.784592,27.163960,24.571705
692.185266,354.970594,27.177681,24.588417
690.454432,355.064685,27.111433,24.755415
690.532724,355.199377,26.694136,24.997002
689.331316,354.739632,26.854879,24.528309
688.399606,354.483147,26.433853,24.518726
687.331751,354.578517,26.756590,24.924955
687.281151,354.710681,26.675112,25.244795
687.730071,355.087922,26.797215,25.121889
688.937590,354.613854,26.299597,24.683672
688.770633,354.841395,26.601871,24.953886
688.995605,354.663337,27.294445,24.994864
690.319448,354.685913,26.630857,24.500660
690.650236,354.693728,27.139341,25.092070
691.187866,354.651823,27.090998,24.634239
692.225490,354.800321,26.844212,24.779398
692.460108,354.806522,26.734991,24.421795
694.619084,354.612093,26.192322,24.542931
695.714234,355.030222,26.506584,24.534973
696.248286,355.021200,26.870869,24.708519
697.084220,354.781331,26.313000,24.260035
696.991056,355.284889,27.031210,24.498295
697.279273,355.140611,26.749348,24.192217
697.507943,354.979036,27.007492,24.788849
697.832575,355.298832,27.470304,24.728161
698.309373,354.961405,26.713913,24.568573
698.490049,354.682861,26.569662,24.439655
698.015027,354.742378,27.035965,24.727879
697.623767,354.898662,27.046741,24.729261
698.415445,354.873275,27.116140,24.945318
698.797835,354.672946,26.994701,24.617857
698.184447,355.010115,27.346279,24.871315
698.556211,354.762901,26.469009,24.281773
698.494787,354.953155,26.972898,24.546812
698.734668,354.648906,26.121082,24.190664
698.113181,354.593848,26.650967,24.392218
698.672798,354.430041,27.021753,24.582701
698.250557,354.796963,26.646029,24.787472
698.801094,354.540608,26.111742,24.440790
698.554864,354.883372,27.421638,24.729399
698.354027,354.692181,27.136927,24.525494
698.732080,355.147510,27.396002,24.879759
698.543519,355.128950,27.017876,24.619270
698.305867,355.114664,26.780716,24.461090
698.436421,355.291946,26.948273,24.623066
699.124825,355.018639,26.448923,24.410191
699.039755,354.908053,27.497145,24.888914
699.257023,354.787131,26.898699,24.354483
698.450048,354.697351,27.490210,24.797211
698.507233,354.453379,27.354326,24.841980
698.627857,354.496256,27.616373,25.648407
699.496699,354.655944,27.364437,25.547735
698.845551,354.514499,27.280258,25.290174
699.849069,354.394208,27.122803,25.576258
699.918435,354.510783,27.374084,25.047453
700.342093,353.735003,26.776327,24.979416
699.528258,354.212905,28.019978,25.569464
699.761913,354.335405,27.405024,24.904556
700.318859,354.433418,27.203928,25.084324
701.183597,354.588871,26.889172,25.080822
700.638027,354.683132,26.757868,25.009106
700.896472,354.923725,26.701946,24.787411
701.143003,354.671057,26.253271,24.404091
701.682894,355.129478,25.982038,24.594519
702.693304,354.749203,25.079000,24.374393
702.900885,354.378413,26.168386,24.682035
703.116029,354.060720,25.935318,24.958160
703.303530,353.663473,26.342039,25.055855
703.019024,354.125669,26.502024,25.040140
702.771838,354.822318,26.622478,25.078527
703.259718,355.118775,26.251287,24.988939
703.180793,355.128537,26.084873,24.490091
703.197765,354.464450,26.113108,24.820410
703.707224,354.451509,26.188322,24.798820
703.221186,354.673128,26.462721,24.795769
703.429893,354.047297,26.716829,24.958838
703.142984,354.131000,26.696089,25.134283
703.918085,354.169732,26.503462,25.167749
703.330875,354.414721,26.825769,25.333075
703.528572,354.302641,26.909227,25.190933
703.476997,354.716240,27.377565,25.812969
702.974853,354.784054,27.005589,25.200794
703.243244,354.678568,26.714518,24.897957
703.418416,354.416981,26.497459,24.891254
703.208112,354.900979,26.797417,25.280207
703.410449,354.748760,26.536404,24.854969
703.366555,354.422815,26.576813,24.847588
703.076033,354.956105,26.973196,25.382280
703.255469,355.030561,26.488346,24.873627
703.127010,354.953971,26.395807,24.876692
702.985146,354.863289,26.307772,24.793774
703.143328,354.979147,26.797621,25.268188
703.153584,354.812196,26.706841,25.032312
702.611735,355.052458,26.688961,25.277176
703.129381,354.029124,26.705046,25.330633
702.842101,354.495284,27.225330,25.861769
702.967564,354.285114,26.927286,25.408436
702.822871,354.825469,27.134075,25.818037
702.935117,354.694465,26.728615,25.187117
703.308533,354.703988,26.565340,25.486811
703.223825,354.494787,26.366056,24.921066
702.789430,354.879164,26.819611,25.339142
702.786210,354.600619,26.416611,24.973715
703.583842,353.797824,26.456158,25.344076
702.808248,354.713712,27.202278,25.553514
703.435390,354.971245,26.644068,25.438305
703.449237,354.744012,26.412746,25.161524
703.310597,354.498511,26.436943,25.297529
702.770650,354.830156,26.718315,25.386833
702.879948,354.770738,26.504328,25.023813
702.863077,354.741026,26.258558,24.854385
703.220530,354.616766,26.508970,25.338577
703.709920,354.666063,26.493965,25.482430
703.383696,354.891253,26.610434,25.331581
703.412005,353.702652,26.381985,25.243427
703.338747,354.362344,27.018797,25.360582
704.944126,353.680887,26.460489,25.160675
704.871145,354.626015,27.156347,24.943668
704.803718,354.337934,26.700687,24.480553
706.484997,353.821486,26.735773,25.245375
707.502455,354.505065,26.436361,25.007811
708.872370,353.682156,26.755781,25.148228
710.280030,354.263145,26.809418,25.119564
711.327895,353.834935,26.561909,24.939638
711.580100,353.863834,26.750477,24.961552
714.471204,354.537612,27.007729,24.353315
716.584786,354.016635,26.756714,24.750937
717.979817,353.934179,26.493935,24.491608
718.557870,354.040058,27.030640,25.058598
718.482263,354.150987,26.800140,24.934580
718.890428,353.850780,26.460739,24.771673
717.366143,353.972252,26.842056,24.708416
716.351350,353.953720,27.252266,24.250057
715.185055,353.638548,27.330683,24.383942
713.148168,353.684093,27.142471,24.324896
711.420729,354.031376,27.619207,24.455387
711.277630,353.994392,27.336542,24.429440
706.941721,354.233289,26.125349,24.177095
703.859807,354.297508,27.354340,24.351086
700.810474,354.704717,26.689875,24.361406
698.674312,354.237529,27.064671,24.134886
696.229223,354.640886,27.275892,24.375610
696.203166,354.680781,26.983158,24.366941
692.097944,354.380594,26.637541,24.296173
690.455529,353.911680,27.152985,24.091782
688.699561,354.065617,27.580158,24.417637
688.628912,354.346455,27.184195,24.238697
687.506348,354.198518,27.316889,24.157694
687.321304,354.039803,27.112726,24.068890
687.438365,354.170002,27.180470,24.162815
687.634311,353.856157,26.903629,24.221962
688.967982,353.850979,26.590549,24.326756
689.197489,353.663440,27.317999,24.308180
690.942850,353.653089,26.358191,24.381403
689.956597,353.733998,26.730354,24.587473
692.191563,352.880202,26.362398,24.217947
692.811382,353.568357,27.073290,24.030571
694.991037,352.846380,25.936987,24.138908
695.315840,352.715181,26.271269,24.096016
697.133225,352.742300,26.037178,23.959038
695.924787,352.944204,26.772156,24.309647
698.927274,352.594488,26.876419,24.234421
699.556669,352.220802,27.349485,24.203007
701.151685,351.813364,26.205078,24.355255
702.524340,352.624810,25.910086,24.149279
704.346332,352.022731,26.545322,24.107885
703.761181,351.720484,26.958834,24.351089
706.470629,352.236380,26.318426,24.313087
707.665405,351.865665,26.377253,24.273785
708.650497,351.479982,26.630335,24.351768
709.280536,351.633831,26.891254,24.089664
710.607801,351.631164,26.170134,24.221022
710.392972,351.708326,26.369003,24.216789
713.112799,352.449885,27.018217,24.196043
713.343620,351.949152,26.800257,23.994316
715.326301,352.619020,26.641354,23.985285
715.871772,352.417272,26.682613,23.698824
716.587043,352.356704,26.993610,23.924276
716.444594,352.325610,27.365086,24.106337
718.749186,352.254999,26.119917,23.767899
719.672333,352.020349,27.171862,23.775202
720.662386,351.947669,26.794661,24.064344
716.472165,338.967978,32.143494,37.758537
708.306064,350.503393,30.343906,32.441917
708.081291,350.827526,31.777689,32.408550
723.650372,351.528271,27.057405,24.405025
724.674617,352.449595,26.696186,23.899626
725.816727,352.080234,26.177774,23.789953
728.024972,352.779998,26.525719,23.820448
728.943050,351.762839,26.505678,24.045637
728.217704,352.074074,27.070415,24.521114
730.763704,352.166108,26.342443,23.840006
734.321475,351.919503,26.624149,24.326311
735.620852,351.937796,26.461918,24.140327
738.949501,351.575500,26.351099,24.040747
741.063235,351.442028,26.662235,24.510387
740.948118,351.453334,27.018553,24.597258
743.453559,352.043303,26.691387,24.379814
748.622915,351.951515,27.116056,24.452488
751.545274,351.653213,26.540749,24.172537
754.882065,352.017931,26.688501,24.319229
757.019696,351.966791,26.742935,24.125343
756.852449,351.785940,27.192785,24.357407
759.466339,352.265276,26.469095,24.171959
765.067004,352.106507,26.777943,24.120981
768.497212,352.296360,27.192047,24.262394
770.696487,351.725844,26.828409,24.355993
774.313947,351.606743,27.065857,24.560017
777.533695,352.033396,27.471514,24.459595
777.200108,351.966739,27.421694,24.431349
782.792777,351.710871,27.251415,24.452972
785.943072,351.567265,27.134800,24.155193
788.113173,351.790432,26.757597,24.539486
790.206322,351.390880,26.698145,24.275648
792.100021,351.409358,26.717371,24.251432
792.941327,351.388537,26.723587,24.286604
795.772716,351.129535,27.289677,24.244001
795.934672,351.360868,27.215183,24.282036
796.604856,351.475529,27.038177,24.421062
796.147117,351.694679,27.146694,24.524326
796.314813,351.699668,27.077583,24.359610
797.099666,352.128595,26.789890,24.401062
797.165266,352.220657,26.745100,24.253666
795.712076,352.300204,27.397840,24.291945
796.032038,351.974565,27.121321,24.121981
795.661868,352.031151,27.064411,24.376316
795.645874,351.787933,26.778864,24.156940
795.970851,351.785983,26.830647,24.197721
795.467881,352.102199,27.670349,24.303312
795.320130,352.213175,27.163162,24.588913
794.801191,351.990230,26.928503,24.251448
794.640656,352.213186,27.052515,24.287621
794.005333,352.364270,26.711985,23.975748
794.074688,352.342439,26.613955,23.854227
793.613865,352.653514,27.156351,24.165831
792.949820,352.549900,27.048086,24.212231
793.104148,352.023898,26.694828,24.060759
792.478992,351.833628,26.577959,24.128769
792.040964,352.364130,26.946913,24.482834
791.770834,352.330082,26.739004,24.233959
790.783594,352.427399,27.110044,24.256886
789.976955,352.236533,26.945513,24.115606
789.581999,352.318586,27.096022,24.335030
788.560653,352.173954,27.076336,24.160458
788.030688,352.430415,27.513844,24.576231
788.229739,352.393955,27.215946,24.087399
787.178838,352.184348,27.340637,24.472219
785.913213,352.458468,27.489967,24.700285
785.526670,352.803961,26.900459,24.119392
784.819276,352.283640,26.538651,24.247353
783.401744,352.221287,27.259151,24.446644
783.458950,352.462942,27.410959,24.588882
782.606239,352.255672,26.833605,24.219456
781.623015,352.558219,27.031391,24.578138
780.404065,352.525485,27.215073,24.528845
780.050747,352.280468,26.770647,24.129841
779.662272,352.523832,27.660709,24.522507
779.294325,352.474848,27.647367,24.540916
778.018168,352.608248,27.602848,24.382759
777.636658,352.371461,26.909616,24.334131
777.416742,352.250632,26.416357,24.009092
776.245667,352.453749,27.285616,24.701431
775.753098,352.235005,26.995331,24.371431
775.467148,352.190565,27.226198,24.392624
774.301285,352.065485,26.852983,24.252052
773.099870,352.279876,27.804642,24.738508
772.673199,351.938865,27.185328,24.660078
772.124067,352.488287,27.338888,24.665466
770.817658,352.160122,27.333229,24.649921
771.535792,352.503735,27.080463,24.825886
768.818324,352.579077,27.440624,24.122177
767.442257,352.619118,27.649576,24.382885
766.380571,352.360195,27.406813,24.234470
764.769210,352.485860,27.402973,24.404467
764.370985,352.313575,27.013510,24.528257
764.100019,352.507558,27.171165,24.746508
760.904642,352.477392,26.909468,24.073425
759.827738,352.252081,26.963179,23.991417
757.931337,352.727119,27.536192,24.353016
755.827628,352.317043,27.126156,24.279675
753.714155,352.169282,27.715231,24.551714
753.571577,351.960039,27.602118,24.688721
748.934112,352.241467,26.554722,24.251612
746.386331,352.479232,27.419083,24.215712
743.499950,352.709575,26.979326,24.277304
740.939923,352.312878,26.952347,24.267551
738.310668,352.543896,27.807392,24.637455
737.264010,352.633023,27.944042,24.635683
732.209595,352.465027,26.652849,24.456295
728.661314,352.356726,27.107801,23.989403
726.616467,352.641795,27.552210,24.590452
723.180921,352.815798,27.392395,24.351776
720.647867,352.753407,27.819525,24.332043
720.631211,352.963203,27.608696,24.427525
716.602454,353.146878,26.583164,24.041742
714.494287,352.709630,27.614990,24.272730
712.377543,352.634961,27.455898,24.321344
710.510920,352.681431,27.127234,24.145733
708.645664,352.575903,27.311701,24.358238
707.940241,352.928564,27.533705,24.590401
705.483819,352.653203,27.296036,24.332224
703.957566,353.267698,27.788765,24.330345
703.441738,353.036942,27.663607,24.268023
702.703647,353.175806,27.230061,24.559067
702.361766,353.413207,26.770786,24.490484
702.321043,353.346478,26.463255,24.267361
701.317627,353.406504,26.726831,24.083748
700.935228,353.142266,26.747694,24.212366
700.875659,353.061071,26.609257,24.145073
700.066641,352.490482,26.722914,24.267475
700.365178,352.230185,26.963058,24.639732
699.867933,352.646210,27.655149,24.884403
699.259898,352.688876,27.574879,24.920530
699.015637,352.695066,27.703171,25.057442
698.816878,352.920882,27.536602,24.811255
699.269673,352.800690,26.905746,24.573414
699.100903,352.627096,27.225451,24.543770
698.581692,352.715747,27.326769,24.822157
698.718015,352.333994,26.726730,24.465347
698.591222,352.295095,27.126602,24.402496
697.932653,352.999860,27.389654,24.465715
697.956026,353.137797,26.724623,24.572363
697.550523,353.120159,27.016113,24.217136
697.633951,353.234621,27.089476,24.444450
697.291404,353.240078,26.584530,23.922855
697.547198,353.090879,26.601246,23.761017
697.340330,352.975019,26.766142,24.130257
697.141150,352.937907,27.097441,24.153715
697.084574,352.909025,27.095251,24.210770
697.491166,352.413134,26.855370,24.169754
697.389465,353.191134,27.355829,24.610243
697.477391,353.209824,27.007614,24.672474
697.639752,353.084452,26.978668,24.259613
698.523651,353.537730,26.538996,24.171522
698.974717,353.618236,26.543877,23.957022
698.394842,353.482458,26.918196,24.203964
700.962912,352.818165,26.230619,24.125446
701.954817,352.955396,25.987234,24.123919
702.812728,353.300831,25.869396,23.681911
703.744261,353.518614,26.208242,23.764336
705.535009,353.233217,25.755804,23.649536
705.268250,353.276741,26.355127,23.878178
708.140656,353.520484,26.615717,23.819738
709.106746,353.712908,26.413082,23.978683
710.815015,353.215944,25.714836,23.897652
710.836573,353.589524,26.261915,23.940233
712.008656,353.306685,26.063959,23.614439
711.590968,353.125626,26.524204,23.799068
713.039518,353.737558,26.078321,23.576050
713.372334,353.693135,26.380981,23.636889
713.536567,354.363843,26.658123,23.785852
713.530391,354.876766,26.666386,24.157726
714.155667,355.245243,26.587082,24.214397
713.702128,354.916318,26.656773,24.082544
713.083199,355.394135,26.792589,24.334948
714.255152,354.893588,26.040144,23.923262
713.051134,355.616165,26.904524,24.250645
712.361684,355.421607,26.732010,24.090101
712.846556,355.772554,26.615507,23.919418
712.120609,356.033665,26.925074,24.059368
711.244684,356.460634,26.953779,24.559662
711.263202,357.124484,26.754284,24.394926
709.835256,357.807058,27.064209,24.595512
709.475715,357.912805,26.827282,24.665087
708.485665,358.034646,26.933647,24.458406
708.537718,357.918696,26.824690,24.467863
706.204598,358.180610,26.935532,24.389120
704.296228,358.249176,27.239836,24.691502
702.960196,358.279262,26.651525,24.239088
701.978171,358.777323,26.906895,24.670822
700.785549,358.486130,26.728624,24.422626
700.912013,358.524900,26.685963,24.405205
700.999830,358.524577,26.296942,24.731611
