0.020497
0.018531
0.035616
0.018748
0.032620
0.018439
0.021973
0.019507
0.018765
0.018361
0.018366
0.021038
0.018199
0.026982
0.026250
0.020794
0.018972
0.019326
0.018651
0.029616
0.019496
0.018530
0.021449
0.019264
0.025126
0.020206
0.029483
0.019924
0.018225
0.018572
0.024297
0.019272
0.019093
0.021861
0.019515
0.020272
0.019298
0.019211
0.019481
0.019811
0.020985
0.019800
0.047683
0.019483
0.028398
0.017881
0.029171
0.021396
0.017934
0.026355
0.020110
0.018978
0.019694
0.019337
0.018123
0.020017
0.020166
0.020043
0.024153
0.018352
0.029271
0.019110
0.020562
0.024353
0.024759
0.034614
0.018170
0.024540
0.029426
0.019995
0.026035
0.020314
0.018475
0.018237
0.045651
0.018806
0.019003
0.018000
0.018564
0.018151
0.019886
0.019345
0.019408
0.020137
0.020270
0.018793
0.019438
0.018313
0.028571
0.019800
0.021694
0.019609
0.020093
0.019723
0.019325
0.025719
0.019763
0.018642
0.019824
0.019463
0.020459
0.023124
0.019123
0.026536
0.018961
0.019309
0.024925
0.018183
0.019172
0.018908
0.019040
0.020153
0.017740
0.018710
0.018451
0.018699
0.019190
0.019035
0.019425
0.018753
0.018534
0.019200
0.022500
0.019612
0.019559
0.019402
0.018492
0.018157
0.018137
0.019279
0.028175
0.019534
0.018945
0.018557
0.025305
0.019164
0.018764
0.019774
0.020223
0.018564
0.018178
0.019289
0.020264
0.019837
0.019488
0.018310
0.020161
0.018113
0.018796
0.019541
0.018361
0.018381
0.018674
0.018511
0.019815
0.019837
0.030242
0.019603
0.018022
0.019834
0.017781
0.020228
0.018896
0.019381
0.019396
0.019339
0.018334
0.019610
0.019581
0.018378
0.018228
0.018856
0.019282
0.018139
0.018428
0.018672
0.018007
0.034765
0.019573
0.018972
0.018595
0.019050
0.019404
0.018546
0.019757
0.018945
0.019190
0.018671
0.020447
0.019940
0.018073
0.019511
0.018421
0.018575
0.020495
0.019465
0.019739
0.019185
0.019289
0.038630
0.044385
0.019374
0.030726
0.018571
0.019846
0.018673
0.018714
0.018315
0.019555
0.019424
0.019435
0.019530
0.019836
0.018501
0.018637
0.020010
0.019228
0.018696
0.019529
0.018313
0.018228
0.020921
0.018974
0.018888
0.019256
0.018205
0.019926
0.019537
0.018311
0.018282
0.018812
0.018343
0.018419
0.018327
0.019639
0.019138
0.017608
0.019405
0.020488
0.020249
0.018540
0.018863
0.019320
0.020089
0.018957
0.019667
0.018659
0.018292
0.019912
0.018645
0.019569
0.019215
0.019222
0.019572
0.019147
0.019095
0.020172
0.019250
0.018219
0.018862
0.018275
0.018527
0.018871
0.019501
0.020313
0.018568
0.018834
0.029875
0.018168
0.018021
0.018556
0.018381
0.018119
0.019004
0.018360
0.018531
0.019612
0.018842
0.018876
0.027522
0.019486
0.018040
0.018250
0.022891
0.018297
0.018511
0.018626
0.018910
0.018429
0.019103
0.019927
0.020145
0.018397
0.018446
0.021292
0.019649
0.047170
0.018853
0.019967
0.018665
0.018576
0.018360
0.026377
0.024136
0.019474
0.019698
0.018778
0.038586
0.019650
0.019186
0.018222
0.018976
0.022175
0.018565
0.019253
0.018611
0.019633
0.019870
0.018231
0.020020
0.019920
0.020159
0.020393
0.037895
0.019627
0.019112
0.045108
0.035020
0.018845
0.018311
0.019408
0.029866
0.024943
0.018677
0.018898
0.019349
0.018633
0.019704
0.025189
0.019220
0.020629
0.019424
0.022168
0.018060
0.019768
0.022999
0.019471
0.018266
0.018320
0.019439
0.021924
0.019174
0.047871
0.033256
0.018431
0.024693
0.018407
0.019682
0.019671
0.037350
0.018951
0.019454
0.018498
0.018504
0.019351
0.018262
0.019452
0.018174
0.018886
0.019119
0.019312
0.018082
0.017768
0.020201
0.020163
0.022850
0.018806
0.018748
0.018286
0.018772
0.021809
0.018695
0.028787
0.018754
0.019295
0.026993
0.041798
0.023256
0.019139
0.020477
0.019189
0.026676
0.019803
0.028901
0.018828
0.018946
0.027941
0.020056
0.025879
0.019108
0.039105
0.019494
0.022925
0.019251
0.021308
0.022775
0.019133
0.028112
0.019495
0.019361
0.019687
0.019651
0.017875
0.025597
0.018773
0.019429
0.019119
0.018304
0.018510
0.020051
0.018689
0.036695
0.018590
0.018040
0.018584
0.020119
0.024976
0.019297
0.018993
0.019834
0.019709
0.019196
0.026045
0.024779
0.019189
0.019890
0.018376
0.018217
0.019534
0.019062
0.021006
0.020637
0.019086
0.031654
0.019686
0.031675
0.018541
0.021965
0.019245
0.037475
0.018295
0.019951
0.028447
0.018603
0.018542
0.034914
0.018835
0.018486
0.018460
0.030319
0.020262
0.020023
0.018748
0.028622
0.027009
0.019784
0.018776
0.019387
0.018572
0.019903
0.030168
0.020433
0.019355
0.028086
0.018725
0.019036
0.019816
0.019084
0.020490
0.020058
0.019120
0.018962
0.018630
0.019761
0.018299
0.019405
0.018994
0.019064
0.019847
0.020318
0.019280
0.018952
0.019799
0.018650
0.018493
0.021975
0.019407
0.018753
0.019667
0.029401
0.018467
0.019424
0.018414
0.019388
0.018322
0.018201
0.026744
0.018091
0.019495
0.018979
0.018969
0.018569
0.025557
0.018059
0.019758
0.018558
0.019819
0.018502
0.018315
0.018259
0.019715
0.019153
0.018773
0.018949
0.018366
0.018578
0.019208
0.019305
0.019055
0.018420
0.019551
0.018691
0.019350
0.019351
0.018145
0.019928
0.019263
0.018741
0.019172
0.019909
0.018554
0.019035
0.019420
0.019658
0.019405
0.019493
0.018704
0.018957
0.018163
0.020196
0.020371
0.018237
0.019445
0.018151
0.020113
0.018355
0.019513
0.019947
0.018896
0.017962
0.019088
0.018053
0.018252
0.019458
0.020621
0.020161
0.024778
0.019975
0.018523
0.018373
0.019801
0.020382
0.019292
0.019571
0.018189
0.018076
0.019077
0.018465
0.018730
0.018738
0.019933
0.019405
0.019053
0.020871
0.019753
0.018495
0.019454
0.018301
0.019998
0.022658
0.019848
0.019777
0.018082
0.019412
0.017913
0.019531
0.026698
0.018497
0.018724
0.019346
0.030669
0.021292
0.038276
0.019507
0.018711
0.019691
0.018587
0.018537
0.019074
0.021863
0.030426
0.023631
0.018417
0.020202
0.027947
0.021339
0.020106
0.019590
0.019254
0.019725
0.019349
0.018580
0.019733
0.019551
0.019194
0.018932
0.019682
0.033305
0.018941
0.020204
0.017827
0.018979
0.036813
0.019619
0.019404
0.020656
0.018631
0.019453
0.019309
0.020142
0.019887
0.019559
0.019501
0.019738
0.018510
0.019310
0.020347
0.018687
0.019586
0.019613
0.019456
0.019483
0.022891
0.019863
0.018279
0.019133
0.019221
0.031140
0.019106
0.019313
0.018926
0.019010
0.019560
0.028760
0.027065
0.020306
0.018508
0.019765
0.019235
0.019227
0.018060
0.028059
0.018311
0.018745
0.018557
0.019847
0.019871
0.019248
0.019693
0.018396
0.018504
0.018571
0.023671
0.019472
0.018344
0.018179
0.028030
0.027495
0.019154
0.024650
0.018865
0.034819
0.027789
0.018960
0.019690
0.018751
0.019833
0.032233
0.027986
0.020046
0.018312
0.019586
0.019952
0.020806
0.019322
0.018485
0.019167
0.023979
0.018549
0.018397
0.019785
0.020912
0.020027
0.019334
0.021070
0.019362
0.019261
0.030044
0.019689
0.019090
0.019421
0.018715
0.023062
0.018682
0.019697
0.033973
0.018193
0.018712
0.019222
0.020322
0.019928
0.026982
0.019131
0.018735
0.019125
0.028747
0.026348
0.018165
0.019134
0.023573
0.019424
0.019868
0.024479
0.019300
0.018329
0.020105
0.018480
0.030875
0.036802
0.029939
0.027265
0.019903
0.019617
0.019180
0.029099
0.021917
0.018540
0.032880
0.020246
0.020542
0.017839
0.018402
0.019081
0.019217
0.019753
0.019666
0.018602
0.019953
0.018289
0.020105
0.019440
0.019718
0.019213
0.019766
0.018085
0.019453
0.026656
0.019568
0.018101
0.025101
0.018490
0.020606
0.018877
0.020235
0.018560
0.018495
0.018421
0.019131
0.025713
0.019651
0.019191
0.019081
0.048452
0.018793
0.019164
0.019809
0.019960
0.019214
0.020043
0.018478
0.029804
0.020047
0.019016
0.018625
0.018958
0.020842
0.020094
0.019485
0.019998
0.021047
0.036880
0.018799
0.019784
0.019186
0.019839
0.019588
0.018548
0.018375
0.020130
0.018819
0.030664
0.019541
0.018403
0.018429
0.019736
0.026366
0.018418
0.019616
0.019219
0.019808
0.044673
0.020474
0.018489
0.018280
0.018729
0.020111
0.019353
0.018457
0.018663
0.018142
0.020316
0.018399
0.018308
0.019408
0.020129
0.019235
0.018628
0.019315
0.019520
0.019453
0.018426
0.034897
0.018653
0.018690
0.019103
0.018999
0.019162
0.020837
0.019814
0.026052
0.019221
0.019329
0.027347
0.020011
0.020159
0.019912
0.019786
0.020008
0.018525
0.019839
0.019693
0.018736
0.018763
0.018687
0.019462
0.019379
0.019657
0.023003
0.019829
0.018990
0.021612
0.019668
0.020214
0.019651
0.018390
0.019992
0.019357
0.019727
0.019548
0.018305
0.020008
0.018741
0.019469
0.031004
0.025729
0.019374
0.019643
0.019917
0.019480
0.017861
0.018570
0.019663
0.020057
0.018357
0.019882
0.027381
0.018478
0.018481
0.018818
0.028179
0.029108
0.019085
0.019872
0.018892
0.018856
0.018636
0.020048
0.027840
0.019276
0.019676
0.019291
0.018870
0.019836
0.018626
0.021045
0.022136
0.018032
0.019621
0.019314
0.020375
0.018575
0.019370
0.018494
0.019194
0.018614
0.021726
0.019610
0.029795
0.024804
0.025322
0.023085
0.026583
0.035990
0.028702
0.018050
0.019868
0.018495
0.020371
0.020045
0.043792
0.031332
0.019694
0.019496
0.019539
0.018867
0.018697
0.019688
0.018952
0.019848
0.018329
0.018906
0.018412
0.018855
0.018112
0.021824
0.031845
0.018096
0.018967
0.019974
0.022897
0.018637
0.018690
0.019736
0.019896
0.018483
0.024731
0.025653
0.021464
0.019232
0.019319
0.019072
0.018495
0.018362
0.019713
0.018332
0.020035
0.019376
0.019385
0.020133
0.021973
0.023271
0.018860
0.019828
0.019150
0.019952
0.019291
0.024923
0.023248
0.019412
0.019068
0.037790
0.018539
0.022953
0.022510
0.019606
0.019792
0.029973
0.018297
0.035441
0.019765
0.018061
0.018484
0.019953
0.020010
0.020012
0.018909
0.019198
0.019685
0.019496
0.018536
0.018720
0.018867
0.019426
0.019678
0.019410
0.018467
0.019648
0.019866
0.023829
0.020095
0.049593
0.019304
0.019839
0.019633
0.019575
0.037438
0.018101
0.024569
0.019150
0.019471
0.018400
0.018818
0.019034
0.018976
0.018955
0.019563
0.019061
0.018053
0.038709
0.018669
0.021818
0.018790
0.018423
0.020111
0.020149
0.019619
0.023589
0.019497
0.019527
0.019640
0.018551
0.019578
0.018586
0.018576
0.020229
0.019970
0.021943
0.018072
0.018899
0.019736
0.019309
0.018787
0.023222
0.018496
0.019485
0.019654
0.018351
0.020195
0.020088
0.018703
0.019097
0.018956
0.021800
0.019897
0.019507
0.019909
0.024430
0.019158
0.020241
0.019584
0.026937
0.019670
0.029127
0.020516
0.020355
0.018811
0.028805
0.019379
0.017786
0.019737
0.019060
0.018210
0.019040
0.019723
0.019896
0.019559
0.019334
0.019972
0.019570
0.033422
0.019901
0.022146
0.018600
0.018458
0.018573
0.018754
0.021889
0.019261
0.018460
0.023112
0.018818
0.019297
0.020618
0.018192
0.019730
0.019520
0.022550
0.019144
0.036171
0.019162
0.018009
0.019499
0.019366
0.019184
0.020182
0.019228
0.019848
0.019967
0.019677
0.018881
0.020375
0.020272
0.019743
0.019776
0.047350
0.020630
0.019017
0.020664
0.019023
0.018371
0.022914
0.018234
0.019076
0.019495
0.020473
0.018277
0.023851
0.019095
0.019456
0.023418
0.024825
0.018707
0.019148
0.018542
0.036043
0.019044
0.019775
0.024829
0.019559
0.019897
0.028396
0.019762
0.018491
0.019208
0.019360
0.019210
0.019618
0.019458
0.019655
0.020290
0.018537
0.018532
0.019260
0.023869
0.019560
0.018734
0.023700
0.019025
0.019006
0.019447
0.019613
0.018988
0.018648
0.027760
0.025729
0.019878
0.029637
0.019759
0.029486
0.019554
0.036694
0.019226
0.021788
0.018538
0.019427
0.018289
0.019553
0.018814
0.018569
0.024728
0.025946
0.019418
0.019395
0.018605
0.019558
0.019846
0.025978
0.019747
0.021029
0.019847
0.019961
0.019878
0.032854
0.019920
0.019313
0.019667
0.019277
0.024549
0.019980
0.018690
0.018274
0.018487
0.020066
0.026341
0.022376
0.019446
0.022438
0.019830
0.019856
0.019331
0.019801
0.019364
0.018567
0.026930
0.019502
0.018606
0.018912
0.017885
0.019189
0.018655
0.018512
0.019190
0.019215
0.019452
0.020571
0.019721
0.019612
0.027595
0.019262
0.023937
0.018384
0.017828
0.018036
0.020560
0.019291
0.019649
0.019971
0.025642
0.018418
0.019375
0.021731
0.019370
0.018301
0.019105
0.018310
0.021630
0.018547
0.019550
0.019796
0.019350
0.019843
0.018528
0.018391
0.018462
0.022439
0.024912
0.019933
0.019206
0.019411
0.019994
0.019926
0.018824
0.019136
0.019707
0.024334
0.019647
0.018860
0.018680
0.019489
0.020217
0.019526
0.018437
0.018575
0.019831
0.019603
0.018862
0.019653
0.018920
0.020436
0.019347
0.019224
0.018970
0.019318
0.019746
0.019147
0.018603
0.018306
0.018298
0.018699
0.019289
0.018117
0.019883
0.018717
0.020463
0.018818
0.019645
0.026672
0.019328
0.018442
0.017971
0.018424
0.019537
0.018491
0.021379
0.019753
0.019877
0.019732
0.019718
0.019447
0.019433
0.018563
0.019872
0.017950
0.018385
0.018044
0.019274
0.022645
0.019870
0.018627
0.019162
0.018014
0.018490
0.021535
0.019632
0.019310
0.018496
0.019821
0.019877
0.019987
0.018437
0.018754
0.018550
0.024227
0.018573
0.018248
0.018637
0.019079
0.018008
0.018281
0.018994
0.018300
0.019561
0.018107
0.019970
0.019289
0.018260
0.018856
0.027455
0.019252
0.019715
0.018273
0.018973
0.020031
0.018212
0.020402
0.018938
0.019001
0.018782
0.019360
0.030924
0.019566
0.031469
0.019834
0.018004
0.020466
0.018746
0.018804
0.019314
0.020639
0.019437
0.030125
0.019436
0.018231
0.019773
0.019693
0.019617
0.018115
0.018142
0.019389
0.018968
0.018966
0.019455
0.019986
0.018100
0.020146
0.019758
0.018532
0.019985
0.019363
0.039532
0.018710
0.018493
0.018588
0.019127
0.019529
0.018638
0.018316
0.018919
0.019029
0.018373
0.019094
0.019938
0.018911
0.023400
0.019782
0.028506
0.018196
0.022875
0.019318
0.018808
0.018485
0.019528
0.018319
0.018323
0.018279
0.019808
0.018432
0.018690
0.019424
0.020434
0.019164
0.018741
0.018038
0.019864
0.019132
0.019996
0.023140
0.019749
0.018963
0.018098
0.020165
0.019658
0.018334
0.018845
0.020729
0.019495
0.019120
0.019898
0.018806
0.027491
0.018598
0.020208
0.019827
0.020383
0.019740
0.022773
0.020266
0.019117
0.018668
0.027104
0.019769
0.028737
0.018780
0.030265
0.018239
0.018873
0.024374
0.019341
0.019812
0.020288
0.028787
0.019323
0.029160
0.019354
0.020172
0.018544
0.018208
0.020749
0.019649
0.019763
0.027155
0.019988
0.018612
0.019821
0.018832
0.018516
0.019075
0.027309
0.019235
0.019536
0.019572
0.019354
0.021102
0.019613
0.018457
0.024880
0.018258
0.018873
0.019690
0.018265
0.021259
0.022909
0.018678
0.028437
0.018942
0.018743
0.018621
0.020299
0.023424
0.019917
0.018537
0.018773
0.018892
0.019294
0.024290
0.025444
0.018748
0.018580
0.020825
0.019049
0.019954
0.025257
0.019494
0.019372
0.018900
0.026092
0.019813
0.019788
0.019371
0.019362
0.021953
0.019459
0.020007
0.019994
0.019403
0.020727
0.019829
0.019572
0.019065
0.022188
0.019439
0.034509
0.018382
0.019147
0.018805
0.028004
0.020180
0.018657
0.018156
0.018715
0.026836
0.019721
0.020473
0.037595
0.019366
0.018584
0.037414
0.019882
0.017970
0.018435
0.036009
0.022534
0.018058
0.023716
0.018713
0.018581
0.039273
0.019213
0.021420
0.019488
0.018552
0.021520
0.019405
0.019684
0.019267
0.019523
0.019500
0.019583
0.019043
0.021367
0.044418
0.019358
0.019838
0.020088
0.018961
0.026997
0.025751
0.019510
0.019080
0.019609
0.018267
0.026270
0.019793
0.019385
0.035610
0.021605
0.018169
0.019676
0.030096
0.019261
0.018894
0.019848
0.020862
0.019349
0.025513
0.018522
0.018534
0.018969
0.024965
0.018779
0.019303
0.030273
0.018183
0.019134
0.019647
0.021612
0.018541
0.028475
0.018483
0.029761
0.018413
0.021432
0.020243
0.018622
0.019825
0.025542
0.018876
0.019986
0.020130
0.020229
0.039105
0.018361
0.028198
0.018897
0.019027
0.019828
0.025198
0.019210
0.019487
0.020393
0.018498
0.023861
0.025089
0.018380
0.022683
0.019756
0.018335
0.043830
0.019686
0.020804
0.019981
0.019129
0.020675
0.018829
0.019670
0.018324
0.043353
0.047398
0.020058
0.019410
0.044504
0.027321
0.018541
0.020381
0.018538
0.022231
0.032128
0.021753
0.019478
0.032193
0.018511
0.018917
0.026203
0.038267
0.018914
0.018696
0.018110
0.019325
0.019531
0.020383
0.019262
0.038573
0.019234
0.039065
0.026355
0.017891
0.018629
0.019600
0.020333
0.023948
0.046412
0.026438
0.021432
0.019658
0.037880
0.018767
0.018964
0.019879
0.018342
0.041430
0.019558
0.018170
0.019791
0.018477
0.019324
0.018461
0.026086
0.019278
0.018291
0.019005
0.018106
0.018523
0.018159
0.019609
0.025197
0.019287
0.019608
0.019047
0.019750
0.019392
0.018431
0.019166
0.019218
0.018614
0.018070
0.019395
0.020552
0.018940
0.019360
0.018396
0.019112
0.019324
0.019248
0.018473
0.031532
0.019122
0.018662
0.028428
0.047181
0.018211
0.020485
0.019534
0.019245
0.019365
0.019373
0.018286
0.019726
0.017931
0.038180
0.024775
0.019273
0.043211
0.039567
0.019734
0.018214
0.019297
0.017776
0.031496
0.019729
0.018463
0.020225
0.018387
0.017975
0.019033
0.019700
0.045426
0.020068
0.018747
0.027241
0.019721
0.018201
0.020284
0.022141
0.019252
0.025614
0.046583
0.018904
0.019108
0.026557
0.018923
0.029267
0.018875
0.023098
0.018348
0.018744
0.018405
0.018995
0.019298
0.019087
0.018128
0.028889
0.019536
0.019038
0.019762
0.019179
0.018933
0.019194
0.028149
0.019566
0.018084
0.019210
0.018438
0.018680
0.021576
0.019540
0.024086
0.044982
0.019353
0.018066
0.018328
0.018971
0.046894
0.019046
0.018594
0.018080
0.021695
0.018497
0.019991
0.032711
0.019553
0.020857
0.037521
0.019592
0.020123
0.018215
0.047136
0.027394
0.017909
0.020005
0.019413
0.026020
0.018233
0.018539
0.018477
0.021994
0.043824
0.020383
0.018535
0.019274
0.023016
0.024628
0.019855
0.018584
0.020871
0.047582
0.019026
0.018549
0.019457
0.019708
0.044391
0.019074
0.019197
0.046979
0.018414
0.028611
0.019522
0.019263
0.018798
0.019999
0.018928
0.019532
0.018522
0.019251
0.018466
0.020133
0.018190
0.019834
0.018086
0.018273
0.046832
0.020172
0.029233
0.023678
0.027402
0.019583
0.019146
0.018471
0.018581
0.022020
0.019070
0.019497
0.022229
0.019979
0.018379
0.019433
0.018228
0.018609
0.024460
0.018415
0.019932
0.018665
0.018471
0.018506
0.019518
0.019927
0.019096
0.023493
0.045527
0.018447
0.044778
0.019362
0.018125
0.020305
0.019593
0.027853
0.019713
0.020112
0.019018
0.018513
0.020404
0.019140
0.019152
0.021496
0.020150
0.018057
0.018054
0.018415
0.019416
0.018429
0.019191
0.020134
0.036136
0.019525
0.019537
0.046460
0.019745
0.019425
0.030752
0.019591
0.019684
0.019677
0.019264
0.019920
0.038031
0.030187
0.036077
0.046122
0.042899
0.018024
0.019855
0.030171
0.019694
0.018104
0.019715
0.019767
0.019068
0.018077
0.033832
0.018704
0.018949
0.017796
0.019666
0.019224
0.019818
0.019920
0.019771
0.043676
0.038792
0.046848
0.018143
0.018269
0.018458
0.020386
0.019936
0.019371
0.019737
0.030167
0.020481
0.019664
0.024842
0.020219
0.018436
0.026144
0.018474
0.019250
0.017950
0.030286
0.027240
0.019411
0.018397
0.037135
0.018429
0.021022
0.033364
0.019365
0.029535
0.018328
0.045077
0.018674
0.023747
0.019038
0.019146
0.019131
0.020317
0.019678
0.038746
0.019684
0.018836
0.018617
0.019293
0.019759
0.019464
0.033627
0.018821
0.034670
0.019389
0.019248
0.018152
0.039804
0.031770
0.019736
0.019176
0.018833
0.030352
0.020151
0.031050
0.039192
0.046874
0.022181
0.021610
0.019376
0.019953
