0.011431
0.018895
0.019253
0.022071
0.027504
0.019644
0.019592
0.019428
0.020415
0.019118
0.018541
0.019859
0.019117
0.018150
0.018632
0.018003
0.046760
0.019431
0.047763
0.021745
0.018791
0.018144
0.018763
0.021068
0.027319
0.019241
0.018714
0.018389
0.018016
0.021454
0.018701
0.024214
0.019844
0.019812
0.019953
0.024882
0.018040
0.018101
0.019814
0.019478
0.019688
0.020171
0.020479
0.017958
0.019864
0.018610
0.021329
0.018956
0.020026
0.019988
0.022574
0.020206
0.019499
0.047559
0.020652
0.019132
0.019396
0.019580
0.019139
0.025742
0.019715
0.020116
0.019462
0.018697
0.020144
0.019436
0.029839
0.019236
0.018487
0.019021
0.021061
0.018939
0.018321
0.019091
0.019449
0.019854
0.018257
0.019848
0.023757
0.019478
0.021906
0.019287
0.019316
0.019693
0.019134
0.022761
0.026227
0.019172
0.019683
0.019105
0.018990
0.018348
0.019340
0.020403
0.020139
0.019888
0.021423
0.019634
0.019565
0.019582
0.018276
0.018992
0.019616
0.020174
0.020507
0.019274
0.020181
0.018226
0.020137
0.019158
0.018092
0.019327
0.020434
0.019501
0.019522
0.020382
0.018587
0.026687
0.019062
0.025286
0.019718
0.019427
0.021293
0.019981
0.019462
0.018675
0.019408
0.018864
0.021688
0.028101
0.019959
0.018872
0.018464
0.018998
0.026915
0.019291
0.019608
0.019400
0.019830
0.019143
0.019471
0.018839
0.018918
0.035892
0.022444
0.020471
0.018787
0.028758
0.019687
0.019577
0.020487
0.019317
0.020192
0.019130
0.022538
0.022253
0.020001
0.025727
0.019281
0.027842
0.018835
0.019287
0.025889
0.019367
0.018652
0.019744
0.019495
0.018851
0.018767
0.019123
0.019788
0.019509
0.018596
0.019957
0.019502
0.019769
0.020345
0.018828
0.025432
0.019344
0.019105
0.029052
0.020328
0.019709
0.033777
0.020830
0.019653
0.020989
0.020267
0.032178
0.020184
0.020310
0.019089
0.019801
0.020930
0.021239
0.018462
0.020036
0.019012
0.023783
0.029658
0.018729
0.018056
0.019997
0.019925
0.019186
0.018641
0.021130
0.020051
0.019556
0.019637
0.019930
0.019089
0.019425
0.019486
0.021175
0.020178
0.019252
0.024516
0.027958
0.018554
0.020440
0.020502
0.037955
0.023318
0.018707
0.018875
0.019167
0.020302
0.027433
0.019625
0.033665
0.019834
0.020138
0.018227
0.022558
0.020712
0.018330
0.018139
0.020144
0.019347
0.026487
0.029222
0.018527
0.027368
0.020169
0.019832
0.022576
0.019795
0.019275
0.021572
0.026534
0.021847
0.019800
0.023805
0.025154
0.028643
0.020880
0.018407
0.030692
0.019751
0.019529
0.026028
0.028902
0.019771
0.018285
0.020467
0.020696
0.018007
0.018008
0.023281
0.023764
0.020015
0.019121
0.019867
0.020408
0.020321
0.019951
0.019596
0.018589
0.019564
0.018215
0.020039
0.019641
0.019724
0.023294
0.019335
0.019910
0.035074
0.030136
0.024809
0.019807
0.025617
0.018678
0.025597
0.019893
0.026499
0.020601
0.019785
0.021415
0.027352
0.019571
0.018438
0.020247
0.020778
0.025607
0.019663
0.019559
0.024997
0.018919
0.019531
0.029246
0.019321
0.038627
0.019325
0.030230
0.019914
0.026073
0.023059
0.019278
0.021696
0.020089
0.019728
0.020470
0.019211
0.017914
0.019478
0.019364
0.019533
0.020956
0.023394
0.019619
0.019643
0.025279
0.020059
0.020072
0.019671
0.021903
0.019570
0.018624
0.020066
0.018279
0.019465
0.019593
0.027433
0.019598
0.027656
0.018329
0.018694
0.018128
0.022426
0.019627
0.023671
0.017760
0.019985
0.019583
0.039411
0.019371
0.019604
0.026833
0.025883
0.019667
0.026301
0.018601
0.019497
0.028807
0.026295
0.017982
0.018831
0.021367
0.019864
0.019217
0.019461
0.019615
0.028500
0.029106
0.018049
0.018968
0.019208
0.022211
0.028441
0.021644
0.019521
0.019612
0.035654
0.020260
0.019401
0.028670
0.019467
0.022750
0.018136
0.018678
0.018157
0.018313
0.019497
0.021642
0.019108
0.019710
0.019961
0.020227
0.042993
0.019647
0.019949
0.019951
0.019528
0.019335
0.024771
0.027047
0.033504
0.029602
0.019981
0.019649
0.024725
0.023713
0.020925
0.027051
0.024766
0.019238
0.029626
0.020301
0.020037
0.035284
0.020351
0.027485
0.019716
0.020588
0.020305
0.033708
0.019478
0.018953
0.029107
0.020227
0.021187
0.018801
0.020003
0.019913
0.019482
0.018656
0.030442
0.019532
0.025154
0.037702
0.023102
0.019036
0.019323
0.019593
0.019460
0.018969
0.023735
0.028311
0.028086
0.019837
0.019810
0.019468
0.018451
0.018841
0.018765
0.020149
0.019586
0.019100
0.020536
0.017930
0.018149
0.017730
0.017846
0.019836
0.019842
0.020512
0.019231
0.018611
0.020095
0.020718
0.021937
0.019778
0.019146
0.019480
0.019762
0.018870
0.018335
0.019345
0.018939
0.019676
0.018302
0.018887
0.018123
0.019154
0.019716
0.020923
0.018739
0.019715
0.020336
0.020178
0.019808
0.018777
0.019660
0.020223
0.019023
0.019744
0.020279
0.020110
0.018802
0.018534
0.019641
0.019856
0.019632
0.018449
0.018581
0.020093
0.019570
0.019640
0.020254
0.019680
0.019587
0.020082
0.019939
0.027582
0.024979
0.019985
0.018944
0.018506
0.018902
0.019225
0.019378
0.018862
0.018717
0.019156
0.020093
0.018859
0.019173
0.019062
0.017880
0.019567
0.019555
0.018281
0.019012
0.019776
0.019484
0.022988
0.025196
0.028752
0.019476
0.019517
0.018103
0.019885
0.023305
0.018919
0.021318
0.019993
0.020074
0.019770
0.018760
0.019238
0.020010
0.019339
0.019473
0.019833
0.020030
0.020916
0.019944
0.017765
0.019452
0.019661
0.018285
0.018578
0.019551
0.019905
0.022122
0.019773
0.019816
0.019963
0.019246
0.019638
0.019813
0.019711
0.019387
0.019056
0.019291
0.019029
0.019277
0.019817
0.027104
0.019467
0.018722
0.019855
0.028553
0.019099
0.024053
0.018913
0.020254
0.018359
0.020136
0.019202
0.020812
0.019974
0.020200
0.020169
0.020325
0.018648
0.019815
0.019455
0.032806
0.019674
0.019709
0.023501
0.018371
0.018915
0.020125
0.018677
0.018762
0.018413
0.019178
0.020117
0.019640
0.020989
0.019273
0.018572
0.019547
0.020211
0.019838
0.019274
0.018971
0.019533
0.018607
0.019323
0.020346
0.019749
0.018937
0.018403
0.023138
0.019926
0.018945
0.018631
0.019543
0.020675
0.019142
0.019250
0.019372
0.019040
0.019675
0.018416
0.020015
0.019627
0.019901
0.020606
0.019551
0.018781
0.019171
0.022335
0.018610
0.019625
0.018834
0.019288
0.019910
0.019741
0.020824
0.019855
0.019479
0.020138
0.019676
0.020416
0.020043
0.026066
0.024069
0.020703
0.020126
0.018507
0.019158
0.020094
0.020211
0.019164
0.019097
0.019000
0.018728
0.019808
0.019858
0.019732
0.019353
0.019330
0.020194
0.019547
0.020301
0.019151
0.020020
0.019327
0.019540
0.019909
0.019750
0.018691
0.020667
0.020763
0.020701
0.020782
0.019753
0.019747
0.019451
0.019565
0.030136
0.019056
0.019546
0.019655
0.021047
0.026018
0.019019
0.020249
0.019972
0.019596
0.019586
0.019076
0.018790
0.019545
0.019828
0.019483
0.020159
0.019470
0.028333
0.019720
0.019549
0.019419
0.018631
0.020022
0.020060
0.018307
0.019463
0.020250
0.036710
0.019547
0.018993
0.020654
0.019069
0.020017
0.019240
0.023432
0.019215
0.019534
0.019601
0.029444
0.021226
0.028832
0.020138
0.019322
0.022629
0.019099
0.019095
0.019503
0.019120
0.020714
0.018680
0.021200
0.019035
0.019029
0.019275
0.018904
0.019562
0.018677
0.019070
0.022495
0.022454
0.023499
0.020921
0.020107
0.019899
0.019998
0.019434
0.020503
0.019491
0.018494
0.019331
0.019507
0.018423
0.019224
0.021205
0.018694
0.021248
0.026080
0.019644
0.018833
0.018881
0.019863
0.019202
0.019386
0.018600
0.026264
0.020806
0.019340
0.019987
0.019858
0.019591
0.023846
0.019896
0.020015
0.025149
0.019514
0.019516
0.019361
0.023707
0.020330
0.019466
0.023757
0.018423
0.018615
0.030795
0.023363
0.019476
0.019543
0.021474
0.019783
0.019296
0.020731
0.018657
0.019562
0.020252
0.020367
0.019199
0.019129
0.029262
0.020087
0.019448
0.021709
0.019218
0.022536
0.018897
0.019233
0.018852
0.018802
0.019258
0.019016
0.018052
0.019913
0.019850
0.022494
0.018806
0.018810
0.018092
0.019856
0.019515
0.019911
0.019560
0.019020
0.018603
0.018525
0.018843
0.019666
0.018133
0.023348
0.019860
0.018256
0.018480
0.018279
0.019400
0.026090
0.019231
0.022247
0.019957
0.019558
0.019734
0.018301
0.019124
0.021636
0.019650
0.018245
0.018737
0.019451
0.024172
0.023449
0.019289
0.018470
0.023185
0.020153
0.018208
0.017930
0.018925
0.020318
0.018934
0.020079
0.028353
0.019328
0.019613
0.019306
0.019289
0.027282
0.020395
0.018092
0.017889
0.020151
0.019078
0.018790
0.019285
0.018585
0.018874
0.018943
0.019575
0.019537
0.018091
0.018273
0.018464
0.018700
0.027978
0.020690
0.021579
0.020899
0.019636
0.025548
0.036482
0.019195
0.018395
0.019233
0.020261
0.019923
0.018194
0.019269
0.019063
0.019478
0.018834
0.021145
0.019766
0.019993
0.019617
0.018382
0.019597
0.018395
0.020027
0.023497
0.018859
0.019849
0.017976
0.018529
0.018994
0.019948
0.019232
0.018002
0.018266
0.020328
0.020687
0.028995
0.019234
0.018125
0.019135
0.018456
0.019175
0.020058
0.018574
0.020109
0.019367
0.019351
0.018481
0.018405
0.018093
0.019728
0.020145
0.019623
0.019182
0.018912
0.018989
0.018604
0.019554
0.018858
0.018377
0.018535
0.018295
0.023394
0.018504
0.018755
0.019480
0.018443
0.019242
0.019148
0.018169
0.018292
0.018296
0.018528
0.032095
0.021167
0.019286
0.018628
0.018273
0.018890
0.017961
0.019525
0.018180
0.026120
0.029269
0.021643
0.019371
0.019169
0.018247
0.019335
0.018296
0.023380
0.018113
0.018092
0.019947
0.020185
0.023213
0.018558
0.019895
0.020022
0.020201
0.019767
0.019125
0.018066
0.029933
0.019568
0.018922
0.018438
0.019521
0.019774
0.019549
0.017502
0.019697
0.019314
0.019646
0.021175
0.019345
0.017925
0.019400
0.018349
0.020071
0.019625
0.019715
0.017704
0.018871
0.020420
0.019078
0.019927
0.021549
0.026851
0.019753
0.019398
0.019393
0.019096
0.019251
0.019546
0.019834
0.019784
0.019037
0.019466
0.018448
0.022252
0.018942
0.019297
0.019456
0.019303
0.020353
0.026013
0.019968
0.019386
0.018936
0.021338
0.017836
0.018270
0.018474
0.018980
0.019605
0.018494
0.018398
0.018256
0.019808
0.019448
0.019016
0.020006
0.020019
0.017643
0.018195
0.017987
0.018597
0.017921
0.021157
0.018299
0.020403
0.018050
0.021965
0.019065
0.018927
0.018189
0.028514
0.019491
0.019231
0.018866
0.018953
0.019897
0.019372
0.021295
0.029237
0.019394
0.019282
0.018414
0.018410
0.017961
0.017529
0.017282
0.027132
0.018701
0.019226
0.018826
0.018626
0.018242
0.018486
0.018887
0.018826
0.018065
0.019124
0.018691
0.018284
0.019462
0.019975
0.017916
0.019351
0.019446
0.018328
0.019361
0.018764
0.019230
0.019677
0.032687
0.018616
0.019895
0.019323
0.019432
0.019431
0.019478
0.019851
0.018961
0.018609
0.019693
0.019068
0.018713
0.019651
0.018501
0.018762
0.018995
0.027509
0.018371
0.026852
0.019744
0.019103
0.024076
0.018953
0.017656
0.019348
0.018915
0.029014
0.019281
0.019519
0.020226
0.018461
0.019306
0.023685
0.018287
0.019341
0.018693
0.018226
0.017951
0.024743
0.019213
0.018261
0.018976
0.019886
0.017753
0.018233
0.020340
0.018731
0.018088
0.019404
0.018114
0.018818
0.019006
0.031958
0.018887
0.019148
0.019137
0.018557
0.017886
0.018669
0.018616
0.017576
0.018311
0.017890
0.018244
0.018652
0.017944
0.020078
0.018426
0.018810
0.022810
0.017883
0.017548
0.022876
0.023749
0.019410
0.019887
0.019357
0.019516
0.028063
0.030241
0.019825
0.044613
0.038464
0.018531
0.029602
0.020441
0.030482
0.019636
0.019828
0.019391
0.019274
0.018267
0.019298
0.018020
0.026054
0.028784
0.019364
0.026893
0.019684
0.026095
0.018432
0.019347
0.019666
0.026373
0.040888
0.043536
0.019338
0.024634
0.018368
0.021044
0.020411
0.023101
0.031175
0.023547
0.025195
0.032673
0.027846
0.029277
0.018898
0.017757
0.019123
0.022588
0.026502
0.040769
0.019353
0.019290
0.046785
0.019573
0.020144
0.026118
0.018651
0.017957
0.039603
0.024995
0.018205
0.018393
0.032361
0.029724
0.019929
0.019709
0.019241
0.032031
0.019191
0.019426
0.019893
0.047541
0.019331
0.038077
0.019314
0.019688
0.031160
0.042677
0.019640
0.018691
0.018703
0.027509
0.019393
0.025634
0.046070
0.027212
0.020170
0.025432
0.018385
0.026542
0.029729
0.020917
0.026378
0.018734
0.018344
0.023888
0.019324
0.018683
0.019515
0.019039
0.033325
0.019500
0.020833
0.019213
0.018539
0.018426
0.018853
0.044985
0.018235
0.018409
0.022883
0.026885
0.020162
0.036783
0.019306
0.021905
0.019342
0.018429
0.019721
0.019599
0.036776
