192.000000,264.000000,22.000000,22.000000
186.706178,259.474417,21.731260,22.027515
181.515358,257.353786,21.974792,21.292076
176.948721,255.856184,22.352741,21.622173
177.212839,255.000963,22.288052,21.666981
173.594796,255.286307,21.319426,21.641703
168.433899,256.300428,22.387428,22.050411
163.073041,259.015087,22.287748,21.800179
157.854526,262.945331,22.370424,22.774401
151.403566,267.143700,23.419682,21.641899
151.518882,267.445292,23.232065,22.093395
145.259547,274.336833,23.658167,22.447840
137.450356,281.451038,23.791395,23.015266
128.265312,292.386275,23.890976,22.370363
149.634260,290.344432,32.050068,23.202333
196.494823,281.582241,30.806175,23.459679
196.570246,280.843963,32.475033,23.305223
239.761452,274.202457,32.325562,22.144516
284.062520,272.134660,21.001013,16.257704
315.908261,262.515539,20.504721,20.591358
347.320954,261.569303,22.352095,20.157682
378.509749,260.928523,19.068727,18.646265
378.237785,262.743292,18.642227,16.206997
398.185431,258.310503,19.820225,19.684437
415.881659,258.372863,17.591419,19.307459
428.633477,258.541054,20.292730,20.246010
437.381342,262.289506,18.593983,19.278502
443.857208,265.408486,20.991867,20.302526
444.002483,264.489670,20.897713,20.391724
449.171802,268.002047,20.555086,18.904819
451.926889,271.374930,20.929867,19.999819
454.443503,273.131488,20.567797,21.823870
457.183305,278.788697,21.100538,21.134306
462.681720,282.238300,18.939539,21.891487
463.111935,282.406802,19.124733,22.185648
467.846553,287.200401,20.152925,19.551537
475.969873,292.670000,20.917149,20.116901
486.575952,298.893247,23.571035,20.154951
499.977838,306.733271,21.265692,19.195019
517.431535,315.078685,21.945822,19.927057
517.690054,314.387657,21.864330,19.732468
538.748304,323.985104,21.230450,19.908417
563.572819,331.945078,22.027878,22.835918
595.909529,345.347864,28.953686,21.957577
587.526670,328.734175,19.957951,20.064106
578.677289,308.646058,15.260863,18.968683
578.560555,308.618100,16.128731,19.013399
570.035757,288.592038,17.655323,20.537493
565.363420,274.064086,17.918180,19.398077
561.730134,256.883817,16.712614,20.892248
559.065002,245.687053,17.377289,17.360514
559.123208,231.383281,16.789892,16.944540
558.684687,231.627126,17.192791,17.483347
561.886213,218.700058,18.255138,19.382168
563.210033,206.408357,20.518150,19.266542
569.910991,196.028830,18.340769,20.519539
573.512741,187.751813,19.477226,20.448816
579.876892,180.063635,20.665054,20.282417
579.518961,179.868524,20.564640,20.145639
586.061429,174.768043,20.433859,19.832449
591.502446,171.252630,21.016356,18.376175
600.175253,166.894405,19.457531,19.710705
609.042719,166.107280,18.933712,18.621885
619.521308,166.413767,14.216065,17.241676
619.960454,165.478828,14.439366,17.350056
624.632248,166.156474,16.691452,18.020079
629.748410,165.834974,15.563437,16.104340
636.174349,169.019611,17.674824,19.482723
638.499146,173.385309,20.564949,20.373772
644.081710,178.127777,19.728983,21.329975
644.369036,178.284286,19.627934,21.384779
648.258333,185.260270,19.990910,19.022982
652.931692,192.040579,19.969769,21.039055
657.772463,204.123472,17.491360,19.916931
658.938269,213.954626,17.584026,19.220695
661.867236,223.820116,18.707781,19.531326
662.180319,223.964625,18.907406,19.904440
662.553789,238.887298,18.964428,18.682241
664.145253,251.789351,18.254240,19.005135
666.747992,265.983172,18.283611,20.300596
665.078667,283.518985,20.071541,19.869123
661.951320,300.035158,20.159128,21.376419
662.987016,298.567067,19.576048,21.628946
663.345056,305.791758,21.199667,19.003326
664.226799,299.673493,19.601837,19.349863
662.981410,292.297324,18.602930,18.482031
660.172338,287.228617,19.417583,17.207359
658.051264,280.927244,19.903728,18.232193
657.964228,280.853209,20.482891,18.164040
655.518047,276.952381,19.155083,18.684559
653.708789,272.290251,18.913881,19.970284
652.326962,271.497235,19.694082,19.374361
649.905896,271.016425,20.308455,19.924070
647.106280,272.282404,20.615870,19.500107
647.288999,271.274595,20.904730,19.853569
646.902911,274.316989,18.699198,19.487127
645.892675,278.085810,19.282887,18.896683
643.714484,281.890383,20.555361,20.547195
641.098816,282.313816,21.634697,22.346714
637.150975,279.277619,19.127752,18.513971
637.719933,278.955866,19.018555,18.251625
630.478478,271.301811,19.229162,21.544971
623.090118,267.883021,20.120239,22.477919
618.190414,264.474113,20.973427,22.285933
615.315644,264.019324,17.765303,18.114195
609.028570,263.197126,20.426083,21.175987
609.148064,262.791804,20.861908,20.674238
604.410439,264.490162,20.613935,21.978077
600.574337,266.227644,20.279549,21.941635
593.978026,270.303823,21.233889,19.981949
591.059316,276.573761,20.416723,20.281033
586.128191,282.333776,21.857998,20.693291
585.106180,282.858199,22.471416,20.986128
579.779453,290.745622,20.941277,21.454317
575.039629,298.878963,20.337254,21.800207
571.022483,308.154632,19.672632,21.823797
567.649458,318.695931,20.310558,19.019487
566.783533,329.322159,19.493206,19.767162
566.538133,328.758739,19.321493,20.260580
564.731400,337.545295,19.767754,22.146681
563.083629,349.732149,20.257952,18.298416
561.711965,362.506011,18.564543,17.938749
559.188522,375.589251,17.485085,16.445076
558.186147,384.629744,17.479803,23.366264
557.551418,384.978957,18.603485,22.603193
552.928841,400.234392,20.068985,21.118721
555.982983,376.497380,24.299225,28.979773
559.634604,355.814998,18.075741,18.255915
562.622753,335.505486,18.605247,22.490402
565.474892,313.818029,19.263741,23.434799
564.717805,313.616573,19.239927,23.424656
565.995629,293.202902,21.414434,22.810349
568.663977,275.999506,20.719440,22.878128
570.645539,259.903110,19.408232,21.276793
571.319427,247.266373,18.365557,20.589886
572.542882,232.300101,18.865881,21.000319
573.211550,232.121551,19.010708,21.513060
572.527474,218.855108,19.976820,21.935608
574.592872,208.659647,19.738192,22.709839
575.070786,199.138792,20.010582,23.788025
575.546212,191.236077,20.127813,23.646570
576.083988,183.273348,19.745049,21.796341
576.579877,183.480427,19.701986,22.087482
576.619798,178.122951,19.800009,19.407270
576.826238,175.458505,19.256079,18.703714
577.120880,172.330395,20.411751,19.565701
579.196358,171.277895,19.270859,18.907036
579.243944,167.476685,18.057110,20.357464
579.777419,167.297203,18.120111,20.811741
579.177267,167.837084,19.914242,21.562714
578.515803,171.809483,20.456316,20.447613
579.042017,174.395346,20.548092,19.744774
578.236938,180.848407,21.327591,20.325476
579.330998,185.487797,21.113256,22.511257
578.907471,185.715030,21.189758,22.547689
578.886864,192.289327,21.339882,22.565775
578.998431,202.682788,21.255602,21.692472
580.028162,212.054255,19.526165,19.737602
579.716173,224.485362,19.131809,21.661001
580.746050,236.502919,19.698071,21.813395
580.313293,236.858808,19.420258,21.558329
580.957520,250.347117,19.936605,22.095915
581.228747,264.618199,21.612223,23.820993
582.026746,282.081096,19.188025,21.913450
582.569165,300.742964,18.905600,21.375893
580.318680,318.023669,20.661362,22.414549
580.804555,318.082303,20.293905,22.357286
582.091802,314.536579,20.815397,21.745228
584.019979,294.664334,20.664175,22.879412
585.580464,273.906539,20.774923,23.886366
587.034755,256.065302,21.223619,24.296173
588.494586,239.543997,20.452463,22.838577
589.430232,240.071989,20.024065,22.631866
589.644464,223.234383,19.697325,23.109707
588.329219,208.329762,20.163843,22.404482
586.456326,193.878339,21.879347,24.110132
584.432375,183.872473,21.620274,23.414764
582.579143,175.329962,20.305292,19.303680
583.036243,175.832376,20.253288,19.282463
575.954224,164.229179,21.057693,20.735531
568.792229,156.070910,22.912636,21.796759
559.988743,149.903225,23.126846,22.060719
550.094899,146.389580,24.924292,22.299030
539.456077,143.182298,24.907686,22.834902
539.821198,143.000494,25.011696,23.263634
528.302737,143.908740,25.187403,23.358335
515.034450,142.554177,25.977221,24.802874
499.647827,144.659316,25.743477,25.417761
483.117444,146.900932,26.700270,23.380314
465.723293,151.081207,27.103874,23.649082
465.525235,151.142021,27.041960,23.911755
446.839369,157.151999,23.168262,21.951231
430.195047,164.969820,19.735432,22.978951
410.647241,175.205834,22.016935,23.764750
393.898088,187.145974,21.079062,23.076700
368.165808,200.382648,26.902187,26.275930
368.920149,199.976438,26.266155,26.386477
352.279802,214.530610,29.011974,27.861216
338.920161,231.348466,26.281046,26.241190
326.967330,252.488067,23.334391,24.836790
315.623598,271.429576,25.283039,27.582418
309.622325,292.981734,26.152781,26.694517
310.058100,293.082003,26.149746,26.564278
307.680397,314.205104,24.394783,24.500418
307.789661,336.513281,25.393288,25.017624
363.266891,339.773650,14.369081,18.303724
342.141129,352.184297,18.808577,20.611940
347.838806,360.845588,13.383499,14.493254
347.680563,361.022520,12.979068,14.102905
346.785067,371.786074,11.823153,12.506371
341.805645,382.388359,11.662606,10.705731
333.229083,395.402076,11.098513,14.039990
327.718330,412.759329,10.609216,14.022705
321.587487,429.950438,14.413135,17.269606
290.532409,428.641718,18.455748,23.670410
280.761661,411.142530,19.841581,20.783096
268.363537,402.572542,31.380756,31.667145
231.733351,381.694301,23.767441,26.604322
276.880609,413.731395,20.961557,21.346815
275.771400,413.790935,20.726200,20.861364
249.718565,388.007072,45.541779,45.489346
260.425836,412.776399,27.894648,25.478769
268.688776,411.704304,22.845680,21.174488
267.397619,411.933345,23.108864,20.379141
264.109786,411.169204,23.873373,20.521749
261.494073,410.455347,21.856798,21.108658
263.164553,410.372527,21.781769,20.338179
260.971956,410.470361,20.857475,19.452890
255.677942,408.123182,21.283073,20.313240
253.257898,407.318237,20.188896,20.234074
248.370728,406.003887,21.665529,21.290615
243.230322,403.277069,21.865150,22.085415
243.388281,403.863174,21.848106,22.309063
236.326302,400.404252,25.723591,24.122805
288.503075,353.802229,16.933598,21.285183
295.276597,354.042723,18.244890,18.530865
299.995632,351.992572,22.918041,23.619722
305.381884,350.738503,23.285019,29.675375
305.695745,354.610284,23.479502,31.633291
309.391393,397.824985,26.688761,30.986895
287.549805,451.409842,20.625835,21.808908
244.364875,447.862855,18.522823,15.932798
210.647443,471.515008,14.545705,15.054060
207.297861,472.193046,16.356487,20.037844
204.625842,474.671602,27.250223,35.236645
196.954996,441.092873,25.871960,32.981567
192.662200,404.020727,28.989229,25.903095
191.618389,403.877331,26.041557,24.556252
188.040348,403.969296,27.293556,25.004921
185.487010,404.425959,24.937838,24.425610
184.507231,404.179712,25.206783,24.190411
181.945741,405.335375,24.410543,22.054951
178.237067,405.223351,24.805841,21.239082
174.697950,406.592976,25.393826,21.846764
172.764904,406.545036,23.497978,21.716858
168.630392,407.810807,22.927090,22.624990
169.553881,407.878268,22.356319,22.349512
163.190879,409.224056,23.757425,23.914162
160.665764,410.516082,22.834923,22.948931
152.303783,412.159736,27.416946,23.816904
150.701885,412.718914,24.743477,24.186630
146.313850,415.944148,23.093964,23.256716
147.245776,415.368673,22.321543,22.542370
140.686338,418.515876,24.975895,24.989748
139.152567,419.785411,24.112545,23.541025
130.979562,421.195274,28.197561,23.969521
132.718419,423.420211,23.779371,22.050455
121.997043,423.752303,30.795588,25.285852
126.165428,423.992574,27.337753,23.605970
123.158175,423.876996,26.976063,23.872389
119.377334,424.990137,28.955599,25.292072
95.751778,427.732636,51.376579,21.624411
121.530286,426.196533,24.121550,24.480049
118.366304,427.033597,24.707211,25.276037
119.599945,427.190751,23.806091,24.534849
117.949407,427.878365,23.588995,24.636192
116.334331,430.414202,24.167368,23.765217
113.735408,432.438740,26.714785,24.476425
118.002604,433.202320,23.469837,23.286728
118.018621,435.021758,23.986492,23.865473
117.270597,434.717022,24.242025,23.448471
119.291016,434.942883,22.374527,23.274567
120.074022,434.627798,23.432484,23.169590
121.446553,433.402886,23.657110,22.906546
122.637493,432.950438,26.671364,24.411921
124.249319,432.250193,25.412327,23.990345
124.586277,432.318577,24.887085,24.078041
124.068489,432.042492,25.963623,23.935432
124.656706,432.096900,25.174725,23.965624
123.847608,432.947019,25.680159,24.367781
122.396148,435.263145,24.437319,22.706184
122.114692,436.433990,24.401049,23.960609
122.338774,436.652361,24.556530,23.819515
118.418969,438.849598,26.328680,23.878990
116.962391,440.307920,23.990417,23.280979
115.530268,442.488116,24.434269,24.326410
114.641333,442.804026,21.864643,22.682140
111.448137,444.329376,22.424038,22.626442
112.705965,444.495903,22.940807,23.044579
114.070721,445.005105,23.370949,23.009588
118.024878,446.883125,24.683720,23.571083
121.486403,449.392930,26.071262,24.943090
125.757996,450.520733,25.519653,24.445038
129.593060,452.259335,24.233330,23.727074
128.317971,452.379441,25.203283,23.690626
132.996479,453.826928,23.643112,22.874258
134.938081,454.861873,25.024916,23.492090
138.093232,455.799484,23.473661,23.006752
140.805813,457.412901,22.993675,22.190876
141.013654,458.579592,21.672392,21.261303
140.681562,458.753470,22.741909,21.898874
143.068931,459.092350,21.449389,21.212143
144.926723,459.035446,22.762629,22.638031
147.264169,458.126836,23.543074,23.140654
153.500735,455.770221,20.749697,22.383608
159.979273,454.638506,21.886349,23.113941
161.083721,454.515371,21.518211,22.559139
167.059121,452.545878,25.305281,23.393839
184.245325,449.801056,23.212002,26.721359
206.205859,446.594394,18.415018,18.721827
225.857520,445.458057,19.517702,20.783745
245.685825,444.132605,21.192528,23.502712
237.416302,467.457511,21.582298,18.184702
262.012190,454.747441,22.391911,23.668287
279.808008,463.047625,21.288860,20.825993
302.252774,443.532332,22.634863,28.928804
319.155708,440.319290,23.617157,32.558685
337.961241,438.483935,24.992527,24.248369
338.652730,437.653116,23.952993,23.061199
355.310743,439.826198,23.280903,31.358057
371.401439,436.499252,25.131067,23.183495
391.378875,444.660267,23.415575,35.162460
408.371823,461.511644,24.220373,23.672031
424.485572,462.741628,24.728502,24.260450
425.688766,457.243281,24.240097,27.618631
436.098975,462.023973,24.595919,25.921307
453.463696,443.133116,23.478188,34.490604
456.418358,469.701412,20.786926,21.460396
468.650745,444.622995,22.390800,29.595852
472.826751,443.976003,22.061037,29.135389
473.073255,444.018280,24.588705,22.118698
475.529692,443.588494,24.377300,21.789877
475.317318,444.701260,24.973969,21.890533
475.346190,444.025622,22.302294,20.849520
473.251119,445.180348,24.724379,21.326384
474.502870,444.480206,23.998251,22.418440
473.871458,443.481870,23.998936,22.559965
471.513291,445.216444,24.828939,21.441158
472.959020,445.785532,24.078802,21.748066
473.803106,446.393897,23.344646,21.955446
471.899635,446.904860,23.383064,21.602627
466.718296,446.055242,25.434799,22.913565
465.952929,446.129066,26.032701,23.104746
461.992330,446.109985,24.195318,22.339180
449.466974,449.461777,22.426319,34.045357
434.381973,454.286297,24.519493,36.891006
414.971278,511.207008,27.386049,27.124290
398.678771,466.151716,23.164454,23.485718
400.324961,467.469643,20.765629,21.412502
379.784540,466.712364,21.441494,21.405376
362.960111,449.886745,21.707556,33.038563
339.151366,464.264498,24.262857,26.524315
320.079950,490.044701,25.594685,40.736202
302.290450,455.704560,26.253748,30.233820
305.849271,440.902607,26.421644,36.716625
290.039665,436.180559,31.604118,24.753326
274.235595,432.949198,30.105677,25.095947
259.425294,433.148363,27.177877,36.750107
243.838222,424.913986,30.639833,23.522114
233.442698,420.274413,27.515781,24.364943
234.963158,436.148946,24.638008,31.516954
225.334816,415.491600,27.644859,24.724804
217.867715,413.656578,28.768270,24.746433
217.795745,412.023000,25.059244,24.394892
209.823088,413.261167,32.491474,25.516565
216.305013,413.829527,28.262686,25.596550
214.397548,413.928461,29.395655,25.630096
215.689838,414.400579,31.767677,25.333626
221.184607,414.471513,31.443699,23.366304
235.161437,413.146467,22.309298,22.438072
233.391081,410.829565,30.197567,22.894485
240.149035,408.223180,28.077852,24.038591
240.169660,407.981782,30.271559,23.228418
252.474465,407.949366,26.614935,35.968895
268.697847,404.162407,22.729237,22.144741
288.431419,404.557992,24.845757,14.587380
316.255713,405.041517,20.988918,18.535423
338.796775,404.837576,24.578150,19.589622
339.048132,404.614634,24.463245,19.521385
369.202310,404.074644,22.894728,20.075500
402.361008,425.625566,22.040802,20.030283
433.396028,419.822664,24.826399,22.171577
463.020456,395.392786,26.136929,45.277237
526.673365,357.225239,27.091976,22.257923
530.054678,358.817689,23.003391,18.261637
551.251143,358.828233,24.426441,22.241259
553.173805,363.167359,32.843719,31.267534
586.669861,355.786934,31.647873,29.745167
596.119076,384.177261,37.574501,33.135365
614.565031,382.499096,29.302967,28.052563
614.500195,382.116402,25.390007,26.946064
633.641083,384.492322,30.232910,29.730280
622.578524,390.789855,33.330349,28.194632
684.732163,382.811401,23.510862,29.913074
703.605742,385.187412,19.924288,20.514690
715.101904,384.226043,18.088245,18.606649
715.974970,383.138402,17.535610,17.550730
724.112309,383.381220,20.768478,23.283897
728.954077,383.581566,23.586246,24.002651
732.441339,383.201538,21.368071,20.980808
735.095817,380.456616,16.669184,16.960474
737.682855,379.239575,16.011328,15.639231
737.464238,378.843472,16.254309,15.965593
740.599781,377.223480,17.092796,18.403088
743.014368,375.930632,16.111858,16.828461
744.764987,374.079515,15.557878,15.494402
746.304197,373.468060,15.989391,18.061764
747.276915,371.774774,16.232845,17.617327
747.388041,371.900068,15.669611,17.327133
747.871943,371.569093,16.430544,18.679880
747.547310,369.490709,16.239029,15.918900
747.222381,369.301122,15.149500,16.364733
747.596199,371.492832,26.362389,32.840405
743.709698,367.553224,46.196350,10.000000
755.368945,389.571222,17.998446,18.471909
738.310982,367.924709,26.596718,33.148659
734.116140,367.385197,17.249569,19.421301
725.372356,366.920931,18.935753,19.482220
717.037695,366.749844,19.601231,19.551092
711.637852,364.619375,20.127411,22.430767
711.289042,366.019483,24.905695,27.760937
704.742721,364.697037,18.788042,17.424088
699.525561,365.113114,17.868662,14.861007
693.430495,364.654243,17.494585,16.158722
684.974854,363.849832,17.748825,16.649944
677.618972,361.793344,17.819017,17.215351
677.010782,362.012213,18.041912,16.999506
669.383736,359.380995,20.181526,19.688900
661.714788,359.491677,20.194530,18.742979
654.428513,359.388509,21.198708,22.288542
647.243584,360.762502,19.714966,19.253231
642.248589,365.080679,25.315109,29.358334
641.384743,364.508721,21.626709,22.386160
636.773317,367.225420,18.113613,17.656734
633.028572,370.204603,26.657898,29.636562
629.387719,369.645445,24.466719,26.202877
621.877823,360.061021,26.095612,30.091864
617.471964,350.087200,27.626278,26.976326
616.210082,349.015232,26.786852,29.353600
613.427317,346.372565,25.809032,28.542971
608.057266,337.581166,26.756866,28.341291
608.655604,335.898498,22.473352,23.929420
599.761620,329.305720,26.319916,26.330439
593.248396,325.501775,28.366444,27.903250
592.990954,324.103501,27.275034,27.309202
576.767617,270.445235,20.111464,21.463022
578.598591,285.314069,21.044106,19.767271
575.137266,265.927125,19.723408,21.783590
572.350282,237.890330,20.685781,23.025095
568.427265,218.492852,19.926758,22.698706
568.804562,218.204179,19.826035,22.995726
565.560983,199.310987,19.419714,19.942844
561.203828,178.312414,19.333776,19.873592
559.343557,161.555649,18.609814,19.939217
553.460263,145.287488,20.500563,19.954840
547.626278,131.503137,21.487511,22.284184
548.020418,130.564474,22.143780,22.838619
542.625595,118.979048,21.179901,22.741610
537.502895,107.940980,20.416565,21.458319
529.137238,98.510178,21.878273,20.998030
520.717321,90.244851,21.888683,22.356512
510.960392,83.834432,20.811630,21.715687
510.876048,83.883365,20.724619,22.153931
501.214641,78.156935,20.635614,20.290026
489.984325,73.683439,22.311493,22.156017
482.593221,71.519899,17.074446,23.047138
464.824548,68.250412,19.459303,17.669456
453.249138,68.567844,38.240913,34.431633
414.960499,48.317054,26.534904,26.055071
404.312057,84.480957,15.615799,15.434981
405.665649,86.329376,41.544670,40.957817
369.974633,48.946858,27.335737,26.335684
346.228832,8.879215,61.137917,82.912033
480.360571,93.633850,55.933949,36.806725
588.346766,42.733156,22.130627,45.572254
606.912729,10.892051,22.342968,20.304018
592.971602,0.162407,23.596201,25.502670
581.419744,8.560688,21.131651,21.217705
559.261079,12.036747,10.000000,46.850517
558.176137,0.051775,17.532990,27.768711
558.742641,0.609016,21.785234,23.419014
547.911332,0.135972,22.024628,23.030134
540.403719,4.422734,20.358084,21.177885
531.845640,1.341534,21.256887,24.943449
526.118567,1.056884,20.551579,24.053949
521.479134,0.440051,21.495140,24.622293
521.437822,1.033694,20.603117,23.502802
519.646509,1.441717,20.614752,24.622890
517.811350,3.832465,20.000952,22.191866
516.835225,0.000000,20.480797,23.431673
516.932628,1.509539,20.601397,23.149426
516.135793,0.000000,21.737852,26.108543
515.474564,0.981118,22.169205,24.457701
516.003514,0.000000,21.758804,22.336859
515.844852,0.880161,22.036211,25.303137
514.901315,1.126702,17.083731,31.239468
491.593882,33.612664,17.983639,20.142986
493.112990,61.261945,21.900578,22.269047
493.566108,63.216242,20.782291,20.705889
494.637106,62.159663,19.761595,20.983337
494.657860,62.850773,19.665789,20.361242
495.284821,62.690176,19.446182,20.812716
493.988667,62.712493,20.121071,21.534134
494.134104,63.829370,19.877644,20.877010
495.308652,64.125212,19.615959,20.559496
496.523435,65.428657,18.178320,19.082024
495.986428,65.741157,17.928009,18.990341
497.314893,66.592743,17.395864,18.684996
496.164534,66.793740,17.579288,18.716068
498.081166,67.388162,16.825531,17.177723
497.726315,67.507544,16.813683,17.448830
498.362053,68.680084,16.117579,16.546804
497.212438,64.285393,17.995344,19.393469
496.598701,64.300048,18.635210,20.148430
497.088364,64.684140,18.477394,20.086445
498.736936,64.792759,17.235945,18.446272
499.987928,65.327790,15.960601,17.676693
498.647194,65.083690,16.836061,18.957321
497.732322,64.598916,17.604548,19.262241
497.455625,64.774226,18.026320,19.801979
496.915644,65.561261,18.666080,19.951939
496.568785,65.444948,18.823803,20.002642
496.694006,65.316242,19.343931,20.590689
497.527017,66.321815,18.357855,18.609343
498.246614,66.843492,17.348242,18.635645
498.459544,67.646062,16.566952,17.971050
497.831259,66.602301,17.067495,18.715570
499.389210,67.716907,15.954414,17.397896
500.866187,70.677628,13.996707,14.928150
499.500086,67.110249,16.989996,17.965382
500.274540,68.458059,15.812372,17.102434
500.440730,66.277139,16.896793,18.282955
503.177063,67.623860,17.061075,18.224857
506.714813,65.082585,19.557535,20.088497
506.007301,65.039055,19.191492,19.940756
507.053389,65.985794,19.336071,20.227880
523.477089,64.528668,24.397425,22.531887
531.226240,60.707703,24.795256,24.367407
543.053492,64.183204,23.469395,21.616493
556.040759,47.200919,30.242558,39.999054
524.980872,6.088292,53.599316,45.089664
538.558270,4.135661,57.876984,32.493217
487.165648,89.786008,24.783100,23.884876
498.809128,98.233792,21.306627,22.555515
509.818604,105.287108,23.743256,24.182205
522.096113,117.009728,21.565039,21.291988
522.117639,116.545034,21.556036,20.726336
534.239862,125.911582,22.782370,23.719872
547.774422,139.484350,21.865669,21.961161
557.603300,154.820641,20.789503,22.011951
571.221228,168.440407,20.146099,19.457205
577.504806,180.038424,20.720125,25.825638
577.420406,180.331501,20.861765,25.358892
585.860330,199.839821,21.455259,24.445662
589.997337,215.292672,19.127054,22.919308
593.623230,234.775446,18.404474,21.176645
594.377105,254.030560,21.336451,20.094290
595.826323,269.604348,19.643650,18.269299
595.904917,269.821292,19.391216,17.921852
600.158219,270.813083,17.652588,17.746346
606.706141,273.229937,17.033955,16.287638
606.474534,274.961262,18.698006,16.166464
605.350639,275.663505,19.437067,18.612877
602.050410,278.326488,18.655918,18.422819
601.725621,278.748136,18.915039,17.906170
596.869138,280.722073,19.439077,17.155172
588.531522,283.384479,20.163193,19.425308
581.167578,285.504004,20.815138,20.200089
574.584946,289.702771,19.274765,21.111286
566.384124,295.082746,20.705051,19.343630
567.124961,295.409862,20.485714,19.245293
559.652969,303.152809,19.014284,18.616941
551.901541,311.387958,20.138899,21.104155
544.273936,320.525823,20.302906,21.370365
539.419038,331.035651,17.599037,18.800751
530.615284,344.181341,15.306894,19.564142
538.062615,339.101973,16.164642,20.798838
520.878862,323.562526,20.184664,23.458851
511.179467,302.870193,18.023129,22.746843
498.051336,285.683763,20.066423,18.990324
489.007924,266.593398,18.426609,20.239849
478.218545,250.535063,17.544346,20.842428
478.711624,250.558287,17.661116,20.668394
466.615315,231.361334,20.695553,22.639090
458.138781,216.716914,22.369850,24.026196
450.556505,206.630856,17.563578,16.847956
440.942364,192.794093,17.752005,17.953217
429.772357,181.482541,18.147408,19.381573
430.172149,182.130688,17.970976,19.415899
420.471123,173.180329,19.715412,19.164219
410.423157,164.833002,20.317844,20.608004
401.734012,159.363708,17.911253,18.019506
393.887312,153.004447,16.737398,19.459610
381.778067,150.166362,19.758438,19.798126
382.161888,149.369418,20.184744,20.080666
373.281629,146.720444,19.335009,20.246351
367.335590,147.157081,20.400251,19.710190
358.850577,145.854746,17.496849,16.520510
350.289665,147.925874,14.909896,16.504833
343.134125,150.063421,15.493207,17.097635
342.887501,150.070722,16.127201,17.072987
335.118320,153.024451,17.432623,18.346214
326.338498,158.833202,19.059101,17.996000
320.175795,163.241209,17.945724,15.667238
311.820830,171.476814,15.707764,15.154166
305.602675,178.943960,16.329979,17.740786
305.463052,178.588622,16.942959,18.153130
298.085343,187.175743,17.047466,17.993628
293.156772,197.258837,16.182852,17.261904
287.460490,209.940898,15.946931,15.243552
280.285070,222.224883,16.508410,15.366197
272.836731,233.124136,16.361341,17.694521
273.169335,233.083948,16.765369,17.883219
267.866831,247.086087,16.081614,16.938007
267.349903,242.752042,14.247182,17.060688
270.950576,215.527716,13.421897,18.791983
271.872664,188.535977,17.500870,19.641104
275.444536,163.391027,16.239305,15.975052
275.346845,163.251200,16.104280,16.622482
279.848390,137.265569,17.238626,19.907087
291.937614,175.649493,27.258711,13.411395
337.516469,186.757768,11.246510,13.039044
359.017181,164.621100,10.595243,27.292019
378.375852,179.584498,13.969973,17.430607
372.714598,169.014644,19.010010,27.983616
363.945930,155.669690,16.760229,18.058174
370.834182,155.833224,25.393547,37.251835
361.903259,155.385746,16.198118,19.066591
369.789916,153.398151,22.387535,20.995958
363.296543,155.191798,14.892065,16.720531
367.774825,157.951920,24.123466,35.821297
357.958121,165.219906,16.769836,30.700914
363.579229,153.423746,21.742540,25.117674
362.405318,155.363412,15.662742,17.943741
366.762357,156.414327,25.512514,41.793152
365.448703,169.104358,23.248772,26.477924
363.741364,157.492207,24.274128,36.343002
361.500485,154.808278,17.421337,23.044495
363.990592,155.350840,21.579109,25.755003
362.103641,156.328618,16.029043,17.985794
366.829497,160.978915,36.976189,40.812389
359.106286,160.713220,21.842915,35.204453
362.768240,154.499530,24.730692,28.781498
360.668060,160.053529,27.621038,34.892509
344.024915,184.221271,27.357418,17.226856
362.512297,159.138301,20.773109,27.364895
360.997316,156.300454,23.577326,33.165726
359.603311,157.870587,16.015940,36.899773
361.126535,156.614984,23.594248,31.101255
359.369116,162.794471,16.116060,32.853840
362.206073,158.027387,21.728561,32.366615
362.285422,155.191560,24.892845,33.376938
358.178857,159.786859,19.305637,26.798233
361.428195,156.069130,14.953109,16.798288
363.699795,154.723700,22.671339,20.871031
362.112633,154.743965,19.367804,21.851145
362.177701,154.796022,15.313679,19.407820
366.803137,153.872726,22.367540,19.039675
371.366250,155.243564,20.751728,18.442570
361.803425,154.434851,17.271482,18.392233
369.854545,154.721672,24.730673,22.933382
363.270286,155.151311,22.677649,20.606903
362.603699,155.849808,16.378780,17.161242
362.057612,156.590681,15.397080,17.885115
363.806479,158.888127,12.405610,14.630708
361.127384,155.771170,13.787603,16.764002
360.464681,155.767164,13.772273,16.298960
360.570980,155.037600,14.243665,17.508638
360.687510,155.435280,14.028169,16.777830
360.728492,155.698629,13.486633,15.581568
360.664693,153.935112,13.563625,17.121069
361.484324,154.513051,15.579103,17.573650
361.370016,155.070600,13.598725,16.494043
360.805966,154.848497,14.001782,16.864931
360.845174,154.464705,13.155246,15.398362
361.226444,155.105565,13.857734,17.172138
361.224869,154.464059,14.218906,16.589848
360.662991,155.677399,13.133129,15.436758
361.017707,155.402370,13.626221,16.573492
361.325144,154.626244,15.888291,19.731802
365.712645,156.260241,43.265839,47.604370
360.104099,155.600419,24.838430,34.946537
359.650700,153.883319,15.590229,16.811089
379.330487,181.410565,12.151278,14.376164
380.432929,183.276253,11.136306,13.342802
378.516358,183.294018,10.658227,14.019468
375.086803,180.622495,16.661924,17.067795
351.333551,154.580986,12.867068,15.213964
348.283467,152.797996,12.234910,15.631078
343.157097,154.333172,18.255709,20.897038
345.080371,154.157885,37.964382,43.379745
324.530911,156.479416,39.365746,35.610294
333.581403,151.593837,23.876640,29.749968
330.221546,153.453030,18.516199,20.443859
325.720149,153.768670,14.392460,16.304323
330.531005,154.790016,24.300785,21.678371
322.918649,154.264415,14.320440,15.494894
324.143206,155.261776,25.946873,25.337872
318.533722,154.668302,20.866541,22.115641
321.253397,155.792625,22.309149,26.937931
327.287946,153.743686,18.961166,20.907187
326.384564,155.459218,20.686287,19.943964
326.837917,155.739696,19.639994,18.942051
320.447847,153.638876,23.657660,21.921783
320.878748,153.853474,19.003653,18.490986
333.432101,156.659901,19.319981,20.045650
331.238141,155.049515,22.080727,21.858349
335.685692,154.428592,21.765154,22.048361
330.910880,155.116596,24.705059,25.648586
331.789425,163.418365,21.211199,28.400272
324.006236,174.927338,30.030781,17.363132
344.724696,155.981751,21.697590,23.357500
353.041657,154.360574,25.571922,27.970461
353.141394,166.034545,21.539547,27.739965
356.141991,156.862331,25.053200,37.474407
362.753635,152.693467,21.790636,31.186968
367.467919,169.456119,23.255486,23.851454
372.554307,166.875390,22.653870,27.894960
379.827011,169.295408,22.622194,23.865959
386.146224,159.921440,23.737751,34.129246
387.083573,169.735529,25.401199,26.010468
391.118715,172.099078,25.091124,22.166227
397.009299,173.414822,23.771473,20.718426
400.114050,175.880688,22.871298,17.500057
415.935949,160.209797,19.254812,32.028759
413.641891,174.336640,21.039591,19.234423
398.659312,180.342459,35.867069,15.635474
407.667594,177.928578,33.869457,16.182741
405.984101,181.391680,25.231682,17.702164
417.562115,176.686805,40.690170,20.099241
436.057795,167.611761,23.240437,26.680740
438.650955,171.831756,24.246469,22.637251
437.890343,173.835067,18.567772,19.319944
440.443187,173.060754,25.086565,22.366335
444.580615,172.692262,21.184834,20.801310
448.292582,172.077568,25.666027,21.220989
448.977309,172.107590,27.708797,22.854595
454.657133,167.742752,26.229429,26.989292
453.481046,170.547843,26.123579,24.391668
459.193285,156.581600,23.552359,35.954319
464.871527,168.910324,20.686016,24.334972
463.129785,157.946827,26.290625,35.090748
468.221269,167.270075,22.556082,26.373970
472.579109,156.524268,23.824778,29.648924
468.699185,163.297864,27.365143,29.224749
475.560043,161.302986,21.463877,27.871487
477.951960,157.805902,20.160908,34.114784
479.316232,169.168602,21.526800,24.349499
477.944881,167.393074,29.133371,27.218838
486.115768,171.038880,19.717470,22.108316
489.897193,160.118786,18.593189,32.317715
489.588459,170.338629,22.049906,22.921867
493.428099,153.869764,21.271358,19.021194
498.567698,169.191018,15.056485,19.313562
499.552323,169.925956,17.859810,20.948683
501.965218,171.797343,17.742310,19.194166
504.580270,172.329003,16.122704,19.069208
505.875780,156.134674,19.271215,33.216702
509.701767,172.239175,19.390055,21.077188
517.512810,158.937794,20.119713,31.406376
524.507386,171.880640,17.262398,19.849373
527.272570,169.850287,22.390720,23.468756
530.230540,171.399973,20.224926,21.541962
536.893356,171.365656,19.536432,20.882515
545.889995,171.770431,19.953417,22.283827
555.173219,169.218216,18.135588,22.277317
559.789911,169.815511,23.381117,25.037493
573.080240,172.470222,20.879728,22.106113
569.969552,170.434959,23.806442,24.173695
580.507749,166.620865,24.425085,28.028782
595.179231,172.268177,18.818876,20.836376
605.437359,168.076915,19.840639,23.892881
614.754358,169.170708,21.035147,24.700169
624.734525,170.576097,19.622358,20.818398
621.330089,170.977307,23.102327,23.385927
632.322325,171.630574,24.379133,24.212137
638.456257,168.235107,26.620180,25.607601
651.414647,169.931924,22.013199,22.917109
655.023927,165.048935,23.567183,25.884396
660.637305,168.797754,26.804096,24.956581
662.810378,170.114611,24.350330,23.185249
675.652598,152.176251,20.754375,29.507586
685.272597,145.906154,21.118931,21.039579
689.825198,144.616005,19.845913,18.117229
689.640712,145.592648,22.665751,17.213787
689.139068,151.070839,13.917330,14.919666
686.105977,151.396075,13.924072,14.872352
688.712917,149.741574,13.013194,13.774333
690.175055,148.912054,13.718044,15.413033
690.529356,146.310589,15.193228,16.375484
682.847760,166.440421,12.999484,13.993368
692.920654,144.506073,12.909842,14.522372
691.246855,144.031175,13.246339,15.700960
688.675141,166.482557,10.726514,12.839059
694.210657,143.472019,11.852967,17.064701
691.469994,161.282129,10.171018,15.532501
692.108684,163.711110,10.077926,12.362224
693.491430,157.750939,10.000000,17.500193
692.474015,157.777333,11.497629,17.340448
691.089841,159.579379,12.500490,16.110220
688.465829,156.762445,16.074785,18.575081
689.473385,157.430501,16.389111,17.415758
690.703144,156.854711,15.057567,17.905985
690.428028,160.722281,13.184955,13.832380
691.872406,160.450702,11.180972,13.488103
692.720557,157.930607,15.846898,16.065670
682.337531,153.385028,24.404470,21.645720
687.329091,159.237931,14.321496,13.452136
694.178221,160.144730,11.872519,13.956462
694.189063,144.367767,17.571119,29.509315
690.376927,157.939105,17.319452,15.474521
695.071894,152.156549,18.208906,21.435413
695.672742,152.667873,19.315493,22.509842
703.282984,160.291801,12.344076,15.042886
707.366883,160.753093,11.195147,14.595216
711.690475,161.020610,11.217571,14.307673
712.044560,160.416553,11.640230,15.076372
716.280484,160.465931,11.733651,15.207656
720.195297,144.115119,13.187946,18.648691
725.621881,160.564663,11.764061,14.982520
721.207049,149.044298,22.936277,23.987946
734.479810,153.749977,14.926889,22.253742
736.223398,161.383688,11.396744,14.532280
742.480461,162.047892,11.880305,14.830611
751.938664,145.610695,21.220362,24.243313
754.177587,161.327105,13.354058,15.401937
738.983644,159.372290,32.469982,17.170219
766.558166,157.723524,15.062225,20.099083
769.252963,154.440494,19.889330,19.350157
772.401723,157.430429,16.016813,20.313332
777.217111,153.386842,17.235432,24.309633
785.425154,162.140781,13.969096,16.407711
789.544407,151.500461,16.772293,26.993063
798.479948,164.264792,13.898487,15.760810
797.941946,163.593924,14.082012,16.076462
804.094568,161.488561,14.034512,17.879930
809.988908,164.486711,13.882139,15.657045
815.458291,148.278474,13.675749,28.659140
812.125396,150.327997,26.981201,27.702229
823.809018,145.236050,18.387060,22.013443
822.185736,154.847358,18.106195,23.815790
829.149993,141.591543,20.842310,32.545551
830.505675,149.246706,20.750483,29.748928
832.850588,142.223915,24.989429,31.528198
833.026440,135.264817,25.570631,31.987234
829.637960,143.387361,26.195065,28.047840
827.679151,141.696433,19.433071,22.305033
843.674302,129.070682,17.438192,31.259529
824.073262,148.038213,23.433958,26.842825
819.088263,146.674995,20.965700,22.059021
813.865978,146.121182,21.241798,22.623404
828.623700,126.569262,15.523503,17.531206
829.600128,125.669355,14.034164,17.096752
798.153574,146.088208,18.058744,18.044462
782.484153,161.612653,15.689090,16.025167
770.471981,161.955652,15.275202,15.902081
758.455875,163.752089,15.450361,15.244173
745.076456,162.791563,14.436013,15.410167
744.787447,163.557891,14.286721,14.873300
733.417991,163.986546,14.145667,14.980894
719.021525,162.321898,14.272584,15.210597
706.497491,162.495247,14.198607,15.129401
692.615758,161.457386,15.086395,16.602524
679.685173,159.255391,15.139474,18.349455
702.194143,126.847442,15.018783,21.471415
687.013112,124.243921,19.051277,18.467991
673.480532,125.991548,18.412411,16.662916
663.013880,126.396457,17.367285,16.932924
650.460899,126.497026,18.778009,18.044735
638.876635,127.305665,18.799915,17.398230
638.615431,126.682693,18.616705,17.112106
628.030607,128.027084,18.339926,17.337494
618.138483,128.336385,29.631315,27.227644
602.940806,130.097520,21.272251,19.202734
592.901814,129.743986,20.490242,18.348598
582.228173,131.963824,18.129944,24.038836
565.863889,166.233459,17.201614,18.370689
556.633120,167.346781,17.741627,18.850895
546.837263,169.905557,17.170294,17.622244
550.296241,149.778477,10.000000,33.700851
530.523944,171.290868,16.895519,17.938833
520.962888,172.806465,17.064880,17.502983
522.042243,172.612021,16.142330,17.387194
514.502809,168.670918,18.929564,23.291075
507.143677,172.534516,19.186317,20.452322
496.900886,174.968222,19.291872,19.054470
487.787734,170.346004,22.218884,25.303703
484.688727,172.611173,21.722439,25.162161
482.731961,170.486301,20.888489,25.466049
475.925201,178.919110,20.496614,20.123465
469.850624,179.289207,18.627802,20.678879
462.514370,181.901503,19.537584,20.576450
457.762369,183.426454,18.865660,18.897398
452.044652,184.089776,19.188721,19.691504
451.941174,184.135184,19.002686,19.383120
448.432482,175.732995,19.203526,24.652327
440.850610,183.853913,21.551283,22.261671
434.736831,183.102904,22.760759,24.865938
436.534775,192.963274,62.315002,55.483242
439.308789,164.980354,83.654945,10.000000
424.000132,182.951341,28.429050,20.256422
415.830482,187.868014,23.458872,22.315838
412.272858,181.067840,20.269417,27.742136
404.883322,191.467824,19.640484,19.432173
398.819531,193.076595,17.396835,17.883738
393.643899,190.560244,18.252464,19.634441
393.197515,191.476910,19.380919,19.485573
388.164168,193.939930,17.199482,16.994545
382.643739,194.613938,16.830282,16.776535
377.258622,189.110091,19.032005,20.899759
371.290306,190.607406,18.452730,19.971842
364.083302,189.195490,20.004608,21.307232
365.389060,178.803756,21.188702,29.205568
362.525797,190.197139,19.489470,20.378000
357.076025,191.990519,19.033728,19.504040
351.790195,193.565461,16.438478,17.432318
346.630859,190.070200,17.805422,20.217983
341.109050,192.944643,17.365108,17.603237
341.058989,193.625550,16.594402,16.837461
334.015039,194.352295,15.844810,16.507133
324.504695,195.465425,15.708022,18.544035
308.557068,191.591870,15.914476,19.620047
286.054566,191.076203,16.277416,19.172293
261.041991,185.597613,20.375153,23.204119
258.520129,189.811190,17.892662,20.171970
235.146725,174.210028,20.760006,30.910679
208.757398,186.672305,21.619104,24.112528
189.271708,190.183799,16.148254,20.133699
170.860945,189.696315,16.511652,20.847597
155.403029,189.225408,18.558296,22.372328
153.705497,190.265882,20.351418,21.692350
140.960868,188.374248,20.802078,18.547709
131.064992,190.459147,20.435329,20.464504
125.464388,188.828424,18.318216,19.606115
120.588760,190.014739,17.908476,18.650225
115.107567,191.788497,17.073217,17.770136
114.984784,190.796710,16.468792,17.946856
111.650426,191.645013,18.266529,18.321310
108.322666,191.146353,16.347929,17.914135
107.480673,189.655170,19.295481,19.674868
103.249984,188.917426,20.042557,21.301889
104.806179,190.803107,17.663298,18.053698
103.814929,183.016212,18.210716,25.987879
105.894745,188.319642,19.015493,20.846212
106.876030,192.131226,17.597982,17.107323
107.640519,193.066288,15.873256,16.085983
103.838660,169.369311,19.318352,32.452930
107.456859,189.113097,17.716734,18.761118
107.472813,190.698197,17.164539,18.777672
105.388627,170.278798,18.595615,21.589289
72.505831,158.322464,31.626160,22.856022
108.808933,190.820892,17.597990,17.929035
110.853790,173.086470,17.450026,17.779785
110.926115,173.457465,16.508677,17.446554
111.275668,173.169356,16.577751,17.640404
113.090015,173.822645,19.024420,19.448227
113.102465,173.056535,18.842232,24.630381
112.825273,189.078522,18.374086,20.117199
112.604851,173.020885,19.952396,28.681311
112.487393,186.520506,18.436718,22.257416
113.473679,189.982350,16.772007,17.923611
111.649871,186.967408,18.237198,21.050127
85.706879,189.625118,14.892090,14.323673
87.029051,190.893536,11.760587,11.632472
87.079486,192.185895,11.595657,11.521166
90.244425,189.411364,23.651918,25.048599
90.543975,188.780017,22.389374,16.924124
93.988888,190.789813,25.829260,14.258108
99.033035,188.919255,27.796316,14.840037
125.718343,160.591824,28.091793,23.603394
153.090869,150.899544,20.935730,27.132767
162.953397,149.954811,18.417095,17.732246
161.175085,150.478848,20.449442,20.897461
173.813668,149.920634,19.237049,19.927546
185.897987,182.711044,19.352942,21.179794
178.121239,173.451806,23.876270,25.634359
192.134742,171.637846,30.027029,34.867657
204.895674,162.153158,32.296883,35.039440
203.174502,165.253872,33.778717,33.419739
217.382912,162.810228,34.745197,36.890629
225.078437,163.991571,32.169380,30.770834
239.570940,171.783112,22.821062,23.138542
253.740648,169.429771,22.252382,30.252909
269.185016,157.852526,26.017454,41.087757
265.820702,167.787279,27.874332,28.580509
278.261226,168.500199,25.375624,27.897545
292.097213,159.481999,27.950203,39.737526
306.081748,148.356998,31.775291,29.583094
323.513619,148.365534,27.935490,28.827999
340.396785,148.941524,27.818007,24.690165
351.397804,155.824007,21.935537,22.060406
352.017250,149.852496,26.829885,26.845057
353.889534,152.735491,14.022382,44.969158
354.734207,160.332987,24.062284,27.971256
361.438977,153.840168,23.324238,35.332542
383.300415,146.736263,19.246870,18.104401
382.012088,146.765908,20.323967,18.713461
378.461085,153.472291,21.452606,24.370039
387.087788,183.745707,16.329533,19.162960
393.709574,165.928572,16.653559,32.228291
402.566702,176.569363,19.067873,25.869957
426.821838,147.444327,17.474531,16.300205
410.879719,154.826431,18.274620,18.910004
423.510266,149.176443,25.267586,22.258137
435.664989,147.008216,24.731562,20.913996
449.332945,148.054593,19.644262,18.320501
458.039431,147.639926,17.728840,16.370874
453.338412,146.944061,25.190746,21.463165
464.685503,147.379782,17.017637,16.918690
453.965322,152.871053,20.959372,22.343359
473.874725,146.922351,18.201174,16.833185
461.076695,163.062190,26.931534,22.651766
484.826532,147.129114,16.289801,19.908405
474.773864,157.919424,18.508404,21.647076
473.402321,158.345068,21.994043,28.484715
478.346570,176.374893,15.983749,19.054901
481.012968,175.953018,14.030110,18.474762
482.692170,157.437686,15.487159,31.256628
481.233801,164.085821,24.927008,20.904289
489.029855,159.237595,23.973555,28.355556
507.757612,144.637167,13.627081,35.009857
491.580741,154.290452,21.666142,28.918779
488.551566,165.260898,26.667904,19.603209
497.022936,164.194662,20.529837,26.030373
502.694492,154.240543,19.893480,24.315161
505.993092,152.384993,18.215652,22.075760
506.383494,151.548818,17.875996,28.100817
509.955997,151.482490,17.502375,22.221060
514.276450,147.663918,15.710887,17.293125
517.974474,149.426374,14.902349,17.877230
525.004366,148.556303,17.224211,18.790001
530.013257,148.588384,17.912560,19.919992
531.060627,148.677299,17.985765,20.717817
536.867213,148.564185,18.499249,21.348677
541.828421,158.817093,16.945812,28.306179
551.432544,148.146676,19.589405,31.780573
558.511935,147.326031,19.803745,34.112614
564.486925,148.124182,20.226446,36.173889
563.840697,151.084500,24.033001,34.072697
567.874590,148.354172,20.192480,34.320507
567.779519,165.424945,22.193367,22.823736
576.565939,160.080589,19.812895,26.166462
595.898651,142.244986,17.287088,16.819183
587.168072,143.456306,27.686052,23.523230
581.994361,146.297740,27.172993,23.582655
593.395834,141.696157,20.800604,20.614847
591.663686,144.163752,26.363289,19.800484
582.460785,144.815364,18.364023,17.954992
582.391013,146.733915,14.179928,15.826158
605.126419,146.885437,12.799532,13.444927
605.404524,146.663916,12.604422,13.128868
605.987706,147.101648,12.581031,12.708200
605.699559,147.629517,12.933551,12.358166
605.299681,146.790354,13.427655,12.731170
604.717850,147.073024,12.405090,12.454557
605.390686,147.348721,12.281587,12.621009
603.672033,147.248015,13.526542,13.550972
604.528991,147.471121,12.790133,12.886346
605.734225,148.539538,11.681317,14.783852
604.603091,147.661116,11.309173,11.648438
605.156757,148.299264,11.698558,13.279593
604.062327,148.291859,11.614773,11.719009
605.683429,147.793216,11.368316,13.495821
605.041930,147.483337,11.548015,12.081330
604.278091,147.283666,12.093493,12.494703
604.817818,147.279936,11.660287,13.217316
603.105035,147.763621,11.394031,11.472610
599.101102,148.004609,13.006504,15.902018
599.725389,147.715128,11.320262,12.606850
595.581216,147.451795,11.309616,11.256777
589.837154,147.053578,11.650207,12.859653
582.311683,147.399059,12.335325,12.477718
575.383100,146.760294,13.081869,15.263955
568.469644,146.566032,12.755652,13.257527
567.038445,146.553282,13.923287,16.025932
556.876184,145.688517,17.378649,19.862068
542.947049,144.311458,20.280735,18.598196
517.782902,145.658041,17.909454,16.627739
526.046866,141.906792,19.052258,20.249149
507.584458,143.036570,30.681076,35.940712
499.639622,153.987116,23.666405,28.619911
466.801257,164.286073,41.699390,18.197580
486.877807,138.198635,24.022532,27.953289
478.276050,136.153245,20.262285,29.268358
436.737476,184.832319,20.040895,19.453255
434.143063,169.534582,18.653572,19.714638
434.452154,169.692557,18.337072,20.140709
431.846667,144.025175,18.751690,19.618275
420.936141,140.675036,19.310398,20.324825
420.253892,136.933666,21.595062,20.251579
398.930058,140.909012,25.855064,24.203529
388.262942,139.880820,18.605740,19.032885
388.012541,141.703165,17.724714,18.455082
377.076206,142.879707,21.663126,18.942955
365.898087,142.956538,20.245934,23.910540
355.558180,139.342540,20.368170,20.857882
344.729745,140.447379,19.706535,20.230738
335.324368,142.674959,22.040474,31.301105
337.665316,159.753375,21.736706,23.591707
324.202435,141.542020,19.401711,20.181593
318.784521,138.572592,28.697432,26.535763
307.921071,139.903942,26.835663,39.100296
296.570146,141.481898,24.977011,30.375340
286.847461,142.623224,21.964626,29.444233
287.209914,150.486945,23.648563,31.686579
278.849229,139.848505,25.265900,37.018200
269.240202,137.659064,23.980978,24.287600
274.448886,137.519154,21.366360,20.385559
252.327980,141.906480,22.647120,25.845930
252.134524,138.241458,24.417751,24.992907
244.382890,140.373696,24.906927,26.428930
247.956264,137.791268,19.589327,36.464012
243.011164,137.289539,19.146168,25.297029
234.210479,138.070232,24.044033,23.558016
225.136260,137.430531,24.616573,22.413307
224.613173,137.640163,20.572124,20.878412
216.817924,138.766700,28.648653,24.663485
217.699587,137.700356,20.257277,20.617065
210.445321,137.776564,22.821365,23.830647
204.677332,138.774442,19.598158,19.704100
197.967879,138.948424,32.970753,34.608875
189.631520,140.003597,18.091530,36.969917
192.254501,139.452139,19.325899,18.928272
186.456569,140.450299,24.933573,23.932455
174.199039,140.764877,27.671938,28.171968
175.560494,138.389787,22.645668,22.063871
170.176821,140.404310,26.705473,23.731640
170.082355,141.315086,21.590189,22.488550
166.562557,140.535557,30.185907,28.482620
160.224595,141.317465,26.177109,30.744762
148.254851,142.297673,31.977863,28.624769
162.315745,139.622458,18.166393,17.521328
143.019965,146.366127,17.265217,17.446342
140.413116,146.311939,15.610056,16.514435
139.895725,146.696381,14.976800,16.558769
138.885815,146.676784,24.160507,16.570551
137.632054,147.523609,17.118034,17.139946
136.324456,147.971359,15.276603,15.624009
136.381987,147.934781,15.105016,15.570991
136.902905,148.662306,27.585106,14.023242
138.671632,146.759309,31.308647,15.230680
135.913412,147.758133,15.881689,16.072136
135.436991,147.772593,15.055363,15.701954
136.503475,148.877303,15.571649,15.068072
142.728777,146.404891,23.646132,13.346683
135.623951,147.353529,15.640841,16.052975
135.537146,149.221521,15.348690,15.126532
135.097889,149.330958,15.097109,15.004375
135.044492,148.708632,17.793694,15.691333
134.792723,147.946588,20.965115,15.795453
134.813945,148.586428,15.973170,16.594746
151.729935,143.929874,20.762497,18.388079
153.636263,143.446935,20.670240,19.985167
144.770787,144.542181,25.442223,18.518932
133.972620,148.602256,18.517653,19.234674
133.309979,149.121789,16.830620,18.741323
134.270917,150.117758,16.190132,17.931332
134.020073,151.834497,15.028406,17.025450
133.204027,152.406261,14.817526,16.686403
134.155699,152.164883,15.317350,16.609612
133.795382,151.100647,15.680325,18.843277
134.173281,150.118848,16.745998,18.829550
133.906972,150.633499,15.733916,18.834595
134.481282,151.470735,15.574455,18.687353
134.659907,152.064212,15.721890,18.255205
133.497385,151.579943,15.608861,21.035145
134.077520,153.995726,13.792846,17.381435
133.959199,152.872230,14.177848,18.437952
134.605532,167.420976,13.285222,23.778379
135.455184,166.957133,19.270443,25.093050
133.967513,153.213306,20.883877,24.545527
135.795828,153.201587,18.288321,19.964457
138.913307,153.630867,18.041376,19.971359
139.989910,153.931095,17.545137,18.005836
164.511636,141.778118,14.713812,19.147354
147.811684,155.117360,21.392536,24.400267
147.156355,169.523904,18.443064,22.399542
132.005419,174.017767,21.498018,10.551976
158.701498,154.756210,17.737009,23.423409
168.584506,155.290722,24.463638,32.377769
175.246117,155.543966,22.835758,25.982090
187.381367,165.613069,21.799541,23.071424
183.995360,158.513814,25.191284,28.147306
189.999734,161.385050,25.389339,28.480793
195.682008,159.099974,28.390331,30.999691
206.936399,153.246299,26.315035,30.576380
212.582670,159.767542,22.858156,31.753147
220.110780,150.704920,20.293192,21.546703
220.718858,151.285607,18.539415,19.893723
231.320101,152.189063,18.820620,20.104097
244.598835,158.385453,21.428625,25.097883
249.712264,153.612639,25.129669,28.925304
237.275870,166.584867,35.356720,22.035261
258.947401,147.429013,19.977434,27.132933
259.808853,147.875105,20.773687,31.782154
266.944580,149.417868,21.351477,23.069485
276.162585,149.767306,28.381165,31.439373
285.146230,149.358869,20.416119,22.441031
293.961832,149.050543,17.289858,20.810177
303.017965,149.644224,16.256014,19.063671
302.337375,149.172110,16.183065,19.348690
312.790023,149.496863,15.798805,20.777317
316.355330,158.428524,13.784883,19.905113
334.464662,148.372391,16.540895,20.350307
345.725781,161.486191,15.965725,26.717442
356.060555,148.837145,15.484592,21.010284
356.946960,148.741378,14.878881,19.126120
368.007455,148.770679,15.334782,18.925756
381.060881,137.580975,25.369431,32.306446
387.761689,145.945926,23.381481,25.942755
397.770417,149.128531,16.703442,21.133179
406.453835,144.491684,16.386364,23.812840
408.028793,138.147397,24.431990,24.385317
415.611443,134.419242,23.078045,27.014898
420.693715,149.474787,17.750889,21.422363
427.159411,146.883618,18.314201,22.251865
433.228364,167.655255,14.541737,19.708803
436.473135,151.563021,15.070093,19.347118
436.796823,145.999420,17.315210,32.063545
440.369086,150.114859,17.832672,21.700657
442.315217,153.373553,14.394969,20.058573
442.014824,156.063418,15.399236,18.588627
450.404560,153.633013,17.816221,29.203976
449.967099,155.225132,25.757061,23.312447
455.195344,150.524874,18.100826,21.133770
445.156627,165.529864,21.715361,16.778835
465.121324,149.580018,15.939303,19.810484
473.380369,134.567763,26.492884,19.367626
484.224212,135.769000,22.752737,25.189623
486.824365,139.226745,22.061769,30.210840
482.728774,148.481342,19.720024,22.520540
483.819136,151.916988,32.669968,14.253297
500.879868,144.466587,14.292188,38.555031
495.792435,164.087978,22.705860,22.970881
494.195315,163.831800,29.082115,23.975691
506.577076,168.308412,20.488943,18.340185
511.246198,168.700523,15.309176,18.116861
514.727751,144.490033,18.651178,31.029505
515.773782,149.782320,17.525692,32.293930
514.347065,157.151878,18.911184,27.928778
514.321999,164.049240,18.594311,21.305592
509.691453,160.583734,25.946262,21.471987
520.509742,148.279989,17.804466,21.685730
519.548309,148.075453,19.887320,23.114082
521.388692,147.725556,18.091396,25.650829
518.716971,167.636683,14.940743,17.944649
522.019944,150.423078,31.130222,31.807203
515.879059,166.857549,18.275290,19.892073
521.169659,149.659681,19.101246,21.872366
521.715359,170.397920,14.006528,16.212202
520.824907,146.557323,16.358194,20.762583
520.863065,147.145396,17.177578,22.234278
530.905475,137.542294,18.093397,16.866013
522.234627,169.566449,13.229306,15.946043
521.199540,147.506090,15.618755,36.934387
521.870474,146.891271,15.400086,30.827349
506.753381,165.119453,29.788874,20.738676
520.880017,152.975773,15.413883,31.514805
520.816590,156.724938,15.007100,29.639034
522.459059,169.651054,13.209435,16.225454
521.139988,147.149906,16.652960,32.466248
523.166462,169.557243,13.129637,16.309870
503.743260,169.483242,12.811512,12.791764
524.246565,143.386902,15.048082,21.100376
521.136863,161.176209,18.665253,18.696461
529.865292,159.363811,13.380360,16.567205
529.271001,136.252274,16.645458,21.995243
532.451787,155.846562,12.561908,15.460185
527.824837,135.854125,26.034031,20.546812
527.062720,132.328523,31.426018,23.558847
523.230186,135.215172,22.049475,18.853909
545.671333,106.635403,20.087729,25.373013
536.793879,121.640912,21.833313,23.445688
554.181536,98.029835,10.000000,41.470135
542.630708,105.095323,17.555567,24.370775
553.661542,95.073012,19.320629,22.185333
538.458917,109.039724,14.681994,16.670588
558.510557,84.825768,17.002161,22.679344
557.528147,84.587668,20.616907,25.221691
552.399631,140.730161,15.683455,10.000000
547.190334,127.233152,15.746966,17.945995
540.802953,112.044062,17.726196,17.100286
535.290834,101.137023,15.690908,14.303551
528.088388,87.993079,17.711473,19.040348
528.509800,87.461120,17.716978,19.462482
521.158098,79.401275,18.852198,18.310825
514.795111,73.590449,18.803024,20.325506
509.872654,66.998007,18.703154,19.720167
502.950889,63.789148,18.241179,18.783667
495.707388,59.625383,17.827364,19.557274
495.690269,60.299157,18.077101,19.969223
491.276644,58.621311,18.463610,17.608377
485.699226,56.422490,17.181501,17.194870
479.914971,56.779584,16.384243,18.325142
471.985843,58.978633,18.402990,17.530926
468.240459,61.078147,16.187216,15.032803
468.594698,61.106154,16.122812,14.894895
462.496223,62.024340,16.290388,14.016767
470.894371,31.140685,22.607687,29.951372
478.095343,6.075845,24.462990,24.415724
481.672496,6.098322,21.017609,21.493176
479.576543,6.487512,24.352169,25.009871
480.976910,6.647803,23.219952,24.294605
477.474477,7.295865,25.977779,24.879133
480.629390,7.162533,21.896894,21.629677
476.699559,8.091952,27.756878,26.545290
475.415476,9.283416,27.081820,28.864130
476.312015,10.600933,24.905378,24.453888
478.908443,10.436976,21.374159,19.346897
473.003480,12.468328,25.264957,24.547033
470.199329,16.656327,26.002127,25.533751
473.917655,15.862411,24.895172,17.931887
495.260703,0.199849,24.084259,18.817091
493.593501,0.000000,29.545441,18.449535
493.830874,0.000000,28.972054,17.935580
493.382318,0.237084,28.473116,21.865541
489.602084,0.000000,28.439049,23.047652
488.128937,0.000000,27.771160,23.345255
485.118878,0.007108,26.748081,24.778503
481.007945,0.367765,22.818077,21.572113
481.732583,0.000000,21.643879,20.318963
485.730649,12.848649,24.827557,24.314354
484.549785,17.077534,23.365004,26.015198
458.801849,0.000000,21.455801,13.971649
455.452327,0.822142,20.047247,12.149188
450.929862,0.457806,20.329544,13.288299
450.555100,0.000000,20.430065,13.069939
448.231426,0.000000,21.195272,17.545494
446.155112,0.336602,21.608215,22.817434
445.089011,12.657688,48.798492,49.297073
440.774095,12.672281,22.495462,24.847080
439.532363,20.168961,35.000397,38.708870
438.662383,18.770914,21.314240,21.529072
438.277777,23.680969,43.589523,48.142525
354.533874,24.604756,23.659533,29.345627
348.787789,35.548453,16.549622,39.650600
346.129034,36.583568,18.466497,20.082483
306.962136,5.570204,49.132549,52.982685
334.466941,59.711815,25.057327,23.384735
338.561866,38.725268,18.579552,29.624531
333.401484,34.119764,21.723946,30.304823
322.476247,63.177409,20.117458,15.226793
327.649178,32.171089,19.456936,21.208679
311.632621,62.794243,20.153038,15.608109
322.792101,32.663758,19.895235,20.962460
308.157037,33.282011,23.402302,37.200836
308.088217,60.807486,74.040916,33.477798
362.771224,30.066479,42.603432,44.179829
389.682030,0.000000,20.878605,18.117482
386.260846,10.971415,20.173695,23.924774
386.651697,11.242868,20.541376,23.867167
383.736930,26.226759,18.846146,24.464708
378.664003,43.808373,21.781000,26.169704
376.474128,60.205226,19.654495,16.088448
363.607789,44.080718,22.156872,29.237404
354.382687,41.004602,24.202961,29.904871
355.284222,41.306046,22.458927,24.524517
349.661848,41.463428,21.037966,25.557119
340.513906,41.584761,24.095057,31.399429
331.143824,52.780347,24.560776,23.044695
323.791133,53.830001,24.084183,21.309431
315.851497,48.283782,25.011053,26.653214
317.059111,51.120779,30.613556,25.805239
308.797950,43.846303,62.816055,47.338459
359.394569,151.467135,31.762068,38.280235
418.433011,228.546439,26.548954,20.664139
446.062455,230.070805,25.804272,23.483677
475.844482,232.564033,16.763075,18.685820
476.263859,235.170237,16.698889,16.543114
498.077352,236.386266,24.327822,18.584764
527.157193,240.213455,22.385258,19.043226
549.098558,246.997993,24.585291,25.733534
563.487204,254.710399,18.837204,20.520041
558.870307,269.163750,20.423622,17.203739
558.668512,269.839673,17.973810,16.500454
547.534850,275.056808,19.582268,19.287100
536.948372,282.140462,19.238119,20.301556
525.829736,292.560123,18.914904,20.182936
516.527261,302.798101,18.472912,19.490328
554.987624,281.806457,13.525970,21.371275
554.410661,274.813485,21.413248,25.780102
550.858143,277.806946,26.418524,31.516644
491.568895,343.888754,18.720411,14.926424
484.399737,358.121698,21.524326,22.886667
475.818642,373.017619,21.264732,24.743797
485.072371,360.202440,18.795483,21.925592
486.727611,360.468355,17.533403,20.234385
495.064992,350.959157,40.226898,37.642796
459.737964,429.910873,21.016199,25.385298
461.733564,461.425092,18.466696,17.932039
425.466927,490.300180,15.070313,16.814081
424.925164,492.380742,15.658533,14.096355
425.268837,492.461748,15.805514,14.118890
425.342816,492.614962,14.303209,13.934113
425.550538,492.288364,14.876374,13.871801
425.355480,492.805029,14.461390,13.618090
425.097784,492.899597,14.161596,13.357382
424.596031,492.547789,14.107402,13.437280
424.797809,492.545903,14.532870,13.087482
424.468800,491.511882,14.245980,13.750419
423.890458,492.084259,14.655251,14.218596
423.282744,491.394055,15.244032,13.640324
423.652345,491.387755,15.549186,13.821900
423.950302,491.487543,15.353656,14.226914
423.140886,490.797928,15.304207,13.999111
422.535584,490.823563,16.083361,14.696606
422.390529,490.638470,16.848728,14.694584
422.206389,491.858323,17.403219,14.899532
422.670848,491.217103,16.855740,14.313724
422.576410,491.624604,17.239449,15.064784
422.494836,490.980723,16.903740,14.240807
422.529212,491.271720,17.661304,15.186629
422.429846,491.174804,18.598570,15.499205
422.906865,491.937080,18.405609,15.319715
424.572038,491.429120,17.576088,15.078739
424.883720,492.234611,13.544239,22.497328
425.851708,492.816939,17.092447,14.942328
427.867776,493.176026,19.337456,17.061214
428.643243,493.820753,16.518677,17.771791
429.178541,493.778654,17.481565,17.912508
429.008815,494.357443,18.433155,18.064476
429.038892,494.322773,18.443909,17.909002
428.482484,493.765881,18.835068,18.011913
429.749259,494.029699,17.473209,17.619135
429.843000,493.522229,17.859383,17.545254
429.524915,492.993744,17.912193,18.019039
429.467282,493.325152,17.460985,18.173256
428.956214,493.353112,17.448193,17.653744
428.680457,493.086889,17.256191,17.686129
429.553053,493.083028,17.020041,17.677721
428.194501,493.517109,17.742615,18.575422
428.231840,493.500311,17.904448,17.990152
428.725947,493.521038,17.970114,18.214239
428.016793,493.390047,18.557299,17.355265
427.755421,493.155302,19.118700,18.197359
429.267578,493.327323,17.618128,16.565514
430.107299,492.743192,16.451778,16.489847
428.397949,493.890672,18.502254,18.023951
420.043041,494.320005,19.363970,21.597422
424.213018,493.128399,21.853424,20.265875
425.487087,493.690291,20.773661,17.304047
428.819041,493.335482,18.378416,17.799278
430.517359,492.296532,16.642538,17.265690
428.502934,491.142242,19.571253,21.245275
429.069000,489.469736,20.580097,23.269281
432.620501,490.157819,21.042906,20.740686
431.177984,490.262985,21.970572,22.038191
436.303966,489.127345,19.902851,19.534691
427.770209,492.546273,17.576170,17.426929
445.411388,489.471579,16.634975,16.327530
447.560407,487.878992,17.188622,17.746691
447.946598,487.340780,16.555231,17.058039
447.167227,487.872922,16.893744,18.173862
443.519047,487.243895,15.588351,15.108871
441.374016,481.417014,13.284968,18.782524
429.825461,493.884302,18.139341,16.463755
430.004478,492.292518,18.550121,17.940687
