0.011918
0.019945
0.019595
0.019577
0.022108
0.027670
0.033155
0.028192
0.019078
0.020431
0.023587
0.019784
0.019318
0.019250
0.021921
0.019210
0.019742
0.020286
0.019660
0.019002
0.019222
0.018806
0.019580
0.018105
0.019361
0.020257
0.019802
0.019404
0.019144
0.019949
0.019715
0.024298
0.020066
0.018383
0.019909
0.018756
0.019270
0.019475
0.018450
0.043474
0.019287
0.020964
0.023242
0.021427
0.024914
0.019877
0.020706
0.023320
0.034948
0.019730
0.019746
0.019725
0.019777
0.020249
0.019492
0.020268
0.037970
0.019329
0.021048
0.019738
0.018336
0.019329
0.019684
0.032882
0.028041
0.026243
0.019110
0.019728
0.020128
0.028883
0.026671
0.024096
0.019828
0.030541
0.027053
0.023515
0.020122
0.019655
0.019723
0.019740
0.020000
0.020163
0.020244
0.020016
0.019149
0.018916
0.020301
0.019230
0.018465
0.025663
0.019908
0.020561
0.019978
0.019732
0.020028
0.019990
0.019063
0.021214
0.019944
0.028236
0.020117
0.020966
0.019133
0.019594
0.019482
0.026618
0.026419
0.018589
0.019997
0.022865
0.018927
0.020557
0.019816
0.018714
0.019664
0.019486
0.019413
0.020262
0.019544
0.028209
0.019795
0.037247
0.020037
0.019499
0.021655
0.020023
0.019637
0.020409
0.018411
0.019307
0.019769
0.018945
0.020120
0.019273
0.018365
0.021490
0.019081
0.026672
0.018055
0.020091
0.019467
0.019616
0.028135
0.019367
0.030068
0.020025
0.019925
0.019465
0.018343
0.018883
0.020005
0.019748
0.019847
0.019812
0.019113
0.018460
0.019617
0.018547
0.019591
0.018226
0.018914
0.019631
0.019797
0.020077
0.018319
0.019403
0.019801
0.019406
0.018662
0.018403
0.018513
0.019518
0.019560
0.018318
0.018948
0.018372
0.019551
0.018329
0.019982
0.019772
0.020207
0.019955
0.018955
0.019536
0.018647
0.018868
0.021005
0.019893
0.019632
0.018149
0.034131
0.019618
0.018848
0.018760
0.018769
0.018243
0.018350
0.019782
0.022652
0.019038
0.028972
0.018388
0.018762
0.018979
0.019469
0.019650
0.018285
0.020040
0.018240
0.019726
0.018771
0.019683
0.026985
0.026253
0.019262
0.018237
0.020133
0.018544
0.019645
0.019402
0.019503
0.025977
0.019803
0.018931
0.019317
0.038758
0.020224
0.045395
0.020015
0.019809
0.018826
0.018634
0.018713
0.018124
0.018510
0.029223
0.026283
0.019211
0.019618
0.029641
0.018369
0.018901
0.018277
0.018526
0.018240
0.020174
0.020034
0.020515
0.019919
0.020172
0.019869
0.018383
0.019501
0.018235
0.021322
0.019530
0.019588
0.019401
0.019590
0.019629
0.019647
0.020549
0.019912
0.021784
0.019964
0.019422
0.019756
0.019563
0.019681
0.023314
0.019647
0.018597
0.020332
0.018288
0.019531
0.018274
0.018896
0.018234
0.021555
0.018182
0.019425
0.032105
0.028074
0.018721
0.018376
0.019677
0.019919
0.020474
0.019835
0.033251
0.019691
0.019033
0.018386
0.019631
0.027628
0.020016
0.018591
0.019370
0.019290
0.019493
0.038186
0.020106
0.019408
0.019534
0.018616
0.018312
0.023495
0.019065
0.034420
0.019564
0.017882
0.018594
0.019884
0.019231
0.019534
0.018519
0.018474
0.018502
0.020269
0.018679
0.018479
0.019586
0.019122
0.019710
0.019652
0.019484
0.019552
0.019692
0.022978
0.026861
0.019367
0.018650
0.024676
0.019523
0.019470
0.043308
0.018254
0.028969
0.019342
0.019498
0.019585
0.032369
0.019427
0.018971
0.026337
0.019257
0.020173
0.019906
0.019375
0.019639
0.019459
0.021175
0.018916
0.020021
0.019510
0.017973
0.023105
0.018575
0.018206
0.023185
0.018705
0.020342
0.019206
0.022378
0.019330
0.018918
0.021719
0.020507
0.020188
0.022924
0.024045
0.019140
0.039159
0.018884
0.022171
0.019770
0.018789
0.019520
0.020077
0.019763
0.036092
0.019882
0.019831
0.019214
0.023485
0.019769
0.018529
0.018758
0.018445
0.017875
0.018931
0.018492
0.019915
0.020416
0.019169
0.020291
0.018465
0.028562
0.019930
0.019969
0.019663
0.019993
0.023229
0.024859
0.021628
0.038963
0.051845
0.023445
0.019470
0.017962
0.018738
0.020301
0.020185
0.029568
0.021113
0.029228
0.024718
0.019621
0.033803
0.019435
0.019100
0.018528
0.020140
0.019005
0.018378
0.019621
0.018905
0.019789
0.019870
0.019882
0.027734
0.025756
0.018814
0.021718
0.019951
0.019670
0.018769
0.026860
0.019722
0.019527
0.019928
0.020137
0.019775
0.026959
0.019802
0.032011
0.020119
0.019243
0.019873
0.020882
0.019944
0.018954
0.020891
0.043807
0.020595
0.022973
0.020282
0.023935
0.024422
0.020289
0.019032
0.018079
0.027692
0.020596
0.020532
0.020083
0.021406
0.020352
0.032736
0.021122
0.020187
0.019548
0.019695
0.019708
0.019281
0.025991
0.027126
0.036811
0.020292
0.018471
0.019627
0.032679
0.038700
0.019691
0.024102
0.019311
0.021024
0.043312
0.017946
0.018734
0.019782
0.018129
0.018219
0.019542
0.019984
0.018956
0.019060
0.019267
0.019418
0.025244
0.018387
0.020933
0.018609
0.018705
0.023621
0.044055
0.019984
0.018552
0.019992
0.019452
0.020559
0.018467
0.024501
0.019540
0.022455
0.019866
0.028938
0.028855
0.019289
0.019335
0.018223
0.020502
0.019703
0.029301
0.019296
0.021982
0.019675
0.020023
0.019679
0.019686
0.018450
0.018484
0.019591
0.025631
0.019415
0.020052
0.019072
0.027570
0.018902
0.019805
0.019704
0.018980
0.023578
0.019307
0.019203
0.019570
0.020202
0.019229
0.018499
0.019895
0.019188
0.019010
0.026040
0.020251
0.029215
0.030851
0.019669
0.019834
0.019396
0.019425
0.035018
0.018761
0.019509
0.026515
0.018959
0.019885
0.019225
0.019749
0.019765
0.019053
0.019274
0.046614
0.019536
0.024882
0.031777
0.019167
0.018396
0.036518
0.019135
0.035355
0.019598
0.019225
0.023671
0.037564
0.019702
0.027145
0.019005
0.022003
0.019812
0.027578
0.022753
0.019112
0.040149
0.028629
0.019380
0.020089
0.018289
0.019594
0.020290
0.033710
0.028711
0.019009
0.019938
0.018335
0.019476
0.024863
0.020883
0.019800
0.019699
0.019688
0.018474
0.019280
0.040055
0.018314
0.018217
0.018790
0.018382
0.018263
0.019071
0.020389
0.018773
0.039201
0.018559
0.019968
0.019822
0.032722
0.019824
0.018528
0.019582
0.018126
0.018176
0.023190
0.020072
0.019467
0.019808
0.020097
0.021711
0.024208
0.019411
0.023851
0.021460
0.046968
0.036644
0.023572
0.019484
0.019093
0.019145
0.020020
0.019637
0.019744
0.019028
0.031369
0.019884
0.019493
0.019814
0.020040
0.019655
0.018222
0.018508
0.022235
0.019869
0.018829
0.020701
0.019815
0.018297
0.019387
0.019295
0.019598
0.020347
0.019518
0.019853
0.019223
0.019376
0.020586
0.019728
0.026691
0.018300
0.021173
0.019257
0.037579
0.021323
0.019831
0.019670
0.017992
0.019682
0.019678
0.019738
0.020114
0.019549
0.021804
0.019195
0.019176
0.047096
0.019959
0.033023
0.029080
0.027006
0.019404
0.047508
0.026500
0.026154
0.019709
0.019487
0.025576
0.018004
0.021195
0.018662
0.019462
0.020305
0.019402
0.020030
0.019895
0.019385
0.019617
0.019277
0.021253
0.019117
0.020163
0.023365
0.043790
0.041422
0.018041
0.019733
0.018572
0.018842
0.019937
0.017920
0.019154
0.019844
0.020167
0.019390
0.019820
0.018695
0.018184
0.019485
0.018146
0.025264
0.019616
0.019440
0.019562
0.019575
0.018599
0.018332
0.018412
0.019467
0.048455
0.020927
0.024948
0.022383
0.019246
0.018715
0.019325
0.020038
0.018265
0.019253
0.020445
0.034053
0.019377
0.018210
0.047686
0.047618
0.019277
0.018815
0.019787
0.018081
0.019438
0.019545
0.019210
0.020419
0.020602
0.018205
0.019821
0.041261
0.019972
0.018905
0.019720
0.021475
0.018938
0.019789
0.019840
0.018649
0.030383
0.020507
0.019465
0.019937
0.019190
0.019558
0.038547
0.023834
0.028707
0.019854
0.019668
0.021865
0.020187
0.019756
0.019866
0.018340
0.019665
0.019385
0.018630
0.018399
0.018351
0.018763
0.020223
0.018970
0.019632
0.019313
0.018808
0.019863
0.031702
0.021608
0.018727
0.019680
0.018621
0.020132
0.023475
0.018495
0.019694
0.019673
0.038635
0.019677
0.025183
0.019707
0.019917
0.019447
0.019008
0.019220
0.019959
0.018982
0.018482
0.019662
0.019796
0.019366
0.023350
0.028096
0.019325
0.018449
0.018654
0.025764
0.025813
0.019801
0.019831
0.019496
0.018382
0.018432
0.019403
0.019937
0.019407
0.019690
0.020430
0.027810
0.020188
0.019827
0.019341
0.018843
0.025313
0.019556
0.019373
0.019514
0.019361
0.020318
0.020355
0.019272
0.019487
0.019986
0.019600
0.018288
0.018637
0.018033
0.019809
0.023077
0.018153
0.018994
0.023592
0.018463
0.018615
0.022884
0.018684
0.018894
0.020050
0.019545
0.020099
0.020012
0.019222
0.019476
0.019570
0.019765
0.018659
0.020013
0.019991
0.018730
0.020665
0.019561
0.020229
0.018326
0.019876
0.018721
0.018887
0.019666
0.019752
0.019748
0.025906
0.019647
0.018129
0.019325
0.018228
0.025788
0.019146
0.018160
0.036813
0.019546
0.018084
0.018582
0.018387
0.020220
0.019391
0.019716
0.019789
0.019985
0.020358
0.018389
0.019403
0.019429
0.019861
0.019436
0.018103
0.023108
0.019395
0.019273
0.019169
0.018679
0.024294
0.019787
0.020009
0.019805
0.019095
0.018904
0.019970
0.019342
0.019660
0.018597
0.019018
0.019717
0.018184
0.019257
0.018429
0.018798
0.018709
0.018175
0.018078
0.018558
0.019913
0.019892
0.018381
0.018605
0.019854
0.019682
0.018871
0.030351
0.018638
0.022083
0.018367
0.029702
0.019982
0.027932
0.020391
0.025102
0.019221
0.019220
0.026607
0.020296
0.020302
0.019658
0.018379
0.019698
0.019480
0.018332
0.026480
0.019231
0.019050
0.026854
0.019407
0.019747
0.021164
0.019741
0.019573
0.018230
0.018763
0.020020
0.019785
0.019434
0.019289
0.019364
0.019455
0.031787
0.018648
0.018071
0.019778
0.034017
0.019281
0.020042
0.027988
0.019855
0.019548
0.019369
0.025264
0.020201
0.019097
0.019925
0.019576
0.020408
0.020064
0.023232
0.019093
0.019823
0.018787
0.020092
0.027591
0.020141
0.020155
0.019932
0.019635
0.019240
0.019600
0.018132
0.021914
0.018368
0.019974
0.018391
0.019420
0.020207
0.017955
0.019405
0.018784
0.018040
0.018370
0.018969
0.027198
0.021107
0.019218
0.023135
0.019947
0.018917
0.018398
0.019335
0.019588
0.019470
0.019459
0.019739
0.019315
0.020287
0.031768
0.019343
0.018788
0.019250
0.018687
0.019675
0.020245
0.019588
0.020122
0.019080
0.018543
0.018825
0.018251
0.019280
0.018972
0.018124
0.019313
0.021954
0.019458
0.029819
0.018164
0.018207
0.018489
0.019029
0.019648
0.022035
0.024964
0.025720
0.019300
0.019271
0.018399
0.021330
0.019306
0.017939
0.047952
0.019643
0.035124
0.020234
0.020524
0.026035
0.026152
0.018781
0.018356
0.019262
0.021462
0.019394
0.019935
0.019453
0.019710
0.021824
0.024736
0.018390
0.018261
0.019012
0.020363
0.018968
0.019614
0.022226
0.019084
0.019848
0.019397
0.019336
0.033750
0.018284
0.019612
0.018606
0.024434
0.019287
0.018332
0.026780
0.018569
0.047108
0.018461
0.018286
0.019580
0.020531
0.019003
0.019427
0.019861
0.019137
0.018452
0.020035
0.019296
0.026425
0.019706
0.021170
0.033709
0.018813
0.018982
0.019681
0.019610
0.026691
0.018919
0.019980
0.020008
0.019620
0.019521
0.027684
0.021055
0.020000
0.019218
0.019491
0.023842
0.019587
0.018561
0.028746
0.019742
0.026957
0.019061
0.019451
0.024874
0.019073
0.019652
0.019436
0.020020
0.019494
0.019518
0.020065
0.019629
0.029701
0.019265
0.019543
0.018180
0.020648
0.023715
0.018749
0.019265
0.019860
0.029347
0.021700
0.019153
0.020094
0.020134
0.023547
0.019411
0.019345
0.019253
0.019841
0.019295
0.018456
0.020122
0.022804
0.019277
0.022026
0.019617
0.047242
0.018070
0.019360
0.033539
0.019516
0.018245
0.032566
0.019952
0.018317
0.027067
0.019761
0.019469
0.019594
0.020171
0.018382
0.018360
0.018636
0.018124
0.018991
0.019119
0.020497
0.018077
0.019796
0.018060
0.020203
0.019347
0.018234
0.019506
0.019462
0.018524
0.018153
0.019667
0.018220
0.022349
0.018576
0.018730
0.019588
0.020014
0.030237
0.019722
0.019820
0.018606
0.022295
0.018354
0.019689
0.019620
0.019552
0.019017
0.027551
0.027252
0.020232
0.019296
0.019960
0.019144
0.019568
0.019041
0.021024
0.019692
0.019914
0.019809
0.019635
0.018453
0.027788
0.020380
0.019528
0.019710
0.019208
0.030661
0.019811
0.019462
0.019248
0.019002
0.020358
0.019691
0.018105
0.019452
0.019658
0.019927
0.018392
0.019286
0.018047
0.037298
0.019550
0.018210
0.019327
0.019556
0.038314
0.019915
0.019154
0.019573
0.019946
0.025603
0.026017
0.017929
0.022523
0.019166
0.018677
0.019562
0.019174
0.019532
0.018189
0.034477
0.019630
0.019674
0.026460
0.027123
0.027491
0.018930
0.017935
0.017902
0.019203
0.019290
0.018053
0.018809
0.019259
0.019177
0.019133
0.018857
0.019533
0.023507
0.019680
0.019111
0.019064
0.018242
0.018549
0.019987
0.020131
0.019486
0.018309
0.026698
0.019436
0.031753
0.029176
0.018794
0.019019
0.020205
0.019249
0.018206
0.029747
0.019425
0.022101
0.019404
0.020040
0.040872
0.018958
0.020260
0.041345
0.019534
0.037274
0.019953
0.019822
0.018440
0.018449
0.021053
0.019382
0.018445
0.018038
0.024765
0.018856
0.022278
0.018473
0.019765
0.020111
0.018485
0.019498
0.019679
0.038345
0.026859
0.019573
0.025709
0.018717
0.019816
0.019008
0.019960
0.019854
0.018872
0.019766
0.018878
0.018770
0.019721
0.037718
0.020190
0.028707
0.019700
0.019577
0.018256
0.018309
0.018535
0.019659
0.019771
0.022395
0.018574
0.019060
0.019312
0.019758
0.020827
0.019318
0.018554
0.019517
0.020026
0.019950
0.019657
0.019071
0.019747
0.031932
0.019664
0.020043
0.019416
0.019776
0.019723
0.026786
0.018329
0.018609
0.019857
0.019756
0.019468
0.017999
0.018605
0.019410
0.018940
0.019049
0.018210
0.019466
0.018627
0.020364
0.019822
0.018973
0.018044
0.019619
0.019586
0.018983
0.019019
0.019035
0.019108
0.018983
0.017937
0.017894
0.019211
0.017881
0.019495
0.019717
0.019956
0.018545
0.025865
0.018404
0.019791
0.019798
0.020499
0.018325
0.029276
0.019402
0.019250
0.018151
0.019797
0.018474
0.018117
0.018846
0.019516
0.021971
0.019777
0.018432
0.018199
0.017862
0.018203
0.019391
0.019533
0.017935
0.018495
0.019361
0.019180
0.017963
