0.010917
0.018971
0.020578
0.019282
0.019255
0.029465
0.018594
0.019370
0.019656
0.018965
0.028557
0.019571
0.019493
0.018619
0.019599
0.019444
0.019502
0.019363
0.020071
0.019107
0.040843
0.018899
0.018603
0.018742
0.018532
0.042645
0.018911
0.019777
0.019611
0.019861
0.019233
0.019645
0.019918
0.044728
0.018694
0.041296
0.039599
0.020086
0.018963
0.020021
0.021720
0.031000
0.021066
0.021590
0.019455
0.020094
0.019605
0.021098
0.019869
0.019003
0.030311
0.019954
0.018546
0.020261
0.020055
0.023402
0.020099
0.020100
0.018640
0.019908
0.017993
0.019133
0.028113
0.019675
0.020136
0.019702
0.020751
0.033751
0.018998
0.022163
0.021334
0.020699
0.019913
0.020082
0.026068
0.028417
0.023995
0.021176
0.018834
0.019968
0.018877
0.019357
0.019506
0.018608
0.018077
0.019386
0.019995
0.020107
0.018889
0.026466
0.037661
0.024873
0.018423
0.020011
0.020275
0.020948
0.034534
0.019612
0.019430
0.020218
0.039054
0.047536
0.019875
0.018310
0.018541
0.020265
0.019495
0.018629
0.018769
0.021625
0.020333
0.037523
0.019316
0.020251
0.019829
0.019568
0.019412
0.025204
0.018540
0.047820
0.019477
0.019183
0.037878
0.020189
0.019879
0.019647
0.037289
0.020168
0.019351
0.027446
0.025881
0.027238
0.028837
0.020247
0.020139
0.019872
0.019097
0.019215
0.019146
0.020206
0.019814
0.020241
0.020036
0.019287
0.019613
0.018141
0.020408
0.019745
0.021174
0.023382
0.019577
0.020580
0.019638
0.026817
0.019733
0.020237
0.021510
0.021861
0.019416
0.019239
0.019291
0.020395
0.025390
0.019159
0.031324
0.019385
0.019393
0.019172
0.019687
0.028733
0.033399
0.020183
0.020291
0.017756
0.018140
0.017969
0.021923
0.024726
0.019953
0.018707
0.018139
0.020126
0.019248
0.018221
0.018888
0.019556
0.020220
0.019576
0.046796
0.018066
0.018177
0.018258
0.018700
0.020228
0.018760
0.019667
0.019031
0.020079
0.020353
0.020143
0.030647
0.030135
0.019257
0.019148
0.018764
0.019711
0.020090
0.018334
0.028193
0.019749
0.019683
0.020306
0.018675
0.030395
0.018738
0.018609
0.019629
0.018529
0.019290
0.019804
0.032644
0.019610
0.019933
0.019034
0.030083
0.039809
0.020542
0.032744
0.020148
0.019765
0.018606
0.018018
0.018868
0.030741
0.022257
0.019117
0.018154
0.020328
0.048079
0.019523
0.018333
0.047059
0.018820
0.020955
0.024972
0.020168
0.020050
0.039614
0.020795
0.018607
0.020264
0.019705
0.020547
0.018541
0.018713
0.022346
0.025266
0.018472
0.018670
0.019673
0.019220
0.018919
0.020991
0.018515
0.018895
0.048481
0.018703
0.021078
0.019659
0.018890
0.019519
0.020156
0.021799
0.019320
0.018963
0.019938
0.019145
0.021304
0.019604
0.018217
0.042737
0.047916
0.027035
0.020072
0.019061
0.018733
0.045122
0.020065
0.019669
0.019601
0.019626
0.019189
0.018653
0.018732
0.045838
0.025054
0.019525
0.018696
0.034856
0.018646
0.019414
0.018273
0.020296
0.020037
0.020690
0.018340
0.019055
0.022762
0.034576
0.018269
0.018325
0.025552
0.046931
0.029071
0.019085
0.025480
0.022392
0.020054
0.019801
0.018444
0.039433
0.032993
0.018290
0.039580
0.019005
0.018081
0.018151
0.019480
0.019534
0.019985
0.047252
0.018049
0.020657
0.018486
0.019734
0.018286
0.019877
0.019800
0.020112
0.019700
0.018400
0.019973
0.023736
0.046794
0.019806
0.017820
0.019273
0.047515
0.041226
0.023164
0.018598
0.025448
0.019638
0.019106
0.018375
0.030339
0.020046
0.019926
0.018688
0.019391
0.046746
0.022723
0.018693
0.018280
0.019152
0.018948
0.019136
0.018868
0.020169
0.047298
0.021159
0.018781
0.019281
0.019873
0.019727
0.025400
0.018693
0.019420
0.018880
0.021425
0.033219
0.019426
0.018351
0.047230
0.019083
0.030034
0.020084
0.017798
0.019705
0.047304
0.019745
0.018184
0.018190
0.038819
0.019647
0.018360
0.018327
0.036173
0.019609
0.019292
0.051705
0.018645
0.031332
0.019843
0.019704
0.018364
0.020173
0.020263
0.020277
0.034283
0.019009
0.018334
0.019701
0.019474
0.018075
0.030421
0.019254
0.018465
0.019329
0.020463
0.044732
0.019598
0.019226
0.047168
0.019513
0.019578
0.019826
0.029279
0.047080
0.019757
0.018816
0.019843
0.018257
0.019497
0.019302
0.018593
0.018664
0.018381
0.018353
0.018238
0.019472
0.019608
0.019958
0.018255
0.019265
0.018815
0.019502
0.019649
0.018065
0.019277
0.018436
0.019095
0.018889
0.019643
0.018468
0.019744
0.018475
0.020201
0.020228
0.019887
0.018641
0.017961
0.018880
0.019273
0.018455
0.019562
0.018665
0.019055
0.018771
0.018359
0.019605
0.019756
0.019706
0.019519
0.020769
0.019932
0.020192
0.020028
0.019902
0.018572
0.019822
0.020465
0.018868
0.019293
0.020121
0.019813
0.018352
0.019463
0.022504
0.020079
0.020318
0.019844
0.018413
0.019357
0.019599
0.027052
0.018769
0.021496
0.018661
0.019835
0.018206
0.018248
0.020238
0.022411
0.026212
0.019426
0.024052
0.019005
0.020334
0.018319
0.018329
0.019503
0.027918
0.024587
0.019770
0.018438
0.019662
0.038196
0.044451
0.019821
0.018726
0.020236
0.018667
0.048088
0.029913
0.025377
0.019520
0.020398
0.026979
0.018214
0.021290
0.018474
0.018918
0.043539
0.048306
0.020666
0.017937
0.036383
0.039536
0.022678
0.018183
0.019594
0.037879
0.024895
0.023098
0.018337
0.018663
0.018589
0.040833
0.018106
0.018529
0.020168
0.019285
0.018179
0.018393
0.018673
0.019876
0.019602
0.018912
0.028282
0.025936
0.023717
0.025904
0.029607
0.018886
0.027710
0.019528
0.029895
0.019977
0.019490
0.023908
0.018547
0.018427
0.018076
0.038767
0.024928
0.018460
0.019506
0.023737
0.030881
0.029900
0.047527
0.019872
0.018041
0.019265
0.019257
0.033547
0.020397
0.023101
0.022453
0.020664
0.019536
0.029220
0.019354
0.019284
0.019921
0.037074
0.020464
0.019899
0.018859
0.058682
0.019011
0.019378
0.035112
0.020133
0.018487
0.018416
0.039478
0.047059
0.020006
0.018686
0.018800
0.018735
0.018457
0.032612
0.020079
0.030373
0.020191
0.037131
0.019927
0.020273
0.019689
0.026248
0.019314
0.020223
0.018491
0.019546
0.023710
0.019486
0.018360
0.018806
0.018276
0.018069
0.025024
0.019531
0.020102
0.018424
0.020233
0.019833
0.022879
0.037330
0.019676
0.026247
0.019777
0.020586
0.018759
0.019306
0.030716
0.019943
0.019575
0.039641
0.039021
0.018827
0.019673
0.019496
0.020675
0.019463
0.019968
0.021202
0.018676
0.018429
0.036936
0.045305
0.037768
0.019088
0.019588
0.018930
0.019119
0.018241
0.022509
0.020019
0.019079
0.019788
0.018927
0.020018
0.018405
0.018943
0.019806
0.019337
0.035613
0.020585
0.025134
0.024822
0.019414
0.018841
0.018482
0.038843
0.018676
0.018971
0.019946
0.019200
0.020214
0.020491
0.019815
0.019571
0.019372
0.019785
0.019452
0.019341
0.020337
0.019614
0.019856
0.019133
0.019479
0.018526
0.020117
0.022135
0.023757
0.027886
0.024786
0.019753
0.030724
0.032800
0.022853
0.024126
0.025178
0.025788
0.020247
0.018548
0.018749
0.027498
0.024378
0.019272
0.022919
0.019804
0.024167
0.018342
0.018729
0.019889
0.018230
0.019993
0.018161
0.020455
0.040114
0.019278
0.039987
0.029857
0.020290
0.019871
0.019665
0.019891
0.019882
0.022159
0.024903
0.020586
0.019917
0.019956
0.020198
0.032517
0.043682
0.018067
0.019740
0.023162
0.019266
0.019536
0.018963
0.019257
0.019549
0.018257
0.020528
0.036249
0.020141
0.019573
0.019853
0.018726
0.019740
0.033032
0.018825
0.025172
0.018450
0.019088
0.018723
0.017665
0.018481
0.018864
0.027474
0.019340
0.019823
0.019930
0.018704
0.018034
0.019566
0.018859
0.018160
0.018288
0.018666
0.020560
0.019089
0.018415
0.018438
0.018657
0.018498
0.019002
0.018880
0.047820
0.047347
0.024259
0.019197
0.019731
0.047609
0.031503
0.018694
0.019881
0.019919
0.018260
0.018547
0.019005
0.018887
0.020822
0.018673
0.018165
0.018136
0.018204
0.018378
0.019774
0.019748
0.037511
0.019913
0.019395
0.018603
0.018183
0.022192
0.019422
0.020228
0.023182
0.019252
0.019290
0.019843
0.029745
0.019672
0.025530
0.019364
0.018806
0.019471
0.025830
0.018160
0.020161
0.019662
0.029551
0.019559
0.019476
0.019954
0.018946
0.019489
0.019852
0.019383
0.018820
0.022672
0.019176
0.025690
0.018524
0.019345
0.025815
0.018197
0.019509
0.025599
0.019729
0.020161
0.018336
0.018730
0.042760
0.019902
0.018314
0.021550
0.019031
0.019803
0.019888
0.019520
0.018743
0.033311
0.019725
0.018818
0.018202
0.019104
0.020088
0.019759
0.028463
0.018442
0.019619
0.031670
0.019181
0.018318
0.019635
0.018332
0.018335
0.019586
0.019075
0.019155
0.019884
0.019555
0.019226
0.018258
0.018763
0.019964
0.018820
0.019633
0.019586
0.018617
0.020267
0.018875
0.018768
0.021584
0.018034
0.019294
0.018127
0.030971
0.019523
0.019943
0.020087
0.019870
0.018752
0.018329
0.018711
0.019282
0.020261
0.019518
0.019498
0.019631
0.019630
0.027410
0.018377
0.018439
0.018458
0.019790
0.029582
0.018772
0.019323
0.019371
0.019349
0.022672
0.020784
0.020150
0.019556
0.027525
0.019132
0.020321
0.021170
0.019089
0.018514
0.018153
0.018708
0.019615
0.018436
0.029443
0.028297
0.020052
0.018685
0.018204
0.020139
0.020308
0.018450
0.019088
0.019850
0.019991
0.019558
0.020249
0.019789
0.019874
0.020982
0.019388
0.019230
0.018640
0.019021
0.019165
0.018374
0.020055
0.019094
0.019778
0.020061
0.019187
0.020030
0.018474
0.018788
0.030706
0.026124
0.019475
0.020085
0.019684
0.020585
0.019664
0.019683
0.040780
0.019608
0.019594
0.047413
0.018256
0.018635
0.019404
0.019994
0.020437
0.019519
0.020099
0.019998
0.019554
0.026384
0.026725
0.018565
0.018346
0.020556
0.019100
0.030435
0.019731
0.019091
0.033982
0.017812
0.018951
0.019660
0.018391
0.019307
0.018076
0.022304
0.019919
0.018506
0.020413
0.023069
0.019397
0.019322
0.019738
0.017876
0.030141
0.018180
0.019327
0.018422
0.019800
0.019476
0.025684
0.029615
0.018945
0.019744
0.020423
0.020470
0.038864
0.020718
0.022286
0.018860
0.018855
0.018748
0.018633
0.018789
0.018425
0.020128
0.043166
0.019392
0.019579
0.019324
0.038436
0.038460
0.019945
0.021900
0.019642
0.019932
0.029727
0.019350
0.018333
0.021801
0.018295
0.018791
0.018877
0.035246
0.019073
0.038486
0.019265
0.019855
0.019994
0.027055
0.018978
0.042095
0.019807
0.020144
0.019828
0.023400
0.019785
0.019471
0.023757
0.028084
0.018465
0.019131
0.019682
0.018566
0.018057
0.024275
0.024678
0.019778
0.037939
0.019014
0.019045
0.020209
0.028493
0.027711
0.026743
0.025882
0.025690
0.018505
0.019744
0.025019
0.018148
0.031356
0.028384
0.019482
0.019556
0.018792
0.038056
0.020753
0.019570
0.018581
0.018642
0.018578
0.023109
0.024679
0.019785
0.018546
0.018724
0.018705
0.018753
0.018547
0.018554
0.019586
0.018826
0.019300
0.030707
0.020045
0.019889
0.018501
0.020104
0.023752
0.018341
0.019394
0.024454
0.018215
0.020476
0.018833
0.026859
0.028148
0.019349
0.018481
0.018683
0.018169
0.018478
0.020719
0.019605
0.019290
0.020678
0.021826
0.020049
0.018704
0.019317
0.019884
0.022664
0.025020
0.019836
0.020175
0.019886
0.046179
0.018647
0.020732
0.022388
0.025416
0.019352
0.022497
0.020240
0.022743
0.018227
0.018016
0.018868
0.019495
0.018294
0.018253
0.020148
0.019253
0.048069
0.025727
0.018422
0.019337
0.038665
0.021153
0.019885
0.026281
0.019466
0.029148
0.019104
0.019416
0.020412
0.039734
0.019467
0.019735
0.019507
0.024712
0.044081
0.019151
0.019540
0.047506
0.020504
0.020201
0.020137
0.046636
0.032774
0.019012
0.019407
0.019290
0.017611
0.057573
0.018819
0.033932
0.018637
0.019216
0.019793
0.019892
0.019719
0.019766
0.019677
0.019262
0.020533
0.019439
0.024899
0.019148
0.019561
0.030295
0.018400
0.019358
0.024785
0.019423
0.019644
0.018267
0.018621
0.022303
0.019754
0.021034
0.020757
0.035064
0.019821
0.019322
0.020564
0.018784
0.026737
0.019221
0.018679
0.019774
0.019927
0.041631
0.022433
0.024161
0.019674
0.018290
0.018823
0.018700
0.019957
0.020177
0.019651
0.026306
0.018533
0.018386
0.018794
0.020238
0.019870
0.018392
0.019520
0.028522
0.019716
0.017991
0.019632
0.019871
0.019109
0.018504
0.020260
0.026851
0.023727
0.024374
0.019323
0.019340
0.019955
0.019551
0.018099
0.018879
0.020280
0.019912
0.018292
0.019132
0.018187
0.019937
0.018722
0.030137
0.029324
0.018336
0.020700
0.018998
0.029503
0.020231
0.019835
0.023950
0.021777
0.028370
0.026440
0.019980
0.019465
0.018749
0.019796
0.044834
0.019405
0.018868
0.020110
0.018868
0.021493
0.020652
0.027578
0.019521
0.019793
0.018611
0.020704
0.019609
0.018651
0.038584
0.018105
0.019476
0.027807
0.029324
0.019064
0.019915
0.019249
0.019624
0.020811
0.019964
0.020262
0.018776
0.018612
0.042177
0.046947
0.019965
0.019800
0.041767
0.018857
0.018265
0.025523
0.020167
0.019609
0.018375
0.022453
0.044644
0.025376
0.019691
0.030176
0.030439
0.020090
0.018648
0.018984
0.018626
0.018256
0.018468
0.019349
0.018233
0.020355
0.019620
0.019775
0.019704
0.027269
0.018920
0.020371
0.024275
0.042985
0.047894
0.023116
0.019249
0.019672
0.024573
0.018539
0.045199
0.020018
0.019969
0.018525
0.027878
0.020262
0.019251
0.020373
0.019803
0.020105
0.047700
0.038907
0.019673
0.018374
0.018253
0.018866
0.018237
0.020321
0.020810
0.019657
0.019429
0.019471
0.019520
0.019409
0.044294
0.019823
0.019333
0.019497
0.019964
0.018880
0.019931
0.018099
0.019234
0.019668
0.019548
0.019338
0.018376
0.019939
0.027852
0.034595
0.018851
0.044173
0.019839
0.021013
0.019857
0.018531
0.038407
0.020363
0.019736
0.018130
0.018610
0.018009
0.019351
0.028153
0.019664
0.047253
0.018805
0.020126
0.019500
0.021052
0.019963
0.019119
0.030131
0.018517
0.018843
0.019789
0.018092
0.019338
0.029493
0.027580
0.019961
0.019923
0.019344
0.020319
0.030215
0.029663
0.019607
0.020960
0.019627
0.020086
0.022223
0.018357
0.018351
0.018265
0.020118
0.019525
0.018872
0.019159
0.019713
0.019433
0.019594
0.019453
0.019741
0.019559
0.029239
0.019582
0.018966
0.020792
0.020010
0.020740
0.017996
0.018456
0.019765
0.020005
0.044386
0.019774
0.018257
0.019266
0.020221
0.019919
0.047880
0.018648
0.019298
0.018582
0.029854
0.044514
0.027670
0.018525
0.032771
0.019733
0.019271
0.018484
0.038350
0.020517
0.045447
0.019772
0.019381
0.019459
0.019010
0.043153
0.018962
0.019199
0.018619
0.019691
0.019981
0.019341
0.019696
0.019662
0.019423
0.020694
0.019250
0.019608
0.018667
0.020236
0.019986
0.019886
0.020073
0.019743
0.018758
0.031340
0.042801
0.020437
0.020170
0.020019
0.020083
0.018617
0.019575
0.026889
0.019326
0.021636
0.023015
0.019691
0.019789
0.019148
0.019794
0.019386
0.027481
0.018524
0.019091
0.019713
0.020443
0.019857
0.019647
0.019710
0.018648
0.020089
0.019893
0.020844
0.020029
0.020039
0.019595
0.021820
0.018936
0.019740
0.020925
0.020085
0.019673
0.018955
0.019137
0.019545
0.020457
0.019881
0.019715
0.018662
0.024036
0.027694
0.019882
0.019740
0.019326
0.027225
0.018459
0.019004
0.018763
0.018445
0.018725
0.017856
0.019848
0.018331
0.020540
0.019770
0.028695
0.026426
0.019709
0.030687
0.019435
0.018792
0.018856
0.019090
0.019603
0.019528
0.018536
0.018139
0.019582
0.018158
0.040936
0.019030
0.018336
0.028445
0.020057
0.019023
0.018679
0.018310
0.018120
0.020099
0.019262
0.018219
0.059098
0.022812
0.019359
0.019782
0.027574
0.028253
0.031996
0.027261
0.020317
0.019873
0.019231
0.018317
0.019423
0.018669
0.019651
0.019297
0.019455
0.018384
0.018700
0.019055
0.019735
0.018178
0.030182
0.020254
0.020258
0.018266
0.018997
0.019453
0.018554
0.019079
0.019327
0.018127
0.017917
0.018370
0.018155
0.019733
0.019505
0.019254
0.032437
0.018550
0.019880
0.019814
0.040472
0.020098
0.019483
0.019401
0.019773
0.018486
0.020082
0.018712
0.019827
0.026770
0.018932
0.047214
0.019594
0.018333
0.018450
0.028692
0.018796
0.018749
0.018038
0.019547
0.020800
0.018510
0.019487
0.018754
0.019265
0.020516
0.020064
0.019742
0.019245
0.017921
0.048125
0.021627
0.022561
0.018544
0.019296
0.047831
0.019720
0.019486
0.018861
0.018758
0.018279
0.018328
0.018477
0.019952
0.018590
0.018995
0.018233
0.019637
0.017740
0.020229
0.019141
0.018516
0.019294
0.018656
0.019377
0.018083
0.019823
0.019635
0.018621
0.018356
0.018809
0.019587
0.018568
0.023943
0.020048
0.037395
0.018302
0.020176
0.021499
0.019353
0.019159
0.019475
0.033341
0.019115
0.019325
0.026859
0.027655
0.019560
0.018544
0.019377
0.019734
0.019861
0.019895
0.025734
0.018379
0.018149
0.019250
0.027538
0.018250
0.019231
0.019305
0.018781
0.019745
0.019079
0.018254
0.019659
0.018798
0.018568
0.019060
0.018184
0.038337
0.020110
0.022087
0.018337
0.020251
0.018546
0.018820
0.018049
0.017919
0.018293
0.019556
0.019610
0.019153
0.019051
0.018265
0.019547
0.019165
0.043798
0.026263
0.020104
0.019610
0.020018
0.018198
0.019443
0.019392
0.018203
0.019495
0.019304
0.029286
0.019276
0.019583
0.019425
0.018182
0.030394
0.047869
0.018784
0.018307
0.020201
0.020190
0.019605
0.019148
0.019301
0.018159
0.017974
0.024003
0.032239
0.019541
0.020496
0.018313
0.019623
0.019237
0.018380
0.023329
0.019562
0.019980
0.023128
0.020138
0.020155
0.019782
0.019059
0.019578
0.018175
0.025967
0.020164
0.019872
0.025692
0.023880
0.027652
0.020958
0.029968
0.027726
0.019607
0.020065
0.018307
0.029379
0.019679
0.019568
0.022852
0.028241
0.022533
0.019029
0.019109
0.020438
0.021659
0.019627
0.018584
0.019305
0.019400
0.019536
0.019271
0.018858
0.019748
0.019466
0.019704
0.018933
0.019870
0.018780
0.019896
0.019987
0.027551
0.019409
0.018350
0.024192
0.026076
0.019013
0.028761
0.018786
0.039874
0.018307
0.019209
0.019606
0.019891
0.019455
0.019066
0.019756
0.020403
0.020002
0.018036
0.018034
0.019276
0.019192
0.019713
0.018431
0.020918
0.022756
0.023624
0.019399
0.020170
0.019726
0.019201
0.019757
0.019980
0.018890
0.019664
0.022871
0.019035
0.019023
0.019839
0.039319
0.043716
0.019476
0.018334
0.018837
0.019281
0.020322
0.019489
0.018330
0.019498
0.026742
0.018475
0.019245
0.025671
0.020415
0.024741
0.020104
0.019486
0.019306
0.018718
0.026341
0.025331
0.019005
0.018792
0.018810
0.018574
0.027282
0.019139
0.018911
0.018873
0.019101
0.021644
0.019625
0.029340
0.025079
0.019614
0.020195
0.018540
0.019989
0.049386
0.019602
0.019457
0.019853
0.030088
0.019230
0.018824
0.019358
0.018471
0.018672
0.020987
0.024964
0.022665
0.019495
0.022102
0.018685
0.019528
0.019415
0.026223
0.018687
0.022882
0.019010
0.029153
0.018387
0.020704
0.019886
0.019751
0.028936
0.020936
0.018543
0.018907
0.020323
0.024625
0.020147
0.019248
0.019802
0.019271
0.019389
0.018799
0.028944
0.020021
0.018096
0.030998
0.018960
0.023606
0.018459
0.019004
0.018347
0.034220
0.018485
0.033391
0.020309
0.019144
0.019245
0.018801
0.018528
0.020568
0.018422
0.018364
0.019181
0.020235
0.019437
0.018529
0.019677
0.023513
0.018702
0.019765
0.028960
0.021633
0.019481
0.018614
0.018472
0.018202
0.028324
0.041148
0.019950
0.018677
0.019857
0.018563
0.018680
0.019033
0.039204
0.035296
0.018367
0.019174
0.019364
0.020296
0.028888
0.024422
0.018465
0.019429
0.018295
0.018098
0.019474
0.042763
0.018723
0.018486
0.020373
0.018517
0.019335
0.018753
0.018960
0.020096
0.019597
0.020826
0.018983
0.028431
0.024581
0.036477
0.020248
0.019826
0.020091
0.018781
0.018069
0.018413
0.018422
0.019804
0.023000
0.021180
0.018693
0.018488
0.019102
0.019306
0.030529
0.020387
0.027390
0.019277
0.018098
0.024612
0.019619
0.019543
0.019753
0.019052
0.018647
0.027764
0.024132
0.018257
0.018608
0.018454
0.018990
0.027594
0.019223
0.019578
0.018676
0.019428
0.019676
0.019486
0.019415
0.035861
0.020138
0.019428
0.018558
0.019225
0.019464
0.018246
0.020092
0.039768
0.040328
0.018583
0.018988
0.019448
0.035772
0.019682
0.019270
0.019930
0.019478
0.018407
0.018647
0.024907
0.019858
0.019495
0.018175
0.018788
0.019000
0.022211
0.019385
0.023199
0.019112
0.019424
0.019232
0.019825
0.018703
0.020426
0.019553
0.018892
0.018269
0.019360
0.020615
0.022481
0.035914
0.019858
0.019272
0.019803
0.019935
0.024995
0.020832
0.018253
0.019667
0.035788
0.022777
0.019617
0.018192
0.019043
0.019411
0.018898
0.019251
0.018756
0.041331
0.024092
0.019227
0.018458
0.018887
0.018662
0.019457
0.019224
0.022812
0.034318
0.025840
0.029100
0.018851
0.021912
0.018421
0.018984
0.020482
0.023932
0.018796
0.023682
0.048071
0.018307
0.018280
0.018544
0.019048
0.019773
0.032195
0.030883
0.020565
0.019544
0.020722
0.026291
0.018327
0.021234
0.018487
0.018610
0.018317
0.019641
0.021377
0.018255
0.019408
0.019825
0.019661
0.018088
0.019782
0.019451
0.018877
0.018697
0.019618
0.019494
0.018254
0.019304
0.019297
0.027597
0.019396
0.020428
0.019789
0.026784
0.019441
0.033702
0.018079
0.019693
0.020178
0.020823
0.021255
0.022209
0.022222
0.025022
0.021149
0.021192
0.020824
0.021078
0.021669
0.020999
0.032397
0.020615
0.019774
0.021125
0.018963
0.019381
0.018688
0.019900
0.018677
0.019887
0.019222
0.019804
0.019480
0.018255
0.018586
0.018334
0.021047
0.018957
0.023141
0.019125
0.019266
0.018622
0.018126
0.019139
0.018452
0.019370
0.028296
0.019903
0.018427
0.019666
0.019754
0.032753
0.019766
0.018120
0.027371
0.029935
0.032690
0.019466
0.020072
0.018458
0.018849
0.019030
0.022213
0.019691
0.019505
0.018041
0.019413
0.024851
0.025897
0.019411
0.019509
0.020020
0.019807
0.022728
0.018626
0.019779
0.019542
0.019802
0.019028
0.019894
0.019528
0.018859
0.022625
0.019465
0.019083
0.022277
0.020651
0.019964
0.019950
0.031106
0.024497
0.019377
0.019763
0.018804
0.018497
0.019353
0.038555
0.019545
0.018314
0.018645
0.020002
0.025384
0.028672
0.018611
0.019420
0.019699
0.019734
0.024760
0.019798
0.020210
0.020007
0.027282
0.019593
0.019729
0.019399
0.019012
0.024689
0.020045
0.018759
0.018434
0.019360
0.018590
0.018125
0.041850
0.019628
0.019575
0.019983
0.031994
0.019797
0.019556
0.024470
0.018489
0.017958
0.018578
0.018844
0.019950
0.019993
0.023945
0.019770
0.018658
0.018415
0.019263
0.019034
0.019464
0.022355
0.019834
0.028940
0.019486
0.019686
0.019411
0.020052
0.019234
0.020135
0.019750
0.027548
0.018343
0.021681
0.019124
0.018755
0.019568
0.019200
0.017733
0.018558
0.019460
0.019733
0.019338
0.027506
0.020143
0.020318
0.018200
0.018455
0.018217
0.019573
0.024926
0.017954
0.019034
0.019441
0.020316
0.019516
0.020034
0.019800
0.020966
0.018289
0.019427
0.018377
0.020065
0.019833
0.019293
0.019375
0.019214
0.020616
0.031820
0.020187
0.019420
0.019103
0.018396
0.026968
0.018920
0.021025
0.018503
0.019791
0.018309
0.018531
0.019273
0.025326
0.019849
0.019963
0.019659
0.020380
0.019969
0.018890
0.019441
0.019713
0.018590
0.018893
0.019661
0.019546
0.022512
0.019229
0.017938
0.030974
0.018547
0.025917
0.019752
0.019268
0.019960
0.018956
0.018264
0.021244
0.019644
0.019535
0.019537
0.019476
0.019584
0.018633
0.018660
0.018315
0.019662
0.048792
0.020158
0.019650
0.019669
0.019586
0.019931
0.019562
0.018275
0.018491
0.019863
0.020798
0.019641
0.019366
0.018402
0.017950
0.020090
0.028244
0.019480
0.020816
0.019994
0.017835
0.019942
0.027824
0.019240
0.021068
0.019988
0.019921
0.019721
0.020273
0.020049
0.025252
0.019325
0.019164
0.020473
0.039388
0.020076
0.018709
0.019241
0.019358
0.018359
0.023196
0.019846
0.020349
0.019604
0.019322
0.022694
0.019488
0.018486
0.019798
0.019839
0.019431
0.018700
0.018648
0.042730
0.024699
0.018438
0.019815
0.020432
0.019600
0.019938
0.019319
0.018317
0.027646
0.019887
0.019739
0.019397
0.019613
0.032044
0.018195
0.019299
0.018061
0.020197
0.019796
0.018132
0.019227
0.019658
0.019417
0.018486
0.018011
0.022403
0.018958
0.019374
0.018393
0.028909
0.019361
0.019810
0.019833
0.020017
0.019889
0.018777
0.018463
0.019012
0.021204
0.019659
0.019866
0.018437
0.018553
0.018988
0.019476
0.025003
0.019464
0.019002
0.024294
0.044469
0.019952
0.018493
0.019403
0.019991
0.019444
0.019970
0.019625
0.025182
0.020016
0.020144
0.019973
0.019325
0.018355
0.018195
0.019879
0.019987
0.019441
0.019517
0.019658
0.019962
0.027002
0.018709
0.019205
0.020254
0.019341
0.018436
0.020222
0.018716
0.019548
0.018238
0.022710
0.019186
0.019888
0.021629
0.020804
0.018333
0.018090
0.019809
0.022000
0.020062
0.019976
0.022090
0.019443
0.018647
0.018238
0.028583
0.019004
0.018591
0.018670
0.018513
0.019892
0.024803
0.018475
0.018884
0.019716
0.019851
0.020253
0.019538
0.027777
0.028050
0.018956
0.020127
0.018936
0.019044
0.018411
0.018745
0.019469
0.019861
0.020714
0.017916
0.020084
0.020041
0.019464
0.018212
0.019774
0.019388
0.020023
0.018350
0.031236
0.021325
0.019997
0.018140
0.019939
0.018877
