111.000000,68.000000,27.000000,25.000000
111.764361,69.198937,26.819407,26.483976
113.833232,72.178820,29.033945,27.455807
114.077551,72.607533,28.803669,27.431631
113.415172,70.995432,27.069651,26.751888
108.747684,67.582717,27.686226,27.014574
102.769490,64.369956,27.211462,26.600771
97.083541,64.044531,27.126795,25.793964
90.664419,64.174023,28.110088,26.555214
92.089416,63.894525,27.962778,26.925932
94.563255,65.407619,27.802513,26.446238
98.454003,67.143981,27.586264,26.339724
101.675937,71.171291,26.476702,26.409554
104.887717,74.710925,27.914179,26.169107
104.577455,75.746675,28.047995,26.751646
103.482482,74.124348,28.281702,26.012032
100.772702,72.095646,27.511930,26.086601
97.203512,69.383175,26.111088,25.020134
91.793235,67.172483,27.277338,26.817204
86.973639,66.361989,26.868816,26.644842
83.081597,66.889623,28.782904,26.493002
86.307230,67.807142,27.285435,26.312397
90.150984,70.474535,27.479961,26.227840
94.533294,73.660000,27.367090,26.085655
98.874403,76.342570,26.852703,26.747904
99.436167,77.972753,27.869267,27.256369
98.765402,75.750166,27.511395,26.537678
94.236300,72.315654,26.585825,26.305567
90.096117,69.505971,26.832661,26.704519
85.170473,68.158595,26.831623,26.527903
79.904243,68.484614,29.487480,27.205530
85.084178,68.497313,27.635988,26.614992
90.123289,69.691190,27.108089,26.924078
95.018185,72.768402,26.149338,26.769043
96.495582,75.334187,29.048517,27.542259
97.944831,77.526361,28.135508,27.241346
95.331683,74.828000,28.338732,27.642035
91.559909,72.106857,27.989962,27.268143
88.561982,70.683817,28.363760,27.091610
84.456827,69.418078,28.795567,27.271036
87.963191,69.802613,26.728731,26.080259
93.076695,71.625731,26.471998,26.169529
98.009613,72.576660,27.598396,27.678497
101.860563,74.764720,27.756252,28.402445
103.533354,77.788770,28.930920,27.900549
105.317071,77.484920,28.720526,27.617334
104.959364,75.041267,28.411053,27.545105
104.768386,73.346714,27.674433,27.444588
103.594059,73.246712,27.281921,27.247925
104.449532,73.808186,26.296577,27.190620
108.840057,74.961112,27.137459,26.387682
117.159234,76.420647,26.532919,25.947769
122.638940,78.967112,26.547918,26.184582
126.275580,80.111751,27.382944,26.964869
129.838511,79.415230,27.428822,27.703827
131.169065,77.970171,28.044659,26.658901
132.067748,75.198461,26.989786,26.243811
131.361150,73.236692,26.586042,26.039982
130.962216,72.209619,25.917662,25.474440
134.731785,72.553093,24.147720,24.761398
140.648387,72.252687,21.966967,24.910175
146.951107,73.104223,22.036621,24.697498
152.449263,74.691870,20.760525,24.474827
155.940866,76.937126,21.161350,25.252548
158.594714,77.400596,21.449656,24.601229
161.116314,78.319391,21.675949,24.434742
162.095150,77.847089,22.607521,24.583319
163.153657,79.201735,23.087233,23.944538
164.052538,80.315814,22.172131,22.810266
166.877364,81.742535,24.983797,22.556122
175.069088,81.997229,22.915535,23.132030
180.447145,83.540929,23.025761,22.806532
184.610716,85.166668,23.903767,23.056023
186.181809,83.450909,23.757116,22.948883
187.458680,82.051242,22.948591,22.228037
188.156167,79.235504,22.848227,21.893517
187.956275,79.033829,19.974619,21.442162
194.067055,77.736176,21.105034,22.059813
199.601636,78.451286,21.322470,21.927650
206.093226,79.688422,21.046076,22.126368
210.514911,81.207535,21.586008,22.283096
214.749443,82.971735,21.508278,22.396343
216.388513,82.277164,21.552549,21.749613
217.884845,79.385564,21.415277,21.722174
217.842017,78.230796,21.419001,21.663179
217.322173,76.520392,21.499636,21.487741
217.289353,76.813999,21.787909,20.633873
220.545320,76.450684,21.173613,18.301926
228.218010,77.980590,18.563637,18.186617
234.098381,80.307960,20.640335,20.540827
237.277088,81.517157,20.011963,20.914394
239.507893,82.287229,19.533569,20.882017
240.258283,81.093358,19.726416,20.748198
239.827086,80.500239,19.348864,19.885843
238.278309,79.774285,19.309380,19.302000
239.297260,80.473998,20.387421,18.874353
244.559570,82.148829,20.383575,19.680790
251.518351,83.669419,19.312092,19.238691
255.411725,84.618188,20.036207,20.241026
260.048405,87.352989,19.454346,19.353622
262.491572,87.526278,19.689249,19.719669
264.658466,86.666432,19.612785,19.263166
265.605454,85.194861,19.926908,19.892855
263.662298,83.531086,19.591755,20.064590
263.210127,81.478180,19.438778,19.816826
259.918447,81.207554,20.714758,20.726868
259.552331,82.555868,21.101843,22.530842
266.220944,83.517030,19.348555,18.424406
272.479081,85.291574,18.019438,18.012266
276.872240,86.942655,18.471424,17.801939
282.080647,89.814158,18.595718,17.469324
285.993287,91.614810,17.939100,17.884417
287.653147,91.817254,18.391651,18.428946
288.213647,90.941329,18.727575,18.063540
285.967456,89.391218,17.876146,17.747616
283.124760,88.007051,17.261429,18.119648
280.879979,87.143013,16.341833,17.358910
275.873611,87.750856,18.225281,17.449314
279.120495,88.017738,18.418755,17.809128
284.850012,89.498803,17.479801,18.153784
289.007326,90.470598,17.626263,18.197254
295.196668,93.262768,17.342077,16.268959
297.560840,95.979777,18.005663,17.663759
297.186032,95.600779,17.846380,17.372631
294.795460,92.825831,17.672752,17.637720
290.301942,89.494273,17.104025,16.286882
285.497436,85.822846,16.253550,16.927664
279.398146,83.794169,18.758015,18.618219
279.508438,83.276895,18.490135,18.791922
284.554677,82.961695,16.808050,17.955364
288.210093,84.762272,17.207310,17.989105
291.152279,85.653530,17.050941,17.975769
294.781497,87.497697,17.171968,17.643110
297.663026,89.782907,16.969168,16.805943
296.916636,89.185863,16.700970,17.239977
294.730232,88.450343,16.185944,16.139566
290.884392,86.581864,16.582184,16.700705
284.679996,84.213131,17.078142,17.680901
278.252387,82.880635,16.283472,17.056822
272.489083,83.574160,16.817602,17.927502
267.829430,82.882435,19.645653,18.033707
271.155145,83.497912,18.056372,17.999109
274.330642,83.422501,17.298723,18.439751
277.456115,85.319847,17.911180,17.491249
279.415001,86.516177,18.341248,18.672892
279.640574,87.117398,18.247280,19.268766
276.990331,85.461470,18.138632,18.074848
273.498202,83.911048,18.658709,18.688982
268.423452,81.153668,18.890469,18.921850
263.010823,79.128503,18.726042,18.159880
254.954083,76.760221,20.279097,18.582867
253.457492,76.453558,19.223703,20.288471
255.779077,77.260799,18.867476,19.501511
258.900745,78.036573,18.644844,19.140507
260.795745,80.712319,18.788042,18.531202
263.488683,82.117393,18.986708,19.558929
263.409642,82.972048,19.686598,20.741627
259.978444,81.851443,20.251051,19.816111
254.504983,80.075478,20.058187,18.898903
249.308672,76.567437,20.915501,19.639265
243.892982,75.652260,20.172716,19.577179
237.131420,74.656450,20.320549,21.010174
231.207149,74.098159,22.009813,21.948183
231.613263,74.284636,21.626661,21.173489
233.636796,75.224126,21.271727,21.889647
236.019275,77.202438,19.769693,19.684494
238.143250,79.385006,19.963446,18.405258
238.436897,82.299292,20.524673,19.176136
235.724352,82.745280,20.236004,16.419230
230.453080,80.250290,19.385412,18.030670
224.427189,79.351648,19.457832,17.407696
215.452898,77.379775,22.289722,21.313540
214.891419,76.175402,20.499838,20.232876
216.183321,77.168256,20.818089,20.065329
218.277874,77.443298,20.692497,19.718163
221.201958,79.355057,19.680443,18.091293
220.956540,81.940903,21.080214,19.263184
218.926303,82.655101,20.170992,20.193964
212.224125,79.374743,20.374458,18.406115
204.493346,75.400574,21.347475,17.667038
195.445397,72.617212,22.502836,19.526546
187.746535,70.527671,22.488512,23.678385
187.283243,70.032278,22.954075,23.432377
189.034070,69.108786,22.581366,23.171139
190.042814,70.531958,22.415279,23.365574
191.342193,72.090649,21.994524,23.086021
192.336102,75.767005,23.067259,21.827776
192.170705,78.193633,22.400206,20.087427
186.207461,75.575117,22.582338,20.092541
177.817652,73.283248,22.962605,20.143053
169.632139,71.759995,22.331860,19.139603
159.583019,70.341316,22.804436,22.218323
149.736365,69.947595,24.781038,27.155432
150.766165,69.280811,23.371693,24.090637
151.519788,69.700212,24.916136,24.823881
153.416919,71.159369,24.655474,24.334293
154.027433,74.680022,24.337528,24.146837
151.075495,76.762207,24.710033,23.399788
144.046003,75.896522,25.892612,23.773767
135.801302,74.522331,23.728374,24.084267
121.428570,73.603061,28.046425,26.936914
119.439595,74.073634,27.480017,26.047968
121.656183,74.955608,26.123119,24.776482
123.757653,77.210954,25.049650,24.528257
125.778298,80.098441,27.078352,25.832109
123.532414,78.769393,27.135199,25.466906
118.708798,74.731376,26.268988,23.982576
108.951317,71.286418,28.396736,23.692606
100.636707,69.317392,29.537849,24.099148
96.945195,67.983099,26.799925,25.243259
97.723010,66.868498,27.894213,25.362370
101.055500,66.872401,27.089661,25.464090
103.487290,69.644180,26.353369,24.017334
104.881255,72.043970,28.182032,24.621288
105.503320,76.711493,28.671865,25.058704
102.401976,75.953503,28.594265,23.384300
95.835952,72.357405,28.620920,22.610462
89.242734,69.459723,28.029058,24.399723
82.018338,68.975377,29.195639,23.444159
78.713824,68.206097,28.502672,24.866508
81.948170,67.401328,28.214005,23.563158
84.793489,68.440461,29.112829,23.272474
88.872982,70.402677,29.098633,27.504034
89.721682,70.912187,28.671070,27.900557
87.577065,67.390842,27.882484,26.872673
84.344187,65.747873,28.356861,26.461071
80.738516,64.740121,29.374462,27.228117
85.975531,64.145316,27.304363,24.169970
91.232123,64.310981,27.228708,27.197115
96.429360,66.718635,27.360662,27.668734
99.801615,67.192085,27.570606,27.855759
98.050373,66.054333,26.952362,26.022346
93.089303,62.553418,27.260015,24.934484
88.912424,60.089473,27.655392,25.242868
83.320816,59.055569,29.282936,27.838081
86.961863,59.119819,28.973911,26.127214
93.872650,59.284973,27.614464,25.568787
99.508680,60.736017,27.131512,26.504482
102.906244,63.465528,27.670658,27.566547
103.243234,62.086791,27.925146,28.261629
100.595745,58.744535,27.753311,28.605289
96.830330,55.959860,26.965569,26.680759
91.168562,54.605490,27.748539,26.625065
88.133555,54.336215,28.350779,26.652216
92.979687,53.559738,27.621880,27.537659
98.778850,55.433708,26.511301,27.469696
103.748994,56.821413,26.872419,28.007946
108.461512,59.191138,27.219967,28.352770
110.113234,60.456008,28.000172,29.123446
112.295027,59.456484,28.512821,28.345028
114.642266,57.579176,28.182234,28.248707
115.301967,53.765773,27.805170,27.740381
116.147017,51.026867,27.541613,28.062843
116.360265,49.597990,28.003942,28.435291
117.506387,49.187929,27.772306,28.365200
118.277738,50.427606,27.450430,28.268141
118.748186,52.737477,27.697903,28.122717
119.294588,57.106342,27.754406,27.010460
120.838798,61.762276,27.254244,25.796356
122.273943,68.682128,26.776775,24.731859
122.419869,75.339108,26.692274,24.792746
126.448176,81.175647,26.851938,25.564371
129.485665,82.260417,25.535048,24.734735
133.418032,80.588896,24.075588,24.922962
131.844596,79.978910,25.806688,24.518757
133.656394,80.627631,25.687548,25.282320
133.115571,83.100663,27.971815,25.683470
136.703158,86.306063,26.480890,25.412823
137.774211,90.313463,28.635813,26.164333
141.956155,94.442533,27.976774,26.119406
147.712401,97.269515,27.246523,25.303560
153.971340,98.669634,25.079506,24.249599
160.910730,98.632219,22.468121,22.034367
167.134043,97.698013,22.091183,21.394798
172.258216,97.456696,22.563662,21.532043
177.175563,95.862044,23.014185,23.365290
180.611490,94.428051,22.872402,23.250633
181.920890,91.333649,22.925928,23.903976
182.780793,87.316495,22.496893,24.058355
179.173620,83.170319,22.765621,23.748009
179.891837,81.038836,23.115404,23.366352
187.274844,80.443362,21.968760,23.196634
192.902611,79.051599,22.717751,22.568792
197.186041,79.190799,22.830906,22.675524
198.966366,76.142265,22.489525,22.079559
200.554140,74.496640,22.455067,22.043394
200.163964,73.229091,22.199690,21.063166
199.394939,73.751144,22.932388,21.820831
202.535708,74.396309,23.073481,20.707756
211.619901,75.507089,20.538107,20.610510
218.194546,78.566061,22.196442,21.377422
222.307894,79.575708,21.116154,21.173046
224.340158,80.023202,21.417349,21.593321
224.799137,77.595174,22.127823,22.824911
224.296949,74.045905,21.520161,19.434107
222.132913,72.538844,21.017500,21.581072
223.152018,70.798461,21.148518,20.212336
229.811694,70.229047,19.811243,18.851217
235.997197,70.927126,20.331648,19.705082
240.329152,73.570023,21.145781,22.646576
245.187642,72.700977,19.330664,21.407059
246.746546,72.568094,20.109661,20.590641
247.252124,71.799807,20.343935,20.188244
247.276303,72.403028,20.499678,20.573017
243.608051,74.207563,22.618034,22.022594
244.285806,77.627349,22.006704,20.504396
248.758245,78.483563,24.403402,19.565351
260.905345,80.553684,17.557306,18.199844
263.331575,82.254213,18.380611,19.143436
264.948524,84.214677,18.673035,19.148520
266.095069,83.775819,18.906977,19.871565
265.603674,81.791993,19.663174,21.387991
264.309973,79.177518,18.779667,19.098967
262.959048,77.573402,20.057650,19.051682
267.861176,76.473867,18.896858,17.550213
273.316238,76.795762,19.280365,18.138990
279.714443,77.089751,17.876785,18.582727
283.126160,78.019802,17.731102,17.734329
286.852119,78.032033,17.824471,18.036055
287.115336,77.203717,17.643000,17.939520
287.838965,76.552060,17.330164,17.260138
287.039292,77.058076,17.137396,17.124853
286.250043,78.554146,17.124159,17.393326
285.237549,81.062494,17.854530,16.927845
285.823766,83.067628,19.186163,17.700674
289.412006,85.746341,19.015427,19.046000
297.635490,88.057601,18.826744,17.634035
299.991224,89.518285,17.943470,17.393126
299.995031,88.650193,18.523365,17.555632
296.446860,87.068003,19.581827,17.825756
293.405135,85.585588,18.677820,17.893406
294.290323,85.315353,19.300526,17.584297
298.790707,86.656605,20.012260,15.964065
303.437204,87.577506,16.965321,15.123240
307.673793,89.219074,17.488886,15.079468
310.758008,91.164049,18.378668,15.932691
312.469440,92.275551,17.644838,16.403496
313.689505,92.881659,17.785824,17.181599
312.484183,92.639151,17.501085,16.922199
310.807633,91.412451,17.081419,17.345959
306.563242,92.501726,16.595348,17.344952
305.437400,93.807039,16.560869,17.194935
309.483565,94.201477,16.341616,17.315483
314.221980,96.302306,15.744273,16.960657
316.683818,97.331909,17.725214,17.486427
318.507451,100.476165,18.783285,17.008745
318.632405,102.557179,18.509100,16.943495
317.740224,102.472223,16.731771,14.607662
313.861478,99.668633,17.090124,15.081878
310.319175,95.267101,17.144320,15.240463
304.968914,91.893078,17.947952,15.061859
301.904196,87.606983,18.496418,16.133324
302.405746,87.557295,18.462746,14.756329
307.286812,87.675017,16.168419,14.868541
309.912078,87.061219,16.174074,15.807280
311.406314,87.421124,17.498110,16.601662
312.200395,87.752853,16.984976,16.187187
310.806461,88.328012,16.896713,16.509945
307.833113,86.774881,16.897030,16.476093
302.751628,86.069157,17.812944,16.416862
295.837939,86.570273,18.247988,16.665735
291.703165,86.535572,18.786228,18.532784
292.680401,86.792945,19.277351,18.240602
297.805486,87.466659,17.172949,17.472208
299.945160,88.717502,17.213493,17.285486
301.654768,90.790878,17.368008,17.600342
302.228722,91.599985,17.614326,17.132229
299.125166,90.387257,17.086163,17.409195
295.578594,87.165317,17.367813,18.392725
290.688396,84.734893,17.023651,17.550074
285.226112,81.509745,16.934067,17.820919
278.695188,79.999866,18.697653,18.649643
276.531000,79.762210,19.063198,18.068949
277.734935,78.806608,18.915018,18.363979
280.526359,79.526444,17.541956,17.482573
282.256289,80.714900,17.769657,17.534906
282.010276,81.258108,17.892389,17.423595
280.377648,81.577959,17.853582,17.106815
274.662096,80.505418,18.217731,16.750227
267.776304,80.473564,17.908108,15.666917
261.388027,80.799713,19.040230,16.623856
261.867349,79.508838,20.217955,17.572214
265.699199,78.075768,18.916323,18.850182
266.837905,79.790690,18.287859,18.642420
268.611398,80.488711,18.101904,18.846521
266.550887,80.612353,18.020411,18.912279
263.155532,77.193490,17.477732,18.402571
256.196784,73.649569,19.427965,18.840435
250.113944,71.335609,20.097483,19.383469
241.836386,68.695336,22.073933,24.500570
241.291069,69.728729,22.413399,23.695625
241.909334,69.249417,23.404057,22.509344
246.559072,70.655365,19.728788,19.320122
245.144616,70.548711,19.938139,19.988935
239.959904,69.838753,20.036682,20.400093
233.166712,71.003578,21.305683,20.444473
231.622049,70.873781,20.145748,18.395084
231.651891,71.759345,20.564131,18.746256
232.224312,73.856404,20.533424,19.317884
233.413527,77.168341,19.803089,18.349346
232.846895,82.687049,20.845501,16.719439
231.192210,85.893094,21.637323,17.945219
226.328971,86.833806,20.603075,16.937307
219.681642,87.575706,20.969442,17.611887
210.140036,88.468138,21.745449,19.722462
208.966710,90.481711,19.081259,19.205744
210.011262,90.218708,20.236586,20.120834
209.738943,89.615082,20.838772,21.300728
209.155398,90.436696,20.961397,21.998030
206.186152,91.024143,19.960436,22.273384
203.226025,89.698357,19.468300,22.201057
195.866383,89.263975,22.994057,24.065060
196.519491,89.936361,22.261929,22.988918
196.809752,91.599081,22.187031,22.425800
198.461415,93.717874,21.826277,21.379850
199.837587,96.989247,21.993992,22.355619
200.345493,98.558875,22.455734,23.509912
198.999471,98.708448,22.192503,23.015606
196.912260,98.536245,21.989811,23.116795
194.745460,96.063741,21.842150,23.181959
192.325325,97.476536,20.938812,21.437523
188.604962,98.291797,21.625166,21.358629
184.980070,99.095151,22.855457,22.810118
183.221981,101.082488,21.997147,22.526255
183.547493,104.103086,22.616592,22.699574
185.073263,106.541394,18.445080,21.979452
185.183224,107.867414,16.602448,20.552755
184.685884,109.137764,14.476300,18.707596
185.050547,110.937150,13.703197,18.382704
183.247309,113.164021,13.417805,17.869537
181.774318,116.134901,13.970780,17.842785
180.133820,117.678257,15.208564,17.137512
177.462049,119.701767,16.480482,17.749130
175.169323,123.116850,17.200562,15.561069
173.146784,125.095529,16.501461,15.703085
156.859715,141.655168,18.549551,26.523497
164.547622,141.905172,13.949038,18.517109
162.123095,143.524805,16.848148,21.855114
159.336167,145.005434,19.663397,24.210987
158.542027,145.238148,20.496109,26.438110
157.504498,148.168262,20.767912,25.024218
156.711802,149.643659,21.369007,24.329817
155.084150,150.223743,23.429195,26.131126
153.639027,150.234828,24.678902,26.232790
151.929627,150.501657,25.298750,25.072035
150.371552,149.996598,24.952530,24.079489
147.809431,146.556782,25.960110,24.568405
145.471627,145.595411,26.150671,23.757671
141.547419,141.490299,26.827122,22.589340
139.546477,137.402176,24.270426,23.939064
137.052303,133.871172,25.365707,24.801258
135.732691,131.205246,24.003872,23.332069
135.373602,126.014542,23.509136,21.597778
132.958876,120.109203,25.888699,25.294685
130.987145,113.079491,26.660154,25.986496
129.468465,107.849500,26.288916,24.553312
127.749120,101.699117,24.760496,22.574125
125.038653,95.301569,25.118738,24.398136
120.582305,87.955548,25.466425,24.599035
115.053194,82.286095,26.092564,25.532677
112.363738,78.091719,27.803637,25.356731
112.775332,76.834649,28.805323,25.339788
117.423541,75.239049,26.674479,25.673643
119.719467,75.827224,26.444656,25.897638
121.436250,77.438466,26.318769,25.826368
121.269995,74.457730,26.741673,27.187307
121.597927,72.192375,25.479225,26.641907
119.033089,70.851498,24.231133,25.661316
111.754866,68.938046,26.271130,25.971952
112.592842,68.304660,27.137886,26.322359
117.001418,68.397909,25.343119,25.952694
119.191712,68.568295,25.751333,26.120634
121.221843,70.502491,26.207186,26.549789
122.018007,72.938061,27.405323,26.845474
121.216804,74.117707,27.514368,26.442724
120.397035,71.403467,25.787634,26.426945
115.766454,68.690154,25.310774,26.302828
111.105029,66.613491,25.643488,26.243034
111.239801,66.281392,25.907787,25.647802
114.330875,65.815280,26.149467,25.948557
119.873664,67.046725,25.087084,26.483698
121.566864,67.563674,26.113373,27.117205
120.303229,67.640763,27.600801,28.107100
118.225363,65.065989,27.594563,27.099163
115.492842,63.638435,25.637775,25.934662
109.505359,62.166193,26.197367,25.628651
101.516848,61.590947,28.647312,26.380415
102.308644,61.313222,28.231932,27.199980
107.587247,63.233551,26.648985,27.224510
111.829667,64.824195,26.612799,27.255564
115.245262,66.465922,26.758354,28.145540
117.328082,68.066674,26.869753,28.210348
116.708457,69.238295,27.431467,28.103893
114.414965,67.366376,26.658772,27.233610
111.588589,66.159288,25.832245,27.041843
105.592216,63.865397,26.067720,26.536036
99.635657,63.592777,27.130564,26.340050
96.225560,63.337062,28.138105,27.406977
98.185719,64.228554,27.600096,26.520248
101.690549,66.894655,27.301817,25.547359
104.925839,69.712049,27.201384,25.601995
107.358897,70.524471,27.652681,26.996635
107.217641,70.181617,29.066557,28.026628
106.965795,68.952469,28.841536,27.685333
105.298165,66.760954,27.636801,27.546345
102.181975,64.931746,27.294428,26.720308
98.288646,65.184797,27.096972,26.380421
96.081136,65.121956,27.633345,26.913193
100.199714,66.041789,26.834162,26.442011
102.996469,68.177107,26.099277,26.598423
107.016931,71.656546,25.659674,26.789082
110.263653,73.348078,26.745117,27.792171
111.757594,74.809060,27.481630,27.728392
110.749695,75.038726,28.672508,27.411669
108.500588,73.023275,27.577490,27.083988
105.434773,71.563434,27.159132,26.139215
102.073607,70.848438,26.661097,25.321938
103.553836,70.515975,26.336885,25.175402
108.105277,72.009703,25.440287,25.578175
111.567432,73.800207,25.996231,25.996464
114.383528,75.280564,26.568569,26.942030
116.168753,76.397285,27.122478,27.121689
116.613432,76.136670,26.929501,27.239172
115.832368,74.199858,26.796392,26.973866
112.751716,72.312185,26.459116,25.646946
111.502497,69.666141,26.126347,25.780771
108.598464,68.965466,26.856455,26.171577
111.599389,69.157426,27.001318,25.655943
117.895760,70.780244,25.808281,25.728437
122.375401,72.913396,25.889389,25.802786
125.303587,73.696961,26.475780,26.588499
126.298151,74.634020,27.265720,26.912975
127.493668,73.191104,27.223549,26.593485
127.493822,71.785709,26.594807,26.020027
126.846750,70.437404,26.006382,25.652048
125.964943,70.977745,25.515160,25.924850
127.897254,72.012290,25.621424,25.239870
133.828426,72.667761,24.543900,24.933598
139.372239,75.359198,24.551260,23.914143
142.465981,77.114799,25.485586,23.842682
146.530676,78.314359,25.107311,22.614935
149.484732,76.568416,25.107540,23.212488
150.870267,74.014832,25.273748,23.259422
151.989834,71.226657,25.441742,24.297640
153.922954,70.461245,24.976305,24.168354
154.345263,69.951215,25.324343,24.902174
155.647469,71.286604,24.438728,24.504818
157.864841,73.143822,24.269760,24.511330
163.481334,75.824712,22.793612,22.795218
170.206802,78.808997,21.776848,22.522326
172.723661,80.426762,21.235233,22.908730
172.340917,83.066340,23.671904,22.688410
172.786416,83.312949,23.822531,22.626963
172.216156,80.600632,22.921906,21.537247
169.711806,79.668679,23.730967,20.924063
173.154980,79.408843,22.319893,21.171389
178.240485,80.249987,22.492746,20.968540
182.281290,81.121922,22.540936,20.979742
186.755220,82.916651,21.719112,21.224873
190.151662,83.960456,21.506369,21.483896
193.355943,84.988340,22.382727,22.000736
195.832328,84.934657,21.462839,20.945932
195.706186,82.236235,21.996105,21.002514
195.367345,79.698415,21.734274,20.799757
194.871768,78.482693,21.726206,20.464218
197.003579,78.394319,21.157789,19.969664
202.625215,79.100191,20.666922,20.164532
207.505865,79.721169,20.165974,20.723196
210.728468,80.534698,21.584743,21.254930
213.623341,81.593061,21.266106,21.565891
216.699713,82.265021,21.583889,21.300104
219.213567,81.851886,21.300642,21.230211
220.154489,79.753142,20.343817,20.302172
218.485494,75.373849,20.159201,20.586821
213.978760,71.817209,22.102364,21.418713
215.420112,70.335783,21.696093,21.282368
222.870637,69.111365,20.300810,21.466158
227.969481,69.714652,19.439966,20.852106
232.708453,69.909916,19.846613,20.912888
236.971417,72.964330,19.742598,20.932951
242.246673,76.777002,19.933107,19.728733
246.744743,79.392889,20.768661,18.417034
250.695233,81.006676,20.622854,19.464790
252.244394,81.485572,19.767864,20.453768
252.169247,77.147479,20.227509,21.727365
250.827058,70.713180,20.412245,21.496119
248.268864,64.333497,21.394012,21.338324
246.162661,57.865136,21.677029,22.030058
243.286865,53.371620,21.504326,22.733322
240.383418,50.316085,20.772264,21.951502
238.556024,47.609042,20.742590,22.147486
235.806145,46.324590,20.370819,21.331091
233.569228,46.607690,20.866739,21.031500
229.443096,46.116975,21.703636,21.539427
232.392402,47.563208,21.058138,21.198788
237.672504,49.813515,19.500473,21.060524
242.096637,53.269752,19.663919,21.044306
245.318417,56.838902,19.268562,21.050621
249.166194,62.784842,20.140757,20.354784
252.175218,68.898960,20.111387,20.681648
255.793115,75.535614,19.643934,20.864891
258.684202,82.694370,20.232227,18.796043
258.006557,82.542728,20.594690,18.885468
255.813503,80.117897,20.639038,18.646988
251.490840,73.883517,19.888872,19.948412
248.334071,70.821065,19.870455,19.643095
241.865377,68.432351,22.241871,21.277960
240.818988,66.335664,22.392809,22.351919
246.990298,65.391071,19.898569,20.914032
251.804371,66.477237,18.815048,20.420168
255.580211,68.175137,19.721224,20.526428
261.033932,69.836299,19.765022,19.970125
265.386642,72.245165,20.786652,21.093975
270.471642,77.319625,19.311737,18.821924
275.207060,81.259187,20.662624,20.561026
278.115057,85.480555,20.612957,19.932072
281.246377,87.523392,20.280302,19.414551
281.137791,84.839461,20.159531,19.772837
278.237532,78.302380,20.169605,21.438698
274.262128,71.884007,19.341841,18.435562
270.554564,66.578938,19.543690,20.547201
266.054790,63.922049,19.973572,20.447720
263.026568,60.943379,19.970858,20.455572
257.592091,59.147696,21.861191,20.306574
258.608874,58.032960,21.374132,20.338377
267.532696,56.287088,18.518875,19.924984
273.246631,57.359004,18.602266,19.336786
277.816884,60.741418,19.647375,17.047842
282.862400,62.464993,19.560333,18.756529
287.811342,65.843356,20.134235,18.394472
294.036887,69.324249,19.711336,18.650314
298.568008,74.116065,20.095253,18.531336
304.575321,80.076931,20.676712,18.740562
309.280099,84.215087,19.208982,18.107538
310.299107,83.595053,19.259865,17.343922
308.497011,78.023161,19.164761,19.420902
304.253296,71.170561,19.070183,18.192890
300.226424,65.551898,19.811388,18.138445
295.351014,60.076359,20.811804,18.879951
292.502176,54.806848,19.854977,19.449224
289.100921,53.518078,18.681429,18.665855
285.239153,51.022655,18.782330,18.949327
279.674520,49.397221,20.144674,20.619431
276.741297,48.821651,21.361210,23.076958
283.903890,49.226029,19.993711,19.456228
291.229641,51.058391,17.223846,17.956469
295.833717,51.573799,17.339882,18.727448
301.466850,55.534423,17.191048,18.075541
304.024662,56.817451,19.438553,19.877579
310.292104,61.188559,19.260054,20.525974
315.052423,66.483593,19.300488,20.554436
320.332594,73.478007,18.233646,18.968218
325.333078,82.327013,16.301716,17.566814
330.169846,83.984069,17.768997,18.957254
329.940887,82.913073,17.849121,19.040401
325.853271,74.190553,18.660690,21.634626
320.127911,68.728719,17.548058,17.235327
316.154263,61.301194,17.226706,19.839743
311.811656,57.766341,18.481607,19.060923
307.473190,55.390787,15.322045,17.402363
303.480301,51.966214,15.676749,17.739775
299.375033,49.890357,17.023058,17.393152
292.604078,48.822172,20.418491,17.687962
293.784333,48.253165,19.500456,17.444811
301.502387,49.708671,16.387033,16.267015
305.729009,49.863907,16.579962,16.615891
309.967033,51.075552,17.626457,18.012936
315.070670,54.230324,17.947367,18.424034
318.269771,56.574783,17.768099,19.206474
323.874453,60.912515,17.346378,19.475172
330.306134,66.255623,18.209890,19.893250
336.795117,73.496427,18.470556,18.536978
338.702065,78.620262,19.764915,19.391258
340.994879,80.807073,18.632969,17.761450
341.987724,78.298984,17.874763,18.474611
338.796093,72.994883,18.665672,18.975445
332.775161,66.279144,18.642366,19.601517
328.034687,62.020909,18.350693,18.282560
322.782553,57.479517,18.378277,18.609203
318.161819,54.341786,19.118042,18.329947
312.403322,50.424758,19.960041,19.470575
308.039835,49.527915,19.117138,18.703348
303.354033,49.458389,19.316715,18.402031
297.995798,49.099950,18.663204,18.680418
292.869876,50.083352,20.570833,20.321371
293.544476,50.896570,19.798744,20.630604
300.840774,53.427006,16.390429,18.849495
303.707060,56.319403,17.531696,18.256916
307.984285,59.811598,17.905087,18.607975
311.289347,62.985326,18.014790,18.993292
314.518791,67.946891,18.042999,19.398897
318.890235,75.222516,17.271570,18.029089
322.344862,82.740701,17.926128,17.490309
326.226315,89.581009,15.610656,17.128571
327.467754,91.428895,16.629234,17.331190
326.790227,89.538659,15.445005,16.490522
322.615986,83.284972,15.725662,19.596003
318.142508,78.260279,16.741985,16.708401
311.855421,71.117971,18.224728,18.262211
307.363687,68.103611,18.583334,17.776428
302.720427,64.998109,17.840672,17.666769
296.874291,61.911777,18.518187,17.993181
292.256751,59.586424,18.543131,17.776577
287.111723,59.000620,18.465183,18.014980
283.706151,58.503609,18.796492,18.232834
285.581173,58.681994,18.792542,18.211267
291.160082,59.408383,17.893711,17.780317
294.078107,60.686233,18.195837,18.185175
296.949418,63.202111,18.573805,18.418875
300.529384,66.142358,18.512423,18.306784
303.707583,69.825945,19.263704,18.893894
307.914933,75.201324,18.834044,19.124506
311.575414,81.033201,17.259871,16.889980
314.158134,85.401294,18.398254,16.961847
314.036265,85.622096,17.983667,17.458849
311.502459,83.248918,17.374783,17.195883
307.492514,80.050078,17.347759,17.388659
301.490737,76.629846,18.130503,18.251822
296.245804,75.163837,18.743454,18.192551
291.362041,73.290499,18.642654,19.024059
286.757749,73.501501,18.275290,19.190220
279.563530,75.920202,19.821846,18.287708
277.653554,76.162731,20.465216,19.319939
280.200937,76.084492,20.785336,19.953011
286.390059,78.012585,17.692059,18.743744
290.324753,81.249353,18.589676,18.334538
294.007511,83.527069,18.041519,17.782547
297.972140,87.396581,17.664522,18.642179
299.380963,89.700022,18.067205,19.110615
298.600117,89.174211,18.710022,19.920393
298.338883,89.173667,18.139807,19.291803
295.869190,87.720462,18.688774,19.061144
292.930647,85.160210,18.461033,18.156258
290.201109,82.572593,18.866154,19.598665
287.120069,80.885020,18.099440,19.257723
284.332942,80.603500,18.673021,18.659576
280.294257,80.755855,17.827936,18.839540
277.096001,81.919509,18.931816,18.830698
273.680890,83.657336,18.787329,18.534479
270.180688,87.205474,19.286276,18.697145
268.990007,91.424328,19.134724,18.664406
270.860576,95.150554,18.482073,18.516794
270.910073,97.159963,20.631323,21.050123
271.947874,98.203912,19.158360,19.370802
271.896557,97.524426,18.864983,19.071678
270.545218,94.562470,18.818287,19.357428
269.482811,93.336321,18.659721,18.351528
267.816093,91.045506,18.319405,17.677015
265.545955,89.916592,18.875948,17.277679
264.353654,89.744075,20.008162,18.696154
264.456078,89.723253,19.362617,18.148151
265.612630,90.749040,19.516356,18.887327
266.654089,93.281613,19.231800,18.859037
268.119813,95.362021,18.872770,19.633883
269.615132,98.900207,18.926847,19.136957
271.194906,102.455098,18.475559,18.035528
271.210444,103.534169,18.484972,17.543318
270.924537,103.688923,15.322306,15.455368
272.125026,100.824039,15.239144,15.771135
272.425472,99.025324,15.360932,15.652912
249.005219,84.029741,35.170254,30.789860
265.256433,96.223471,20.464182,18.462109
263.134284,95.536677,21.414412,18.650743
259.543583,92.759974,23.963436,19.444284
269.126426,96.972414,15.260489,14.913737
265.346163,96.871736,19.088181,18.247229
227.890261,78.693442,14.882558,17.571894
213.439137,78.908734,21.397722,22.044333
205.767660,80.362415,21.714582,22.515724
196.775719,82.372124,24.709116,24.723801
198.938166,85.055680,23.722799,22.918661
208.162304,87.489100,22.492174,21.373173
215.893312,90.120645,20.755096,21.175055
221.573350,93.338147,22.146820,20.242476
230.692240,95.612110,23.177504,22.318008
277.267717,104.980879,16.313246,18.711193
277.926100,101.771605,18.373129,19.882113
275.727916,98.456377,19.390957,19.775013
273.897567,96.170979,19.367313,19.990898
270.701933,94.633148,18.139433,18.180832
267.116444,94.141878,18.353518,18.314419
263.841825,94.030295,17.066595,16.922930
261.727758,94.271469,17.920141,17.186142
266.017063,94.808102,15.418574,16.946701
269.596225,95.982298,16.691944,17.703213
271.113339,98.157677,18.051796,17.614151
272.856421,100.209144,18.979404,18.823763
273.500271,102.696041,18.848192,18.248055
273.556715,103.040682,18.973364,18.586369
270.773232,100.837539,19.109344,19.725367
267.400544,98.153563,18.805054,19.015078
262.743118,96.761410,19.873407,19.457001
256.725222,96.430146,21.442167,19.236708
257.245791,96.582582,21.705364,19.034313
263.136318,97.360786,18.684504,17.647888
267.580113,98.461830,19.292480,18.399780
270.413540,100.701972,18.648333,18.315546
271.914153,102.195474,18.141422,17.873533
271.238204,101.492546,18.891148,18.380356
268.864005,102.028900,19.120823,18.485985
267.991321,101.332632,18.804432,18.350330
264.954975,100.612794,19.151644,17.895247
262.016278,99.389594,19.883423,18.761377
261.069672,98.683852,22.566896,19.889696
267.031281,98.379141,19.577028,19.131016
270.457729,100.290568,18.529833,18.679377
273.482572,100.884116,18.157524,18.622652
275.390694,102.866608,18.161386,18.517982
277.497386,102.757833,18.439457,18.029781
276.990173,100.530321,18.161737,19.652409
275.679287,97.904347,18.363390,20.069761
273.491225,92.822588,18.308468,19.454494
269.945661,88.073634,18.252930,17.849131
263.320868,84.934035,20.755955,19.386171
263.015024,82.277362,20.286863,18.697680
266.808791,80.120152,19.309948,18.824240
271.358475,79.126360,17.956957,19.396000
274.772775,80.097963,17.779091,19.304882
277.886737,82.548969,17.780514,19.205528
281.831570,82.979624,17.387857,19.177998
283.500497,86.922721,17.730812,18.775110
285.757143,89.893081,18.705183,19.284952
285.584715,91.617033,19.192915,20.221272
285.673503,92.225864,19.236980,20.382317
284.859364,90.683667,18.484423,19.604513
281.501939,88.621490,18.442513,18.750526
275.777803,86.040285,16.155493,17.916233
270.916568,83.013546,17.534534,18.126038
263.449654,80.825244,18.572771,19.325998
265.019711,79.885584,18.196869,19.102749
270.082398,80.543900,16.994507,19.376287
273.665701,80.404088,17.777342,19.921476
277.821485,82.596138,16.659286,19.470009
281.542877,84.929023,16.461313,19.181765
286.551140,88.897978,16.759790,17.846210
290.606455,92.201291,18.569326,20.029020
289.988278,90.419267,18.381691,19.770330
285.226569,84.940660,18.775730,23.063129
280.392124,77.960702,18.320269,18.407965
274.237297,72.455875,18.987749,19.821220
268.805040,67.948531,19.593229,20.476854
263.966372,64.066768,19.729603,19.454073
257.434492,61.622292,21.303503,18.497810
262.594649,59.747005,19.718693,18.511393
268.517523,58.817173,18.898336,18.932236
271.931534,58.236518,19.321810,19.943705
276.270407,59.516744,19.204695,19.493292
281.040782,61.596244,18.935574,19.750544
285.339735,65.139222,18.790922,19.931974
290.364559,68.697769,18.316339,19.745438
294.273342,73.524334,18.093920,19.787567
299.053193,79.112744,19.318130,19.289885
303.597475,84.914062,20.106092,19.576134
303.572761,84.704502,20.350727,19.937485
301.044705,79.367339,20.836205,22.470270
294.596379,71.036546,19.107559,19.058287
287.800544,62.565220,20.169003,21.359871
281.383394,56.857607,20.830778,21.281261
275.443014,51.514062,20.963713,20.429525
269.001216,46.964132,19.630749,18.227131
262.826955,42.993937,19.835625,17.725780
255.385528,38.728737,19.841290,17.556183
247.671383,35.535077,21.537874,19.239325
245.221972,34.798076,20.231388,19.423281
250.342163,33.438368,19.351557,19.505680
254.436123,34.525579,18.332483,19.351688
258.616042,35.649677,19.063435,19.831284
262.570874,37.254842,18.989075,20.079855
267.526550,41.071330,20.361666,21.041666
271.492109,43.904109,20.662680,22.266283
276.052361,51.005810,19.704866,21.454964
281.585682,56.344150,18.853556,23.545237
285.937317,64.170159,18.436129,22.585936
289.794986,71.935515,21.076923,20.909060
289.564892,73.975115,20.982149,21.200565
285.024464,69.733519,20.108126,20.588795
277.272408,63.635857,21.456675,21.351234
269.010150,58.808066,18.714420,20.577211
260.120338,54.247087,19.867273,21.607708
251.890396,51.360591,21.417261,21.646273
243.349545,49.306900,21.807001,21.888580
236.067395,48.255680,21.413506,21.086998
230.464264,47.232482,22.280664,20.896036
236.633739,47.109805,19.468807,19.421389
242.898596,47.354899,19.461218,19.967066
248.097125,48.582104,20.402203,20.250656
253.705762,49.885922,20.379677,21.354727
259.642255,53.587042,20.609703,21.830959
265.180691,57.594927,21.130327,22.250996
271.700329,63.712858,20.954447,21.452396
277.025351,69.415606,20.516104,19.935862
280.449931,72.691201,23.039318,22.791739
281.004478,72.227301,22.596285,22.177410
277.643342,69.766356,21.827621,21.818752
270.729823,62.783875,22.760372,23.012373
262.549333,56.702732,22.741386,22.612221
254.392750,52.131685,22.728006,22.124569
246.237774,47.831518,24.299250,23.005314
238.140008,45.734135,23.426025,21.972488
230.515989,44.652887,22.338263,20.997013
223.283792,43.680880,21.982801,21.568958
214.694005,44.925863,21.982384,20.372494
207.352541,45.892387,23.470922,21.142014
213.698825,47.979821,21.336056,20.631422
219.148826,49.802030,20.468021,20.622633
223.705498,52.834641,20.830011,20.759804
228.727893,56.295750,20.629383,22.269928
233.745028,60.578862,21.692366,22.975462
239.574410,66.433375,21.593597,22.943605
246.253870,74.836080,20.239676,21.226583
251.421237,81.069633,21.604671,22.634058
251.723806,82.312097,21.688406,22.964903
250.142073,81.266162,21.177504,21.732035
244.952058,74.340041,21.842430,23.263994
238.883368,67.035649,21.741573,22.911825
230.909557,60.867532,21.886377,22.222738
223.878703,55.203306,22.505390,23.386471
216.237486,50.327497,22.320486,23.528967
208.908680,46.528499,23.133959,23.144159
203.624923,44.904786,21.952541,23.068563
194.140660,43.508384,24.898842,23.634401
191.347713,43.307107,23.537708,23.840048
197.264049,42.886612,20.977863,23.383850
202.186132,44.249389,20.937506,23.455385
206.191559,46.763010,21.013903,23.529247
210.575083,48.701461,20.662664,23.439135
216.140646,54.082924,20.658735,22.507698
220.094836,59.253369,20.744099,23.088438
224.350041,65.217641,21.388306,22.900938
229.330352,71.483805,22.975849,25.179272
232.410643,73.551873,23.262091,24.382528
230.615319,72.871123,23.728935,23.904505
227.594213,67.662937,24.061348,26.661102
223.056789,62.426661,23.678179,25.476221
216.865083,53.791040,24.613464,25.401150
210.502041,48.717652,24.586405,25.596815
204.975410,44.133425,24.525692,25.694599
199.979949,41.935059,24.320034,25.303314
193.992816,40.186469,24.205593,24.648264
188.472770,39.962689,24.057911,23.669325
182.911060,39.821362,24.409258,24.540556
177.571312,40.743684,24.449167,24.230696
172.375279,43.283887,24.078407,24.716391
168.029914,46.481525,23.476887,24.313934
159.748053,51.013300,25.545919,27.026295
160.767130,55.585414,24.685484,24.534639
166.371709,60.906815,23.576881,24.715919
169.060040,66.944982,23.513382,23.940870
171.944445,74.821501,24.035406,24.015682
175.530771,83.964748,22.863302,22.493698
177.162092,91.931252,22.797140,21.714331
175.984481,91.037424,22.589886,21.762142
172.599221,86.788522,21.968231,22.589392
165.484871,80.029645,23.544390,22.827085
160.372844,75.116514,23.850346,24.147335
154.319182,71.606218,25.041721,23.859028
152.695204,69.483678,25.157370,24.506788
157.056726,68.433238,23.482389,24.793756
161.193568,68.490855,23.509182,25.568323
165.040780,68.911836,23.444260,25.484625
168.058691,71.881007,23.534491,24.996630
171.872765,75.818658,23.215868,23.600576
176.556177,78.980662,24.640242,23.707506
179.579323,80.784644,24.648836,25.160479
181.276468,80.581065,24.983931,24.978220
182.149068,79.419037,24.753120,24.484169
180.916838,76.266973,23.220320,23.973326
176.969871,72.158700,23.788784,23.957029
173.495073,67.851205,23.770483,24.150587
170.821235,64.437185,23.492817,23.589588
166.192087,63.728848,23.883764,24.896452
163.196660,63.329286,24.157402,25.623007
165.129509,62.903995,24.710390,25.677057
172.481331,63.233812,23.588228,24.700245
177.433966,64.903969,23.824438,24.300049
184.074449,67.683949,21.876663,22.251883
190.075692,72.915991,21.613861,22.414661
194.764104,76.024691,22.170403,24.124386
194.382819,76.366423,21.925961,23.353420
195.037736,74.176946,22.580498,23.437529
195.029432,71.411511,21.903708,22.936407
193.831950,70.607166,22.437092,23.018326
193.486707,70.004362,22.194733,21.972355
192.375154,70.887929,23.043335,22.879492
191.615130,72.062510,23.761028,24.351147
194.720963,72.888935,24.642931,24.616722
202.587566,76.947445,21.446344,20.511864
208.186469,80.008645,20.922726,20.880545
213.991874,85.461833,21.053562,19.926622
219.188535,90.197114,21.513802,19.824682
224.022303,95.013253,20.092451,19.726400
226.718604,97.461644,20.315220,19.369184
224.085149,95.549096,20.173882,19.805220
219.662472,90.439946,18.687037,18.061544
215.008958,85.843697,19.760689,19.057884
208.473613,80.271235,22.264973,20.990704
215.066154,76.758245,20.860750,20.191793
221.205605,74.994163,20.486254,21.214502
227.882668,73.596751,20.496332,22.273722
234.148095,73.955074,19.707703,21.366394
239.863185,74.597440,21.502529,20.951185
244.958613,76.060183,22.119572,19.510609
249.608058,76.540439,21.755123,19.296648
254.182775,75.634370,21.799520,20.320875
256.817908,73.941789,21.865276,21.214399
257.091917,71.164293,21.593039,20.687016
255.995512,66.316855,19.977674,19.586702
253.915674,62.079238,20.558836,19.978830
251.119427,59.024274,21.151918,20.369406
247.861990,56.195407,21.377829,21.229349
245.704210,55.626172,21.139830,20.764860
243.232600,54.522804,20.287777,20.538986
240.255965,56.062194,20.527088,21.061655
238.979899,56.835165,21.563694,21.753910
248.702422,58.524474,18.538334,20.619410
251.999418,61.222511,20.110205,20.669243
258.469625,64.604517,19.658127,21.234318
264.411381,70.395184,19.997469,20.488113
271.220908,77.003305,19.830296,19.706745
275.719327,83.057499,20.151482,20.552223
281.918751,90.082142,22.346087,20.222870
285.409587,99.160906,20.554478,17.492146
286.722022,100.628668,19.456921,17.519375
283.729397,95.836302,20.345942,18.403484
280.579316,90.443852,20.438477,18.843260
278.032654,86.478447,19.319300,17.586655
275.117233,82.967167,19.365618,17.844490
272.264214,80.968821,19.320406,19.293926
269.982965,79.769501,18.684973,18.358070
267.734904,80.432034,19.130337,18.325996
274.766205,79.083127,17.171366,19.116293
280.023789,80.209680,17.763092,19.246534
285.932587,81.775482,18.962496,19.788551
290.996289,84.672997,19.016945,18.915779
296.478412,87.514817,18.791569,17.754469
302.786773,92.842869,18.733051,15.933144
306.315219,96.212211,18.084415,16.395433
307.165072,96.617922,18.215916,17.251621
305.837944,94.936288,18.334436,17.393835
303.911562,90.084525,17.068052,16.563677
300.011142,84.520210,17.577480,17.150879
295.803693,78.992085,17.931702,17.162024
291.290067,74.563024,17.527161,17.852057
287.197392,71.967279,17.240463,18.135319
285.000085,69.419541,19.598991,20.366240
290.522508,67.967290,19.074562,18.233587
296.851789,68.127406,18.331694,18.251528
301.895737,68.485527,18.004580,18.440239
307.265068,69.825169,18.107454,18.409348
313.136368,72.654322,17.506998,17.395206
317.802466,74.492454,17.727543,19.070246
320.377885,75.290774,18.210388,19.648767
322.927621,74.483185,18.420441,20.442230
324.355820,73.670300,18.679430,19.034605
324.555398,70.924877,19.200317,17.477295
324.446388,67.472007,18.499765,15.649018
322.648037,63.183582,18.364458,16.742546
321.914922,59.195758,18.796791,16.970652
321.003163,56.187341,19.219559,18.262899
319.402576,55.630650,19.550211,17.862114
318.804933,51.465566,19.180893,19.891035
318.009307,53.132085,19.745243,19.123640
316.927366,53.370089,19.073614,18.914249
316.199461,54.625100,17.259085,19.629408
315.503067,57.824110,17.138826,18.316006
313.845595,62.067266,17.434864,17.575695
312.884935,64.869929,17.276388,17.651133
312.209062,70.088893,16.723129,16.404490
311.648881,75.584180,16.543762,17.448843
310.577389,78.082809,16.624079,17.361641
308.284468,79.771768,17.309462,17.210897
308.738602,80.889444,16.855967,16.878620
308.272109,82.095848,17.089397,16.870689
309.731257,82.555836,16.827229,17.058441
310.521953,83.182575,16.368885,16.858246
311.518415,83.539217,16.507551,17.465137
313.391329,84.161863,16.259520,16.989010
312.934480,84.624921,16.726669,17.281675
313.653466,85.008292,16.514381,17.040308
311.278471,83.583134,17.087011,17.248070
308.096668,82.863042,17.192301,16.513006
304.189943,81.103737,17.738920,16.175842
299.969198,80.717144,17.813696,16.501854
296.960045,80.937070,18.376284,16.570333
299.661728,81.766579,18.001535,16.529366
303.165945,82.239001,17.273802,16.441019
306.250553,84.612951,17.551828,16.448559
307.144025,86.639289,17.323967,17.504313
307.539517,87.808163,17.383560,16.231133
305.829380,87.116055,17.458818,17.197882
302.050015,86.560627,17.458809,16.451607
298.038558,85.022632,17.848225,16.708788
293.144502,83.920782,18.171082,17.931774
290.051405,84.636952,17.607870,17.653822
294.006294,85.322681,16.628717,17.095757
295.400601,87.384583,16.561577,16.842192
297.185603,88.563624,17.629719,16.982309
297.804546,89.386278,17.428652,17.679447
296.727167,89.977630,17.712576,17.393122
293.556642,88.104522,17.173813,16.685701
289.119491,87.230295,17.641804,15.456380
285.096294,87.445063,18.844149,17.493473
285.149216,86.613384,18.786730,17.217224
288.043504,87.466496,17.874466,17.748383
291.354033,89.942219,18.282429,16.093231
294.101389,90.930670,18.311178,17.564716
294.429765,91.415278,17.676895,17.455149
292.610458,91.349989,18.557062,18.107571
288.252753,90.782041,18.516567,17.990736
284.366337,90.164237,18.476168,17.905527
279.799541,90.293695,20.372416,19.860828
281.863429,90.986812,19.531483,17.964396
285.505507,92.419955,18.297527,17.943506
287.646511,93.650105,18.753908,18.520491
288.412303,94.786724,18.276211,18.054230
286.918252,95.514406,18.291901,18.071827
283.580797,94.883441,18.112928,17.128817
279.219842,95.017373,20.108009,17.605444
278.238580,96.252985,19.938179,17.244762
280.527678,95.977322,19.670383,17.628807
284.415709,96.401570,18.981253,17.512869
286.505602,98.736370,17.865866,17.269478
286.812075,99.548209,18.720442,18.274782
284.633104,99.395905,18.656164,18.402649
282.286165,98.951763,18.870253,18.058044
278.292862,99.347131,19.545137,18.729353
271.987097,99.163117,21.294821,20.023130
272.360874,100.070507,19.924257,19.439690
275.051725,101.972795,18.551252,17.713772
277.971845,104.026628,18.944878,18.162947
280.553686,105.789679,18.568411,18.179249
281.416645,107.926844,18.284334,18.323986
279.906504,108.625941,17.170477,17.662523
279.114596,107.474652,16.155148,17.481192
276.863121,107.058582,15.030634,18.805946
278.144870,108.094058,13.827862,19.626581
281.554744,113.521990,13.506413,18.540173
257.292697,100.102194,49.142422,51.336803
207.426626,50.461302,24.012022,25.266804
204.149802,46.657739,22.359089,23.671865
195.599417,44.758229,25.545485,25.737906
197.419732,42.799738,25.714134,23.825420
207.759176,40.964064,22.998335,22.629620
215.288229,40.435225,23.435118,22.763582
223.932349,40.674813,22.761150,23.328382
232.400479,42.985345,22.046432,23.450956
240.843816,45.162159,21.443054,23.509270
248.050050,49.837493,22.687279,24.451464
268.895613,103.798840,16.122297,11.364371
272.021384,111.946670,11.199689,14.467645
260.795417,111.235216,11.268073,13.809547
255.302223,106.414702,17.451689,16.540361
251.608801,105.143804,18.798906,18.349295
252.525864,104.454022,19.798803,17.662466
255.816659,104.512015,18.783154,18.274714
256.832519,105.461404,18.631126,18.097677
258.201502,105.905558,18.701540,19.163410
258.321300,107.187728,18.709641,18.929697
256.393567,107.158464,18.367489,18.430088
253.672606,106.745934,18.679903,18.507889
249.226858,105.211159,18.922457,18.828987
244.959125,103.339931,18.794151,18.548470
243.318781,101.719172,19.639307,19.320848
243.799850,102.545698,20.299665,20.134670
244.825217,102.351738,20.883034,20.326210
246.630694,103.901886,20.065735,19.866913
244.709354,105.495790,20.761106,19.855711
242.909955,105.418055,19.471836,18.467533
239.531047,105.249154,18.571213,16.744604
233.594528,103.653692,19.164930,16.676876
232.336389,102.390623,17.980282,17.568333
233.288686,101.914988,19.066792,18.730030
235.365918,102.133709,21.074078,20.531242
237.460757,104.443433,20.328110,19.858534
238.658552,106.802772,20.075617,20.120905
239.258687,108.844957,19.472134,19.880749
236.383588,106.344392,20.215672,20.953367
231.451500,103.462809,20.297041,20.610615
229.648713,102.993320,17.959827,17.493889
225.220429,97.724669,18.144878,18.806263
220.721373,94.808843,20.199175,20.945715
224.275932,94.397500,19.478086,20.125029
225.253322,94.842373,19.675766,20.059914
226.891356,95.014624,20.189537,20.171124
226.718522,95.034932,20.536648,20.535490
224.915065,95.215051,20.928864,21.242102
222.326073,95.612429,21.053389,20.558033
218.374021,95.327047,21.092533,19.241848
213.655169,92.934487,21.823669,19.330343
206.523086,90.126440,19.941299,19.645519
199.174086,88.459267,21.910204,22.411674
197.689281,87.206608,22.192030,22.774605
199.642722,87.148537,21.121231,21.029366
201.851666,87.583592,21.714451,21.654806
202.883099,89.876433,21.623304,22.154070
203.423988,92.366239,22.244909,21.650251
202.957460,93.142785,22.343042,22.413534
202.181998,92.539583,21.038719,20.980824
197.747836,89.234634,19.586685,20.178024
190.998502,85.363773,19.452465,20.744270
182.065705,82.491192,23.841244,22.012268
177.884459,79.887223,23.270777,23.677092
177.978628,79.038016,22.721636,22.462900
180.841081,79.572620,22.824146,22.370049
182.701805,82.267744,22.189741,22.242710
183.647655,84.637201,22.909271,23.942272
185.620225,86.903240,23.822750,23.755699
185.066624,87.987430,21.803152,22.514109
180.697878,83.750661,22.130953,23.569441
173.557342,79.328978,22.419388,22.143772
165.455235,75.258166,21.467520,22.772974
155.729410,71.954795,23.349817,24.676645
155.231712,69.385158,23.749182,24.969469
157.437129,68.493714,24.107605,24.747572
159.190322,68.906013,25.050392,25.202179
161.010319,69.403925,24.840193,24.688663
164.496118,72.008207,25.031437,24.577374
165.261615,74.027826,24.661469,25.571537
163.490499,73.582456,24.312046,25.934156
159.023641,68.484800,24.434811,25.737179
152.122706,63.546446,24.214951,25.054379
144.594851,58.268979,24.888643,25.330153
137.937674,55.378587,24.652674,25.650297
130.015750,54.011267,26.504311,28.441227
132.965607,53.120774,25.172819,25.968412
134.594840,53.241763,25.825928,26.423365
137.668115,54.694031,26.510006,26.175903
140.798406,57.493755,26.525517,26.115471
144.593779,62.028707,25.604204,25.792028
147.442024,67.964067,25.963118,25.506207
151.672616,72.002460,25.925213,25.708138
152.704503,73.512777,26.431049,26.162495
152.077356,72.370711,26.075022,25.421572
147.700375,67.362901,25.143660,25.567640
141.263690,61.075189,24.728790,23.157286
132.861238,55.628483,25.931093,25.168922
125.673768,51.816499,26.690632,26.002417
118.477577,48.520494,27.481855,26.709286
112.403381,47.373892,29.340437,29.080616
117.824415,46.534534,26.370867,25.872248
121.655750,45.907747,26.669729,26.991497
126.886439,46.759394,26.772560,27.984768
130.541066,49.263247,27.389896,28.907238
135.374389,53.225875,27.045197,27.536654
141.229695,58.768395,26.864353,27.426756
144.441967,63.403484,27.595175,27.833382
146.415781,62.824716,28.002008,28.718916
146.587513,60.134381,27.606756,28.966970
143.831693,53.831079,26.597980,27.931057
138.476791,46.959691,26.537382,28.415243
134.159869,40.896376,25.910301,28.658276
129.236944,36.419969,25.783777,28.649313
125.617191,34.101278,25.452452,28.273663
121.161445,32.668539,26.522552,28.217815
116.826450,32.714055,27.400152,28.612883
111.840302,34.000347,28.324324,29.847656
112.602834,35.057129,29.569263,30.005821
119.886772,36.645436,26.653440,27.382490
124.753775,40.901094,26.373507,26.282749
128.741260,44.520160,26.782524,27.061342
132.665243,50.110345,27.563768,27.756063
137.765621,58.155166,26.416632,27.004251
142.184435,65.799089,23.560404,22.760792
146.313109,74.004226,26.831009,27.549829
145.331984,74.579617,25.271059,25.190338
140.709174,68.943500,24.840591,26.088106
135.270897,63.539182,25.224531,25.882353
128.863594,59.418235,26.664686,26.080500
123.959013,56.470855,26.797632,25.685801
119.121604,54.424670,26.529922,26.618319
114.751929,54.063683,27.414726,27.429344
118.364665,52.703009,27.189545,27.148312
123.192718,53.198005,26.468086,26.609156
127.626552,53.901213,26.206192,26.730114
132.439416,56.172129,26.730473,27.360401
137.162899,60.851217,25.983030,26.655102
142.454944,66.479107,25.588806,25.762360
147.478742,72.152920,23.861919,25.563034
151.287881,76.178820,26.541279,26.285328
152.490750,76.892715,26.447369,25.442543
149.634699,71.815330,26.520586,25.657473
146.941683,65.077757,23.614580,24.866665
140.726971,57.684934,25.385458,25.640554
136.348571,52.049794,25.781906,25.981688
131.024916,48.708542,26.464479,26.845070
126.909019,46.865213,26.081940,26.420979
122.140770,45.403808,26.251883,26.041925
118.854414,45.742011,26.542627,26.978617
123.923482,45.970767,25.294933,25.951571
127.596446,47.442267,26.595276,25.740946
132.881427,48.948929,26.604248,26.246300
137.607969,52.755895,26.404810,25.821379
143.298938,58.536346,26.172363,25.882195
148.802381,65.256685,24.655453,24.374714
153.075609,71.081040,25.715868,26.122046
154.942302,72.976720,26.114822,27.961058
154.862338,70.324774,25.671478,27.315594
152.049051,65.182649,25.402948,24.903013
148.371394,59.617442,25.699547,25.068529
145.215699,56.816176,25.925694,24.683649
142.251850,55.101181,25.355314,24.325134
140.174567,53.671644,25.235489,25.363361
136.908881,52.930579,25.656837,26.740786
138.591373,53.661350,25.293348,26.616859
145.937187,55.833421,24.576590,25.121778
152.968456,58.500326,24.434599,25.330814
162.222816,61.664262,25.164526,25.475996
168.799897,67.518439,24.039600,24.559282
169.739669,73.367620,24.117523,24.534414
